1
1104.069702,601.140442,47.662651,67.770065
1094.064331,572.666138,47.035316,66.870369
1066.828613,587.669617,49.279099,70.023277
2
0
0
0
0
1
900.168152,601.929749,65.009995,68.759232
938.944763,614.050903,64.437660,68.110970
920.100586,610.943909,64.590790,68.231392
2
0
0
0
0
1
803.462646,536.676086,60.198898,72.771278
815.218567,536.568787,58.855576,71.022751
822.137695,537.386414,57.282570,69.119461
832.226440,542.986206,56.300949,67.915283
831.829590,545.037476,57.191185,68.959679
833.295715,546.549255,60.304226,72.867142
2
0
0
0
0
1
799.167969,501.273956,47.980949,47.715450
797.154419,496.010376,49.814194,49.579281
794.770386,489.789948,46.718994,46.584656
792.053101,489.589966,47.497669,47.224606
789.860229,518.633972,47.065086,46.809673
779.780396,513.727478,49.487366,49.230873
756.217346,495.116394,49.467491,49.202049
771.107788,497.349609,48.536633,48.229382
761.087463,493.713562,47.132645,46.881607
2
0
0
0
0
1
606.498291,452.152954,36.914181,31.536804
583.981995,448.596619,36.467014,31.089705
558.629089,444.628601,37.440578,31.946779
530.391418,439.244141,38.523510,32.843597
499.738617,438.324371,38.856358,33.093475
469.521973,440.272736,37.311935,31.801903
437.563324,438.560913,37.073368,31.586285
404.353241,437.032715,36.647579,31.185778
370.029877,435.945374,36.518181,31.066223
332.425415,431.829712,37.323971,31.755213
2
0
0
0
0
1
28.087341,441.491272,44.125801,33.504616
