1
193.000000,339.000000,49.000000,125.000000
199.000000,341.000000,49.000000,125.000000
204.000000,340.000000,53.000000,133.000000
216.000000,342.000000,53.000000,133.000000
224.000000,341.000000,54.000000,135.000000
235.000000,340.000000,55.000000,138.000000
245.000000,342.000000,55.000000,138.000000
257.000000,343.000000,55.000000,138.000000
268.000000,344.000000,55.000000,138.000000
282.000000,344.000000,57.000000,144.000000
295.000000,344.000000,59.000000,149.000000
307.000000,343.000000,60.000000,152.000000
323.000000,344.000000,60.000000,152.000000
338.000000,345.000000,62.000000,155.000000
355.000000,347.000000,60.000000,152.000000
370.000000,345.000000,63.000000,159.000000
387.000000,350.000000,62.000000,155.000000
401.000000,351.000000,63.000000,159.000000
414.000000,354.000000,63.000000,159.000000
422.000000,357.000000,62.000000,155.000000
432.000000,356.000000,59.000000,149.000000
429.000000,299.000000,60.000000,152.000000
446.000000,293.000000,58.000000,146.000000
469.000000,347.000000,58.000000,146.000000
477.000000,346.000000,58.000000,146.000000
477.000000,304.000000,56.000000,141.000000
460.000000,300.000000,58.000000,146.000000
2
0
0
0
0
1
559.000000,379.000000,157.000000,123.000000
547.000000,375.000000,145.000000,114.000000
551.000000,376.000000,148.000000,116.000000
545.000000,380.000000,148.000000,116.000000
535.000000,387.000000,145.000000,114.000000
523.000000,391.000000,148.000000,116.000000
2
0
0
0
0
1
644.000000,172.000000,144.000000,253.000000
647.000000,141.000000,139.000000,244.000000
655.000000,147.000000,133.000000,234.000000
666.000000,145.000000,142.000000,249.000000
670.000000,152.000000,153.000000,269.000000
656.000000,182.000000,159.000000,280.000000
684.000000,192.000000,156.000000,274.000000
661.000000,206.000000,153.000000,269.000000
649.000000,223.000000,147.000000,259.000000
632.000000,238.000000,144.000000,253.000000
625.000000,244.000000,136.000000,239.000000
604.000000,227.000000,144.000000,253.000000
605.000000,209.000000,139.000000,244.000000
601.000000,190.000000,139.000000,244.000000
651.000000,166.000000,136.000000,239.000000
674.000000,186.000000,133.000000,234.000000
694.000000,217.000000,126.000000,221.000000
717.000000,251.000000,128.000000,225.000000
679.000000,238.000000,128.000000,225.000000
667.000000,233.000000,126.000000,221.000000
691.000000,230.000000,126.000000,221.000000
666.000000,219.000000,121.000000,212.000000
670.000000,264.000000,121.000000,212.000000
689.000000,280.000000,123.000000,216.000000
708.000000,315.000000,121.000000,212.000000
730.000000,352.000000,121.000000,212.000000
737.000000,390.000000,121.000000,212.000000
743.000000,418.000000,126.000000,221.000000
709.000000,403.000000,123.000000,216.000000
704.000000,398.000000,123.000000,216.000000
697.000000,398.000000,126.000000,221.000000
693.000000,391.000000,128.000000,225.000000
690.000000,394.000000,126.000000,221.000000
691.000000,394.000000,126.000000,221.000000
690.000000,394.000000,126.000000,221.000000
686.000000,394.000000,128.000000,225.000000
679.000000,395.000000,128.000000,225.000000
680.000000,394.000000,126.000000,221.000000
677.000000,393.000000,128.000000,225.000000
675.000000,393.000000,126.000000,221.000000
674.000000,393.000000,126.000000,221.000000
674.000000,392.000000,126.000000,221.000000
674.000000,392.000000,126.000000,221.000000
674.000000,391.000000,126.000000,221.000000
674.000000,390.000000,126.000000,221.000000
674.000000,388.000000,126.000000,221.000000
673.000000,387.000000,126.000000,221.000000
672.000000,388.000000,123.000000,216.000000
670.000000,387.000000,123.000000,216.000000
669.000000,387.000000,123.000000,216.000000
668.000000,387.000000,123.000000,216.000000
668.000000,387.000000,123.000000,216.000000
667.000000,386.000000,123.000000,216.000000
666.000000,385.000000,123.000000,216.000000
665.000000,385.000000,123.000000,216.000000
664.000000,384.000000,123.000000,216.000000
664.000000,384.000000,123.000000,216.000000
660.000000,382.000000,126.000000,221.000000
658.000000,383.000000,126.000000,221.000000
657.000000,383.000000,126.000000,221.000000
656.000000,384.000000,126.000000,221.000000
655.000000,385.000000,126.000000,221.000000
654.000000,384.000000,126.000000,221.000000
654.000000,383.000000,126.000000,221.000000
652.000000,382.000000,126.000000,221.000000
652.000000,383.000000,123.000000,216.000000
649.000000,383.000000,123.000000,216.000000
646.000000,382.000000,123.000000,216.000000
2
0
0
0
