1
730.000000,230.000000,193.000000,142.000000
731.000000,243.000000,186.000000,128.000000
731.000000,246.000000,188.000000,126.000000
735.000000,244.000000,184.000000,128.000000
737.000000,246.000000,182.000000,126.000000
736.000000,245.000000,183.000000,131.000000
736.000000,247.000000,183.000000,129.000000
738.000000,245.000000,182.000000,131.000000
741.000000,246.000000,186.000000,130.000000
740.000000,244.000000,181.000000,132.000000
742.000000,243.000000,180.000000,150.000000
742.000000,242.000000,187.000000,134.000000
742.000000,238.000000,185.000000,138.000000
742.000000,239.000000,186.000000,138.000000
742.000000,239.000000,188.000000,152.000000
742.000000,237.000000,188.000000,139.000000
742.000000,236.000000,193.000000,157.000000
743.000000,236.000000,193.000000,157.000000
743.000000,235.000000,193.000000,158.000000
744.000000,233.000000,188.000000,162.000000
744.000000,229.000000,192.000000,164.000000
744.000000,223.000000,192.000000,172.000000
744.000000,224.000000,193.000000,170.000000
751.000000,224.000000,191.000000,170.000000
749.000000,224.000000,187.000000,170.000000
751.000000,240.000000,185.000000,154.000000
749.000000,234.000000,183.000000,160.000000
742.000000,277.000000,154.000000,143.000000
728.000000,280.000000,166.000000,141.000000
742.000000,278.000000,163.000000,116.000000
742.000000,280.000000,152.000000,119.000000
742.000000,286.000000,152.000000,108.000000
742.000000,286.000000,152.000000,135.000000
742.000000,285.000000,152.000000,109.000000
742.000000,284.000000,151.000000,110.000000
742.000000,283.000000,152.000000,111.000000
742.000000,283.000000,152.000000,111.000000
742.000000,283.000000,150.000000,111.000000
742.000000,283.000000,152.000000,111.000000
742.000000,283.000000,152.000000,111.000000
743.000000,283.000000,151.000000,112.000000
742.000000,283.000000,152.000000,111.000000
743.000000,283.000000,149.000000,111.000000
742.000000,283.000000,174.000000,111.000000
743.000000,283.000000,173.000000,111.000000
742.000000,283.000000,151.000000,112.000000
742.000000,283.000000,142.000000,112.000000
742.000000,283.000000,148.000000,111.000000
742.000000,283.000000,152.000000,111.000000
742.000000,283.000000,153.000000,111.000000
742.000000,283.000000,153.000000,111.000000
742.000000,283.000000,155.000000,111.000000
742.000000,283.000000,161.000000,111.000000
742.000000,283.000000,160.000000,111.000000
742.000000,283.000000,161.000000,111.000000
742.000000,283.000000,161.000000,111.000000
742.000000,283.000000,179.000000,111.000000
742.000000,283.000000,153.000000,111.000000
742.000000,283.000000,151.000000,111.000000
742.000000,284.000000,151.000000,109.000000
742.000000,283.000000,151.000000,111.000000
742.000000,283.000000,153.000000,110.000000
742.000000,283.000000,153.000000,111.000000
742.000000,283.000000,177.000000,110.000000
742.000000,283.000000,178.000000,111.000000
2
0
0
0
0
1
903.000000,201.000000,50.000000,118.000000
904.000000,202.000000,49.000000,116.000000
892.000000,204.000000,61.000000,115.000000
894.000000,205.000000,59.000000,115.000000
893.000000,205.000000,60.000000,113.000000
890.000000,207.000000,63.000000,112.000000
890.000000,206.000000,63.000000,118.000000
890.000000,205.000000,63.000000,118.000000
892.000000,205.000000,61.000000,114.000000
894.000000,204.000000,59.000000,118.000000
894.000000,205.000000,59.000000,118.000000
894.000000,205.000000,59.000000,118.000000
891.000000,208.000000,62.000000,117.000000
888.000000,209.000000,65.000000,117.000000
890.000000,209.000000,63.000000,115.000000
888.000000,209.000000,65.000000,113.000000
889.000000,209.000000,64.000000,111.000000
889.000000,207.000000,64.000000,117.000000
888.000000,208.000000,65.000000,117.000000
888.000000,208.000000,65.000000,118.000000
888.000000,209.000000,65.000000,118.000000
889.000000,209.000000,64.000000,118.000000
889.000000,209.000000,64.000000,117.000000
889.000000,209.000000,64.000000,117.000000
889.000000,209.000000,64.000000,117.000000
888.000000,210.000000,65.000000,114.000000
889.000000,209.000000,64.000000,117.000000
889.000000,209.000000,64.000000,116.000000
893.000000,209.000000,60.000000,116.000000
888.000000,210.000000,65.000000,115.000000
890.000000,209.000000,63.000000,115.000000
889.000000,209.000000,64.000000,116.000000
891.000000,210.000000,62.000000,115.000000
896.000000,210.000000,57.000000,116.000000
890.000000,210.000000,63.000000,115.000000
894.000000,210.000000,59.000000,115.000000
891.000000,210.000000,62.000000,117.000000
891.000000,211.000000,62.000000,116.000000
891.000000,213.000000,62.000000,112.000000
888.000000,213.000000,65.000000,113.000000
888.000000,213.000000,65.000000,117.000000
888.000000,214.000000,65.000000,116.000000
890.000000,216.000000,63.000000,116.000000
893.000000,216.000000,60.000000,117.000000
891.000000,216.000000,62.000000,117.000000
888.000000,216.000000,65.000000,117.000000
888.000000,216.000000,65.000000,118.000000
885.000000,219.000000,68.000000,115.000000
886.000000,219.000000,67.000000,115.000000
885.000000,219.000000,68.000000,115.000000
884.000000,220.000000,69.000000,114.000000
884.000000,220.000000,69.000000,114.000000
883.000000,219.000000,70.000000,115.000000
885.000000,219.000000,68.000000,115.000000
883.000000,218.000000,70.000000,115.000000
888.000000,217.000000,65.000000,117.000000
887.000000,218.000000,66.000000,116.000000
888.000000,217.000000,65.000000,117.000000
888.000000,217.000000,65.000000,117.000000
888.000000,216.000000,65.000000,117.000000
884.000000,216.000000,69.000000,118.000000
888.000000,215.000000,65.000000,118.000000
888.000000,216.000000,65.000000,118.000000
885.000000,215.000000,68.000000,118.000000
884.000000,215.000000,69.000000,118.000000
888.000000,216.000000,65.000000,118.000000
886.000000,216.000000,67.000000,117.000000
884.000000,216.000000,69.000000,117.000000
884.000000,216.000000,69.000000,117.000000
884.000000,216.000000,69.000000,117.000000
883.000000,216.000000,70.000000,117.000000
883.000000,216.000000,70.000000,117.000000
883.000000,216.000000,70.000000,117.000000
883.000000,215.000000,70.000000,118.000000
883.000000,216.000000,70.000000,117.000000
883.000000,215.000000,70.000000,118.000000
884.000000,215.000000,69.000000,118.000000
884.000000,216.000000,69.000000,117.000000
885.000000,216.000000,68.000000,116.000000
884.000000,216.000000,69.000000,116.000000
884.000000,216.000000,69.000000,117.000000
883.000000,216.000000,70.000000,117.000000
883.000000,216.000000,70.000000,117.000000
883.000000,216.000000,70.000000,117.000000
884.000000,216.000000,69.000000,117.000000
883.000000,216.000000,70.000000,117.000000
885.000000,216.000000,68.000000,117.000000
885.000000,216.000000,68.000000,117.000000
883.000000,218.000000,70.000000,115.000000
883.000000,217.000000,70.000000,118.000000
883.000000,218.000000,70.000000,115.000000
883.000000,219.000000,70.000000,116.000000
883.000000,219.000000,70.000000,117.000000
883.000000,219.000000,70.000000,117.000000
883.000000,221.000000,70.000000,115.000000
883.000000,220.000000,70.000000,116.000000
883.000000,221.000000,70.000000,115.000000
883.000000,222.000000,70.000000,114.000000
883.000000,222.000000,70.000000,114.000000
883.000000,221.000000,70.000000,115.000000
883.000000,223.000000,70.000000,112.000000
883.000000,223.000000,70.000000,113.000000
883.000000,222.000000,70.000000,114.000000
882.000000,223.000000,71.000000,112.000000
882.000000,222.000000,71.000000,114.000000
883.000000,223.000000,70.000000,113.000000
883.000000,222.000000,70.000000,115.000000
883.000000,221.000000,70.000000,115.000000
885.000000,221.000000,68.000000,115.000000
883.000000,221.000000,70.000000,115.000000
883.000000,221.000000,70.000000,115.000000
883.000000,222.000000,70.000000,114.000000
883.000000,222.000000,70.000000,114.000000
884.000000,223.000000,69.000000,113.000000
883.000000,224.000000,70.000000,112.000000
882.000000,226.000000,71.000000,110.000000
883.000000,227.000000,70.000000,110.000000
885.000000,227.000000,68.000000,110.000000
885.000000,228.000000,68.000000,115.000000
885.000000,226.000000,68.000000,116.000000
872.000000,231.000000,76.000000,107.000000
885.000000,226.000000,68.000000,116.000000
885.000000,230.000000,68.000000,112.000000
886.000000,232.000000,67.000000,114.000000
886.000000,231.000000,67.000000,112.000000
886.000000,232.000000,67.000000,118.000000
888.000000,233.000000,65.000000,117.000000
887.000000,233.000000,66.000000,117.000000
888.000000,240.000000,65.000000,112.000000
887.000000,239.000000,66.000000,113.000000
888.000000,240.000000,65.000000,112.000000
887.000000,241.000000,66.000000,111.000000
887.000000,243.000000,66.000000,109.000000
888.000000,243.000000,65.000000,109.000000
888.000000,243.000000,65.000000,109.000000
888.000000,244.000000,65.000000,117.000000
888.000000,244.000000,65.000000,117.000000
888.000000,249.000000,65.000000,112.000000
888.000000,259.000000,65.000000,102.000000
888.000000,259.000000,65.000000,101.000000
888.000000,259.000000,65.000000,113.000000
888.000000,259.000000,65.000000,100.000000
888.000000,259.000000,65.000000,108.000000
888.000000,260.000000,65.000000,101.000000
888.000000,261.000000,65.000000,100.000000
888.000000,261.000000,65.000000,99.000000
888.000000,265.000000,65.000000,103.000000
888.000000,268.000000,65.000000,105.000000
888.000000,274.000000,65.000000,86.000000
888.000000,277.000000,65.000000,91.000000
887.000000,269.000000,66.000000,99.000000
888.000000,281.000000,65.000000,87.000000
888.000000,281.000000,65.000000,87.000000
887.000000,280.000000,66.000000,88.000000
887.000000,279.000000,66.000000,89.000000
887.000000,282.000000,66.000000,86.000000
887.000000,279.000000,66.000000,89.000000
888.000000,283.000000,65.000000,84.000000
888.000000,287.000000,65.000000,81.000000
888.000000,283.000000,65.000000,85.000000
888.000000,283.000000,65.000000,86.000000
888.000000,283.000000,65.000000,85.000000
888.000000,283.000000,65.000000,84.000000
889.000000,283.000000,64.000000,82.000000
889.000000,283.000000,64.000000,82.000000
890.000000,282.000000,63.000000,86.000000
2
0
0
0
0
1
679.000000,231.000000,149.000000,97.000000
683.000000,232.000000,145.000000,96.000000
686.000000,224.000000,145.000000,105.000000
684.000000,229.000000,147.000000,100.000000
688.000000,231.000000,143.000000,98.000000
2
0
0
0
0
1
430.000000,188.000000,201.000000,125.000000
440.000000,195.000000,189.000000,117.000000
443.000000,195.000000,185.000000,117.000000
442.000000,197.000000,183.000000,114.000000
440.000000,197.000000,183.000000,114.000000
438.000000,197.000000,183.000000,113.000000
437.000000,199.000000,181.000000,110.000000
435.000000,199.000000,183.000000,110.000000
434.000000,199.000000,183.000000,107.000000
432.000000,198.000000,183.000000,109.000000
430.000000,197.000000,183.000000,107.000000
427.000000,199.000000,183.000000,104.000000
430.000000,199.000000,179.000000,104.000000
426.000000,200.000000,183.000000,101.000000
426.000000,199.000000,183.000000,102.000000
425.000000,198.000000,181.000000,104.000000
426.000000,198.000000,182.000000,104.000000
423.000000,197.000000,181.000000,106.000000
424.000000,197.000000,183.000000,105.000000
403.000000,199.000000,177.000000,105.000000
401.000000,198.000000,174.000000,101.000000
399.000000,198.000000,165.000000,101.000000
395.000000,197.000000,167.000000,99.000000
392.000000,196.000000,167.000000,99.000000
390.000000,195.000000,167.000000,104.000000
393.000000,196.000000,162.000000,98.000000
393.000000,194.000000,161.000000,110.000000
392.000000,190.000000,160.000000,113.000000
394.000000,192.000000,158.000000,108.000000
393.000000,193.000000,158.000000,114.000000
398.000000,193.000000,153.000000,122.000000
399.000000,193.000000,153.000000,123.000000
399.000000,190.000000,153.000000,125.000000
401.000000,194.000000,149.000000,103.000000
401.000000,194.000000,150.000000,104.000000
402.000000,194.000000,147.000000,136.000000
402.000000,192.000000,147.000000,118.000000
402.000000,195.000000,145.000000,128.000000
401.000000,183.000000,144.000000,118.000000
399.000000,204.000000,145.000000,123.000000
398.000000,205.000000,146.000000,95.000000
394.000000,207.000000,148.000000,101.000000
391.000000,208.000000,147.000000,101.000000
384.000000,212.000000,147.000000,100.000000
393.000000,216.000000,135.000000,95.000000
393.000000,215.000000,128.000000,98.000000
390.000000,214.000000,127.000000,101.000000
390.000000,216.000000,122.000000,111.000000
386.000000,212.000000,124.000000,116.000000
368.000000,216.000000,148.000000,105.000000
359.000000,217.000000,158.000000,107.000000
352.000000,178.000000,175.000000,145.000000
352.000000,220.000000,187.000000,105.000000
349.000000,175.000000,175.000000,150.000000
375.000000,221.000000,142.000000,104.000000
383.000000,222.000000,127.000000,102.000000
354.000000,222.000000,160.000000,113.000000
383.000000,224.000000,126.000000,112.000000
371.000000,223.000000,137.000000,112.000000
376.000000,224.000000,131.000000,103.000000
380.000000,224.000000,126.000000,103.000000
376.000000,224.000000,129.000000,97.000000
372.000000,223.000000,132.000000,97.000000
360.000000,220.000000,145.000000,103.000000
345.000000,213.000000,159.000000,111.000000
373.000000,215.000000,130.000000,112.000000
373.000000,215.000000,128.000000,109.000000
361.000000,218.000000,139.000000,111.000000
371.000000,210.000000,132.000000,134.000000
369.000000,215.000000,133.000000,131.000000
372.000000,214.000000,133.000000,130.000000
374.000000,212.000000,137.000000,132.000000
363.000000,212.000000,142.000000,122.000000
350.000000,215.000000,161.000000,110.000000
344.000000,219.000000,169.000000,102.000000
344.000000,213.000000,175.000000,109.000000
336.000000,215.000000,183.000000,106.000000
335.000000,212.000000,182.000000,109.000000
336.000000,217.000000,178.000000,104.000000
348.000000,215.000000,167.000000,106.000000
333.000000,214.000000,181.000000,105.000000
332.000000,215.000000,179.000000,104.000000
336.000000,211.000000,175.000000,108.000000
336.000000,217.000000,184.000000,101.000000
328.000000,219.000000,179.000000,99.000000
329.000000,220.000000,201.000000,98.000000
330.000000,217.000000,200.000000,101.000000
330.000000,218.000000,201.000000,98.000000
328.000000,215.000000,183.000000,102.000000
327.000000,215.000000,187.000000,102.000000
324.000000,211.000000,183.000000,104.000000
323.000000,210.000000,181.000000,104.000000
320.000000,212.000000,193.000000,102.000000
322.000000,212.000000,190.000000,100.000000
322.000000,212.000000,192.000000,101.000000
317.000000,211.000000,198.000000,101.000000
316.000000,210.000000,191.000000,101.000000
316.000000,211.000000,192.000000,101.000000
317.000000,209.000000,187.000000,102.000000
319.000000,209.000000,183.000000,101.000000
319.000000,208.000000,182.000000,102.000000
317.000000,209.000000,182.000000,100.000000
320.000000,210.000000,177.000000,100.000000
322.000000,207.000000,175.000000,105.000000
323.000000,205.000000,175.000000,110.000000
321.000000,204.000000,176.000000,110.000000
320.000000,205.000000,186.000000,109.000000
319.000000,206.000000,189.000000,107.000000
320.000000,206.000000,183.000000,110.000000
315.000000,208.000000,189.000000,105.000000
318.000000,212.000000,185.000000,102.000000
315.000000,211.000000,187.000000,110.000000
311.000000,216.000000,192.000000,106.000000
304.000000,216.000000,189.000000,104.000000
304.000000,216.000000,183.000000,106.000000
301.000000,216.000000,181.000000,106.000000
294.000000,216.000000,183.000000,106.000000
294.000000,215.000000,178.000000,104.000000
288.000000,222.000000,180.000000,95.000000
300.000000,217.000000,167.000000,101.000000
297.000000,222.000000,161.000000,95.000000
289.000000,220.000000,167.000000,100.000000
292.000000,219.000000,165.000000,100.000000
290.000000,212.000000,159.000000,103.000000
288.000000,204.000000,167.000000,112.000000
282.000000,202.000000,179.000000,114.000000
290.000000,202.000000,181.000000,111.000000
288.000000,193.000000,185.000000,120.000000
287.000000,191.000000,187.000000,117.000000
277.000000,191.000000,201.000000,117.000000
292.000000,197.000000,187.000000,112.000000
292.000000,196.000000,187.000000,106.000000
287.000000,196.000000,198.000000,111.000000
287.000000,194.000000,198.000000,111.000000
288.000000,193.000000,196.000000,112.000000
288.000000,191.000000,196.000000,111.000000
288.000000,190.000000,196.000000,117.000000
288.000000,190.000000,197.000000,118.000000
285.000000,189.000000,201.000000,116.000000
284.000000,189.000000,201.000000,116.000000
285.000000,191.000000,200.000000,115.000000
284.000000,191.000000,201.000000,115.000000
284.000000,190.000000,201.000000,115.000000
286.000000,193.000000,199.000000,111.000000
286.000000,194.000000,199.000000,111.000000
286.000000,193.000000,201.000000,109.000000
286.000000,193.000000,201.000000,110.000000
287.000000,192.000000,201.000000,104.000000
288.000000,186.000000,201.000000,115.000000
290.000000,186.000000,201.000000,112.000000
292.000000,185.000000,201.000000,109.000000
292.000000,184.000000,201.000000,107.000000
293.000000,184.000000,201.000000,108.000000
293.000000,188.000000,201.000000,112.000000
294.000000,188.000000,201.000000,112.000000
296.000000,187.000000,201.000000,105.000000
297.000000,186.000000,201.000000,104.000000
298.000000,186.000000,201.000000,111.000000
301.000000,184.000000,201.000000,109.000000
301.000000,182.000000,201.000000,112.000000
303.000000,181.000000,201.000000,114.000000
304.000000,181.000000,201.000000,109.000000
305.000000,180.000000,201.000000,110.000000
306.000000,180.000000,201.000000,111.000000
306.000000,179.000000,201.000000,109.000000
308.000000,179.000000,201.000000,121.000000
307.000000,177.000000,201.000000,117.000000
308.000000,177.000000,201.000000,118.000000
308.000000,180.000000,201.000000,115.000000
309.000000,179.000000,201.000000,113.000000
310.000000,178.000000,201.000000,115.000000
311.000000,175.000000,201.000000,124.000000
312.000000,175.000000,201.000000,117.000000
314.000000,169.000000,201.000000,126.000000
315.000000,171.000000,201.000000,125.000000
2
0
0
0
0
1
129.000000,223.000000,184.000000,118.000000
136.000000,224.000000,184.000000,117.000000
137.000000,226.000000,183.000000,117.000000
137.000000,226.000000,183.000000,117.000000
138.000000,226.000000,182.000000,116.000000
138.000000,227.000000,182.000000,116.000000
138.000000,228.000000,182.000000,117.000000
138.000000,228.000000,182.000000,116.000000
138.000000,230.000000,181.000000,114.000000
137.000000,231.000000,183.000000,113.000000
137.000000,231.000000,184.000000,110.000000
137.000000,231.000000,183.000000,115.000000
132.000000,232.000000,184.000000,114.000000
132.000000,232.000000,184.000000,114.000000
129.000000,233.000000,184.000000,110.000000
128.000000,233.000000,184.000000,113.000000
128.000000,234.000000,183.000000,109.000000
125.000000,234.000000,183.000000,113.000000
128.000000,195.000000,177.000000,151.000000
122.000000,195.000000,181.000000,152.000000
120.000000,195.000000,177.000000,152.000000
113.000000,234.000000,177.000000,112.000000
118.000000,234.000000,171.000000,111.000000
112.000000,232.000000,178.000000,112.000000
112.000000,231.000000,178.000000,113.000000
112.000000,210.000000,177.000000,135.000000
109.000000,210.000000,181.000000,136.000000
112.000000,196.000000,176.000000,150.000000
112.000000,196.000000,177.000000,150.000000
115.000000,194.000000,174.000000,157.000000
112.000000,196.000000,177.000000,155.000000
112.000000,196.000000,177.000000,155.000000
115.000000,196.000000,176.000000,161.000000
112.000000,196.000000,179.000000,161.000000
116.000000,194.000000,176.000000,163.000000
115.000000,196.000000,176.000000,161.000000
112.000000,200.000000,179.000000,157.000000
116.000000,198.000000,174.000000,159.000000
116.000000,196.000000,174.000000,163.000000
120.000000,196.000000,171.000000,163.000000
120.000000,196.000000,173.000000,161.000000
118.000000,232.000000,173.000000,127.000000
118.000000,197.000000,173.000000,161.000000
123.000000,195.000000,170.000000,164.000000
125.000000,195.000000,166.000000,164.000000
126.000000,200.000000,167.000000,158.000000
128.000000,196.000000,163.000000,164.000000
128.000000,210.000000,168.000000,149.000000
130.000000,194.000000,162.000000,163.000000
130.000000,200.000000,162.000000,160.000000
132.000000,196.000000,161.000000,172.000000
133.000000,196.000000,159.000000,171.000000
133.000000,200.000000,160.000000,168.000000
134.000000,210.000000,159.000000,158.000000
132.000000,211.000000,161.000000,156.000000
134.000000,211.000000,159.000000,157.000000
134.000000,230.000000,159.000000,138.000000
136.000000,230.000000,157.000000,138.000000
137.000000,231.000000,156.000000,136.000000
137.000000,231.000000,155.000000,137.000000
137.000000,231.000000,156.000000,137.000000
137.000000,231.000000,156.000000,137.000000
136.000000,231.000000,157.000000,137.000000
136.000000,211.000000,157.000000,157.000000
136.000000,211.000000,156.000000,157.000000
136.000000,211.000000,157.000000,158.000000
136.000000,211.000000,157.000000,157.000000
136.000000,211.000000,157.000000,157.000000
136.000000,211.000000,157.000000,157.000000
136.000000,211.000000,157.000000,158.000000
136.000000,211.000000,157.000000,157.000000
136.000000,211.000000,158.000000,157.000000
136.000000,211.000000,157.000000,157.000000
136.000000,211.000000,157.000000,159.000000
135.000000,211.000000,158.000000,156.000000
135.000000,211.000000,159.000000,158.000000
135.000000,211.000000,158.000000,156.000000
135.000000,211.000000,159.000000,159.000000
134.000000,211.000000,159.000000,159.000000
134.000000,211.000000,161.000000,159.000000
135.000000,211.000000,160.000000,159.000000
135.000000,211.000000,158.000000,159.000000
135.000000,211.000000,158.000000,159.000000
135.000000,211.000000,158.000000,159.000000
135.000000,211.000000,159.000000,159.000000
135.000000,211.000000,161.000000,159.000000
135.000000,211.000000,159.000000,159.000000
135.000000,211.000000,162.000000,159.000000
135.000000,211.000000,159.000000,159.000000
135.000000,211.000000,159.000000,159.000000
135.000000,211.000000,161.000000,159.000000
135.000000,211.000000,159.000000,159.000000
135.000000,211.000000,159.000000,159.000000
135.000000,211.000000,159.000000,159.000000
135.000000,211.000000,161.000000,159.000000
135.000000,211.000000,158.000000,159.000000
135.000000,211.000000,159.000000,159.000000
135.000000,211.000000,158.000000,159.000000
135.000000,212.000000,158.000000,158.000000
135.000000,212.000000,158.000000,158.000000
136.000000,212.000000,157.000000,158.000000
136.000000,212.000000,157.000000,158.000000
135.000000,212.000000,158.000000,158.000000
135.000000,212.000000,158.000000,158.000000
135.000000,212.000000,158.000000,158.000000
135.000000,212.000000,158.000000,158.000000
135.000000,212.000000,158.000000,158.000000
135.000000,212.000000,158.000000,158.000000
135.000000,212.000000,159.000000,158.000000
135.000000,212.000000,159.000000,158.000000
135.000000,212.000000,159.000000,158.000000
135.000000,212.000000,159.000000,158.000000
135.000000,212.000000,159.000000,158.000000
135.000000,212.000000,159.000000,159.000000
135.000000,212.000000,159.000000,159.000000
136.000000,212.000000,158.000000,159.000000
136.000000,212.000000,158.000000,159.000000
136.000000,212.000000,157.000000,159.000000
136.000000,212.000000,158.000000,159.000000
136.000000,212.000000,158.000000,158.000000
136.000000,212.000000,158.000000,159.000000
136.000000,212.000000,158.000000,159.000000
136.000000,212.000000,158.000000,158.000000
136.000000,212.000000,158.000000,159.000000
135.000000,212.000000,159.000000,158.000000
135.000000,212.000000,159.000000,159.000000
136.000000,212.000000,158.000000,158.000000
134.000000,212.000000,160.000000,159.000000
135.000000,212.000000,159.000000,158.000000
135.000000,212.000000,159.000000,159.000000
135.000000,212.000000,159.000000,158.000000
135.000000,213.000000,159.000000,157.000000
135.000000,215.000000,159.000000,156.000000
135.000000,213.000000,159.000000,157.000000
134.000000,213.000000,160.000000,157.000000
134.000000,213.000000,160.000000,157.000000
133.000000,213.000000,162.000000,157.000000
132.000000,213.000000,162.000000,157.000000
138.000000,213.000000,157.000000,157.000000
146.000000,213.000000,149.000000,157.000000
138.000000,213.000000,157.000000,157.000000
144.000000,213.000000,150.000000,157.000000
145.000000,212.000000,149.000000,158.000000
138.000000,213.000000,156.000000,157.000000
139.000000,213.000000,156.000000,157.000000
143.000000,213.000000,152.000000,157.000000
144.000000,213.000000,151.000000,158.000000
142.000000,213.000000,153.000000,157.000000
142.000000,213.000000,153.000000,158.000000
145.000000,213.000000,149.000000,157.000000
149.000000,213.000000,145.000000,157.000000
149.000000,213.000000,145.000000,157.000000
150.000000,246.000000,152.000000,124.000000
150.000000,238.000000,145.000000,132.000000
159.000000,238.000000,143.000000,132.000000
152.000000,241.000000,150.000000,129.000000
157.000000,235.000000,145.000000,138.000000
157.000000,235.000000,143.000000,135.000000
151.000000,238.000000,145.000000,132.000000
150.000000,238.000000,150.000000,132.000000
150.000000,238.000000,148.000000,132.000000
150.000000,241.000000,149.000000,130.000000
151.000000,238.000000,144.000000,133.000000
151.000000,239.000000,144.000000,133.000000
152.000000,239.000000,143.000000,131.000000
142.000000,239.000000,152.000000,132.000000
141.000000,238.000000,154.000000,133.000000
145.000000,262.000000,149.000000,109.000000
145.000000,239.000000,153.000000,134.000000
145.000000,239.000000,149.000000,132.000000
145.000000,239.000000,151.000000,132.000000
150.000000,262.000000,144.000000,109.000000
151.000000,239.000000,143.000000,132.000000
151.000000,239.000000,143.000000,132.000000
151.000000,239.000000,144.000000,132.000000
151.000000,239.000000,144.000000,133.000000
151.000000,239.000000,144.000000,132.000000
152.000000,256.000000,142.000000,116.000000
152.000000,239.000000,144.000000,132.000000
152.000000,239.000000,144.000000,132.000000
152.000000,239.000000,143.000000,132.000000
152.000000,239.000000,143.000000,132.000000
152.000000,236.000000,143.000000,135.000000
151.000000,239.000000,143.000000,132.000000
147.000000,236.000000,148.000000,135.000000
152.000000,236.000000,143.000000,135.000000
152.000000,236.000000,142.000000,135.000000
152.000000,236.000000,142.000000,135.000000
150.000000,236.000000,145.000000,135.000000
151.000000,236.000000,144.000000,135.000000
151.000000,239.000000,144.000000,132.000000
151.000000,239.000000,144.000000,132.000000
151.000000,236.000000,143.000000,136.000000
151.000000,239.000000,143.000000,133.000000
151.000000,239.000000,143.000000,132.000000
151.000000,239.000000,144.000000,133.000000
151.000000,239.000000,144.000000,132.000000
151.000000,234.000000,144.000000,136.000000
151.000000,234.000000,144.000000,137.000000
152.000000,234.000000,143.000000,137.000000
150.000000,234.000000,145.000000,137.000000
148.000000,240.000000,147.000000,131.000000
148.000000,240.000000,147.000000,161.000000
148.000000,240.000000,147.000000,161.000000
149.000000,240.000000,146.000000,131.000000
150.000000,262.000000,145.000000,139.000000
150.000000,262.000000,146.000000,109.000000
150.000000,262.000000,145.000000,109.000000
150.000000,262.000000,144.000000,113.000000
149.000000,262.000000,147.000000,111.000000
153.000000,262.000000,143.000000,139.000000
154.000000,262.000000,141.000000,109.000000
154.000000,262.000000,141.000000,111.000000
154.000000,262.000000,141.000000,109.000000
153.000000,262.000000,145.000000,109.000000
151.000000,262.000000,144.000000,107.000000
150.000000,262.000000,145.000000,107.000000
149.000000,262.000000,147.000000,109.000000
148.000000,262.000000,147.000000,107.000000
148.000000,262.000000,147.000000,107.000000
144.000000,262.000000,151.000000,105.000000
144.000000,262.000000,151.000000,105.000000
144.000000,262.000000,151.000000,105.000000
144.000000,262.000000,151.000000,105.000000
144.000000,262.000000,151.000000,105.000000
144.000000,262.000000,151.000000,105.000000
145.000000,262.000000,150.000000,105.000000
146.000000,262.000000,150.000000,105.000000
147.000000,262.000000,148.000000,105.000000
149.000000,262.000000,147.000000,105.000000
150.000000,262.000000,147.000000,105.000000
146.000000,262.000000,149.000000,105.000000
147.000000,262.000000,151.000000,105.000000
149.000000,262.000000,147.000000,105.000000
150.000000,262.000000,147.000000,105.000000
151.000000,266.000000,145.000000,101.000000
151.000000,266.000000,147.000000,101.000000
160.000000,256.000000,164.000000,111.000000
153.000000,255.000000,171.000000,112.000000
155.000000,255.000000,171.000000,146.000000
162.000000,255.000000,173.000000,112.000000
163.000000,254.000000,172.000000,113.000000
162.000000,255.000000,173.000000,112.000000
164.000000,255.000000,171.000000,112.000000
167.000000,255.000000,168.000000,112.000000
158.000000,255.000000,177.000000,112.000000
171.000000,255.000000,165.000000,112.000000
160.000000,242.000000,176.000000,125.000000
160.000000,255.000000,178.000000,112.000000
169.000000,243.000000,128.000000,124.000000
169.000000,242.000000,137.000000,125.000000
170.000000,242.000000,141.000000,125.000000
176.000000,265.000000,123.000000,136.000000
176.000000,265.000000,165.000000,102.000000
178.000000,265.000000,161.000000,136.000000
178.000000,265.000000,121.000000,136.000000
180.000000,266.000000,175.000000,135.000000
182.000000,244.000000,173.000000,157.000000
184.000000,244.000000,170.000000,158.000000
186.000000,267.000000,169.000000,135.000000
191.000000,239.000000,164.000000,163.000000
179.000000,267.000000,175.000000,135.000000
193.000000,267.000000,162.000000,135.000000
179.000000,267.000000,176.000000,135.000000
180.000000,239.000000,179.000000,163.000000
180.000000,239.000000,179.000000,163.000000
180.000000,267.000000,179.000000,135.000000
180.000000,244.000000,179.000000,158.000000
180.000000,244.000000,179.000000,158.000000
180.000000,244.000000,179.000000,158.000000
180.000000,244.000000,179.000000,160.000000
181.000000,244.000000,177.000000,158.000000
173.000000,266.000000,182.000000,135.000000
175.000000,266.000000,141.000000,136.000000
191.000000,272.000000,164.000000,129.000000
181.000000,272.000000,175.000000,128.000000
217.000000,272.000000,142.000000,129.000000
175.000000,268.000000,184.000000,133.000000
175.000000,268.000000,181.000000,101.000000
185.000000,271.000000,170.000000,93.000000
185.000000,270.000000,170.000000,132.000000
181.000000,270.000000,175.000000,132.000000
185.000000,270.000000,171.000000,132.000000
182.000000,270.000000,173.000000,131.000000
175.000000,256.000000,180.000000,146.000000
174.000000,256.000000,181.000000,146.000000
175.000000,255.000000,181.000000,146.000000
175.000000,256.000000,181.000000,146.000000
174.000000,255.000000,182.000000,108.000000
174.000000,256.000000,182.000000,144.000000
174.000000,256.000000,182.000000,108.000000
175.000000,256.000000,182.000000,138.000000
174.000000,256.000000,183.000000,107.000000
174.000000,256.000000,143.000000,138.000000
174.000000,256.000000,182.000000,144.000000
172.000000,256.000000,141.000000,146.000000
173.000000,256.000000,144.000000,146.000000
170.000000,256.000000,131.000000,146.000000
173.000000,256.000000,181.000000,146.000000
173.000000,256.000000,130.000000,146.000000
173.000000,256.000000,129.000000,146.000000
171.000000,256.000000,131.000000,146.000000
173.000000,256.000000,182.000000,146.000000
173.000000,256.000000,144.000000,146.000000
174.000000,256.000000,131.000000,145.000000
173.000000,256.000000,157.000000,146.000000
174.000000,256.000000,129.000000,146.000000
173.000000,256.000000,144.000000,146.000000
173.000000,256.000000,144.000000,146.000000
171.000000,256.000000,159.000000,146.000000
171.000000,257.000000,146.000000,145.000000
171.000000,256.000000,132.000000,146.000000
170.000000,256.000000,132.000000,146.000000
170.000000,256.000000,147.000000,146.000000
173.000000,256.000000,128.000000,108.000000
173.000000,256.000000,144.000000,138.000000
173.000000,256.000000,182.000000,138.000000
173.000000,256.000000,182.000000,138.000000
174.000000,256.000000,181.000000,150.000000
173.000000,256.000000,182.000000,144.000000
173.000000,256.000000,182.000000,146.000000
171.000000,257.000000,184.000000,145.000000
173.000000,256.000000,182.000000,146.000000
173.000000,256.000000,182.000000,146.000000
171.000000,256.000000,184.000000,146.000000
171.000000,256.000000,184.000000,146.000000
173.000000,256.000000,182.000000,146.000000
171.000000,256.000000,184.000000,146.000000
171.000000,256.000000,184.000000,146.000000
171.000000,256.000000,184.000000,146.000000
172.000000,257.000000,184.000000,145.000000
172.000000,256.000000,184.000000,146.000000
172.000000,257.000000,184.000000,145.000000
172.000000,256.000000,184.000000,146.000000
172.000000,256.000000,184.000000,146.000000
172.000000,256.000000,183.000000,146.000000
172.000000,256.000000,184.000000,146.000000
172.000000,256.000000,182.000000,146.000000
172.000000,257.000000,184.000000,145.000000
172.000000,257.000000,184.000000,145.000000
173.000000,257.000000,183.000000,149.000000
173.000000,257.000000,183.000000,149.000000
173.000000,257.000000,183.000000,149.000000
173.000000,257.000000,180.000000,149.000000
173.000000,257.000000,180.000000,151.000000
173.000000,257.000000,181.000000,149.000000
173.000000,256.000000,183.000000,152.000000
173.000000,256.000000,181.000000,150.000000
173.000000,256.000000,181.000000,153.000000
173.000000,256.000000,181.000000,151.000000
174.000000,257.000000,178.000000,152.000000
173.000000,257.000000,182.000000,149.000000
174.000000,257.000000,180.000000,149.000000
174.000000,257.000000,179.000000,149.000000
173.000000,257.000000,180.000000,149.000000
173.000000,257.000000,179.000000,149.000000
174.000000,257.000000,176.000000,149.000000
174.000000,256.000000,178.000000,150.000000
174.000000,257.000000,178.000000,149.000000
174.000000,257.000000,178.000000,149.000000
174.000000,257.000000,171.000000,149.000000
174.000000,257.000000,177.000000,149.000000
174.000000,257.000000,179.000000,149.000000
174.000000,257.000000,179.000000,149.000000
174.000000,257.000000,179.000000,149.000000
174.000000,257.000000,179.000000,146.000000
174.000000,256.000000,179.000000,144.000000
174.000000,257.000000,179.000000,143.000000
175.000000,256.000000,179.000000,150.000000
175.000000,256.000000,179.000000,144.000000
175.000000,257.000000,181.000000,149.000000
175.000000,257.000000,180.000000,149.000000
175.000000,257.000000,182.000000,149.000000
175.000000,257.000000,182.000000,149.000000
175.000000,257.000000,184.000000,137.000000
176.000000,257.000000,183.000000,137.000000
176.000000,256.000000,184.000000,108.000000
176.000000,257.000000,184.000000,137.000000
177.000000,259.000000,184.000000,105.000000
177.000000,257.000000,183.000000,149.000000
193.000000,262.000000,177.000000,102.000000
193.000000,262.000000,176.000000,102.000000
193.000000,262.000000,179.000000,102.000000
193.000000,262.000000,181.000000,102.000000
193.000000,262.000000,179.000000,103.000000
193.000000,262.000000,183.000000,102.000000
193.000000,262.000000,181.000000,102.000000
193.000000,262.000000,181.000000,102.000000
193.000000,262.000000,184.000000,130.000000
193.000000,262.000000,181.000000,102.000000
194.000000,262.000000,184.000000,102.000000
194.000000,262.000000,184.000000,102.000000
195.000000,262.000000,184.000000,102.000000
196.000000,262.000000,184.000000,102.000000
197.000000,261.000000,184.000000,103.000000
197.000000,262.000000,183.000000,102.000000
198.000000,262.000000,184.000000,102.000000
199.000000,262.000000,184.000000,102.000000
200.000000,262.000000,184.000000,102.000000
200.000000,262.000000,184.000000,102.000000
201.000000,262.000000,183.000000,102.000000
201.000000,262.000000,183.000000,102.000000
202.000000,262.000000,184.000000,102.000000
202.000000,261.000000,184.000000,103.000000
203.000000,257.000000,184.000000,145.000000
203.000000,262.000000,184.000000,102.000000
203.000000,262.000000,184.000000,102.000000
203.000000,262.000000,184.000000,102.000000
206.000000,262.000000,184.000000,102.000000
207.000000,262.000000,184.000000,102.000000
208.000000,262.000000,184.000000,102.000000
210.000000,262.000000,184.000000,102.000000
213.000000,262.000000,184.000000,102.000000
214.000000,262.000000,184.000000,102.000000
214.000000,265.000000,184.000000,137.000000
218.000000,265.000000,184.000000,137.000000
2
0
0
0
0
1
264.000000,163.000000,195.000000,157.000000
256.000000,165.000000,198.000000,158.000000
256.000000,165.000000,198.000000,155.000000
256.000000,165.000000,198.000000,171.000000
256.000000,164.000000,197.000000,171.000000
256.000000,165.000000,197.000000,168.000000
256.000000,166.000000,198.000000,169.000000
261.000000,165.000000,198.000000,189.000000
260.000000,166.000000,198.000000,189.000000
258.000000,166.000000,198.000000,194.000000
258.000000,165.000000,198.000000,195.000000
257.000000,166.000000,198.000000,194.000000
256.000000,167.000000,198.000000,193.000000
256.000000,167.000000,198.000000,193.000000
256.000000,167.000000,198.000000,193.000000
256.000000,167.000000,197.000000,193.000000
256.000000,167.000000,198.000000,193.000000
256.000000,167.000000,197.000000,193.000000
255.000000,168.000000,198.000000,192.000000
256.000000,168.000000,197.000000,192.000000
255.000000,169.000000,195.000000,191.000000
256.000000,170.000000,195.000000,190.000000
256.000000,169.000000,196.000000,192.000000
255.000000,170.000000,196.000000,191.000000
255.000000,169.000000,197.000000,191.000000
255.000000,169.000000,196.000000,192.000000
256.000000,169.000000,194.000000,191.000000
255.000000,170.000000,197.000000,190.000000
255.000000,169.000000,193.000000,191.000000
255.000000,170.000000,197.000000,192.000000
256.000000,170.000000,193.000000,190.000000
255.000000,170.000000,196.000000,190.000000
255.000000,172.000000,198.000000,188.000000
255.000000,194.000000,198.000000,167.000000
256.000000,186.000000,197.000000,174.000000
255.000000,193.000000,198.000000,167.000000
255.000000,192.000000,198.000000,168.000000
254.000000,194.000000,198.000000,166.000000
254.000000,191.000000,198.000000,169.000000
254.000000,189.000000,198.000000,171.000000
254.000000,189.000000,198.000000,171.000000
253.000000,189.000000,198.000000,171.000000
254.000000,189.000000,198.000000,171.000000
254.000000,194.000000,198.000000,166.000000
254.000000,192.000000,198.000000,168.000000
255.000000,200.000000,197.000000,160.000000
256.000000,201.000000,196.000000,159.000000
258.000000,205.000000,194.000000,155.000000
260.000000,206.000000,192.000000,154.000000
263.000000,205.000000,189.000000,156.000000
264.000000,205.000000,188.000000,155.000000
267.000000,205.000000,185.000000,154.000000
264.000000,205.000000,188.000000,155.000000
268.000000,204.000000,184.000000,155.000000
267.000000,204.000000,185.000000,156.000000
269.000000,204.000000,183.000000,156.000000
269.000000,204.000000,184.000000,156.000000
269.000000,204.000000,184.000000,155.000000
255.000000,212.000000,192.000000,149.000000
269.000000,210.000000,178.000000,152.000000
270.000000,207.000000,183.000000,152.000000
269.000000,210.000000,168.000000,151.000000
255.000000,210.000000,192.000000,151.000000
255.000000,210.000000,192.000000,153.000000
256.000000,224.000000,185.000000,139.000000
238.000000,257.000000,168.000000,113.000000
239.000000,257.000000,167.000000,110.000000
238.000000,257.000000,168.000000,106.000000
238.000000,257.000000,168.000000,136.000000
238.000000,257.000000,168.000000,106.000000
238.000000,257.000000,168.000000,106.000000
236.000000,257.000000,169.000000,106.000000
238.000000,257.000000,167.000000,106.000000
238.000000,257.000000,167.000000,149.000000
238.000000,257.000000,167.000000,106.000000
238.000000,257.000000,167.000000,106.000000
238.000000,257.000000,155.000000,106.000000
238.000000,257.000000,159.000000,106.000000
237.000000,257.000000,168.000000,106.000000
238.000000,257.000000,167.000000,107.000000
238.000000,257.000000,167.000000,135.000000
239.000000,257.000000,166.000000,127.000000
238.000000,257.000000,167.000000,106.000000
238.000000,257.000000,168.000000,107.000000
238.000000,257.000000,168.000000,107.000000
239.000000,257.000000,167.000000,107.000000
236.000000,257.000000,171.000000,107.000000
239.000000,257.000000,168.000000,107.000000
2
0
0
0
0
1
497.000000,235.000000,114.000000,89.000000
492.000000,241.000000,110.000000,83.000000
491.000000,241.000000,108.000000,83.000000
494.000000,242.000000,109.000000,82.000000
502.000000,246.000000,103.000000,80.000000
512.000000,254.000000,98.000000,79.000000
515.000000,256.000000,97.000000,81.000000
526.000000,269.000000,91.000000,71.000000
529.000000,272.000000,99.000000,73.000000
542.000000,267.000000,93.000000,73.000000
560.000000,277.000000,88.000000,69.000000
2
0
0
0
0
1
713.000000,225.000000,152.000000,102.000000
714.000000,222.000000,152.000000,116.000000
714.000000,225.000000,152.000000,124.000000
716.000000,223.000000,149.000000,126.000000
714.000000,223.000000,145.000000,126.000000
711.000000,223.000000,147.000000,126.000000
712.000000,223.000000,146.000000,126.000000
716.000000,224.000000,139.000000,125.000000
714.000000,222.000000,141.000000,135.000000
712.000000,219.000000,143.000000,131.000000
709.000000,223.000000,146.000000,126.000000
715.000000,220.000000,141.000000,135.000000
715.000000,224.000000,141.000000,125.000000
714.000000,224.000000,141.000000,125.000000
717.000000,224.000000,138.000000,125.000000
719.000000,222.000000,137.000000,127.000000
723.000000,223.000000,132.000000,127.000000
719.000000,218.000000,136.000000,131.000000
729.000000,229.000000,126.000000,128.000000
727.000000,222.000000,128.000000,127.000000
728.000000,219.000000,123.000000,130.000000
732.000000,220.000000,123.000000,129.000000
731.000000,219.000000,124.000000,130.000000
736.000000,219.000000,119.000000,130.000000
736.000000,218.000000,119.000000,131.000000
736.000000,218.000000,118.000000,132.000000
738.000000,219.000000,117.000000,131.000000
738.000000,221.000000,113.000000,128.000000
742.000000,217.000000,112.000000,132.000000
739.000000,216.000000,116.000000,133.000000
