1
217.000000,141.000000,82.000000,49.000000
216.000000,142.000000,82.000000,49.000000
217.000000,141.000000,82.000000,49.000000
216.000000,142.000000,82.000000,49.000000
216.000000,142.000000,82.000000,49.000000
209.690002,144.410004,80.615997,48.173000
209.369995,145.820007,79.255997,47.360001
209.039993,147.220001,77.918999,46.561001
209.699997,147.610001,76.603996,45.776001
206.339996,149.000000,75.310997,45.002998
204.979996,150.380005,74.041000,44.243999
204.600006,150.750000,72.791000,43.497002
204.050003,152.020004,71.890999,42.959000
202.500000,153.289993,71.000999,42.426998
201.940002,153.550003,70.122002,41.902000
200.369995,154.809998,69.254997,41.383999
199.800003,156.059998,68.398003,40.872002
200.220001,157.320007,67.551003,40.366001
199.639999,158.570007,66.714996,39.867001
198.880005,159.710007,66.245003,39.584999
199.110001,162.850006,65.777000,39.306000
197.339996,164.990005,65.313004,39.028999
196.570007,166.119995,64.852997,38.752998
192.800003,167.259995,64.394997,38.480000
192.029999,167.399994,63.941002,38.208000
190.259995,168.529999,63.490002,37.938999
189.380005,168.600006,63.243000,37.792000
187.500000,169.679993,62.997002,37.645000
185.619995,170.750000,62.752998,37.499001
183.750000,171.820007,62.508999,37.353001
180.869995,171.899994,62.265999,37.208000
177.990005,172.970001,62.023998,37.063000
175.110001,174.039993,61.783001,36.918999
173.179993,175.080002,61.634998,36.831001
172.259995,177.130005,61.487999,36.743000
170.330002,178.169998,61.341000,36.654999
169.399994,179.220001,61.194000,36.567001
168.479996,180.259995,61.047001,36.479000
168.550003,179.300003,60.901001,36.391998
169.619995,178.350006,60.755001,36.305000
166.009995,178.580002,59.980999,35.841999
159.389999,177.809998,59.216999,35.386002
159.770004,177.029999,58.462002,34.935001
161.139999,177.259995,57.716999,34.490002
162.509995,177.470001,56.981998,34.049999
164.869995,177.690002,56.256001,33.616001
167.229996,177.910004,55.539001,33.188000
168.300003,178.949997,55.401001,33.105999
168.369995,178.990005,55.263000,33.022999
168.440002,180.029999,55.125999,32.941002
164.509995,180.070007,54.988998,32.859001
165.570007,180.110001,54.853001,32.778000
167.639999,181.149994,54.716000,32.695999
169.710007,181.190002,54.581001,32.615002
170.660004,181.160004,54.679001,32.674000
171.610001,181.130005,54.777000,32.733002
171.559998,181.100006,54.875999,32.792000
172.509995,181.070007,54.974998,32.851002
172.460007,181.039993,55.074001,32.910000
173.410004,181.020004,55.173000,32.969002
173.360001,180.990005,55.272999,33.028999
174.270004,180.929993,55.460999,33.140999
174.179993,180.869995,55.650002,33.254002
175.080002,181.820007,55.839001,33.367001
174.990005,181.759995,56.029999,33.480999
174.889999,181.699997,56.220001,33.595001
174.789993,181.649994,56.411999,33.709999
174.699997,180.589996,56.604000,33.824001
173.550003,180.500000,56.890999,33.995998
173.410004,180.419998,57.179001,34.167999
171.270004,180.330002,57.469002,34.341000
170.119995,180.240005,57.759998,34.514999
168.970001,180.149994,58.053001,34.689999
167.830002,180.070007,58.347000,34.866001
166.679993,179.979996,58.643002,35.042999
164.539993,179.889999,58.929001,35.213001
164.389999,179.809998,59.216000,35.384998
162.250000,179.720001,59.505001,35.557999
160.100006,178.630005,59.794998,35.730999
156.960007,178.550003,60.085999,35.904999
153.809998,178.460007,60.379002,36.080002
152.660004,178.369995,60.673000,36.256001
150.600006,178.330002,60.803001,36.334000
148.529999,178.289993,60.932999,36.410999
147.470001,178.259995,61.063000,36.488998
146.399994,178.220001,61.194000,36.567001
145.339996,178.179993,61.325001,36.645000
144.270004,178.139999,61.456001,36.723999
142.210007,178.100006,61.587002,36.801998
141.130005,178.050003,61.745998,36.896999
139.050003,179.000000,61.904999,36.992001
135.970001,178.960007,62.063999,37.087002
133.889999,178.910004,62.223999,37.182999
132.809998,178.860001,62.383999,37.278000
131.729996,178.809998,62.544998,37.374001
131.649994,178.759995,62.705002,37.470001
131.820007,178.869995,62.351002,37.258999
132.000000,178.979996,61.999001,37.048000
133.179993,179.080002,61.648998,36.839001
134.350006,179.179993,61.300999,36.631001
134.520004,179.289993,60.955002,36.424000
136.690002,179.389999,60.611000,36.219002
139.869995,179.490005,60.269001,36.014000
141.050003,179.600006,59.905998,35.798000
142.229996,179.710007,59.546001,35.583000
143.410004,179.820007,59.188999,35.368999
144.580002,178.919998,58.833000,35.155998
144.759995,179.029999,58.479000,34.945000
144.940002,178.130005,58.127998,34.735001
144.110001,178.240005,57.778000,34.526001
144.259995,177.330002,57.474998,34.345001
145.410004,177.419998,57.174000,34.165001
145.559998,177.509995,56.874001,33.986000
144.710007,177.600006,56.576000,33.806999
144.860001,177.679993,56.278999,33.630001
145.009995,177.770004,55.984001,33.453999
145.160004,177.860001,55.689999,33.278000
145.169998,177.869995,55.654999,33.257000
145.190002,176.880005,55.618999,33.236000
145.210007,176.889999,55.584000,33.215000
146.229996,176.899994,55.549000,33.194000
146.240005,176.910004,55.513000,33.173000
147.259995,176.919998,55.478001,33.151001
147.279999,177.929993,55.443001,33.130001
147.229996,177.899994,55.543999,33.191002
148.179993,176.869995,55.646000,33.251999
148.130005,176.839996,55.748001,33.313000
149.070007,176.809998,55.849998,33.374001
150.020004,176.779999,55.952999,33.435001
149.970001,176.750000,56.055000,33.495998
150.919998,176.720001,56.158001,33.557999
150.880005,176.690002,56.249001,33.612000
151.830002,176.669998,56.340000,33.667000
152.779999,176.639999,56.431000,33.721001
153.740005,175.610001,56.521999,33.776001
154.690002,175.580002,56.613998,33.830002
155.649994,175.559998,56.706001,33.884998
157.600006,175.529999,56.797001,33.939999
159.410004,175.410004,57.182999,34.169998
161.210007,175.300003,57.571999,34.403000
163.020004,175.179993,57.963001,34.636002
164.820007,175.059998,58.355999,34.872002
166.619995,174.949997,58.752998,35.108002
168.419998,174.830002,59.152000,35.347000
170.220001,174.710007,59.554001,35.587002
172.089996,174.630005,59.819000,35.744999
173.960007,174.550003,60.084999,35.903999
174.820007,174.470001,60.352001,36.063999
175.690002,174.389999,60.620998,36.224998
176.550003,174.309998,60.890999,36.386002
177.419998,174.229996,61.161999,36.548000
178.279999,174.139999,61.433998,36.709999
178.089996,174.029999,61.820000,36.941002
177.899994,173.910004,62.208000,37.173000
177.699997,173.800003,62.598000,37.405998
177.500000,173.679993,62.991001,37.640999
177.309998,173.559998,63.387001,37.877998
177.110001,173.440002,63.785000,38.115002
176.910004,173.320007,64.184998,38.355000
176.880005,173.309998,64.237000,38.384998
176.860001,173.289993,64.288002,38.416000
176.830002,173.279999,64.338997,38.445999
178.800003,173.259995,64.389999,38.477001
179.779999,173.250000,64.442001,38.507999
180.750000,173.229996,64.492996,38.537998
182.729996,173.220001,64.543999,38.569000
184.720001,173.210007,64.569000,38.584000
186.699997,173.199997,64.593002,38.598000
188.690002,173.190002,64.617996,38.612999
190.679993,173.190002,64.641998,38.627998
191.669998,174.179993,64.667000,38.641998
193.649994,176.169998,64.691002,38.657001
194.639999,178.160004,64.716003,38.672001
195.460007,180.059998,65.077003,38.887001
195.279999,180.949997,65.440002,39.104000
195.100006,182.839996,65.805000,39.321999
194.910004,183.729996,66.171997,39.542000
194.729996,184.619995,66.541000,39.762001
194.539993,186.509995,66.912003,39.984001
194.360001,187.399994,67.286003,40.207001
194.289993,189.360001,67.414001,40.284000
194.229996,190.320007,67.542000,40.361000
194.160004,191.279999,67.670998,40.438000
194.100006,192.240005,67.800003,40.514999
194.039993,193.199997,67.929001,40.591999
193.970001,194.169998,68.058998,40.668999
193.910004,194.130005,68.189003,40.747002
193.889999,195.119995,68.211998,40.761002
194.880005,194.110001,68.236000,40.775002
194.869995,194.110001,68.260002,40.790001
194.860001,194.100006,68.283997,40.804001
194.850006,194.089996,68.307999,40.818001
194.830002,194.080002,68.331001,40.832001
194.820007,194.080002,68.355003,40.846001
194.850006,194.089996,68.295998,40.811001
194.880005,194.110001,68.237000,40.776001
194.910004,194.130005,68.178001,40.740002
194.940002,194.149994,68.119003,40.705002
194.970001,194.169998,68.059998,40.669998
195.000000,194.179993,68.000999,40.634998
196.029999,195.199997,67.942001,40.599998
196.029999,196.199997,67.932999,40.594002
196.039993,196.210007,67.924004,40.589001
196.039993,196.210007,67.915001,40.583000
196.050003,196.210007,67.905998,40.577999
196.050003,196.210007,67.897003,40.573002
196.059998,196.220001,67.888000,40.567001
196.059998,196.220001,67.878998,40.562000
197.139999,197.259995,67.728996,40.472000
197.210007,197.309998,67.579002,40.382999
197.279999,198.350006,67.430000,40.293999
197.360001,198.399994,67.280998,40.205002
197.429993,198.440002,67.133003,40.116001
197.509995,199.490005,66.984001,40.027000
197.580002,199.529999,66.835999,39.938999
197.619995,199.550003,66.764000,39.896000
197.649994,199.570007,66.692001,39.853001
197.690002,199.600006,66.620003,39.810001
197.729996,199.619995,66.547997,39.766998
197.759995,199.639999,66.476997,39.723999
197.800003,199.660004,66.404999,39.681000
197.830002,200.679993,66.333000,39.638000
197.869995,200.699997,66.252998,39.590000
197.910004,201.729996,66.172997,39.542000
197.949997,201.750000,66.092003,39.493999
197.990005,201.779999,66.012001,39.445999
198.029999,202.800003,65.931999,39.397999
197.070007,202.820007,65.851997,39.351002
198.110001,203.850006,65.772003,39.303001
197.160004,203.869995,65.688004,39.252998
197.199997,203.899994,65.603996,39.202999
197.240005,203.919998,65.521004,39.153000
197.279999,202.949997,65.436996,39.103001
197.320007,202.970001,65.352997,39.053001
197.369995,204.000000,65.269997,39.002998
197.410004,204.020004,65.186996,38.952999
197.289993,203.949997,65.421997,39.094002
197.169998,202.880005,65.657997,39.235001
196.050003,202.809998,65.894997,39.375999
196.929993,202.740005,66.133003,39.518002
196.809998,202.669998,66.371002,39.660999
195.690002,202.600006,66.611000,39.804001
195.570007,202.529999,66.850998,39.948002
196.360001,202.399994,67.289001,40.209000
195.139999,202.259995,67.728996,40.472000
194.910004,202.130005,68.172997,40.737000
195.690002,202.000000,68.619003,41.004002
197.470001,201.860001,69.068001,41.271999
200.240005,201.729996,69.519997,41.542999
202.009995,201.589996,69.975998,41.814999
203.860001,201.500000,70.286003,42.000000
204.699997,201.410004,70.597000,42.186001
205.539993,201.309998,70.910004,42.373001
207.389999,201.220001,71.224998,42.561001
208.229996,200.130005,71.541000,42.750000
209.070007,201.029999,71.858002,42.938999
208.910004,200.940002,72.176003,43.130001
208.919998,200.940002,72.163002,43.122002
208.919998,200.940002,72.150002,43.113998
208.929993,200.949997,72.137001,43.106998
208.940002,200.949997,72.124001,43.098999
209.940002,200.949997,72.112000,43.091000
209.949997,199.960007,72.098999,43.083000
209.960007,198.960007,72.085999,43.076000
210.020004,198.000000,71.967003,43.005001
210.080002,198.029999,71.848000,42.933998
210.139999,198.070007,71.728996,42.862999
210.190002,198.100006,71.611000,42.792000
210.250000,197.139999,71.492996,42.721001
210.309998,197.169998,71.375000,42.651001
212.369995,197.210007,71.257004,42.581001
214.580002,197.330002,70.847000,42.334999
216.779999,197.449997,70.438004,42.091000
217.979996,197.580002,70.031998,41.848999
221.190002,196.699997,69.628998,41.608002
223.389999,196.820007,69.227997,41.368000
224.589996,195.940002,68.829002,41.129002
226.779999,196.050003,68.431999,40.891998
227.759995,196.039993,68.476997,40.918999
229.740005,196.029999,68.521004,40.945999
230.720001,195.009995,68.566002,40.972000
232.690002,195.000000,68.611000,40.999001
233.669998,194.990005,68.655998,41.026001
234.649994,193.970001,68.699997,41.053001
235.630005,193.960007,68.745003,41.078999
237.470001,194.860001,69.067001,41.271999
238.300003,194.770004,69.390999,41.465000
239.139999,193.669998,69.716003,41.660000
240.979996,194.570007,70.042999,41.855000
241.809998,194.470001,70.371002,42.050999
243.649994,194.380005,70.699997,42.248001
245.479996,194.279999,71.031998,42.445999
247.350006,195.199997,71.291000,42.601002
249.220001,195.119995,71.552002,42.757000
252.089996,196.039993,71.814003,42.912998
253.960007,194.970001,72.075996,43.070000
256.829987,194.889999,72.339996,43.227001
258.700012,193.809998,72.603996,43.384998
260.570007,193.729996,72.870003,43.543999
262.510010,193.699997,72.971001,43.605000
263.459991,192.669998,73.072998,43.666000
263.410004,191.639999,73.175003,43.726002
264.359985,191.610001,73.277000,43.786999
266.309998,191.580002,73.378998,43.848000
268.260010,191.550003,73.481003,43.909000
270.209991,191.509995,73.584000,43.971001
271.149994,191.479996,73.706001,44.043999
273.089996,191.440002,73.830002,44.118000
275.019989,191.399994,73.953003,44.191002
276.959991,191.369995,74.075996,44.264999
278.899994,192.330002,74.199997,44.339001
280.839996,193.289993,74.323997,44.412998
282.779999,194.259995,74.447998,44.487000
283.660004,194.190002,74.674004,44.622002
285.549988,195.119995,74.900002,44.757000
286.440002,196.050003,75.126999,44.893002
288.320007,196.990005,75.355003,45.028999
290.209991,196.919998,75.583000,45.165001
293.089996,197.850006,75.811996,45.301998
294.980011,197.779999,76.042000,45.439999
297.910004,198.740005,76.183998,45.525002
300.839996,198.699997,76.327003,45.610001
303.769989,199.649994,76.470001,45.695000
306.690002,200.610001,76.612999,45.780998
308.619995,200.570007,76.757004,45.867001
311.549988,201.520004,76.900002,45.952999
313.480011,201.479996,77.044998,46.039001
315.420013,201.449997,77.153999,46.104000
317.369995,201.419998,77.264000,46.169998
319.309998,201.380005,77.374001,46.236000
321.260010,201.350006,77.484001,46.300999
323.200012,201.320007,77.594002,46.367001
326.149994,200.279999,77.705002,46.432999
328.089996,200.250000,77.815002,46.499001
329.119995,198.259995,77.768997,46.472000
330.140015,196.279999,77.723999,46.445000
332.160004,193.289993,77.678001,46.417000
333.179993,191.309998,77.632004,46.389999
334.209991,189.320007,77.585999,46.362999
335.230011,187.330002,77.541000,46.334999
337.250000,185.350006,77.495003,46.307999
338.470001,183.479996,77.053001,46.043999
340.690002,183.610001,76.613998,45.780998
341.910004,183.740005,76.177002,45.520000
344.130005,181.869995,75.742996,45.261002
346.339996,181.000000,75.310997,45.002998
348.559998,180.130005,74.880997,44.745998
349.769989,179.250000,74.454002,44.491001
350.690002,178.210007,74.614998,44.587002
351.609985,178.160004,74.777000,44.683998
352.529999,177.110001,74.938004,44.779999
354.450012,177.059998,75.099998,44.876999
355.369995,177.009995,75.263000,44.973999
356.290009,175.960007,75.426003,45.070999
357.209991,175.919998,75.588997,45.168999
358.089996,174.850006,75.821999,45.307999
358.970001,174.779999,76.056000,45.448002
359.850006,173.710007,76.291000,45.588001
360.739990,173.639999,76.526001,45.729000
361.619995,173.559998,76.762001,45.869999
362.500000,172.490005,76.999001,46.012001
362.380005,172.419998,77.237000,46.153999
363.440002,171.460007,77.120003,46.084000
364.500000,171.490005,77.003998,46.014999
364.559998,170.529999,76.888000,45.945000
363.609985,170.559998,76.772003,45.875999
363.670013,169.600006,76.655998,45.806000
363.730011,169.630005,76.540001,45.737000
363.790009,169.669998,76.424004,45.667999
363.869995,168.710007,76.263000,45.571999
363.950012,168.759995,76.101997,45.476002
365.029999,168.809998,75.941002,45.379002
365.109985,168.860001,75.780998,45.284000
366.190002,168.910004,75.621002,45.188000
365.269989,168.949997,75.460999,45.092999
365.350006,169.000000,75.302002,44.997002
365.489990,169.089996,75.016998,44.827000
365.630005,169.169998,74.733002,44.657001
365.779999,170.259995,74.449997,44.487999
365.920013,170.339996,74.167999,44.320000
365.059998,170.419998,73.888000,44.152000
366.200012,171.509995,73.608002,43.985001
366.339996,172.589996,73.329002,43.819000
367.700012,174.809998,72.602997,43.384998
367.059998,175.020004,71.884003,42.955002
374.410004,176.240005,71.170998,42.528999
372.769989,179.449997,70.466003,42.108002
372.119995,178.649994,69.767998,41.691002
370.459991,178.860001,69.077003,41.278000
368.799988,179.070007,68.392998,40.868999
365.959991,179.160004,68.070999,40.676998
364.119995,179.259995,67.750999,40.485001
362.279999,179.350006,67.431999,40.294998
360.440002,179.449997,67.114998,40.105999
359.600006,179.539993,66.800003,39.917000
357.760010,178.639999,66.486000,39.729000
357.910004,178.729996,66.172997,39.542999
357.179993,178.889999,65.633003,39.220001
355.450012,179.050003,65.097000,38.898998
355.720001,178.210007,64.565002,38.581001
354.980011,177.369995,64.038002,38.265999
355.239990,176.520004,63.514999,37.953999
354.500000,176.679993,62.995998,37.644001
353.760010,175.830002,62.480999,37.335999
353.829987,174.869995,62.338001,37.250999
354.899994,173.919998,62.195999,37.166000
354.970001,173.960007,62.053001,37.081001
354.040009,173.000000,61.910999,36.995998
353.119995,172.039993,61.770000,36.910999
351.190002,171.089996,61.627998,36.827000
350.260010,171.130005,61.487000,36.742001
349.649994,170.360001,60.709999,36.278000
349.029999,170.589996,59.942001,35.819000
347.410004,169.820007,59.182999,35.366001
346.779999,170.039993,58.435001,34.917999
2
0
0
0
0
1
406.000000,179.000000,70.000000,41.000000
405.000000,178.000000,70.000000,41.000000
403.000000,177.000000,70.000000,41.000000
401.000000,177.000000,70.000000,41.000000
400.000000,177.000000,70.000000,41.000000
398.250000,176.139999,69.508003,40.712002
397.489990,176.289993,69.018997,40.424999
396.730011,176.429993,68.532997,40.140999
395.970001,175.570007,68.051003,39.858002
397.209991,175.710007,67.571999,39.577999
397.450012,174.850006,67.097000,39.299000
398.690002,174.990005,66.625000,39.022999
401.019989,175.179993,65.963997,38.636002
404.339996,175.369995,65.309998,38.252998
408.670013,175.559998,64.663002,37.874001
409.989990,175.750000,64.021004,37.498001
413.309998,174.940002,63.387001,37.125999
414.619995,175.119995,62.757999,36.757999
417.929993,175.300003,62.136002,36.394001
420.200012,174.460007,61.602001,36.081001
423.459991,174.610001,61.071999,35.771000
425.730011,174.770004,60.547001,35.463001
427.989990,173.919998,60.027000,35.159000
428.239990,174.070007,59.511002,34.855999
429.500000,173.220001,58.999001,34.556999
428.750000,173.369995,58.492001,34.259998
427.940002,173.479996,58.124001,34.043999
426.119995,172.589996,57.757999,33.830002
423.299988,172.690002,57.394001,33.617001
421.480011,172.800003,57.033001,33.404999
419.660004,171.899994,56.674000,33.195000
416.839996,171.009995,56.317001,32.986000
415.019989,172.110001,55.962002,32.778000
413.010010,172.110001,55.974998,32.785000
411.010010,171.100006,55.987000,32.792999
408.000000,171.100006,56.000000,32.799999
404.989990,171.100006,56.013000,32.806999
402.989990,170.089996,56.025002,32.814999
399.980011,170.089996,56.037998,32.821999
397.970001,169.089996,56.049999,32.828999
395.890015,169.039993,56.216999,32.926998
393.809998,169.990005,56.382999,33.025002
390.720001,170.940002,56.550999,33.122002
388.640015,171.889999,56.717999,33.221001
386.559998,172.839996,56.886002,33.319000
384.470001,172.789993,57.055000,33.417999
382.390015,172.740005,57.223999,33.516998
380.260010,172.660004,57.488998,33.672001
379.119995,172.589996,57.754002,33.827000
377.989990,172.509995,58.020000,33.983002
376.859985,172.429993,58.287998,34.139999
374.720001,171.350006,58.556999,34.298000
373.589996,171.270004,58.827000,34.456001
372.450012,171.190002,59.098999,34.615002
372.279999,171.089996,59.436001,34.812000
371.109985,170.990005,59.775002,35.011002
370.940002,170.889999,60.116001,35.210999
370.769989,169.789993,60.459000,35.410999
370.600006,169.690002,60.803001,35.612999
370.420013,169.589996,61.150002,35.816002
370.250000,169.490005,61.499001,36.021000
370.100006,169.399994,61.804001,36.199001
369.950012,169.309998,62.110001,36.379002
369.790009,168.220001,62.417999,36.558998
369.640015,169.130005,62.727001,36.740002
369.480011,168.039993,63.037998,36.922001
369.320007,167.949997,63.349998,37.105000
369.170013,167.860001,63.664001,37.289001
369.100006,167.820007,63.797001,37.367001
369.029999,167.779999,63.931000,37.445000
369.970001,167.740005,64.065002,37.523998
369.899994,167.699997,64.198997,37.602001
369.829987,167.660004,64.333000,37.681000
369.769989,167.619995,64.468002,37.759998
369.700012,167.580002,64.602997,37.839001
369.600006,167.520004,64.807999,37.959000
369.489990,167.460007,65.014000,38.080002
367.390015,167.399994,65.221001,38.201000
366.290009,166.339996,65.428001,38.321999
365.179993,166.279999,65.636002,38.444000
365.079987,166.220001,65.844002,38.566002
364.970001,166.160004,66.054001,38.688999
364.980011,166.160004,66.046997,38.685001
364.980011,166.160004,66.040001,38.681000
364.980011,166.160004,66.032997,38.676998
364.989990,166.160004,66.026001,38.673000
364.989990,166.169998,66.019997,38.668999
364.989990,166.169998,66.013000,38.665001
366.000000,167.169998,66.005997,38.660999
365.959991,166.149994,66.083000,38.706001
363.920013,166.119995,66.161003,38.750999
363.880005,166.100006,66.238998,38.797001
362.839996,166.080002,66.316002,38.841999
360.799988,166.059998,66.393997,38.888000
359.760010,166.029999,66.472000,38.933998
359.720001,166.009995,66.550003,38.979000
359.589996,165.929993,66.828003,39.141998
