1
174.841187,67.337135,81.390533,62.570827
2
0
0
0
0
1
67.348412,132.455612,74.404228,94.538620
96.770615,129.612732,73.987068,93.880157
99.540665,111.160629,72.494293,92.121735
113.343918,100.036690,72.353043,91.841148
2
0
0
0
0
1
291.284363,120.649467,101.793465,106.922279
302.345947,126.433083,101.958977,106.866898
331.904999,136.913574,103.035225,108.273476
347.486786,148.539047,102.352722,107.369926
364.298553,160.840057,102.782486,107.858963
359.552704,169.362015,102.149139,107.238182
359.456604,162.427612,101.902847,106.910789
360.075623,154.363464,103.076210,108.424988
343.648163,128.021042,103.115067,108.106163
320.754639,119.728035,102.987076,107.757179
301.525299,108.235603,103.123962,107.809364
280.662079,105.139130,103.311592,108.094330
262.754028,129.112854,103.760719,108.715370
249.218246,139.281387,103.718971,108.668861
234.383957,134.210709,103.672752,108.813972
220.371399,126.293327,104.182571,109.384727
207.180222,135.125549,102.894958,108.150627
190.834366,128.299454,102.297104,107.497421
174.080338,129.140747,102.113518,107.209045
164.882263,131.083527,103.190117,108.651344
144.346207,103.509338,101.111671,105.969810
143.337509,99.495796,100.009766,104.949799
149.666962,92.111679,100.930351,106.024940
172.942932,117.047218,99.625008,104.201035
172.942932,117.047218,99.625008,104.201035
172.707916,126.169884,98.633888,103.101402
184.495361,111.599426,97.965126,101.955231
160.541687,127.444611,99.580788,104.065102
170.594986,132.675949,99.686768,104.409073
188.962326,134.130112,99.951668,104.400864
2
0
0
0
0
1
328.596832,150.630768,38.565456,49.675331
332.494476,157.154160,38.795170,49.951401
343.520630,154.364304,38.289734,49.314995
342.159027,154.362701,38.329399,49.358124
333.733826,153.735947,38.179672,49.141361
333.733826,153.735947,38.179672,49.141361
332.772675,150.895020,39.517189,50.965694
332.747711,147.322418,39.191631,50.481232
331.695282,146.445953,35.477974,45.777584
328.932770,151.292206,36.984310,47.832153
309.642334,159.104874,37.261803,48.166294
301.188721,157.102814,36.728394,47.401299
305.057739,164.613281,36.594963,47.208755
303.347137,165.349167,36.086754,46.572556
324.005341,166.569504,37.060551,47.909836
332.307953,159.109695,36.421608,46.919003
335.924347,169.327057,35.990105,46.480953
323.564911,161.065720,35.997845,46.476223
304.806213,163.641907,36.933533,47.609020
300.133301,162.297623,36.343098,46.847939
301.234070,165.683228,36.329803,46.868492
305.701660,164.652374,35.874134,46.275261
327.803589,157.279037,35.413754,45.642654
332.276581,160.193832,35.309834,45.545341
323.928772,158.079300,35.606426,45.972874
304.785217,169.825104,36.180866,46.694641
285.702972,167.625626,36.042931,46.551792
271.391541,168.315674,34.800301,44.851978
253.428604,168.601074,34.607609,44.677784
237.202850,170.508072,34.358250,44.372360
232.222046,167.069580,33.783844,43.598480
232.857773,165.779480,34.068939,43.971153
243.821167,161.166489,35.001488,45.111191
265.526733,155.291519,34.012474,43.889561
279.591888,157.428421,33.284115,42.956669
284.284821,164.166580,34.987591,45.022594
285.016449,168.495987,34.105602,44.025032
2
0
0
0
0
1
389.587158,175.795792,26.967794,53.930893
392.232452,174.312851,25.936838,51.940765
419.977966,177.504257,25.905308,51.799461
397.160797,174.028290,28.156311,56.368813
380.054871,183.298111,26.954628,53.901024
361.818268,180.607635,27.077967,54.163418
351.583588,183.567108,27.913977,55.803162
2
0
0
0
0
1
166.523224,200.232620,39.795742,62.359386
164.596298,207.678543,41.646652,65.346916
172.601074,212.315353,40.478111,63.461006
191.521683,213.177277,42.094036,66.000839
213.096130,215.540878,41.458683,65.049026
244.491638,210.501923,42.866810,67.319695
265.118164,206.645447,43.048813,67.556679
283.676941,205.700394,42.898788,67.290520
309.037598,198.893967,43.201366,67.732910
311.654633,201.861694,42.885670,67.217789
321.024078,211.629959,42.859997,67.199348
306.030212,207.052704,42.602531,66.799301
313.001984,206.060394,43.361099,67.971985
300.293762,208.917618,43.870155,68.754082
323.518250,178.679230,43.425861,68.106842
317.523132,169.563873,42.536564,66.631561
314.848785,190.296707,43.796696,68.673294
307.182281,196.967789,43.378704,67.975792
283.920319,183.011810,42.865227,67.137871
278.741119,184.859238,42.521011,66.479622
303.789215,179.724319,43.691601,68.476822
2
0
0
0
0
1
304.446869,188.159882,74.438187,73.340637
300.720459,185.622101,74.560249,73.481651
296.215118,185.872879,74.617973,73.751579
290.200806,179.576859,73.821198,72.624413
281.334259,168.673782,74.056839,73.141251
270.324280,161.284576,73.740967,72.558853
266.423920,159.127899,73.839813,72.649429
265.027313,151.814270,73.048843,71.914597
237.526276,149.042618,73.454033,72.230011
240.733078,146.048920,73.156082,71.934639
224.006470,140.637482,72.338310,71.231049
230.286819,142.494522,72.573120,71.160042
230.151978,143.498184,72.543472,71.274002
230.151978,143.498184,72.543472,71.274002
245.824524,149.688583,72.388809,71.093674
248.891403,148.186737,72.459694,71.042877
247.435379,143.338028,72.010689,70.410538
247.529449,143.455658,71.518639,70.220490
239.734802,140.872910,70.917358,69.684204
2
0
0
0
0
1
384.077393,166.278748,54.535480,45.801666
375.853973,183.605774,53.709282,45.130726
372.716919,183.320755,55.248947,46.422405
375.578430,179.972229,57.225376,47.690540
370.210297,178.600769,56.590958,47.193264
369.487244,174.251404,55.120724,46.247032
365.958405,177.785049,56.706158,47.720070
379.527252,179.265976,56.629044,47.551525
371.736664,170.952606,56.955231,47.612633
384.697723,171.235260,55.626621,46.878262
372.471680,180.504105,53.874802,45.218071
370.436462,186.369049,55.467213,46.334194
399.539886,197.193375,55.024082,46.320385
