0.013307,0.013697,0.013893,0,0,0,0,0,0,0,0,0,0,0,0
0.013307,0.013697,0.013893,0,0,0,0,0,0,0,0,0,0,0,0
0.013307,0.013697,0.013893,0,0,0,0,0,0,0,0,0,0,0,0
0.013307,0.013697,0.013893,0,0,0,0,0,0,0,0,0,0,0,0
0.013307,0.013697,0.013893,0,0,0,0,0,0,0,0,0,0,0,0
0.013307,0.013697,0.013893,0,0,0,0,0,0,0,0,0,0,0,0
0.013307,0.013697,0.013893,0,0,0,0,0,0,0,0,0,0,0,0
0.013307,0.013697,0.013893,0,0,0,0,0,0,0,0,0,0,0,0
0.013307,0.013697,0.013893,0,0,0,0,0,0,0,0,0,0,0,0
0.013307,0.013697,0.013893,0,0,0,0,0,0,0,0,0,0,0,0
0.013307,0.013697,0.013893,0,0,0,0,0,0,0,0,0,0,0,0
0.013307,0.013697,0.013893,0,0,0,0,0,0,0,0,0,0,0,0
0.013307,0.013697,0.013893,0,0,0,0,0,0,0,0,0,0,0,0
0.013307,0.013697,0.013893,0,0,0,0,0,0,0,0,0,0,0,0
0.013307,0.013697,0.013893,0,0,0,0,0,0,0,0,0,0,0,0
0.013307,0.013697,0.013893,0,0,0,0,0,0,0,0,0,0,0,0
0.013307,0.013697,0.013893,0,0,0,0,0,0,0,0,0,0,0,0
0.013307,0.013697,0.013893,0,0,0,0,0,0,0,0,0,0,0,0
0.013307,0.013697,0.013893,0,0,0,0,0,0,0,0,0,0,0,0
0.013307,0.013697,0.013893,0,0,0,0,0,0,0,0,0,0,0,0
0.013307,0.013697,0.013893,0,0,0,0,0,0,0,0,0,0,0,0
0.013307,0.013697,0.013893,0,0,0,0,0,0,0,0,0,0,0,0
0.013307,0.013697,0.013893,0,0,0,0,0,0,0,0,0,0,0,0
0.013307,0.013697,0.013893,0,0,0,0,0,0,0,0,0,0,0,0
0.013307,0.013697,0.013893,0,0,0,0,0,0,0,0,0,0,0,0
0.013307,0.013697,0.013893,0,0,0,0,0,0,0,0,0,0,0,0
0.013307,0.013697,0.013893,0,0,0,0,0,0,0,0,0,0,0,0
0.013307,0.013697,0.013893,0,0,0,0,0,0,0,0,0,0,0,0
0.013307,0.013697,0.013893,0,0,0,0,0,0,0,0,0,0,0,0
0.013307,0.013697,0.013893,0,0,0,0,0,0,0,0,0,0,0,0
0.013307,0.013697,0.013893,0,0,0,0,0,0,0,0,0,0,0,0
0.013307,0.013697,0.013893,0,0,0,0,0,0,0,0,0,0,0,0
0.013307,0.013697,0.013893,0,0,0,0,0,0,0,0,0,0,0,0
0.013307,0.013697,0.013893,0,0,0,0,0,0,0,0,0,0,0,0
0.013307,0.013697,0.013893,0,0,0,0,0,0,0,0,0,0,0,0
0.013307,0.013697,0.013893,0,0,0,0,0,0,0,0,0,0,0,0
0.013307,0.013697,0.013893,0,0,0,0,0,0,0,0,0,0,0,0
0.013307,0.013697,0.013893,0,0,0,0,0,0,0,0,0,0,0,0
0.013307,0.013697,0.013893,0,0,0,0,0,0,0,0,0,0,0,0
0.013307,0.013697,0.013893,0,0,0,0,0,0,0,0,0,0,0,0
0.013307,0.013697,0.013893,0,0,0,0,0,0,0,0,0,0,0,0
