1
163.500000,47.125000,48.000000,177.000000
167.875000,50.875000,48.000000,177.000000
167.875000,50.875000,48.000000,177.000000
169.125000,50.875000,48.000000,177.000000
169.125000,50.875000,48.000000,177.000000
169.125000,50.875000,48.000000,177.000000
169.125000,50.875000,48.000000,177.000000
165.375000,50.875000,48.000000,177.000000
165.375000,50.875000,48.000000,177.000000
161.625000,50.875000,48.000000,177.000000
161.625000,50.875000,48.000000,177.000000
156.000000,50.875000,48.000000,177.000000
156.000000,50.875000,48.000000,177.000000
152.250000,50.875000,48.000000,177.000000
152.250000,50.875000,48.000000,177.000000
148.500000,50.875000,48.000000,177.000000
148.500000,50.875000,48.000000,177.000000
146.625000,50.875000,48.000000,177.000000
146.625000,50.875000,48.000000,177.000000
144.750000,50.875000,48.000000,177.000000
144.750000,50.875000,48.000000,177.000000
144.750000,50.875000,48.000000,177.000000
144.750000,50.875000,48.000000,177.000000
144.750000,50.875000,48.000000,177.000000
144.750000,50.875000,48.000000,177.000000
145.375000,50.875000,48.000000,177.000000
145.375000,50.875000,48.000000,177.000000
147.250000,48.375000,48.000000,177.000000
147.250000,48.375000,48.000000,177.000000
144.750000,48.375000,48.000000,177.000000
144.750000,48.375000,48.000000,177.000000
144.750000,48.375000,48.000000,177.000000
144.750000,48.375000,48.000000,177.000000
144.750000,49.000000,48.000000,177.000000
144.750000,49.000000,48.000000,177.000000
144.750000,49.000000,48.000000,177.000000
144.750000,49.000000,48.000000,177.000000
149.125000,50.250000,48.000000,177.000000
148.500000,50.250000,48.000000,177.000000
147.250000,51.500000,48.000000,177.000000
147.250000,51.500000,48.000000,177.000000
147.250000,51.500000,48.000000,177.000000
147.250000,51.500000,48.000000,177.000000
139.125000,49.625000,48.000000,177.000000
139.125000,49.625000,48.000000,177.000000
145.375000,40.875000,48.000000,177.000000
145.375000,39.625000,48.000000,177.000000
144.750000,47.125000,48.000000,177.000000
144.750000,45.875000,48.000000,177.000000
147.250000,44.625000,48.000000,177.000000
147.250000,44.625000,48.000000,177.000000
142.250000,51.500000,48.000000,177.000000
142.875000,51.500000,48.000000,177.000000
138.500000,53.375000,48.000000,177.000000
139.125000,53.375000,48.000000,177.000000
151.000000,49.625000,48.000000,177.000000
151.625000,51.500000,48.000000,177.000000
149.125000,52.750000,48.000000,177.000000
148.500000,53.375000,48.000000,177.000000
151.625000,50.875000,48.000000,177.000000
151.625000,49.000000,48.000000,177.000000
154.125000,49.000000,48.000000,177.000000
154.125000,48.375000,48.000000,177.000000
157.875000,47.750000,48.000000,177.000000
157.875000,46.500000,48.000000,177.000000
156.000000,45.875000,48.000000,177.000000
156.625000,45.875000,48.000000,177.000000
169.125000,52.750000,48.000000,177.000000
169.125000,52.750000,48.000000,177.000000
171.000000,50.250000,48.000000,177.000000
172.250000,50.250000,48.000000,177.000000
179.750000,50.875000,48.000000,177.000000
179.750000,50.875000,48.000000,177.000000
179.750000,49.000000,48.000000,177.000000
180.375000,48.375000,48.000000,177.000000
194.750000,52.750000,48.000000,177.000000
194.750000,52.750000,48.000000,177.000000
205.375000,45.875000,48.000000,177.000000
204.125000,48.375000,48.000000,177.000000
195.375000,32.125000,48.000000,177.000000
195.375000,30.250000,48.000000,177.000000
186.625000,32.750000,48.000000,177.000000
181.000000,33.375000,48.000000,177.000000
204.750000,47.125000,48.000000,177.000000
205.375000,49.625000,48.000000,177.000000
196.625000,37.750000,48.000000,177.000000
196.625000,37.750000,48.000000,177.000000
200.375000,41.500000,48.000000,177.000000
201.625000,42.750000,48.000000,177.000000
205.375000,45.250000,48.000000,177.000000
205.375000,45.250000,48.000000,177.000000
206.625000,46.500000,48.000000,177.000000
206.625000,47.750000,48.000000,177.000000
209.125000,51.500000,48.000000,177.000000
209.125000,51.500000,48.000000,177.000000
206.625000,58.375000,48.000000,177.000000
204.750000,57.750000,48.000000,177.000000
232.250000,70.875000,48.000000,177.000000
231.625000,74.000000,48.000000,177.000000
230.375000,70.875000,48.000000,177.000000
230.375000,69.000000,48.000000,177.000000
229.750000,77.125000,48.000000,177.000000
231.625000,81.500000,48.000000,177.000000
231.625000,80.250000,48.000000,177.000000
231.625000,79.625000,48.000000,177.000000
227.250000,75.250000,48.000000,177.000000
239.125000,72.125000,48.000000,177.000000
236.625000,77.750000,48.000000,177.000000
237.875000,77.125000,48.000000,177.000000
237.250000,74.625000,48.000000,177.000000
237.250000,78.375000,48.000000,177.000000
237.250000,78.375000,48.000000,177.000000
213.500000,70.875000,48.000000,177.000000
211.000000,70.250000,48.000000,177.000000
205.375000,64.000000,48.000000,177.000000
201.625000,66.500000,48.000000,177.000000
196.625000,64.000000,48.000000,177.000000
185.375000,55.875000,48.000000,177.000000
190.375000,60.250000,48.000000,177.000000
187.250000,64.000000,48.000000,177.000000
177.875000,63.375000,48.000000,177.000000
169.750000,57.125000,48.000000,177.000000
166.000000,50.875000,48.000000,177.000000
170.375000,61.500000,48.000000,177.000000
156.625000,37.125000,48.000000,177.000000
152.875000,44.625000,48.000000,177.000000
151.625000,44.000000,48.000000,177.000000
151.625000,22.125000,48.000000,177.000000
154.750000,32.750000,48.000000,177.000000
154.125000,27.750000,48.000000,177.000000
154.750000,34.625000,48.000000,177.000000
152.250000,25.875000,48.000000,177.000000
156.000000,39.000000,48.000000,177.000000
157.875000,37.750000,48.000000,177.000000
162.875000,37.750000,48.000000,177.000000
164.750000,37.750000,48.000000,177.000000
171.000000,39.000000,48.000000,177.000000
173.500000,37.750000,48.000000,177.000000
177.875000,40.250000,48.000000,177.000000
183.500000,44.000000,48.000000,177.000000
191.000000,44.000000,48.000000,177.000000
198.500000,44.625000,48.000000,177.000000
200.375000,45.875000,48.000000,177.000000
202.875000,39.000000,48.000000,177.000000
209.750000,39.625000,48.000000,177.000000
213.500000,44.000000,48.000000,177.000000
219.125000,42.125000,48.000000,177.000000
229.125000,40.875000,48.000000,177.000000
231.000000,37.750000,48.000000,177.000000
232.875000,44.000000,48.000000,177.000000
232.875000,45.250000,48.000000,177.000000
221.625000,32.750000,48.000000,177.000000
221.000000,32.125000,48.000000,177.000000
221.625000,31.500000,48.000000,177.000000
245.375000,50.250000,48.000000,177.000000
244.750000,48.375000,48.000000,177.000000
243.500000,47.750000,48.000000,177.000000
241.625000,47.750000,48.000000,177.000000
241.625000,47.750000,48.000000,177.000000
240.375000,47.750000,48.000000,177.000000
238.500000,48.375000,48.000000,177.000000
234.750000,48.375000,48.000000,177.000000
233.500000,47.125000,48.000000,177.000000
229.750000,43.375000,48.000000,177.000000
226.000000,44.000000,48.000000,177.000000
222.250000,47.750000,48.000000,177.000000
222.250000,44.000000,48.000000,177.000000
216.625000,34.000000,48.000000,177.000000
210.375000,31.500000,48.000000,177.000000
204.750000,31.500000,48.000000,177.000000
201.000000,24.625000,48.000000,177.000000
201.000000,5.875000,48.000000,177.000000
194.125000,8.375000,48.000000,177.000000
185.375000,26.500000,48.000000,177.000000
184.125000,26.500000,48.000000,177.000000
184.125000,26.500000,48.000000,177.000000
172.250000,34.625000,48.000000,177.000000
173.500000,37.125000,48.000000,177.000000
179.125000,34.000000,48.000000,177.000000
176.625000,35.875000,48.000000,177.000000
176.000000,39.625000,48.000000,177.000000
176.625000,43.375000,48.000000,177.000000
172.875000,50.875000,48.000000,177.000000
189.125000,51.500000,48.000000,177.000000
194.125000,50.875000,48.000000,177.000000
194.125000,49.625000,48.000000,177.000000
187.875000,37.750000,48.000000,177.000000
188.500000,40.250000,48.000000,177.000000
196.625000,47.125000,48.000000,177.000000
208.500000,52.750000,48.000000,177.000000
224.125000,55.250000,48.000000,177.000000
231.625000,55.250000,48.000000,177.000000
233.500000,55.250000,48.000000,177.000000
232.250000,53.375000,48.000000,177.000000
231.000000,53.375000,48.000000,177.000000
227.875000,54.000000,48.000000,177.000000
227.875000,53.375000,48.000000,177.000000
230.375000,52.125000,48.000000,177.000000
231.000000,52.125000,48.000000,177.000000
231.625000,52.125000,48.000000,177.000000
232.875000,50.250000,48.000000,177.000000
236.625000,49.625000,48.000000,177.000000
233.500000,56.500000,48.000000,177.000000
237.250000,55.250000,48.000000,177.000000
235.375000,61.500000,48.000000,177.000000
239.750000,58.375000,48.000000,177.000000
249.750000,52.750000,48.000000,177.000000
252.250000,49.000000,48.000000,177.000000
251.000000,55.875000,48.000000,177.000000
250.375000,58.375000,48.000000,177.000000
246.625000,55.250000,48.000000,177.000000
246.625000,54.625000,48.000000,177.000000
251.000000,49.625000,48.000000,177.000000
251.000000,49.000000,48.000000,177.000000
251.625000,47.750000,48.000000,177.000000
247.250000,47.125000,48.000000,177.000000
244.125000,47.125000,48.000000,177.000000
244.750000,39.625000,48.000000,177.000000
226.000000,42.750000,48.000000,177.000000
218.500000,39.625000,48.000000,177.000000
211.000000,39.625000,48.000000,177.000000
206.625000,37.750000,48.000000,177.000000
202.250000,35.250000,48.000000,177.000000
200.375000,35.250000,48.000000,177.000000
197.250000,35.250000,48.000000,177.000000
197.250000,35.250000,48.000000,177.000000
195.375000,35.875000,48.000000,177.000000
196.000000,36.500000,48.000000,177.000000
189.750000,39.625000,48.000000,177.000000
189.125000,39.625000,48.000000,177.000000
189.125000,41.500000,48.000000,177.000000
187.250000,42.125000,48.000000,177.000000
187.250000,44.000000,48.000000,177.000000
184.750000,44.625000,48.000000,177.000000
186.625000,45.250000,48.000000,177.000000
191.000000,44.000000,48.000000,177.000000
182.875000,48.375000,48.000000,177.000000
191.625000,47.750000,48.000000,177.000000
194.125000,48.375000,48.000000,177.000000
196.000000,49.000000,48.000000,177.000000
193.500000,47.750000,48.000000,177.000000
194.125000,46.500000,48.000000,177.000000
193.500000,44.625000,48.000000,177.000000
193.500000,45.250000,48.000000,177.000000
192.250000,44.000000,48.000000,177.000000
189.125000,41.500000,48.000000,177.000000
187.250000,42.125000,48.000000,177.000000
187.875000,45.875000,48.000000,177.000000
195.375000,53.375000,48.000000,177.000000
197.250000,55.875000,48.000000,177.000000
193.500000,45.875000,48.000000,177.000000
174.750000,33.375000,48.000000,177.000000
179.750000,44.000000,48.000000,177.000000
179.750000,49.000000,48.000000,177.000000
178.500000,47.750000,48.000000,177.000000
179.750000,44.000000,48.000000,177.000000
181.625000,43.375000,48.000000,177.000000
184.125000,45.250000,48.000000,177.000000
186.000000,44.625000,48.000000,177.000000
184.750000,41.500000,48.000000,177.000000
186.625000,42.750000,48.000000,177.000000
186.000000,47.125000,48.000000,177.000000
187.250000,46.500000,48.000000,177.000000
185.375000,43.375000,48.000000,177.000000
172.875000,44.625000,48.000000,177.000000
173.500000,45.250000,48.000000,177.000000
181.625000,41.500000,48.000000,177.000000
184.125000,40.250000,48.000000,177.000000
183.500000,41.500000,48.000000,177.000000
184.750000,41.500000,48.000000,177.000000
186.000000,41.500000,48.000000,177.000000
188.500000,42.125000,48.000000,177.000000
179.750000,27.750000,48.000000,177.000000
178.500000,32.750000,48.000000,177.000000
181.000000,43.375000,48.000000,177.000000
187.875000,54.625000,48.000000,177.000000
182.875000,52.750000,48.000000,177.000000
182.250000,52.125000,48.000000,177.000000
179.125000,54.625000,48.000000,177.000000
180.375000,57.125000,48.000000,177.000000
189.125000,63.375000,48.000000,177.000000
179.750000,55.250000,48.000000,177.000000
172.875000,55.875000,48.000000,177.000000
177.250000,55.250000,48.000000,177.000000
182.250000,54.625000,48.000000,177.000000
180.375000,57.125000,48.000000,177.000000
182.875000,61.500000,48.000000,177.000000
191.000000,57.750000,48.000000,177.000000
179.125000,39.000000,48.000000,177.000000
179.750000,47.125000,48.000000,177.000000
181.000000,60.250000,48.000000,177.000000
183.500000,66.500000,48.000000,177.000000
188.500000,66.500000,48.000000,177.000000
187.250000,62.750000,48.000000,177.000000
183.500000,65.250000,48.000000,177.000000
186.625000,64.000000,48.000000,177.000000
192.875000,61.500000,48.000000,177.000000
198.500000,56.500000,48.000000,177.000000
195.375000,57.125000,48.000000,177.000000
198.500000,59.000000,48.000000,177.000000
203.500000,49.625000,48.000000,177.000000
211.000000,45.250000,48.000000,177.000000
206.000000,37.125000,48.000000,177.000000
206.625000,44.625000,48.000000,177.000000
203.500000,47.750000,48.000000,177.000000
207.250000,41.500000,48.000000,177.000000
211.000000,37.750000,48.000000,177.000000
211.625000,39.625000,48.000000,177.000000
211.625000,39.625000,48.000000,177.000000
211.000000,39.000000,48.000000,177.000000
213.500000,34.625000,48.000000,177.000000
214.750000,38.375000,48.000000,177.000000
217.250000,40.875000,48.000000,177.000000
217.875000,35.875000,48.000000,177.000000
217.250000,30.875000,48.000000,177.000000
217.875000,36.500000,48.000000,177.000000
216.000000,39.000000,48.000000,177.000000
216.000000,40.250000,48.000000,177.000000
214.125000,39.625000,48.000000,177.000000
214.750000,37.125000,48.000000,177.000000
211.000000,42.750000,48.000000,177.000000
211.625000,40.250000,48.000000,177.000000
209.125000,44.000000,48.000000,177.000000
207.875000,38.375000,48.000000,177.000000
210.375000,38.375000,48.000000,177.000000
194.750000,25.875000,48.000000,177.000000
206.625000,40.250000,48.000000,177.000000
211.625000,37.750000,48.000000,177.000000
218.500000,37.125000,48.000000,177.000000
221.000000,37.125000,48.000000,177.000000
224.750000,42.125000,48.000000,177.000000
224.125000,42.125000,48.000000,177.000000
221.625000,42.125000,48.000000,177.000000
224.125000,42.750000,48.000000,177.000000
201.625000,42.125000,48.000000,177.000000
190.375000,40.250000,48.000000,177.000000
201.000000,20.875000,48.000000,177.000000
211.000000,20.250000,48.000000,177.000000
219.125000,21.500000,48.000000,177.000000
225.375000,21.500000,48.000000,177.000000
232.875000,19.625000,48.000000,177.000000
239.125000,19.625000,48.000000,177.000000
238.500000,-13.500000,48.000000,177.000000
244.750000,-17.250000,48.000000,177.000000
246.625000,-15.375000,48.000000,177.000000
249.750000,-17.250000,48.000000,177.000000
251.625000,-18.500000,48.000000,177.000000
255.375000,-20.375000,48.000000,177.000000
256.625000,-21.000000,48.000000,177.000000
251.625000,-18.500000,48.000000,177.000000
246.625000,-16.625000,48.000000,177.000000
242.250000,-13.500000,48.000000,177.000000
241.000000,-9.125000,48.000000,177.000000
237.250000,-15.375000,48.000000,177.000000
246.000000,-14.750000,48.000000,177.000000
222.875000,-17.875000,48.000000,177.000000
2
0
0
0
0
1
240.822220,55.049442,82.169998,232.029999
239.949448,57.667778,82.169998,232.029999
232.094437,55.922222,82.169998,232.029999
229.476105,57.667778,82.169998,232.029999
221.621109,57.667778,82.169998,232.029999
211.147781,55.922222,82.169998,232.029999
195.437775,55.049442,82.169998,232.029999
179.727783,55.049442,82.169998,232.029999
164.017776,55.049442,82.169998,232.029999
149.180557,55.049442,82.169998,232.029999
137.834442,55.049442,82.169998,232.029999
2
0
0
0
0
1
179.177750,33.772751,63.369999,187.160004
175.002243,31.684999,63.369999,187.160004
166.651245,29.597250,63.369999,187.160004
159.692078,28.205418,63.369999,187.160004
153.428833,25.421749,63.369999,187.160004
145.773743,24.029917,63.369999,187.160004
138.814590,28.205418,63.369999,187.160004
128.375839,26.117666,63.369999,187.160004
119.328918,26.117666,63.369999,187.160004
115.849335,25.421749,63.369999,187.160004
110.281998,25.421749,63.369999,187.160004
103.322830,25.421749,63.369999,187.160004
2
0
0
0
0
1
158.943329,74.256668,66.379997,197.619995
156.743332,74.256668,66.379997,197.619995
155.276672,74.256668,66.379997,197.619995
153.076660,74.256668,66.379997,197.619995
153.076660,74.256668,66.379997,197.619995
151.610001,74.256668,66.379997,197.619995
153.809998,74.256668,66.379997,197.619995
153.809998,74.256668,66.379997,197.619995
154.543335,74.256668,66.379997,197.619995
156.743332,74.256668,66.379997,197.619995
158.210007,74.256668,66.379997,197.619995
158.943329,74.256668,66.379997,197.619995
158.943329,74.256668,66.379997,197.619995
158.943329,74.256668,66.379997,197.619995
160.410004,74.256668,66.379997,197.619995
158.943329,74.989998,66.379997,197.619995
151.610001,77.190002,66.379997,197.619995
149.410004,77.190002,66.379997,197.619995
146.476669,77.190002,66.379997,197.619995
144.276672,78.656670,66.379997,197.619995
141.343338,78.656670,66.379997,197.619995
139.143326,78.656670,66.379997,197.619995
136.943329,80.123337,66.379997,197.619995
134.009995,80.123337,66.379997,197.619995
134.009995,79.389999,66.379997,197.619995
130.343338,78.656670,66.379997,197.619995
128.876663,78.656670,66.379997,197.619995
128.143326,78.656670,66.379997,197.619995
126.676666,78.656670,66.379997,197.619995
126.676666,78.656670,66.379997,197.619995
126.676666,78.656670,66.379997,197.619995
128.876663,78.656670,66.379997,197.619995
133.276672,78.656670,66.379997,197.619995
137.676666,78.656670,66.379997,197.619995
141.343338,78.656670,66.379997,197.619995
147.943329,78.656670,66.379997,197.619995
153.809998,78.656670,66.379997,197.619995
156.009995,78.656670,66.379997,197.619995
158.943329,78.656670,66.379997,197.619995
164.809998,75.723335,66.379997,197.619995
168.476669,74.256668,66.379997,197.619995
171.410004,74.256668,66.379997,197.619995
170.676666,74.256668,66.379997,197.619995
171.410004,74.256668,66.379997,197.619995
170.676666,74.989998,66.379997,197.619995
167.743332,72.790001,66.379997,197.619995
164.076660,71.323334,66.379997,197.619995
162.610001,71.323334,66.379997,197.619995
164.809998,69.856667,66.379997,197.619995
169.943329,68.389999,66.379997,197.619995
173.610001,65.456665,66.379997,197.619995
176.543335,65.456665,66.379997,197.619995
179.476669,65.456665,66.379997,197.619995
184.610001,65.456665,66.379997,197.619995
191.943329,65.456665,66.379997,197.619995
197.076660,65.456665,66.379997,197.619995
202.210007,65.456665,66.379997,197.619995
202.943329,67.656670,66.379997,197.619995
204.410004,67.656670,66.379997,197.619995
208.076660,66.190002,66.379997,197.619995
213.210007,66.190002,66.379997,197.619995
216.143326,65.456665,66.379997,197.619995
218.343338,65.456665,66.379997,197.619995
222.743332,65.456665,66.379997,197.619995
224.210007,65.456665,66.379997,197.619995
224.210007,65.456665,66.379997,197.619995
221.276672,65.456665,66.379997,197.619995
217.610001,66.923332,66.379997,197.619995
215.410004,65.456665,66.379997,197.619995
214.676666,65.456665,66.379997,197.619995
211.009995,65.456665,66.379997,197.619995
207.343338,65.456665,66.379997,197.619995
200.743332,65.456665,66.379997,197.619995
196.343338,65.456665,66.379997,197.619995
190.476669,64.723335,66.379997,197.619995
187.543335,65.456665,66.379997,197.619995
183.876663,65.456665,66.379997,197.619995
182.410004,65.456665,66.379997,197.619995
180.943329,65.456665,66.379997,197.619995
176.543335,65.456665,66.379997,197.619995
175.076660,66.923332,66.379997,197.619995
173.610001,66.923332,66.379997,197.619995
175.076660,65.456665,66.379997,197.619995
175.809998,65.456665,66.379997,197.619995
172.143326,65.456665,66.379997,197.619995
172.876663,65.456665,66.379997,197.619995
174.343338,65.456665,66.379997,197.619995
175.809998,66.923332,66.379997,197.619995
174.343338,68.389999,66.379997,197.619995
172.876663,68.389999,66.379997,197.619995
174.343338,68.389999,66.379997,197.619995
176.543335,68.389999,66.379997,197.619995
176.543335,68.389999,66.379997,197.619995
174.343338,67.656670,66.379997,197.619995
168.476669,69.856667,66.379997,197.619995
166.276672,69.856667,66.379997,197.619995
167.743332,69.856667,66.379997,197.619995
168.476669,69.856667,66.379997,197.619995
172.876663,69.856667,66.379997,197.619995
174.343338,69.856667,66.379997,197.619995
179.476669,71.323334,66.379997,197.619995
179.476669,71.323334,66.379997,197.619995
179.476669,71.323334,66.379997,197.619995
184.610001,69.856667,66.379997,197.619995
186.809998,72.790001,66.379997,197.619995
185.343338,74.256668,66.379997,197.619995
186.076660,74.256668,66.379997,197.619995
186.809998,74.256668,66.379997,197.619995
184.610001,74.256668,66.379997,197.619995
183.143326,72.790001,66.379997,197.619995
184.610001,71.323334,66.379997,197.619995
186.076660,71.323334,66.379997,197.619995
185.343338,69.856667,66.379997,197.619995
183.876663,68.389999,66.379997,197.619995
186.076660,68.389999,66.379997,197.619995
185.343338,68.389999,66.379997,197.619995
183.876663,65.456665,66.379997,197.619995
181.676666,65.456665,66.379997,197.619995
181.676666,65.456665,66.379997,197.619995
180.210007,63.256668,66.379997,197.619995
173.610001,61.790001,66.379997,197.619995
172.876663,59.590000,66.379997,197.619995
172.876663,60.323334,66.379997,197.619995
172.143326,59.590000,66.379997,197.619995
172.876663,56.656666,66.379997,197.619995
173.610001,56.656666,66.379997,197.619995
174.343338,54.456669,66.379997,197.619995
174.343338,53.723331,66.379997,197.619995
177.276672,52.256668,66.379997,197.619995
176.543335,50.790001,66.379997,197.619995
180.210007,49.323334,66.379997,197.619995
180.943329,48.590000,66.379997,197.619995
186.076660,48.590000,66.379997,197.619995
191.210007,47.856667,66.379997,197.619995
195.610001,46.389999,66.379997,197.619995
198.543335,44.189999,66.379997,197.619995
205.143326,43.456669,66.379997,197.619995
207.343338,41.990002,66.379997,197.619995
210.276672,41.990002,66.379997,197.619995
208.076660,40.523335,66.379997,197.619995
209.543335,39.056667,66.379997,197.619995
211.009995,37.590000,66.379997,197.619995
213.943329,36.123333,66.379997,197.619995
216.143326,36.123333,66.379997,197.619995
224.210007,36.123333,66.379997,197.619995
228.610001,36.123333,66.379997,197.619995
230.809998,35.389999,66.379997,197.619995
234.476669,36.123333,66.379997,197.619995
238.876663,36.123333,66.379997,197.619995
242.543335,36.123333,66.379997,197.619995
248.410004,36.123333,66.379997,197.619995
253.543335,31.723333,66.379997,197.619995
257.209991,31.723333,66.379997,197.619995
260.143341,30.256666,66.379997,197.619995
260.876678,30.256666,66.379997,197.619995
258.676666,30.256666,66.379997,197.619995
257.943329,30.256666,66.379997,197.619995
257.943329,31.723333,66.379997,197.619995
257.209991,31.723333,66.379997,197.619995
251.343338,31.723333,66.379997,197.619995
249.143326,30.256666,66.379997,197.619995
249.143326,28.056667,66.379997,197.619995
246.210007,25.856667,66.379997,197.619995
243.276672,23.656668,66.379997,197.619995
240.343338,23.656668,66.379997,197.619995
235.210007,22.923332,66.379997,197.619995
231.543335,22.923332,66.379997,197.619995
229.343338,22.923332,66.379997,197.619995
225.676666,22.923332,66.379997,197.619995
224.210007,22.923332,66.379997,197.619995
220.543335,24.389999,66.379997,197.619995
217.610001,25.123333,66.379997,197.619995
212.476669,23.656668,66.379997,197.619995
208.809998,25.123333,66.379997,197.619995
203.676666,23.656668,66.379997,197.619995
197.076660,21.456667,66.379997,197.619995
187.543335,21.456667,66.379997,197.619995
174.343338,20.723333,66.379997,197.619995
164.076660,22.190001,66.379997,197.619995
154.543335,20.723333,66.379997,197.619995
141.343338,23.656668,66.379997,197.619995
131.076660,20.723333,66.379997,197.619995
121.543335,20.723333,66.379997,197.619995
111.276665,20.723333,66.379997,197.619995
101.743332,19.990000,66.379997,197.619995
91.476669,19.990000,66.379997,197.619995
83.410004,19.990000,66.379997,197.619995
76.809998,22.190001,66.379997,197.619995
72.410004,21.456667,66.379997,197.619995
68.743332,19.990000,66.379997,197.619995
54.810001,22.923332,66.379997,197.619995
44.543331,26.590000,66.379997,197.619995
38.676666,26.590000,66.379997,197.619995
35.009998,29.523333,66.379997,197.619995
32.076668,27.323334,66.379997,197.619995
33.543331,30.990000,66.379997,197.619995
34.276669,41.256668,66.379997,197.619995
36.476665,48.590000,66.379997,197.619995
39.410000,55.189999,66.379997,197.619995
40.876667,55.189999,66.379997,197.619995
42.343334,53.723331,66.379997,197.619995
43.076668,50.056667,66.379997,197.619995
43.076668,41.990002,66.379997,197.619995
42.343334,40.523335,66.379997,197.619995
52.610001,45.656666,66.379997,197.619995
51.876667,42.723331,66.379997,197.619995
59.209999,43.456669,66.379997,197.619995
59.209999,42.723331,66.379997,197.619995
58.476665,51.523335,66.379997,197.619995
60.676666,47.856667,66.379997,197.619995
71.676666,50.790001,66.379997,197.619995
73.876663,49.323334,66.379997,197.619995
84.876663,44.923332,66.379997,197.619995
85.610001,44.923332,66.379997,197.619995
90.010002,40.523335,66.379997,197.619995
91.476669,40.523335,66.379997,197.619995
92.943336,40.523335,66.379997,197.619995
94.410004,38.323334,66.379997,197.619995
91.476669,36.123333,66.379997,197.619995
91.476669,35.389999,66.379997,197.619995
89.276665,32.456669,66.379997,197.619995
89.276665,32.456669,66.379997,197.619995
92.209999,32.456669,66.379997,197.619995
92.943336,33.189999,66.379997,197.619995
98.076668,31.723333,66.379997,197.619995
98.809998,31.723333,66.379997,197.619995
103.943336,30.256666,66.379997,197.619995
104.676666,30.256666,66.379997,197.619995
105.410004,30.990000,66.379997,197.619995
104.676666,30.990000,66.379997,197.619995
107.610001,29.523333,66.379997,197.619995
107.610001,29.523333,66.379997,197.619995
109.809998,27.323334,66.379997,197.619995
109.809998,27.323334,66.379997,197.619995
116.410004,28.056667,66.379997,197.619995
115.676666,28.056667,66.379997,197.619995
118.610001,26.590000,66.379997,197.619995
118.610001,26.590000,66.379997,197.619995
119.343330,24.389999,66.379997,197.619995
120.076668,24.389999,66.379997,197.619995
121.543335,24.389999,66.379997,197.619995
121.543335,24.389999,66.379997,197.619995
127.410004,22.190001,66.379997,197.619995
127.410004,22.190001,66.379997,197.619995
124.476669,28.056667,66.379997,197.619995
124.476669,26.590000,66.379997,197.619995
125.943336,27.323334,66.379997,197.619995
125.943336,27.323334,66.379997,197.619995
134.009995,25.123333,66.379997,197.619995
134.009995,25.856667,66.379997,197.619995
136.943329,26.590000,66.379997,197.619995
138.410004,26.590000,66.379997,197.619995
147.210007,30.990000,66.379997,197.619995
148.676666,30.990000,66.379997,197.619995
161.143326,33.189999,66.379997,197.619995
162.610001,33.189999,66.379997,197.619995
166.276672,32.456669,66.379997,197.619995
166.276672,31.723333,66.379997,197.619995
169.943329,35.389999,66.379997,197.619995
169.210007,35.389999,66.379997,197.619995
167.743332,36.123333,66.379997,197.619995
167.743332,36.123333,66.379997,197.619995
160.410004,36.856667,66.379997,197.619995
