1
657.332642,126.067276,40.690147,69.899834
656.830383,122.271065,41.136040,70.680321
656.039062,127.864479,41.511650,71.360001
654.333862,137.623657,41.800785,71.906517
653.682434,139.727615,41.542633,71.499306
654.246826,136.608078,41.657169,71.695671
653.768494,133.123306,41.703899,71.801140
652.023987,134.841415,41.782501,71.981461
650.954163,139.116531,41.591160,71.616928
649.147217,142.855530,41.625919,71.666290
648.388184,143.825638,41.685024,71.803352
648.423645,139.723267,41.522488,71.461761
646.363892,133.825424,40.919449,70.457672
642.469482,129.197281,40.414467,69.630913
636.236816,128.027435,40.483562,69.764275
631.266235,133.970200,40.252247,69.392082
626.753174,143.925339,40.059925,69.121735
623.971985,149.438232,40.374615,69.699158
623.273254,154.838791,40.325695,69.564011
624.574463,152.587936,40.166203,69.263100
624.438171,151.420792,40.417118,69.678207
627.368347,150.205231,40.447067,69.760262
630.408875,148.015152,40.536983,69.873299
631.547363,146.965363,40.353436,69.558899
632.460205,145.360153,39.998466,68.960205
633.648926,141.083450,39.839008,68.697563
633.581238,132.705795,40.229496,69.362434
633.644104,126.606674,39.862282,68.711967
633.689148,126.780785,39.725475,68.479164
633.642334,132.822464,39.676876,68.386673
634.467041,142.041931,39.855076,68.667274
634.761658,136.857132,40.184490,69.174133
634.650085,142.640442,40.107948,69.095535
636.505127,157.814758,40.529541,69.780754
638.405151,159.801514,40.368240,69.532310
636.884827,148.292419,40.266537,69.386551
636.951782,138.922287,40.254566,69.344513
638.010803,136.055298,40.292225,69.366982
637.556885,128.698517,39.783401,68.475288
638.086792,127.204315,40.072304,68.950745
636.640625,127.490448,39.958248,68.814445
634.739807,124.673012,39.833355,68.576019
634.410889,117.208855,39.764088,68.452515
636.121216,123.020638,39.450813,67.936966
634.369751,124.649422,38.860931,66.867668
634.713745,130.128723,39.711372,68.339661
634.511963,130.627670,39.955517,68.764526
635.704224,129.123886,40.200249,69.225060
637.247131,126.411057,40.159409,69.190941
638.312866,127.498070,40.438271,69.720116
639.850098,130.274597,40.726471,70.245392
640.381714,133.570862,40.995300,70.684792
639.912781,135.665085,40.722824,70.137932
642.368103,131.788574,40.885460,70.413063
641.129578,132.520264,40.510178,69.749199
639.624512,136.280945,40.498974,69.707497
639.691406,142.106552,40.404919,69.564835
640.542603,146.030716,40.069019,68.996300
642.074280,148.287216,39.900063,68.640839
643.953491,149.080811,39.918633,68.605492
644.390625,149.368225,39.798748,68.388405
642.188477,146.849625,40.067894,68.863983
642.260498,146.643295,40.573387,69.727028
642.557068,146.142365,40.478287,69.599403
643.595459,147.898102,40.996563,70.523201
647.630249,147.638824,40.942772,70.436829
649.840332,148.982529,41.019478,70.553436
652.566650,152.521576,40.580326,69.835159
654.785706,149.537216,40.619896,69.903313
656.292786,144.205231,40.314465,69.411766
657.488525,139.396790,40.124142,69.066338
657.275818,133.517151,40.219872,69.251328
658.010498,135.676544,39.669823,68.271713
656.782959,134.262756,39.922535,68.666618
655.592285,124.119904,39.713417,68.316208
653.077026,125.728958,39.741570,68.430046
655.829163,132.935501,39.682331,68.383324
658.900696,143.240540,39.747505,68.523888
662.107056,156.191101,40.201656,69.309631
663.856018,163.274719,40.082958,69.114754
665.494568,165.217484,39.698082,68.486076
665.304138,160.499023,39.962376,68.949493
659.007324,195.515793,40.028847,69.041313
660.986694,156.980591,39.703629,68.488205
657.913330,194.586212,39.705933,68.455460
655.031799,166.797455,39.651115,68.331985
662.246094,141.312302,39.664204,68.328575
657.343567,140.000900,39.876167,68.707458
653.746399,142.326050,39.771046,68.512642
650.978149,146.075241,39.518955,68.120422
648.642151,147.340622,39.462624,68.072853
646.420410,149.137436,39.680305,68.480164
645.235229,153.730576,39.885349,68.797058
645.825867,155.895081,39.575912,68.323601
646.526733,154.142487,39.567619,68.356659
647.106079,155.483948,39.808369,68.828087
647.229370,155.173782,39.726215,68.669868
647.690247,152.655670,39.622604,68.504135
647.921875,153.126282,40.015156,69.169113
647.368652,154.820312,40.145752,69.367256
647.001404,156.174377,39.871357,68.897827
644.970520,153.254654,39.704620,68.598198
645.702454,151.373932,38.756752,66.983315
641.761230,154.618454,39.036697,67.517303
641.273499,153.955063,39.212727,67.869286
641.809326,154.764069,39.022682,67.520897
641.060059,152.817719,39.086330,67.634850
642.380676,152.159882,39.472851,68.276154
644.711548,157.422394,38.887016,67.238167
646.412048,157.730515,39.136791,67.658836
646.324219,153.814880,38.779785,67.023552
645.658386,153.671036,38.751610,67.066650
645.632629,157.459793,38.843487,67.215485
643.852417,161.830795,38.740765,66.986710
642.636475,162.968262,39.065479,67.564270
642.403259,162.638596,38.728268,66.934776
639.860779,158.171722,38.853001,67.231964
640.333557,159.726410,38.263153,66.272316
639.428284,159.484177,38.325687,66.390083
639.176941,157.167587,38.395313,66.540550
639.624207,157.938293,38.400841,66.553230
639.818909,157.102554,38.462017,66.647018
638.491638,155.369171,38.479321,66.654953
639.107727,152.908234,37.978626,65.777946
638.393555,153.022034,37.941177,65.737610
638.393433,154.288223,38.077293,66.002571
639.922791,152.835037,38.218899,66.293610
640.542053,155.167831,38.076839,66.038055
639.436340,156.022263,38.192116,66.260048
638.713989,154.160767,38.087704,66.074409
636.201294,156.013367,38.522736,66.918884
636.185059,153.786667,38.671597,67.218750
635.226074,152.852905,38.795471,67.390457
636.904236,150.432373,39.482899,68.568916
639.113220,146.901352,39.828423,69.123459
639.633972,140.864792,39.710869,68.917557
640.790344,137.899246,39.257000,68.134369
639.251831,138.779694,39.422016,68.421303
639.463196,137.827835,39.291218,68.203888
639.056763,138.236069,39.408020,68.363808
639.245117,141.002686,39.327374,68.151955
639.264526,143.215347,39.604473,68.603958
640.288269,147.107300,39.296741,68.041138
641.455750,148.622223,39.872459,69.065208
641.030762,148.798248,39.519588,68.447975
641.226257,152.249680,39.064610,67.640236
639.974609,151.389099,39.278522,68.020233
640.145630,153.646194,39.040371,67.577545
638.899292,153.812866,38.932671,67.352005
638.459656,159.023193,39.092655,67.606934
639.453247,161.237793,39.106209,67.561012
642.684326,165.410645,39.389313,68.015312
643.503540,163.822327,39.555496,68.310280
644.442444,167.327515,39.501358,68.200729
643.386414,168.160049,39.289780,67.771828
644.934387,170.743896,39.411510,67.959511
645.920959,167.975021,39.724495,68.491371
648.586853,168.866608,39.766567,68.554695
648.020203,167.744995,39.849442,68.713921
647.452087,167.630203,40.061455,69.124535
646.476257,164.119400,40.004345,69.037636
646.972351,162.086243,40.073780,69.178047
645.563232,163.714081,40.000080,69.050621
644.837891,165.768265,40.010651,69.061813
646.156128,167.161240,40.087032,69.215126
645.429382,160.444427,40.258739,69.534973
644.748047,162.412048,39.876194,68.880348
644.397827,164.345596,39.624657,68.426231
647.210327,162.451309,39.689529,68.527824
650.888062,162.084229,39.644890,68.478935
649.382629,158.689102,40.009094,69.069618
649.595398,162.960098,39.562725,68.221718
650.302368,163.482117,40.048893,69.078362
650.519104,166.753494,40.164944,69.296387
652.854614,165.906357,40.118668,69.255058
655.506470,165.220779,40.464188,69.831886
655.510864,167.416672,40.712807,70.217239
652.562988,165.262787,40.617195,70.048538
653.475281,159.400574,41.052475,70.821152
653.617676,163.461426,40.899708,70.512962
655.102539,169.372803,40.534893,69.900520
654.103577,171.494873,40.129898,69.174904
655.335754,164.642853,40.721100,70.138245
655.949768,164.957596,41.081158,70.774513
658.034424,164.229599,40.833454,70.366058
658.240906,163.690918,40.741650,70.205742
660.747925,161.109207,40.706112,70.153870
661.960999,158.726868,40.869740,70.423599
663.522095,155.402573,40.924614,70.457123
663.943420,155.114746,41.284138,71.103760
