1
657.412598,125.723190,39.703514,68.216728
655.735107,125.663528,39.971733,68.716217
655.102966,131.210129,39.711185,68.256874
653.934570,137.803787,39.938549,68.638947
653.666748,140.100464,39.751453,68.266701
653.939819,137.726471,39.473782,67.815094
653.367126,137.268478,39.053959,67.108376
651.687561,136.329819,38.897827,66.904411
651.668396,141.294846,38.587574,66.318947
648.888794,145.440582,38.697796,66.460831
649.032532,144.503036,38.737427,66.524071
649.217590,143.932999,38.480461,66.045044
648.476990,136.725250,38.267033,65.650146
644.448059,132.781998,38.087093,65.331429
638.101929,129.456665,37.876762,64.935646
631.893433,138.689941,37.002857,63.429325
628.880981,145.847031,37.182861,63.762890
625.638428,152.329468,37.006577,63.466808
625.484619,157.688217,37.004871,63.515709
624.700928,155.463791,37.310608,64.020454
626.400818,154.881317,37.235725,63.906242
629.027039,153.668976,37.432880,64.195992
631.651245,150.718643,37.690643,64.613564
633.711792,149.197296,37.950436,65.042236
634.189392,148.652618,37.724434,64.696930
634.113220,143.978867,37.411877,64.227196
634.765869,135.206970,37.595722,64.523468
634.055481,129.623749,37.866310,65.054070
635.412781,129.595627,37.642654,64.676140
635.396851,134.269180,37.559750,64.560768
635.829834,141.512756,37.264687,64.017563
636.943848,137.424423,36.726486,63.112194
636.140808,144.923737,36.371521,62.483231
638.725220,158.299622,35.919079,61.794128
640.713989,162.833694,35.688789,61.461990
639.200745,152.918091,35.748886,61.586327
639.082458,139.709579,36.117561,62.158649
639.865784,134.927368,36.272537,62.416477
639.702332,128.469833,36.374454,62.594090
639.141907,129.122818,36.829330,63.357166
638.169006,128.388275,36.672325,63.068035
636.413696,123.800766,36.148422,62.162296
635.514832,121.372780,35.913818,61.745548
636.919861,123.884979,35.550961,61.092144
637.462952,127.684288,35.515217,61.002747
635.262085,132.081131,35.682243,61.264706
636.851196,132.339569,35.887623,61.564907
639.251282,133.206802,35.843479,61.474556
638.513245,129.645584,36.093040,61.842583
640.689514,130.768417,35.847931,61.396271
642.087280,133.742065,35.540657,60.892757
641.933044,138.043320,35.795288,61.346283
642.520569,135.837036,36.543659,62.688477
643.039124,134.741333,37.092587,63.612000
641.896851,132.900955,37.104637,63.640415
642.641663,136.920197,37.240417,63.875309
642.099731,144.368179,37.116898,63.629086
642.304688,146.549103,37.033905,63.477020
642.712341,148.727692,37.231392,63.850380
645.699707,151.137726,36.797905,63.035957
646.509766,148.358948,36.958794,63.312199
644.822693,148.284576,37.093525,63.504631
645.149048,149.017532,36.679596,62.788055
644.550110,149.159851,36.435696,62.342644
646.745911,149.014511,36.097771,61.775333
648.282715,147.392715,36.605000,62.576141
652.868958,152.150818,36.667412,62.681404
654.575562,153.477921,36.041908,61.586094
656.685791,151.987839,35.833191,61.208393
658.258484,146.897614,35.450668,60.571819
659.910706,141.293121,35.219673,60.162861
660.200195,134.685120,35.559734,60.692635
659.331848,136.721024,35.650875,60.873146
658.367554,135.993530,35.344902,60.350311
658.150391,126.117790,35.017178,59.762856
656.303833,128.002686,35.405201,60.452301
659.329834,133.201019,35.253979,60.149944
659.654785,144.563797,35.290318,60.211830
665.049866,158.959946,35.572941,60.721645
667.421753,161.574081,35.294140,60.275944
667.991394,166.222321,35.739971,61.003475
668.505676,164.658096,35.406277,60.426937
668.428406,177.090042,35.345543,60.362667
661.700928,158.207047,35.186424,60.126225
666.561279,156.193298,34.557449,59.114346
664.746399,149.771912,34.531769,59.065826
662.559814,144.659302,34.533161,59.049572
660.379639,141.428680,34.677040,59.335838
655.746155,144.399307,34.688049,59.413734
654.181763,149.055740,34.473042,59.036900
651.994751,147.835388,34.419228,58.907310
650.187561,152.478180,34.237839,58.658161
647.623840,156.493210,34.172726,58.570229
647.645813,156.904160,34.265919,58.678101
647.958313,157.206345,34.331032,58.814396
649.353333,157.918610,33.831192,57.984085
649.907715,154.631180,34.529305,59.197937
649.947693,153.843170,34.536407,59.231800
648.277222,154.220062,35.071796,60.178188
651.057861,155.866089,35.473793,60.870884
650.672119,155.277863,35.839691,61.453785
647.223633,155.628555,35.442760,60.816936
647.184570,153.642181,35.791443,61.393715
645.256470,154.924652,35.817326,61.449944
643.192749,155.492584,35.781921,61.393364
644.056641,156.042648,35.484074,60.866039
644.540649,153.622787,35.331959,60.564194
645.148743,155.423309,35.031998,60.091705
644.753174,158.066956,35.201660,60.406239
645.889099,157.983459,35.561432,61.043678
646.924194,154.583313,35.861839,61.560001
647.652954,153.681656,35.977051,61.817379
646.096191,158.410599,35.741230,61.442036
646.408142,161.803375,35.616058,61.235306
644.095215,163.011337,35.727798,61.441608
643.028015,162.269226,35.811150,61.538918
641.572205,159.899643,35.833561,61.609390
644.569275,161.656219,35.645226,61.318367
641.127136,160.929947,35.809151,61.569206
641.257935,159.282303,35.396408,60.855602
642.853394,156.738861,35.424042,60.871094
641.986816,159.099136,35.300892,60.657936
640.887634,156.775360,35.304138,60.662853
641.518921,153.716614,35.237942,60.609234
639.077515,154.001099,35.567841,61.189865
639.035522,155.122620,36.057522,62.004890
639.279053,154.754654,35.960945,61.905724
641.024841,155.055740,36.133514,62.236557
639.634155,154.038773,36.318882,62.559040
639.909912,155.871811,36.077759,62.103710
638.832764,156.061295,36.115704,62.195553
637.979919,156.906998,35.773418,61.647972
637.622925,152.331619,36.486641,62.884785
639.248230,149.848206,36.743793,63.341774
640.619873,146.576248,36.147377,62.333988
642.943481,142.138199,35.758648,61.710953
644.163147,138.675995,35.865841,61.905373
641.708557,138.453598,36.232517,62.526112
642.050903,137.876617,36.150921,62.437397
641.350647,141.978546,36.174793,62.480629
641.024170,142.678558,36.213856,62.546658
641.853577,145.858932,36.178608,62.463749
643.150146,150.438049,36.057320,62.313110
643.478882,148.016357,35.751736,61.763550
643.514893,152.026733,35.706779,61.701599
643.418823,150.471466,36.113598,62.370747
641.880249,153.739792,35.908165,62.031937
640.791626,154.929367,35.806087,61.886410
641.479187,157.827682,35.686405,61.633957
641.387207,161.627075,35.464649,61.250374
643.030090,163.217087,35.502960,61.329010
645.941528,167.752335,35.119007,60.695541
646.514526,166.670120,35.130829,60.735027
646.509521,167.559464,34.718166,59.967094
646.933716,171.254272,35.130882,60.640251
647.810364,170.134232,35.175182,60.699875
647.526978,171.969467,35.004639,60.406239
649.676025,171.162903,34.808582,60.084427
650.763794,170.902847,34.917873,60.308086
650.211548,168.351608,34.972656,60.426823
648.881104,166.047623,35.223354,60.837036
650.334106,163.756317,35.041973,60.606316
649.280334,164.856003,35.319672,61.121109
647.716553,168.081711,35.469734,61.369152
646.534790,167.763092,35.515511,61.445900
647.286194,163.718353,35.506092,61.414288
646.855835,165.652786,35.812580,61.922867
646.908569,164.663803,35.603798,61.563038
651.355286,165.172699,35.669556,61.662651
650.777405,161.959473,36.149288,62.498283
652.278625,161.945374,36.220600,62.653400
652.568176,164.391617,36.225414,62.735291
653.676697,165.379517,36.179169,62.658413
654.853271,166.924850,36.265682,62.806946
657.090454,165.510040,36.773159,63.722080
657.708496,167.524933,36.157070,62.639641
657.201111,168.784042,35.515915,61.491028
656.122925,169.332977,35.277718,61.055424
656.328735,164.714020,34.884014,60.413094
654.640198,167.764267,35.511635,61.532059
657.672180,169.297852,35.539494,61.591835
657.940186,173.519958,36.158169,62.617313
658.556885,166.889862,36.904758,63.884350
658.831238,167.407211,37.165257,64.347298
658.839783,168.141891,36.794823,63.757427
660.514099,163.841873,36.802959,63.737938
662.797913,162.276886,36.251259,62.772594
663.884277,161.073944,36.207729,62.721786
665.698242,158.694336,36.166016,62.646332
665.287109,157.995407,36.445446,63.103474
