3.7855,3.0156,3.6134,0,0,0,0,0,0,0,0,0,0,0,0
3.7855,3.0156,3.6134,0,0,0,0,0,0,0,0,0,0,0,0
3.7855,3.0156,3.6134,0,0,0,0,0,0,0,0,0,0,0,0
3.7855,3.0156,3.6134,0,0,0,0,0,0,0,0,0,0,0,0
3.7855,3.0156,3.6134,0,0,0,0,0,0,0,0,0,0,0,0
3.7855,3.0156,3.6134,0,0,0,0,0,0,0,0,0,0,0,0
3.7855,3.0156,3.6134,0,0,0,0,0,0,0,0,0,0,0,0
3.7855,3.0156,3.6134,0,0,0,0,0,0,0,0,0,0,0,0
3.7855,3.0156,3.6134,0,0,0,0,0,0,0,0,0,0,0,0
3.7855,3.0156,3.6134,0,0,0,0,0,0,0,0,0,0,0,0
3.7855,3.0156,3.6134,0,0,0,0,0,0,0,0,0,0,0,0
3.7855,3.0156,3.6134,0,0,0,0,0,0,0,0,0,0,0,0
3.7855,3.0156,3.6134,0,0,0,0,0,0,0,0,0,0,0,0
3.7855,3.0156,3.6134,0,0,0,0,0,0,0,0,0,0,0,0
3.7855,3.0156,3.6134,0,0,0,0,0,0,0,0,0,0,0,0
3.7855,3.0156,3.6134,0,0,0,0,0,0,0,0,0,0,0,0
3.7855,3.0156,3.6134,0,0,0,0,0,0,0,0,0,0,0,0
3.7855,3.0156,3.6134,0,0,0,0,0,0,0,0,0,0,0,0
3.7855,3.0156,3.6134,0,0,0,0,0,0,0,0,0,0,0,0
3.7855,3.0156,3.6134,0,0,0,0,0,0,0,0,0,0,0,0
3.7855,3.0156,3.6134,0,0,0,0,0,0,0,0,0,0,0,0
3.7855,3.0156,3.6134,0,0,0,0,0,0,0,0,0,0,0,0
3.7855,3.0156,3.6134,0,0,0,0,0,0,0,0,0,0,0,0
3.7855,3.0156,3.6134,0,0,0,0,0,0,0,0,0,0,0,0
3.7855,3.0156,3.6134,0,0,0,0,0,0,0,0,0,0,0,0
3.7855,3.0156,3.6134,0,0,0,0,0,0,0,0,0,0,0,0
3.7855,3.0156,3.6134,0,0,0,0,0,0,0,0,0,0,0,0
3.7855,3.0156,3.6134,0,0,0,0,0,0,0,0,0,0,0,0
3.7855,3.0156,3.6134,0,0,0,0,0,0,0,0,0,0,0,0
3.7855,3.0156,3.6134,0,0,0,0,0,0,0,0,0,0,0,0
3.7855,3.0156,3.6134,0,0,0,0,0,0,0,0,0,0,0,0
3.7855,3.0156,3.6134,0,0,0,0,0,0,0,0,0,0,0,0
3.7855,3.0156,3.6134,0,0,0,0,0,0,0,0,0,0,0,0
3.7855,3.0156,3.6134,0,0,0,0,0,0,0,0,0,0,0,0
3.7855,3.0156,3.6134,0,0,0,0,0,0,0,0,0,0,0,0
3.7855,3.0156,3.6134,0,0,0,0,0,0,0,0,0,0,0,0
3.7855,3.0156,3.6134,0,0,0,0,0,0,0,0,0,0,0,0
3.7855,3.0156,3.6134,0,0,0,0,0,0,0,0,0,0,0,0
3.7855,3.0156,3.6134,0,0,0,0,0,0,0,0,0,0,0,0
3.7855,3.0156,3.6134,0,0,0,0,0,0,0,0,0,0,0,0
3.7855,3.0156,3.6134,0,0,0,0,0,0,0,0,0,0,0,0
3.7855,3.0156,3.6134,0,0,0,0,0,0,0,0,0,0,0,0
3.7855,3.0156,3.6134,0,0,0,0,0,0,0,0,0,0,0,0
3.7855,3.0156,3.6134,0,0,0,0,0,0,0,0,0,0,0,0
3.7855,3.0156,3.6134,0,0,0,0,0,0,0,0,0,0,0,0
3.7855,3.0156,3.6134,0,0,0,0,0,0,0,0,0,0,0,0
3.7855,3.0156,3.6134,0,0,0,0,0,0,0,0,0,0,0,0
3.7855,3.0156,3.6134,0,0,0,0,0,0,0,0,0,0,0,0
3.7855,3.0156,3.6134,0,0,0,0,0,0,0,0,0,0,0,0
3.7855,3.0156,3.6134,0,0,0,0,0,0,0,0,0,0,0,0
3.7855,3.0156,3.6134,0,0,0,0,0,0,0,0,0,0,0,0
3.7855,3.0156,3.6134,0,0,0,0,0,0,0,0,0,0,0,0
3.7855,3.0156,3.6134,0,0,0,0,0,0,0,0,0,0,0,0
3.7855,3.0156,3.6134,0,0,0,0,0,0,0,0,0,0,0,0
3.7855,3.0156,3.6134,0,0,0,0,0,0,0,0,0,0,0,0
3.7855,3.0156,3.6134,0,0,0,0,0,0,0,0,0,0,0,0
3.7855,3.0156,3.6134,0,0,0,0,0,0,0,0,0,0,0,0
3.7855,3.0156,3.6134,0,0,0,0,0,0,0,0,0,0,0,0
3.7855,3.0156,3.6134,0,0,0,0,0,0,0,0,0,0,0,0
3.7855,3.0156,3.6134,0,0,0,0,0,0,0,0,0,0,0,0
3.7855,3.0156,3.6134,0,0,0,0,0,0,0,0,0,0,0,0
3.7855,3.0156,3.6134,0,0,0,0,0,0,0,0,0,0,0,0
3.7855,3.0156,3.6134,0,0,0,0,0,0,0,0,0,0,0,0
3.7855,3.0156,3.6134,0,0,0,0,0,0,0,0,0,0,0,0
3.7855,3.0156,3.6134,0,0,0,0,0,0,0,0,0,0,0,0
3.7855,3.0156,3.6134,0,0,0,0,0,0,0,0,0,0,0,0
3.7855,3.0156,3.6134,0,0,0,0,0,0,0,0,0,0,0,0
3.7855,3.0156,3.6134,0,0,0,0,0,0,0,0,0,0,0,0
3.7855,3.0156,3.6134,0,0,0,0,0,0,0,0,0,0,0,0
3.7855,3.0156,3.6134,0,0,0,0,0,0,0,0,0,0,0,0
3.7855,3.0156,3.6134,0,0,0,0,0,0,0,0,0,0,0,0
3.7855,3.0156,3.6134,0,0,0,0,0,0,0,0,0,0,0,0
3.7855,3.0156,3.6134,0,0,0,0,0,0,0,0,0,0,0,0
3.7855,3.0156,3.6134,0,0,0,0,0,0,0,0,0,0,0,0
3.7855,3.0156,3.6134,0,0,0,0,0,0,0,0,0,0,0,0
3.7855,3.0156,3.6134,0,0,0,0,0,0,0,0,0,0,0,0
