1
542.000000,233.000000,297.000000,639.000000
542.000000,233.000000,297.000000,639.000000
542.000000,233.000000,297.000000,639.000000
536.000000,233.000000,297.000000,639.000000
536.000000,233.000000,297.000000,639.000000
530.000000,233.000000,297.000000,639.000000
542.000000,233.000000,297.000000,639.000000
553.000000,233.000000,298.000000,639.000000
559.000000,233.000000,297.000000,639.000000
565.000000,233.000000,297.000000,639.000000
565.000000,233.000000,297.000000,639.000000
565.000000,233.000000,297.000000,639.000000
565.000000,233.000000,297.000000,639.000000
565.000000,233.000000,297.000000,639.000000
565.000000,233.000000,297.000000,639.000000
571.000000,233.000000,297.000000,639.000000
571.000000,233.000000,297.000000,639.000000
577.000000,233.000000,297.000000,639.000000
589.000000,233.000000,297.000000,639.000000
600.000000,233.000000,298.000000,639.000000
600.000000,233.000000,298.000000,639.000000
612.000000,233.000000,298.000000,639.000000
612.000000,233.000000,298.000000,639.000000
612.000000,233.000000,298.000000,639.000000
618.000000,233.000000,297.000000,639.000000
624.000000,233.000000,297.000000,639.000000
624.000000,233.000000,297.000000,639.000000
630.000000,233.000000,297.000000,639.000000
636.000000,233.000000,297.000000,639.000000
642.000000,233.000000,297.000000,639.000000
642.000000,233.000000,297.000000,639.000000
642.000000,233.000000,297.000000,639.000000
642.000000,233.000000,297.000000,639.000000
654.000000,233.000000,297.000000,639.000000
654.000000,233.000000,297.000000,639.000000
654.000000,233.000000,297.000000,639.000000
654.000000,233.000000,297.000000,639.000000
659.000000,233.000000,298.000000,639.000000
659.000000,233.000000,298.000000,639.000000
654.000000,233.000000,297.000000,639.000000
648.000000,233.000000,297.000000,639.000000
636.000000,233.000000,297.000000,639.000000
630.000000,233.000000,297.000000,639.000000
630.000000,233.000000,297.000000,639.000000
624.000000,233.000000,297.000000,639.000000
630.000000,233.000000,297.000000,639.000000
630.000000,233.000000,297.000000,639.000000
630.000000,233.000000,297.000000,639.000000
630.000000,233.000000,297.000000,639.000000
624.000000,233.000000,297.000000,639.000000
612.000000,233.000000,298.000000,639.000000
612.000000,233.000000,298.000000,639.000000
600.000000,233.000000,298.000000,639.000000
606.000000,233.000000,298.000000,639.000000
612.000000,233.000000,298.000000,639.000000
606.000000,233.000000,298.000000,639.000000
606.000000,233.000000,298.000000,639.000000
606.000000,233.000000,298.000000,639.000000
612.000000,233.000000,298.000000,639.000000
600.000000,233.000000,298.000000,639.000000
