1
287.202271,147.270416,85.746780,196.692261
291.267456,148.541275,85.762337,196.668350
286.474426,147.529694,86.244629,197.944672
290.791870,152.233841,84.486710,193.932617
287.215515,147.530151,87.148911,199.908401
285.911163,151.877548,85.276810,195.652649
281.189026,147.608398,87.032684,199.777359
273.020020,154.437805,85.759338,196.609329
267.452271,150.334579,85.557838,196.438812
265.906372,157.437027,84.494957,194.028793
264.740631,156.892105,85.196617,195.551498
264.460480,155.181107,83.639679,192.030380
260.340118,153.495270,85.665848,196.862335
256.982697,146.146378,85.863815,196.538147
255.446945,147.187729,84.927269,194.989700
252.063889,147.227036,84.962288,194.846924
249.878006,148.953995,83.998932,192.595825
247.120560,148.787766,86.082420,197.389359
246.970108,141.364044,85.732712,196.707306
245.376953,148.434036,83.979195,192.966217
241.143555,142.825653,83.878342,192.515976
239.509308,145.359711,81.216927,186.119095
235.880753,145.383759,80.291534,183.618591
235.773987,145.256653,79.692184,182.179886
230.813705,144.804871,80.313583,183.696243
231.820938,143.888062,79.189323,181.337585
225.171494,142.736298,80.480553,184.080032
2
0
0
0
0
1
302.034332,125.365448,76.244362,191.537766
303.705780,124.592468,75.609505,189.918472
302.985382,125.460976,75.910995,190.536194
304.342407,124.369629,75.893776,190.751038
299.708649,126.203339,74.666603,187.381287
300.496704,117.340996,76.534225,192.333435
303.566040,123.106438,76.388222,191.744659
307.433167,118.373665,75.488770,189.562607
303.734253,118.176994,75.771973,190.271912
307.773499,118.184219,74.854797,188.024185
307.773499,118.184219,74.854797,188.024185
317.192139,120.703789,73.785858,185.334351
325.745453,123.837379,74.185516,186.393875
322.409119,118.672554,73.488922,184.593063
321.751312,117.509315,74.682144,187.761093
323.832886,118.589317,73.034058,183.488510
326.617035,120.866852,73.203201,184.132095
327.020081,115.281082,73.532890,184.666611
331.401886,122.511078,72.548653,182.213593
331.151337,121.495216,70.463638,177.096954
331.151337,121.495216,70.463638,177.096954
331.151337,121.495216,70.463638,177.096954
334.904999,123.425659,70.859306,177.898575
332.078064,124.185326,69.278511,174.082535
333.035858,126.273308,69.740250,174.951981
332.364075,123.224510,69.524673,174.810745
343.061371,117.650154,69.725182,175.348434
342.095520,118.364929,69.651588,174.819962
344.104736,118.404488,70.555717,177.061539
342.206970,116.717369,69.820358,175.216003
343.430511,118.121201,70.611534,177.373047
340.339966,116.691719,70.075150,175.834991
350.308777,118.081657,70.207985,176.133667
351.893250,116.163574,69.624062,174.880920
353.440277,117.854195,69.166130,173.797974
354.418304,112.709061,70.439392,176.829361
354.418304,112.709061,70.439392,176.829361
356.102570,110.840996,71.707909,179.922089
359.407410,110.574059,71.859749,180.505219
360.117340,111.371559,70.376953,176.818588
360.117340,111.371559,70.376953,176.818588
358.595123,111.332298,71.148949,178.784363
359.184570,109.777061,71.452110,179.508514
359.361298,105.224648,71.663498,180.171082
359.506012,110.135490,71.008949,178.286835
357.877258,107.342628,71.792656,180.325714
356.855621,100.347816,72.914780,183.150162
357.106323,113.147957,68.761673,172.840149
354.428314,103.656715,71.673874,179.672775
373.570374,107.724922,71.319984,179.185028
374.957703,108.036850,70.870590,177.691010
376.940155,104.906815,70.660439,177.245148
375.920898,110.314217,67.658737,170.119873
375.075714,106.912575,70.105774,176.193939
377.799530,104.226227,70.321434,177.166412
376.693359,107.781654,69.925980,175.877182
376.693359,107.781654,69.925980,175.877182
381.760925,107.206200,69.491119,174.782486
383.291656,105.776848,69.585915,175.415298
382.061005,103.332428,71.508369,179.180115
388.649597,115.859535,66.711891,167.729324
390.009552,114.949348,66.482185,167.223831
390.136505,117.895226,65.895012,165.752731
390.712158,109.126694,68.494095,172.710464
388.378479,109.504433,69.239922,174.564072
394.650513,117.334557,66.099197,166.233322
395.745758,114.033401,67.166298,168.941284
400.627625,118.273209,65.954941,165.893433
393.513489,123.914932,64.699356,162.648026
397.011047,124.118195,64.725128,162.823715
398.952026,123.072083,63.870468,160.683289
397.105377,121.826431,64.972900,163.386475
392.766602,122.574951,64.160271,161.340118
392.766602,122.574951,64.160271,161.340118
390.093597,120.768433,65.208878,164.004364
390.654785,120.144157,65.590195,164.853622
394.160278,121.419968,65.485321,164.754440
386.407104,128.256927,62.497837,157.276199
384.154694,127.725578,63.049011,158.573074
384.154694,127.725578,63.049011,158.573074
380.524261,124.879341,65.031487,163.432785
382.846375,126.353836,64.963127,163.668320
379.351257,123.121796,66.695061,167.884079
380.337463,129.254395,64.320511,162.027756
380.872955,132.328735,62.928970,158.095657
380.027832,128.367645,65.018143,163.388443
378.457703,120.186501,68.038429,171.416962
377.976532,128.805344,65.353577,164.483368
375.888855,123.871696,66.843536,168.264450
373.995819,126.278191,66.635437,167.554871
374.601868,126.494431,67.190773,168.926331
374.135345,125.038307,68.273499,171.607086
375.513092,122.538727,68.673561,173.024338
373.567993,124.099602,69.199295,174.349915
372.327972,121.793991,70.718399,177.848312
372.431519,125.433128,68.383690,171.989380
370.684692,114.086334,69.075325,174.094116
371.993561,115.689217,71.924606,180.943832
371.598328,120.963608,72.270134,181.762451
369.922516,122.033844,71.327957,179.564163
369.977173,121.189621,72.295967,181.899246
367.319122,121.697533,72.363182,182.064819
365.303131,116.524109,73.582977,185.182999
365.703583,115.695862,73.208054,184.017670
368.763672,118.458801,73.947861,185.874084
365.031891,117.798386,74.620728,187.781586
362.393646,123.906158,72.803337,183.154449
364.378876,116.631424,75.316765,189.711868
364.378876,116.631424,75.316765,189.711868
366.724182,118.105072,75.328201,189.767517
366.803955,118.755013,75.957207,191.271957
365.529144,118.838356,76.173416,191.562820
366.957611,120.784454,74.967094,188.507416
363.641052,113.243805,78.462708,197.351868
367.156067,115.537575,78.185257,196.604965
368.082397,120.192047,76.350494,192.066849
368.893890,121.955574,75.783020,190.957870
371.960266,122.212234,76.702232,193.065338
371.572418,123.354820,76.187073,191.817017
372.904968,124.873367,76.160027,191.731720
372.327789,125.856941,76.420441,192.525452
368.117065,116.902008,77.601715,195.527176
367.243805,121.504761,75.813736,190.693451
364.544617,113.043503,78.596146,198.095200
364.612091,111.330040,78.161751,196.829544
364.213409,112.972733,77.265144,194.338287
357.882446,111.900177,78.092133,196.004684
355.839600,111.494072,77.357559,194.478699
354.245056,105.420349,78.186615,196.503357
347.582825,103.888237,79.271919,199.272888
347.278381,98.359779,79.187645,199.360153
348.570374,105.737587,77.384552,194.811417
344.736328,99.133041,78.268837,197.050110
344.454590,100.351898,77.101479,194.045441
345.154816,98.858055,77.936462,195.967255
347.306335,101.218887,77.319595,193.846893
347.953278,99.564812,77.101799,193.953156
347.789978,102.322655,77.013535,193.451309
349.666107,102.094261,76.194672,191.884918
349.102295,100.223076,76.969513,193.418045
351.262207,106.158241,75.989639,190.908890
351.797668,109.745926,74.430794,187.457703
351.954407,109.274208,75.649109,189.819061
351.954407,109.274208,75.649109,189.819061
345.430603,111.705238,74.968826,188.880798
348.863251,111.668030,74.807816,188.518433
348.474030,110.880066,74.407036,186.805435
346.497070,110.910225,74.366013,187.293594
349.267853,109.290146,74.831711,188.717178
350.899811,108.398964,75.116417,189.189682
343.548584,116.727768,74.804558,188.642715
341.765320,117.247124,73.069786,183.941833
340.352600,120.374756,72.411469,182.196014
338.676514,120.418022,71.536118,180.517899
336.278656,117.205246,72.638580,182.851776
336.278656,117.205246,72.638580,182.851776
335.163574,124.538162,70.987267,178.439865
318.036285,114.650436,73.915642,185.405167
314.394653,119.432274,72.484833,182.603882
314.188965,121.070389,71.667053,180.690048
312.861633,123.455772,71.177551,179.818100
310.059845,121.014832,72.783318,183.229965
311.365784,122.355782,72.125916,181.135681
311.547211,121.624283,71.652649,180.826508
312.803131,123.251923,71.603462,180.263382
311.186127,123.486473,72.307213,182.043167
314.154144,123.559875,71.975121,181.284821
314.240204,120.802254,73.294762,183.633698
316.188873,123.745743,71.784286,180.698349
312.382935,114.206177,74.466743,187.422729
316.316956,116.017731,75.290962,189.034271
311.255219,121.313278,72.678902,182.306900
320.859589,121.849899,72.090675,181.148819
317.903290,119.793320,73.424957,184.428787
322.287781,120.432503,72.907982,183.172272
324.159973,116.873680,74.368698,187.192917
326.808716,116.217934,74.888748,188.513626
331.575073,115.497421,73.634346,185.113342
330.189758,114.506477,74.827522,188.351257
332.835510,117.794800,73.914200,185.509109
334.786499,117.615715,72.875854,183.097656
333.719574,117.773956,72.700378,182.465057
333.719574,117.773956,72.700378,182.465057
337.578247,119.660118,72.650879,182.805206
338.999298,119.520668,72.621628,182.666824
342.472351,119.180679,72.502594,182.355789
347.370544,118.756813,70.926010,178.181610
346.650299,117.165527,72.277420,181.931778
351.232666,117.712677,70.339409,176.687912
349.969391,117.186714,71.341469,179.028793
354.809875,119.065941,70.420235,176.621735
355.768616,118.132286,70.753365,177.493149
357.467896,127.670937,70.438446,176.696884
360.837189,121.761353,70.054962,175.704010
363.733826,126.616341,69.700279,174.726013
364.307129,124.067558,70.100616,175.921005
361.306000,122.269196,71.105728,178.286392
363.902344,119.830063,70.963173,177.929123
364.124573,120.602226,70.591629,176.883316
368.273956,125.106689,70.170082,176.194839
364.480957,122.704727,70.537453,177.008575
364.964600,122.940063,71.449547,179.068466
363.309235,123.004723,71.611618,179.433289
362.569305,124.798820,71.126694,178.317413
360.613342,123.521057,71.936111,180.219910
355.123138,121.759079,72.484344,181.939850
361.401367,119.661705,73.175369,183.296631
359.818054,120.136276,73.329605,183.640213
359.818054,120.136276,73.329605,183.640213
359.012146,120.646912,73.772873,184.836212
358.687439,118.536591,74.296181,186.096786
360.839844,120.240585,73.278595,183.509018
345.549683,126.245461,72.580109,181.812958
345.430237,120.148285,74.921936,187.655396
339.513885,132.622864,71.746735,179.458771
339.513885,132.622864,71.746735,179.458771
336.762939,133.028244,72.023720,180.641434
333.315033,134.504669,71.633766,179.097260
333.663757,128.293869,71.244316,178.721390
329.802155,131.600937,73.202454,183.398636
327.298615,125.897240,74.058853,185.722473
328.146332,131.797302,72.284508,180.702194
321.920197,131.619217,72.880058,182.758713
322.160217,132.377731,71.564537,178.930649
318.109772,132.285858,72.085861,180.295837
313.701172,132.926285,72.152382,180.550095
312.489075,140.865387,68.740082,172.202560
307.139679,138.638443,70.178169,175.626617
307.139679,138.638443,70.178169,175.626617
2
0
0
0
0
1
382.893280,115.094757,81.829239,204.533875
384.261383,116.907684,81.407539,203.299332
384.261383,116.907684,81.407539,203.299332
382.311310,118.974388,80.161659,200.390152
377.595428,118.948677,79.907425,199.495285
373.796417,117.189857,81.203117,202.815933
373.906158,118.969170,79.885132,199.456497
371.510132,118.668976,80.478905,201.352280
369.323792,119.386520,80.230537,200.414734
363.045837,118.674210,80.594582,201.206955
353.858215,120.311714,80.379738,200.614136
389.750397,120.638145,79.542397,198.307999
361.286011,116.958138,81.541176,203.528702
384.494873,116.159210,81.061081,202.311676
387.218292,118.446594,81.580856,203.915482
378.302307,115.084015,82.732849,206.477066
378.504181,117.987556,80.554260,201.361389
369.584229,119.202827,81.158539,202.577988
369.584229,119.202827,81.158539,202.577988
364.448212,119.676659,84.824722,211.799088
361.366974,123.907974,84.211281,210.275604
355.295563,123.525597,84.426781,210.767517
348.710907,121.118935,84.716927,211.572433
343.696259,123.553787,85.117676,212.645721
337.809906,122.047234,85.182724,212.856567
335.450989,121.061127,85.262970,213.328674
331.947235,130.649292,83.106140,207.785706
327.825867,119.875221,86.219872,215.180679
325.435547,123.687439,86.101181,215.158524
321.477386,120.705154,85.848259,214.605484
317.906067,121.545059,85.172592,213.337601
316.248962,120.673180,86.323181,215.614197
317.601288,122.527962,86.886093,216.908295
313.609009,120.616074,87.534241,218.571548
312.284332,122.468231,86.190353,215.907715
314.575897,118.772926,88.222176,220.360626
308.744659,118.426765,88.517395,220.873367
305.191467,120.999809,88.199348,220.325394
306.900269,119.523178,88.392647,221.356628
306.046906,125.149475,87.914665,219.488586
304.984589,123.483757,87.932411,220.195221
302.898834,129.936096,87.386833,217.881927
304.124908,117.179672,91.114456,228.246353
306.944855,120.747299,90.962921,227.746094
305.959473,129.749603,87.671562,219.685226
309.887939,129.389877,86.994797,217.025482
307.172668,121.956650,90.859154,227.644211
307.243927,129.523178,87.294769,217.965622
306.532440,117.948250,90.850609,227.308899
306.038940,118.321243,91.375412,228.985260
305.848785,117.772362,91.260483,228.452393
305.327271,122.648994,89.341988,223.230103
300.549194,119.266663,91.430275,228.348251
292.502014,122.422340,89.022972,223.033340
291.475769,119.102188,89.155075,223.316956
279.130463,126.441940,87.008011,217.231949
272.163116,125.071159,86.723000,216.576950
272.163116,125.071159,86.723000,216.576950
268.489746,126.402100,86.712143,216.401779
276.316254,129.582840,85.907410,214.475693
287.710449,115.235619,88.105682,220.142960
285.088623,122.966049,88.809525,221.580368
286.228058,125.373413,88.752541,222.141479
286.619568,130.596924,84.951881,212.101761
283.626801,121.435898,88.917564,222.967087
286.574402,120.025345,87.481293,219.213028
282.522614,120.233955,88.717567,221.298615
285.253052,120.904015,89.543495,223.680206
283.080261,120.104279,89.292076,223.311203
279.322144,111.569588,91.439529,229.182816
283.881134,107.631172,92.462334,230.914200
285.368927,116.093536,89.247406,223.527924
284.409607,112.096031,91.804558,230.020111
288.794464,116.011414,92.046982,230.729019
291.191895,103.973389,93.140656,232.628006
296.322357,102.700806,93.664856,233.867020
295.650055,103.104538,94.139450,235.145035
296.228271,104.008194,95.020821,237.265564
293.182648,101.170349,94.497864,235.976425
313.864166,108.162560,95.293976,238.196136
310.389008,99.474899,95.016197,237.322647
305.529358,110.570778,96.622536,241.385406
305.448090,113.986748,95.099281,237.718643
309.454102,113.259407,95.601273,238.500305
307.740540,110.431503,96.599098,241.497147
307.740540,110.431503,96.599098,241.497147
303.781555,106.606735,97.326584,243.571182
309.634155,102.519188,98.027382,244.974106
302.261993,96.702843,98.933228,246.584595
293.310608,97.221100,98.393974,245.598846
294.946259,94.316559,99.761490,248.531845
292.067627,94.238976,100.331017,249.994202
294.601868,95.682892,98.646706,246.525024
295.289642,92.469414,101.132294,252.437698
289.659760,92.753723,101.664848,253.421982
281.667267,94.753777,101.727028,253.552765
276.226196,95.676529,102.482025,255.310776
