1
185.448761,331.840057,55.893459,141.896851
193.527863,330.596771,54.283066,137.773773
197.047821,325.697205,55.343483,140.599091
209.767151,335.525146,55.414047,140.698059
221.230530,338.253174,54.560307,138.522476
228.322342,342.764679,55.978798,142.144943
236.398972,340.131500,55.556759,141.096710
250.522491,344.569489,51.406376,130.657288
265.719208,343.164948,56.372257,143.119766
280.322144,345.935852,55.220589,140.163193
294.496643,343.605743,58.858715,149.685791
311.300323,339.004639,50.658890,128.675186
323.095215,345.414337,54.884132,139.439423
345.272156,334.440552,50.183853,127.509789
358.239075,345.827881,54.557823,138.686981
381.996735,349.281433,47.099369,119.631630
397.740631,357.982971,46.749424,118.695053
407.232758,368.131012,58.533188,148.524002
418.347809,375.743652,59.138729,150.085510
436.361206,408.896545,55.067307,140.030121
467.199066,422.669403,53.837097,136.895538
450.860382,444.459412,55.048786,139.977966
462.566040,391.435822,53.871426,136.988708
474.677612,346.649475,54.292786,138.166534
477.780304,333.741913,55.590786,141.471405
512.156738,352.951782,54.372986,138.301407
536.863220,371.538177,52.096500,132.520706
533.143555,381.603271,56.115009,142.634674
543.727600,349.282532,56.857452,144.542419
547.214966,351.385132,54.089302,137.650574
543.845642,360.393219,55.615219,141.504593
542.423157,362.275940,52.879902,134.508041
506.978516,355.647736,54.479603,138.735168
525.693909,370.793304,53.635262,136.533218
2
0
0
0
0
1
594.905762,268.392792,273.090881,99.243599
563.422974,265.958832,276.200928,100.669785
545.360229,246.831879,272.264771,99.156563
518.944885,227.875885,277.942749,102.165543
490.491852,186.850937,274.721313,100.062393
465.816162,176.721695,274.892273,100.176880
460.050873,176.654648,273.557739,99.652550
468.197296,169.303375,273.506744,99.678673
473.872345,172.844101,273.740540,100.374657
599.488220,212.951218,278.457916,102.433159
599.488220,212.951218,278.457916,102.433159
597.738892,214.274078,278.957275,102.510857
584.259583,248.542374,278.150330,102.257858
534.910645,257.643585,278.024292,101.944344
496.283844,273.351868,278.683716,102.135078
452.598267,270.780121,277.901550,101.824295
446.627167,261.837952,278.517700,101.641602
425.413208,243.625687,278.402802,101.725075
529.158997,335.068298,280.534363,102.985207
583.049744,200.326309,279.025116,101.028557
515.643555,219.119629,278.130310,101.088882
517.527283,228.213089,275.935059,99.639008
510.902069,243.096466,277.660675,100.740395
476.072327,228.818573,278.505920,101.058533
451.399780,219.928558,276.148682,100.974602
459.601471,212.442596,277.366058,100.421127
477.214142,189.535004,273.820160,99.986923
434.555634,249.969711,280.526306,101.530815
442.994629,258.532288,281.180237,101.467667
450.670715,266.686737,275.461273,100.259201
2
0
0
0
0
1
668.968079,421.704437,191.276947,252.460617
677.635010,423.204926,192.074417,253.255569
671.791382,417.141144,193.611588,255.753067
671.791382,417.141144,193.611588,255.753067
670.972290,414.916229,191.458923,252.647354
672.670044,419.618500,192.651550,254.457520
678.953857,421.125641,188.347122,248.668198
670.538025,419.642395,191.399200,252.652847
662.622131,414.694214,193.856277,255.784164
665.720520,412.540436,194.006714,257.135925
668.787354,419.442688,187.877228,248.268478
663.530457,417.195099,192.049026,253.424393
663.265442,413.555634,196.381104,258.983246
664.886475,407.462830,192.618484,255.274750
664.754333,404.129395,196.031448,258.091278
659.541931,409.016571,196.433838,258.223358
654.440979,397.001007,203.273148,267.193207
652.383545,398.838074,203.736786,267.692261
653.056274,396.857849,200.971985,264.794800
653.056274,396.857849,200.971985,264.794800
652.247375,403.917419,201.137177,264.140778
650.357300,396.279907,206.536743,271.833893
649.612427,399.692108,205.418045,270.334442
650.712646,395.125977,206.357712,270.848328
662.379456,399.927643,205.421005,269.678162
656.535034,389.638824,206.514511,271.866028
659.284851,397.006378,207.214645,271.870789
654.034241,398.250854,206.514542,271.486786
654.034241,398.250854,206.514542,271.486786
651.567383,395.769043,204.576523,268.572662
644.547485,397.086395,204.578903,268.232574
635.746216,395.866974,206.440582,271.924164
633.531311,399.754517,202.555923,266.024567
622.175049,397.064789,204.536438,269.001190
631.439270,397.256744,205.298325,270.117706
632.272705,393.195648,205.277054,270.669769
618.411621,394.714691,206.351349,270.690765
609.393005,395.681763,206.159668,271.552032
595.786377,393.236206,204.913254,268.518738
607.378235,401.315338,197.407471,260.064056
589.295776,393.379242,198.804596,262.028534
