1
186.545776,329.507233,57.169922,145.176926
195.027985,332.926697,53.725643,136.405960
203.768478,336.901031,53.494961,135.833557
214.009018,336.608429,54.576996,138.611038
222.363525,341.180267,54.554955,138.558350
229.772781,342.638977,53.472385,135.792435
240.051498,344.125549,52.306599,132.868195
256.923584,343.235291,51.867298,131.760269
268.146332,349.079346,51.793823,131.548706
276.514465,341.454865,58.397678,148.255692
298.096649,350.232056,52.089355,132.311813
309.932556,338.007355,50.909649,129.402740
328.943512,342.979706,50.869823,129.306870
344.781403,338.201965,50.759888,128.976776
361.136871,337.130554,51.306541,130.354446
377.106873,343.237518,54.015354,137.379883
395.773193,354.932800,51.159660,129.961609
403.665131,354.609161,53.821510,136.762634
416.601044,356.424408,53.464142,135.863281
444.442688,415.446655,49.378132,125.550789
470.133148,421.086090,50.176956,127.520416
454.041016,449.717468,47.582024,120.975929
435.733154,452.264709,47.354385,120.369476
452.813568,404.655243,48.946125,124.363213
508.282257,406.025482,46.625198,118.529892
514.975708,407.959930,45.523361,115.704987
527.308228,410.041840,46.714363,118.737701
540.556641,409.434875,48.369415,123.042259
537.120850,414.824005,47.389385,120.557472
528.468323,420.736115,44.353828,112.709572
534.432068,429.137146,43.062946,109.399887
532.668213,419.640015,43.016869,109.282135
497.022736,389.577850,43.563572,110.937363
531.754456,384.707764,44.938862,114.402626
2
0
0
0
0
1
590.627930,268.588501,274.184265,99.707169
566.434937,265.544312,274.099304,100.009407
542.590027,247.463745,270.783875,98.230362
526.129822,231.570587,271.689087,98.698975
507.992706,206.794525,270.501251,97.850540
472.805084,194.838852,272.826508,98.704369
460.937378,176.993500,273.311401,98.744064
468.255859,169.259033,274.205597,98.867096
475.762451,177.156830,272.562103,98.229980
465.854248,190.009979,273.088318,98.374550
457.060577,197.317322,273.282379,98.236069
381.866669,185.645447,276.277588,99.496422
396.387756,220.486084,274.513031,97.908340
383.252258,204.695251,273.341309,99.370132
389.736694,198.346451,273.278076,99.214195
425.337372,184.178925,274.897614,98.217377
421.236359,151.550232,278.753357,99.399788
415.086700,165.928345,276.123260,100.177773
432.943542,172.445618,275.362762,100.205330
341.731598,181.188339,272.435577,98.215515
293.776337,247.736069,276.077911,99.633698
464.393707,224.901718,275.967041,97.804337
489.784729,244.132446,276.873291,98.617828
389.689117,192.605240,271.387268,97.766113
418.285767,205.380295,275.246918,97.777412
440.989288,218.452072,276.604218,98.097153
475.435364,191.575272,270.204987,97.262459
495.654602,204.690491,269.594116,96.851845
449.313416,260.201172,279.341125,98.895500
475.576202,238.260406,270.090515,97.350113
2
0
0
0
0
1
674.221985,422.819122,192.371384,253.828613
674.221985,422.819122,192.371384,253.828613
671.544678,414.443481,193.360306,254.584930
666.519409,417.639435,195.459076,258.012329
670.789124,411.295868,196.447418,259.281464
680.295105,419.393555,188.294891,248.959045
672.083618,420.139008,190.479370,252.122223
668.791382,419.440430,192.288910,253.340118
668.064270,414.272552,193.452255,254.980103
658.435669,412.079865,195.804230,257.847626
657.132629,415.686951,195.910812,259.145782
661.388428,415.994659,194.918808,256.502441
655.985168,413.771210,196.635010,258.887726
669.885010,413.940094,193.663147,255.427414
658.780884,401.175659,199.450226,263.162201
661.785034,399.817993,201.953262,266.280853
659.827087,407.789490,195.290298,257.878174
651.081177,401.185242,195.949020,258.273865
656.144409,401.583191,196.754089,258.485413
647.052856,394.895447,206.292328,272.169006
647.052856,394.895447,206.292328,272.169006
647.052856,394.895447,206.292328,272.169006
650.274658,396.806854,205.312668,270.835663
662.139709,404.655029,197.784622,260.672455
659.622375,396.640961,208.711136,275.711395
656.841309,405.067719,198.390411,261.135712
657.403198,395.351776,207.394791,273.804016
658.545959,395.244659,204.022537,269.378418
647.575073,398.541687,207.695816,273.583191
651.575317,395.328156,203.276291,267.809204
632.639709,398.038635,203.516769,268.846191
633.425476,396.209900,207.690750,274.480804
622.937500,397.860077,209.175018,276.547241
630.648010,397.538208,201.236404,265.621155
617.418518,395.782043,202.934677,267.479431
632.169189,393.806183,205.018234,270.086548
620.095825,396.422211,202.628830,267.664948
603.890259,395.219086,206.563416,273.010681
606.620911,397.028839,201.122360,265.619141
592.224365,393.855408,201.410660,266.617706
590.225464,394.510345,199.104568,263.403076
