4.3852,4.2086,4.5593,5.5755,4.8606,4.1932,4.2574,3.9922,4.2887,4.5276,4.4791,4.4325,4.1776,4.0199,4.4635
4.3852,4.2086,4.5593,5.5755,4.8606,4.1932,4.2574,3.9922,4.2887,4.5276,4.4791,4.4325,4.1776,4.0199,4.4635
4.3852,4.2086,4.5593,5.5755,4.8606,4.1932,4.2574,3.9922,4.2887,4.5276,4.4791,4.4325,4.1776,4.0199,4.4635
4.3852,4.2086,4.5593,5.5755,4.8606,4.1932,4.2574,3.9922,4.2887,4.5276,4.4791,4.4325,4.1776,4.0199,4.4635
4.3852,4.2086,4.5593,5.5755,4.8606,4.1932,4.2574,3.9922,4.2887,4.5276,4.4791,4.4325,4.1776,4.0199,4.4635
4.3852,4.2086,4.5593,5.5755,4.8606,4.1932,4.2574,3.9922,4.2887,4.5276,4.4791,4.4325,4.1776,4.0199,4.4635
4.3852,4.2086,4.5593,5.5755,4.8606,4.1932,4.2574,3.9922,4.2887,4.5276,4.4791,4.4325,4.1776,4.0199,4.4635
4.3852,4.2086,4.5593,5.5755,4.8606,4.1932,4.2574,3.9922,4.2887,4.5276,4.4791,4.4325,4.1776,4.0199,4.4635
4.3852,4.2086,4.5593,5.5755,4.8606,4.1932,4.2574,3.9922,4.2887,4.5276,4.4791,4.4325,4.1776,4.0199,4.4635
4.3852,4.2086,4.5593,5.5755,4.8606,4.1932,4.2574,3.9922,4.2887,4.5276,4.4791,4.4325,4.1776,4.0199,4.4635
4.3852,4.2086,4.5593,5.5755,4.8606,4.1932,4.2574,3.9922,4.2887,4.5276,4.4791,4.4325,4.1776,4.0199,4.4635
4.3852,4.2086,4.5593,5.5755,4.8606,4.1932,4.2574,3.9922,4.2887,4.5276,4.4791,4.4325,4.1776,4.0199,4.4635
4.3852,4.2086,4.5593,5.5755,4.8606,4.1932,4.2574,3.9922,4.2887,4.5276,4.4791,4.4325,4.1776,4.0199,4.4635
4.3852,4.2086,4.5593,5.5755,4.8606,4.1932,4.2574,3.9922,4.2887,4.5276,4.4791,4.4325,4.1776,4.0199,4.4635
4.3852,4.2086,4.5593,5.5755,4.8606,4.1932,4.2574,3.9922,4.2887,4.5276,4.4791,4.4325,4.1776,4.0199,4.4635
4.3852,4.2086,4.5593,5.5755,4.8606,4.1932,4.2574,3.9922,4.2887,4.5276,4.4791,4.4325,4.1776,4.0199,4.4635
4.3852,4.2086,4.5593,5.5755,4.8606,4.1932,4.2574,3.9922,4.2887,4.5276,4.4791,4.4325,4.1776,4.0199,4.4635
4.3852,4.2086,4.5593,5.5755,4.8606,4.1932,4.2574,3.9922,4.2887,4.5276,4.4791,4.4325,4.1776,4.0199,4.4635
4.3852,4.2086,4.5593,5.5755,4.8606,4.1932,4.2574,3.9922,4.2887,4.5276,4.4791,4.4325,4.1776,4.0199,4.4635
4.3852,4.2086,4.5593,5.5755,4.8606,4.1932,4.2574,3.9922,4.2887,4.5276,4.4791,4.4325,4.1776,4.0199,4.4635
4.3852,4.2086,4.5593,5.5755,4.8606,4.1932,4.2574,3.9922,4.2887,4.5276,4.4791,4.4325,4.1776,4.0199,4.4635
4.3852,4.2086,4.5593,5.5755,4.8606,4.1932,4.2574,3.9922,4.2887,4.5276,4.4791,4.4325,4.1776,4.0199,4.4635
4.3852,4.2086,4.5593,5.5755,4.8606,4.1932,4.2574,3.9922,4.2887,4.5276,4.4791,4.4325,4.1776,4.0199,4.4635
4.3852,4.2086,4.5593,5.5755,4.8606,4.1932,4.2574,3.9922,4.2887,4.5276,4.4791,4.4325,4.1776,4.0199,4.4635
4.3852,4.2086,4.5593,5.5755,4.8606,4.1932,4.2574,3.9922,4.2887,4.5276,4.4791,4.4325,4.1776,4.0199,4.4635
4.3852,4.2086,4.5593,5.5755,4.8606,4.1932,4.2574,3.9922,4.2887,4.5276,4.4791,4.4325,4.1776,4.0199,4.4635
4.3852,4.2086,4.5593,5.5755,4.8606,4.1932,4.2574,3.9922,4.2887,4.5276,4.4791,4.4325,4.1776,4.0199,4.4635
4.3852,4.2086,4.5593,5.5755,4.8606,4.1932,4.2574,3.9922,4.2887,4.5276,4.4791,4.4325,4.1776,4.0199,4.4635
4.3852,4.2086,4.5593,5.5755,4.8606,4.1932,4.2574,3.9922,4.2887,4.5276,4.4791,4.4325,4.1776,4.0199,4.4635
4.3852,4.2086,4.5593,5.5755,4.8606,4.1932,4.2574,3.9922,4.2887,4.5276,4.4791,4.4325,4.1776,4.0199,4.4635
4.3852,4.2086,4.5593,5.5755,4.8606,4.1932,4.2574,3.9922,4.2887,4.5276,4.4791,4.4325,4.1776,4.0199,4.4635
4.3852,4.2086,4.5593,5.5755,4.8606,4.1932,4.2574,3.9922,4.2887,4.5276,4.4791,4.4325,4.1776,4.0199,4.4635
4.3852,4.2086,4.5593,5.5755,4.8606,4.1932,4.2574,3.9922,4.2887,4.5276,4.4791,4.4325,4.1776,4.0199,4.4635
4.3852,4.2086,4.5593,5.5755,4.8606,4.1932,4.2574,3.9922,4.2887,4.5276,4.4791,4.4325,4.1776,4.0199,4.4635
4.3852,4.2086,4.5593,5.5755,4.8606,4.1932,4.2574,3.9922,4.2887,4.5276,4.4791,4.4325,4.1776,4.0199,4.4635
4.3852,4.2086,4.5593,5.5755,4.8606,4.1932,4.2574,3.9922,4.2887,4.5276,4.4791,4.4325,4.1776,4.0199,4.4635
4.3852,4.2086,4.5593,5.5755,4.8606,4.1932,4.2574,3.9922,4.2887,4.5276,4.4791,4.4325,4.1776,4.0199,4.4635
4.3852,4.2086,4.5593,5.5755,4.8606,4.1932,4.2574,3.9922,4.2887,4.5276,4.4791,4.4325,4.1776,4.0199,4.4635
4.3852,4.2086,4.5593,5.5755,4.8606,4.1932,4.2574,3.9922,4.2887,4.5276,4.4791,4.4325,4.1776,4.0199,4.4635
4.3852,4.2086,4.5593,5.5755,4.8606,4.1932,4.2574,3.9922,4.2887,4.5276,4.4791,4.4325,4.1776,4.0199,4.4635
4.3852,4.2086,4.5593,5.5755,4.8606,4.1932,4.2574,3.9922,4.2887,4.5276,4.4791,4.4325,4.1776,4.0199,4.4635
4.3852,4.2086,4.5593,5.5755,4.8606,4.1932,4.2574,3.9922,4.2887,4.5276,4.4791,4.4325,4.1776,4.0199,4.4635
4.3852,4.2086,4.5593,5.5755,4.8606,4.1932,4.2574,3.9922,4.2887,4.5276,4.4791,4.4325,4.1776,4.0199,4.4635
4.3852,4.2086,4.5593,5.5755,4.8606,4.1932,4.2574,3.9922,4.2887,4.5276,4.4791,4.4325,4.1776,4.0199,4.4635
4.3852,4.2086,4.5593,5.5755,4.8606,4.1932,4.2574,3.9922,4.2887,4.5276,4.4791,4.4325,4.1776,4.0199,4.4635
4.3852,4.2086,4.5593,5.5755,4.8606,4.1932,4.2574,3.9922,4.2887,4.5276,4.4791,4.4325,4.1776,4.0199,4.4635
4.3852,4.2086,4.5593,5.5755,4.8606,4.1932,4.2574,3.9922,4.2887,4.5276,4.4791,4.4325,4.1776,4.0199,4.4635
4.3852,4.2086,4.5593,5.5755,4.8606,4.1932,4.2574,3.9922,4.2887,4.5276,4.4791,4.4325,4.1776,4.0199,4.4635
4.3852,4.2086,4.5593,5.5755,4.8606,4.1932,4.2574,3.9922,4.2887,4.5276,4.4791,4.4325,4.1776,4.0199,4.4635
4.3852,4.2086,4.5593,5.5755,4.8606,4.1932,4.2574,3.9922,4.2887,4.5276,4.4791,4.4325,4.1776,4.0199,4.4635
4.3852,4.2086,4.5593,5.5755,4.8606,4.1932,4.2574,3.9922,4.2887,4.5276,4.4791,4.4325,4.1776,4.0199,4.4635
4.3852,4.2086,4.5593,5.5755,4.8606,4.1932,4.2574,3.9922,4.2887,4.5276,4.4791,4.4325,4.1776,4.0199,4.4635
4.3852,4.2086,4.5593,5.5755,4.8606,4.1932,4.2574,3.9922,4.2887,4.5276,4.4791,4.4325,4.1776,4.0199,4.4635
4.3852,4.2086,4.5593,5.5755,4.8606,4.1932,4.2574,3.9922,4.2887,4.5276,4.4791,4.4325,4.1776,4.0199,4.4635
4.3852,4.2086,4.5593,5.5755,4.8606,4.1932,4.2574,3.9922,4.2887,4.5276,4.4791,4.4325,4.1776,4.0199,4.4635
4.3852,4.2086,4.5593,5.5755,4.8606,4.1932,4.2574,3.9922,4.2887,4.5276,4.4791,4.4325,4.1776,4.0199,4.4635
4.3852,4.2086,4.5593,5.5755,4.8606,4.1932,4.2574,3.9922,4.2887,4.5276,4.4791,4.4325,4.1776,4.0199,4.4635
4.3852,4.2086,4.5593,5.5755,4.8606,4.1932,4.2574,3.9922,4.2887,4.5276,4.4791,4.4325,4.1776,4.0199,4.4635
4.3852,4.2086,4.5593,5.5755,4.8606,4.1932,4.2574,3.9922,4.2887,4.5276,4.4791,4.4325,4.1776,4.0199,4.4635
4.3852,4.2086,4.5593,5.5755,4.8606,4.1932,4.2574,3.9922,4.2887,4.5276,4.4791,4.4325,4.1776,4.0199,4.4635
4.3852,4.2086,4.5593,5.5755,4.8606,4.1932,4.2574,3.9922,4.2887,4.5276,4.4791,4.4325,4.1776,4.0199,4.4635
4.3852,4.2086,4.5593,5.5755,4.8606,4.1932,4.2574,3.9922,4.2887,4.5276,4.4791,4.4325,4.1776,4.0199,4.4635
4.3852,4.2086,4.5593,5.5755,4.8606,4.1932,4.2574,3.9922,4.2887,4.5276,4.4791,4.4325,4.1776,4.0199,4.4635
