1
656.336548,124.150406,38.395962,65.959671
656.336548,124.150406,38.395962,65.959671
653.149414,127.118904,40.239403,69.170319
651.988281,137.849152,38.582203,66.359398
651.631470,141.563644,39.168015,67.369919
653.993530,136.435638,38.480991,66.054260
653.373291,132.278427,38.927231,66.965126
650.301575,136.547226,37.595684,64.694908
651.148804,141.062744,38.606014,66.292732
649.058594,143.083862,38.238842,65.845490
647.387756,144.788544,36.129433,62.117203
648.656494,139.521301,37.642208,64.703056
646.305176,135.144852,37.925541,65.351471
642.145325,132.186508,37.979347,65.184143
633.958801,133.435928,38.358440,65.742279
630.979187,134.875107,38.926365,66.707520
625.738892,142.946106,43.850739,75.338806
622.852295,150.847870,39.457249,67.628258
620.095520,157.273392,37.045311,63.833458
620.458801,155.771774,34.834148,60.039791
622.314209,154.712372,35.919472,61.833019
627.140381,151.335068,34.856953,60.033031
628.158508,148.811066,36.841427,63.080059
631.338806,149.537216,38.105167,65.500755
630.411377,151.898834,35.063530,60.303627
631.396606,143.667145,37.357674,64.236107
628.319031,130.087082,39.350544,67.665611
631.178284,128.240173,36.521328,62.538403
628.735718,127.958038,38.164894,65.598022
629.566223,134.009247,36.979420,63.544579
630.764465,142.855972,37.113541,63.541241
632.605896,135.330551,35.578484,60.845642
632.486633,141.553894,36.519054,62.560715
633.652527,156.303177,40.327477,69.342407
633.860596,158.564667,38.669556,66.184456
630.726990,145.425018,39.911186,68.494522
630.873291,136.393066,39.022026,67.039474
630.148865,129.941574,39.328644,67.312874
630.434631,127.393913,39.329582,67.438568
633.105713,122.710297,39.261562,67.542099
633.501282,125.626701,38.668457,66.476334
628.341553,121.852386,39.423920,67.797974
630.730042,116.197624,39.304928,67.580780
628.674744,119.566902,38.484058,66.217812
628.935547,124.870872,40.580814,69.714584
628.935547,124.870872,40.580814,69.714584
628.354797,128.482147,41.437107,71.140648
629.791016,128.257599,36.855793,63.347519
631.391052,128.467957,36.786263,63.105556
630.167175,126.556831,39.995640,68.701607
632.085510,128.310699,40.522705,69.611755
634.739624,131.787338,35.593903,61.115570
636.071289,138.037369,35.905884,61.632977
638.068359,135.510223,34.991383,60.068012
635.532104,133.225403,36.006660,61.826492
633.270508,135.783493,37.194439,63.894150
633.223328,141.969482,37.684750,64.745819
634.864197,148.163910,37.407127,64.139114
633.749939,148.162811,38.438427,65.926300
637.290283,147.448105,39.169350,67.152245
637.661865,144.850647,40.154755,68.900803
640.812744,147.521225,35.562897,61.245567
637.386047,148.859558,35.503052,61.131790
639.067993,147.570038,35.973099,61.918968
640.297729,147.439392,34.853958,59.912579
641.622925,147.095627,35.894768,61.755241
642.890808,147.203537,37.704514,64.795013
647.076111,155.012344,35.517494,61.184483
649.193115,146.780487,37.414719,64.097984
651.656616,142.832443,36.591682,62.790726
649.256042,139.658752,37.949955,64.979607
652.359192,133.080765,38.852196,66.894943
651.416870,134.553528,35.582577,61.163116
655.984985,135.881729,33.090412,56.861843
652.664917,123.380013,35.513474,61.035957
654.901917,125.936302,34.013485,58.429276
651.783447,129.997345,35.429386,60.663612
658.333130,144.923965,31.847300,54.687958
662.065735,157.527405,33.242496,57.014458
662.425415,161.245972,32.204300,55.206413
664.448547,164.698715,31.912773,54.775623
665.800903,163.373642,30.999794,53.129013
664.172302,156.515839,31.816282,54.574650
651.655579,156.649551,32.868629,56.380840
661.516846,150.992203,31.221655,53.627583
659.065857,144.018021,35.938557,61.403873
658.974365,144.155228,33.288433,57.014797
655.983398,141.427551,31.038065,53.276562
654.089478,145.355591,31.642797,54.201420
651.151428,146.190201,33.317421,57.116005
646.115845,146.999954,33.816822,57.985336
642.554626,149.896393,32.924915,56.418678
643.972961,154.587021,32.431999,55.665470
643.972961,154.587021,32.431999,55.665470
641.211426,154.294296,33.836700,58.095043
641.211426,154.294296,33.836700,58.095043
644.802063,151.799042,32.354805,55.570236
645.139832,150.459579,32.224102,55.342258
646.479248,156.056046,32.041740,54.929455
646.479248,156.056046,32.041740,54.929455
646.027527,156.387085,32.475746,55.839775
642.904297,154.432724,33.051796,56.824642
643.533203,153.176941,33.032528,56.816578
637.603027,151.514389,35.210106,60.431583
638.477844,156.671112,33.653351,57.737606
639.306213,155.118484,32.953671,56.558109
640.065613,150.954697,32.965626,56.753632
639.882507,152.805450,34.842808,59.817955
639.183411,156.271271,33.112503,57.015133
640.475220,156.535187,34.482533,59.174843
639.940430,148.658569,35.819260,61.531296
642.672913,152.570282,35.153893,60.355022
640.836548,157.025925,31.807457,54.713898
637.529968,163.404648,31.726110,54.534519
639.390137,164.774597,31.559515,54.237930
637.500793,160.656509,33.492889,57.828640
632.907104,155.319122,39.683407,68.172180
633.442566,161.546082,33.513027,57.527050
633.896057,159.030075,35.390827,60.865242
631.588196,157.345886,35.376877,60.844292
633.392761,156.581268,34.709595,59.678463
633.005127,155.325607,36.436649,62.660339
631.343384,153.020187,35.522312,60.999268
634.327698,150.619812,36.414219,62.482250
633.846741,150.394592,36.163200,62.238773
631.142639,150.083054,38.957161,66.986664
633.635254,152.993118,35.373535,60.993084
633.785156,152.744705,38.212284,65.695839
631.117737,152.492401,40.582203,69.724930
631.428772,153.044968,38.463535,66.190582
631.428772,153.044968,38.463535,66.190582
629.259033,150.616165,38.660305,66.570488
628.648254,149.048599,38.319962,65.984238
632.299866,149.515182,37.743362,65.029251
631.034058,143.647308,41.354023,71.049690
632.662842,136.643036,39.429554,67.950775
633.511414,131.841187,40.959232,70.365158
633.511414,131.841187,40.959232,70.365158
635.534546,131.901886,39.583801,68.009972
633.843018,135.346191,41.545246,71.369232
632.725037,137.902802,40.958138,70.432243
632.725037,137.902802,40.958138,70.432243
632.992249,140.430252,40.511162,69.727684
632.992798,143.079285,39.387611,67.656075
636.304749,145.970612,39.582176,68.090569
636.304749,145.970612,39.582176,68.090569
633.664978,146.305435,38.892109,66.667992
631.918091,146.474579,40.051056,68.899269
629.630737,149.410889,39.791809,68.681404
633.525391,153.930389,38.383907,66.052231
633.606750,155.983871,39.139050,67.564598
632.779480,157.634232,39.094086,67.200554
635.238831,152.734940,44.028839,75.432213
634.175537,154.770370,44.280373,76.236687
633.362000,157.004013,43.754509,75.042633
635.655334,161.707764,40.668880,69.976791
638.857056,160.064636,41.526051,71.258606
634.181580,152.638245,43.838608,75.411446
638.031555,158.136337,41.388756,70.960938
635.383667,153.857986,44.091354,75.868370
635.448853,154.925659,41.646351,71.732964
635.698425,151.254181,41.285862,71.123291
633.574524,152.389557,42.987801,73.623108
633.134827,154.782196,41.593849,71.667534
633.134827,154.782196,41.593849,71.667534
631.404846,148.212860,43.382759,74.323479
631.404846,148.212860,43.382759,74.323479
632.547668,150.779099,43.137459,73.884094
636.157227,151.366348,43.585602,74.652908
637.826843,150.059067,44.664577,76.647202
632.947571,145.695648,44.369400,76.018074
633.349121,148.601059,45.042377,77.095810
634.959900,151.975540,43.771156,74.873703
638.043457,151.342896,47.967804,82.149559
636.217102,149.165253,48.749458,83.497292
643.227051,151.117661,46.463882,79.696259
639.473694,151.124924,46.919250,80.521935
637.765259,147.887665,47.229988,81.385139
639.226501,144.809052,48.441822,83.176582
636.021729,144.254440,48.645874,83.854965
640.199707,148.506180,48.508034,83.289581
637.295532,151.143631,49.607357,85.016708
640.761536,146.182724,49.254677,84.844933
639.894348,146.565048,47.777245,82.411369
643.176636,145.812943,48.281971,83.214294
641.341492,141.038986,49.044861,84.058914
642.883240,140.531845,49.133884,84.800812
646.750061,136.420410,48.895515,84.379585
650.677307,138.795364,47.426929,81.953278
648.525208,133.249466,49.259869,84.996353
