1
37.647293,63.955032,69.327644,79.525284
42.701046,69.206024,69.149261,79.308655
47.548203,73.828590,69.347176,79.481728
55.382366,78.792862,69.304375,79.273605
63.795479,79.398354,69.552162,79.525551
74.741173,82.010284,69.657776,79.729065
82.959801,85.389694,69.686012,79.750740
87.900665,88.007828,69.949539,80.089432
98.626534,90.437782,70.162544,80.267136
108.058907,93.285583,69.833694,79.896111
118.824173,90.447342,70.182159,80.325989
124.042259,88.858902,70.321014,80.502625
129.677826,86.189583,70.504028,80.711502
134.834930,80.479378,70.564316,80.769783
139.654236,77.636459,70.518852,80.696724
143.674454,76.092407,70.451218,80.607903
152.464279,72.216705,70.426544,80.507477
158.477753,70.427147,70.279671,80.345184
173.606171,71.610519,70.745728,80.889336
189.123474,70.035355,70.952965,81.032471
205.797943,68.837479,71.391502,81.595322
223.093521,68.268639,70.805458,81.062164
239.085403,69.200790,70.751320,81.030663
254.937027,68.463684,70.893570,81.248512
268.632324,67.693008,70.849319,81.126556
278.967682,67.645020,70.607094,80.778755
287.578857,64.972229,70.848633,81.027504
289.457123,61.179409,70.968010,81.277214
290.937531,60.987968,70.417267,80.645477
284.741272,60.155319,70.209961,80.343918
276.483887,64.866714,69.752419,79.895958
261.181274,60.312038,69.817345,79.904266
245.598221,59.148586,69.876419,80.030182
228.653687,57.337906,70.190582,80.363266
217.372253,59.281235,70.370537,80.408035
201.180359,65.214996,70.240433,80.284241
186.458191,68.938354,70.093918,80.070129
171.369446,73.317741,69.905869,80.001839
162.451859,77.370827,70.152481,80.353149
147.585632,62.797894,70.293121,80.347389
139.941452,61.585499,69.918816,79.881332
129.978607,60.921234,69.848564,79.718491
125.837982,65.837120,69.658546,79.569855
123.891281,79.985474,69.380875,79.221909
117.550797,86.626869,69.330147,79.159821
114.155411,89.053215,69.105507,78.840240
110.140961,83.780106,69.567520,79.272079
108.841110,84.505371,69.840164,79.711937
104.391411,83.815865,69.699280,79.545479
102.424072,83.540619,69.808418,79.697014
105.763054,85.197388,69.411499,79.346100
113.046944,82.884872,69.222496,79.131599
128.631500,86.419968,69.100861,79.040520
153.033798,84.136932,68.950691,78.829277
170.803223,81.658463,68.771759,78.676308
189.280960,79.879372,69.194901,79.131554
208.291611,77.169106,69.098579,79.006416
227.714142,76.800667,69.317398,79.320045
243.841644,74.522797,69.448349,79.534546
258.479340,74.591240,69.665680,79.794060
271.455811,70.949333,69.837128,80.090240
284.850433,69.104271,69.367027,79.595612
294.271149,66.943275,69.632195,79.932152
302.603027,59.888718,70.121719,80.449875
307.018188,57.252537,69.767296,80.085205
304.072205,58.765808,69.886902,80.203690
302.235748,57.286434,70.018494,80.327919
294.380829,61.537544,70.235046,80.620995
281.769318,65.885963,69.712196,80.073334
264.613647,74.788925,69.876373,80.251915
244.471649,80.477631,70.190674,80.523918
220.235245,85.927414,70.195908,80.565170
199.115524,86.182068,70.262932,80.655479
170.401199,90.965843,70.408043,80.856918
136.002869,88.891884,70.863152,81.307487
117.146149,84.689117,70.520638,80.924950
95.183052,78.814873,70.177040,80.550957
82.626389,73.737366,70.560661,80.986732
58.425076,70.060257,70.388390,80.767189
38.042274,62.889832,70.623039,81.047974
14.195482,66.345337,70.867676,81.350555
-11.261317,74.079216,70.758736,81.209633
-9.915923,77.737656,70.211914,80.513641
-18.038914,79.614487,69.931252,80.187157
-22.204235,91.934235,69.752319,80.066315
-17.501722,88.566620,69.744614,79.953041
-17.605923,85.159004,69.139389,79.153198
-14.538462,82.315956,69.033165,79.004135
-10.903225,70.344940,69.152985,79.118279
-11.680136,68.686584,69.408142,79.462936
-9.379771,68.554359,69.419296,79.606064
1.153342,68.999489,68.295647,78.122017
-3.627821,79.090279,68.568840,78.531029
-7.696508,79.418793,68.775169,78.814293
17.813646,82.932236,68.920090,78.977310
28.825846,85.707672,68.553192,78.581604
40.976017,88.516754,68.558090,78.572945
55.519451,91.549034,68.503731,78.531448
61.378693,90.231667,68.750008,78.869667
75.776581,95.851334,68.849861,78.918701
98.362823,96.995720,68.572594,78.645638
115.245323,102.791801,68.947594,79.019051
138.199142,102.719635,69.099365,79.180443
157.126205,106.560402,68.793831,78.760269
183.597778,109.571167,68.735733,78.784126
206.050186,112.784492,68.498512,78.482803
229.710617,117.016685,68.383476,78.347885
254.282089,118.398491,68.585144,78.519821
277.645691,120.459869,68.357010,78.191742
299.023987,115.007004,68.168098,77.999283
318.472015,111.449829,68.248039,78.047165
342.320221,105.715324,68.653397,78.556892
351.174744,105.309052,68.586021,78.463463
354.723724,99.706375,68.840195,78.721565
359.181183,93.884285,67.969017,77.822533
357.942749,92.117905,68.122391,78.013855
346.632935,85.590042,68.213638,78.231537
337.794678,79.885361,68.407242,78.447067
315.970367,73.578423,68.339493,78.368698
302.652191,73.266968,68.423439,78.436745
287.277222,72.623482,67.905922,77.932182
274.203308,70.970848,68.113182,78.228043
264.752228,67.392647,68.378998,78.530029
265.495026,68.454018,68.462135,78.554703
254.132904,69.328186,68.830048,79.007507
248.605606,66.437759,68.696739,78.853729
253.151459,96.487572,68.244316,78.331482
247.939117,92.517151,68.041763,77.988617
237.472717,84.858498,68.193848,78.269623
216.942123,78.287544,68.087540,78.111702
193.297211,80.660362,68.442482,78.433052
179.612991,79.565186,68.967422,78.960106
158.370865,81.684967,68.867928,78.921791
154.675873,83.446083,69.029137,79.165291
158.330322,84.398293,68.850670,78.999039
176.445496,79.251984,69.289413,79.430603
197.267685,85.575157,69.159592,79.311531
218.091080,95.302406,69.017014,79.139076
234.382309,99.320862,69.259048,79.448616
249.519638,102.120697,69.286377,79.426071
255.094803,99.374420,69.333290,79.408653
258.481598,99.483742,69.826004,80.050262
257.072327,98.607178,69.598022,79.818726
253.694214,100.437057,70.091301,80.324242
245.966125,102.842133,70.268944,80.520599
240.358810,103.353653,69.952164,80.228439
242.167969,103.921417,70.259239,80.629807
233.380798,99.102226,70.100433,80.463943
227.799957,95.688004,69.920868,80.235474
219.044281,85.761856,69.658249,79.914680
233.116302,82.576950,69.569374,79.850403
243.091339,80.791473,69.908821,80.227516
256.647980,81.212532,69.961929,80.258904
279.022125,80.126419,69.741287,80.041222
288.027374,76.451622,69.774803,80.240280
300.174744,73.599976,69.603607,80.061501
306.147278,64.715240,69.641663,80.125206
308.432190,54.698273,69.601730,80.024330
310.736786,52.850307,69.948753,80.566238
304.999237,51.494343,69.488800,80.094482
301.381134,55.533722,68.846367,79.310349
293.301147,66.928406,69.174103,79.708870
284.888519,83.912628,69.074341,79.680870
276.022552,100.321808,69.135132,79.783691
267.608704,110.440735,69.221581,79.828880
264.965240,110.804237,69.180649,79.729141
261.474274,107.411125,68.660614,79.158333
250.623230,102.828964,68.479240,78.975685
237.923828,93.636147,68.480194,79.027634
228.125473,82.550415,68.766144,79.472839
214.268982,77.420601,68.766113,79.443405
200.063858,76.916389,68.354477,79.013687
208.157166,72.353760,68.639824,79.390739
206.461243,78.066231,68.522339,79.163658
197.483322,69.806656,68.378937,79.055305
182.706375,72.252823,68.540298,79.324745
160.625656,86.494667,68.354485,79.095551
144.698669,95.864525,68.379791,79.056686
148.637680,101.517754,68.111145,78.638824
153.494324,103.051689,67.931885,78.443321
159.245529,102.916214,67.533920,77.891563
163.557922,96.601166,67.487633,77.735718
166.618729,98.696739,67.299911,77.533882
185.490265,99.746864,67.374146,77.610634
193.961670,94.970810,67.126892,77.353470
203.708588,86.995956,67.530861,77.847275
205.639954,83.583633,67.946068,78.264397
212.267181,78.397797,67.907501,78.240997
220.607834,71.149094,67.571167,77.893845
222.378845,63.485809,67.032051,77.400368
217.838196,59.365902,67.292236,77.820580
214.168671,56.494774,67.894325,78.574577
213.096207,69.454170,68.123344,78.879578
216.575577,69.844788,68.322609,79.069305
222.262039,70.266663,68.165375,78.894577
222.360474,73.114929,67.288780,77.806259
220.119507,77.919983,67.511139,78.001968
217.472458,78.184357,67.614571,78.108894
220.353790,78.972809,67.609665,78.063339
223.985413,78.179123,67.782692,78.165367
239.002609,77.292274,67.509659,77.879921
246.122940,81.166306,67.562485,77.904877
272.614716,81.896843,67.511230,77.874626
283.265503,82.385033,67.902725,78.349724
263.496094,74.555092,67.855034,78.280128
250.215622,74.507004,67.119614,77.491791
232.118515,80.392365,67.218437,77.568291
231.289993,83.301155,67.150330,77.419693
238.232635,86.023567,67.256744,77.624084
246.275116,91.774338,67.478485,77.953865
236.302338,84.744225,67.636238,78.044853
225.472488,87.098679,67.241966,77.564217
207.376907,85.673515,67.552193,77.896278
189.056854,88.499794,67.350288,77.790520
169.336472,99.040504,67.296661,77.765457
152.072113,103.772354,67.368736,77.800476
142.747162,111.358322,67.205009,77.652306
146.155945,112.210693,66.740143,77.217987
153.438766,113.167183,66.898239,77.373817
167.736816,106.434959,67.216125,77.744453
173.664886,101.494858,67.543526,78.142746
182.122833,92.021461,67.763855,78.419151
187.582550,80.741203,67.301323,77.961067
197.292191,69.228409,67.144173,77.787422
215.994720,63.846333,67.007835,77.588272
230.190018,60.026554,66.729836,77.244766
238.109329,56.416142,66.648598,77.122513
238.864395,59.341663,67.077492,77.593758
242.174561,64.277306,67.456772,78.028931
237.677673,61.165913,67.731033,78.384941
227.237442,68.395889,67.772896,78.458611
211.929749,78.484764,67.656639,78.293007
192.760147,88.876373,67.838615,78.464012
183.088272,100.458977,67.991570,78.515343
177.471710,104.547615,68.294029,78.881874
181.713562,100.458466,68.509003,79.134422
182.015686,97.729149,68.537529,79.194313
182.818832,96.150673,68.841080,79.614647
188.989105,88.769676,69.044518,79.839195
194.717804,88.636459,69.444321,80.313301
215.895401,80.187981,69.807663,80.809875
218.877594,76.242798,70.045494,80.995117
225.170807,79.106544,70.041893,80.876198
228.835312,84.363617,69.815659,80.564651
233.812149,96.306343,70.086342,80.955040
238.482910,97.734909,70.171440,81.073441
236.672043,100.029327,69.766441,80.454285
234.907471,101.975258,69.391624,79.980545
223.933945,96.382507,69.374756,79.991692
206.039749,96.488876,69.442795,80.072296
202.015198,95.708229,69.456696,80.034447
193.963821,92.864708,69.249062,79.757858
187.888504,92.830292,69.343925,79.824265
189.110550,107.276566,69.311142,79.724602
178.416046,138.434769,69.145897,79.470818
200.022995,124.356895,68.827988,79.175056
207.626572,117.780334,68.917648,79.363609
215.428879,109.696075,69.342056,79.958969
226.076111,104.636627,69.398346,80.114365
228.720444,101.607361,69.590416,80.314644
237.900406,113.459541,69.653122,80.370033
220.502991,105.538574,69.408783,80.032433
198.424957,78.300926,69.653442,80.269958
189.123276,76.012794,69.657944,80.377853
180.605621,70.730873,69.606941,80.225098
194.002319,84.338844,69.503197,80.097588
188.966492,53.090866,70.327118,80.975342
189.290894,65.585754,70.340462,80.917374
196.046814,56.295124,70.052231,80.562241
198.882751,49.931702,70.427223,81.061523
191.456848,48.573334,70.337631,80.958450
186.441788,48.510643,69.999336,80.610245
176.124832,50.947880,69.662888,80.172218
173.940506,55.702847,69.814034,80.268997
159.864044,64.239174,69.834358,80.337418
150.450836,66.434044,69.583267,80.053535
141.149033,66.359680,69.853661,80.395523
130.884232,70.922050,69.617744,80.056259
123.297661,74.819885,69.477509,79.880936
121.882942,70.187897,69.268013,79.579674
128.740997,60.569336,69.499954,79.871994
137.908066,58.666241,69.719597,80.168556
151.566483,55.800060,69.863510,80.308136
177.074127,57.053604,70.058174,80.650459
197.709808,61.290760,70.372704,81.003937
214.968658,67.230713,70.540955,81.060425
238.160477,66.014870,70.470184,81.027550
250.289444,83.100174,70.634552,81.295303
262.783783,80.904808,71.372543,81.953201
260.068756,82.323135,71.288620,81.852760
251.242004,74.654129,71.222885,81.740906
241.582535,65.206207,71.431511,82.076920
238.943771,63.848927,70.858978,81.493752
237.727295,67.528687,70.820686,81.575661
234.313919,76.420845,70.646812,81.360741
232.337418,80.889091,70.850754,81.586876
228.569687,80.437897,70.671867,81.300987
222.339462,81.464706,71.131050,81.900215
211.356003,78.452126,71.344681,82.157585
210.327759,74.268723,71.027924,81.845306
196.626678,89.963150,71.563469,82.440651
204.199448,91.796677,71.497314,82.368202
213.770996,93.688828,71.043678,81.732162
228.870041,98.599495,70.787102,81.559143
238.348145,97.404846,71.240486,81.900055
245.355804,102.088303,71.470169,82.171631
256.880188,97.739830,71.259995,81.932442
249.012375,95.162567,71.299072,81.989937
248.225113,94.061707,70.933922,81.436279
244.368759,96.993156,71.271919,81.841087
240.496506,92.546051,71.444656,82.090446
226.284286,73.907539,71.263390,81.877502
196.643494,66.909515,71.455811,82.030190
158.633453,76.116394,71.647865,82.120201
147.042267,79.492744,71.678978,82.116585
149.046173,81.323891,72.048668,82.627243
168.551529,72.180283,71.638763,82.154068
199.862137,63.594997,71.882423,82.417656
229.958069,60.242332,71.349693,81.704872
252.920990,69.265816,71.653816,82.114395
285.904846,69.893829,71.741425,82.136520
282.123108,62.308540,71.392738,81.755569
253.069077,61.447117,71.362083,81.742348
220.851349,60.169342,71.660965,82.104218
189.638947,73.191963,71.494400,81.994965
173.317719,87.053658,71.162903,81.656746
158.595047,108.471550,70.980652,81.375206
166.237183,109.919357,70.639282,81.105194
190.419846,114.391670,70.797470,81.299179
203.701019,101.978256,70.447083,80.873604
227.107208,89.617912,70.638298,81.108978
241.540237,76.369560,70.555084,81.058365
240.242935,72.903839,71.412262,82.046532
219.091431,80.106819,71.446762,82.055374
197.221237,94.531670,71.510620,82.101280
189.389847,103.449661,70.976410,81.518135
189.999802,106.847878,71.508301,82.114365
201.191498,111.202744,71.399605,82.136803
223.471329,116.077843,71.201859,81.925011
264.121887,114.876060,71.576530,82.273254
293.408142,106.642387,71.556206,82.192139
324.642426,92.457291,71.648087,82.365021
337.754669,71.458153,71.764763,82.591591
314.902985,66.790039,71.812965,82.708496
276.914703,74.914925,71.339272,82.190155
248.021713,77.645401,71.045509,81.895859
223.097305,76.747231,71.007812,81.778091
188.140854,78.535149,70.937210,81.656792
157.324585,82.424683,70.773727,81.478561
133.631210,98.944992,71.166519,81.948997
132.744644,104.092316,71.071495,81.857368
144.984543,107.644485,71.311752,82.147728
114.280746,48.624435,70.450706,81.137360
146.859680,109.119736,69.575615,80.290237
2
0
0
0
0
1
125.405579,95.964607,66.951111,81.872093
131.405563,96.826538,67.127296,82.073235
146.698334,92.044373,67.487991,82.565292
153.553253,84.278801,67.359802,82.385925
