1
38.646557,64.540443,65.169273,74.725723
44.152775,68.615997,65.307755,74.849205
49.840290,75.850334,65.527962,75.058952
58.822384,80.050636,65.504799,75.108475
68.568657,81.453819,65.357216,74.972076
79.500275,86.369522,65.235306,74.799873
85.221146,88.714157,65.147751,74.670113
93.166145,91.907959,65.574440,75.186279
101.896774,95.488892,65.102982,74.694756
111.106606,96.595169,64.618408,74.049660
120.269203,96.505600,64.432739,73.895622
127.555176,94.712425,64.320824,73.763847
131.785980,91.828796,64.364883,73.836868
137.339752,86.095688,64.412010,73.963898
144.208618,83.877739,64.404633,73.901199
150.082733,80.168388,63.648487,73.035759
154.965652,79.546761,63.800522,73.210785
163.850571,75.895241,64.042877,73.522636
178.042465,74.210098,64.034210,73.448524
194.339005,76.133553,64.014954,73.458664
209.382248,72.086494,64.076881,73.458572
226.431229,76.352737,64.108307,73.385071
242.714890,72.810806,64.301010,73.657761
258.197723,71.607452,64.451462,73.836441
271.439392,73.342186,64.661049,74.060135
282.640442,73.099686,65.005791,74.500252
293.708679,69.618500,64.937134,74.476028
296.688507,67.627068,64.705238,74.261681
295.202576,65.538872,64.940201,74.426842
287.217651,68.056122,64.794662,74.279427
274.833771,68.913200,64.905792,74.465034
261.902740,66.619247,65.174957,74.781876
249.262970,65.917313,65.356979,75.022697
233.569473,65.472641,64.836830,74.431267
219.979507,65.975830,64.927406,74.537941
201.859085,69.277618,64.626961,74.221153
185.554001,76.012978,64.637787,74.224670
169.116180,77.931961,64.157669,73.573685
161.497330,78.921951,63.871853,73.177307
150.482040,65.116219,63.859058,73.200447
138.914139,62.362614,63.942257,73.464760
134.988724,64.118393,64.226418,73.789856
128.958008,67.913712,64.197708,73.697998
125.142700,91.148323,63.694092,73.011856
118.280884,95.639763,63.914532,73.309464
114.898979,93.821045,63.786823,73.173210
112.482964,91.643616,63.796387,73.209450
109.045067,90.227913,63.918388,73.330368
105.892258,90.979118,63.848392,73.345886
104.089417,91.302887,64.145050,73.696602
108.766029,92.656517,64.427147,73.959358
116.443581,92.704849,64.451462,74.084656
127.596634,89.486221,65.190880,74.961273
149.188202,85.668121,65.243294,74.978859
169.172546,87.547493,65.770035,75.532471
192.072632,83.221924,65.500114,75.219528
212.778625,84.588661,65.483902,75.196449
227.139404,82.685875,64.893791,74.497108
245.499298,81.971199,64.562363,74.037971
258.136078,78.842232,64.646988,74.179893
273.211121,78.222610,64.561440,74.146103
287.594055,72.593964,64.378510,73.854744
298.199921,73.422874,64.203079,73.635132
303.185272,66.901329,64.121628,73.548439
309.195709,66.023949,64.178207,73.690514
307.792023,64.901230,63.964260,73.533226
305.893250,64.672035,64.130783,73.749023
296.937195,68.981789,64.294914,74.014641
280.888489,73.977760,65.059845,74.957077
261.422272,77.083565,65.375534,75.309669
242.424271,86.261963,66.107819,76.271263
218.703278,87.497398,65.845795,76.049911
194.508179,92.780525,66.048798,76.191299
166.683304,96.431160,65.877365,75.770294
140.810028,98.825775,66.038940,75.940498
119.481056,90.355103,65.940125,75.794266
99.759201,90.259720,65.804741,75.566818
76.344543,81.129677,65.816345,75.527527
60.327740,73.854675,65.623009,75.291008
36.107067,74.521614,65.759293,75.463715
15.521476,74.275078,65.611053,75.235573
-6.548688,77.922974,66.023430,75.686569
-7.499391,80.158669,66.185005,75.921867
-15.157144,81.792160,65.977264,75.848351
-20.563995,98.395119,66.261208,76.196030
-19.422729,99.563438,65.653107,75.564415
-17.028887,93.088791,65.943527,75.819656
-11.772430,82.955605,66.136528,76.138367
-20.319515,105.098228,66.367477,76.357231
-18.869036,102.472527,65.735382,75.705070
-7.780158,68.940788,66.023384,76.031517
-6.727004,64.012939,65.637276,75.530396
-5.139661,81.428741,66.073166,76.081963
-5.426896,84.202255,66.316879,76.323761
24.661554,90.904305,66.232002,76.202293
28.030283,92.467056,66.135010,76.130547
33.690929,91.914848,66.406616,76.349274
50.542370,96.707779,66.489487,76.409218
65.037323,98.143402,66.701103,76.711067
78.671837,100.709335,66.786369,76.815903
100.067451,104.259377,66.302734,76.211617
118.304802,106.405006,66.138458,76.030609
135.262939,110.475220,66.391174,76.402367
158.187714,113.372040,66.338371,76.445229
182.701370,115.329308,66.753922,76.857773
203.170547,116.951294,66.561302,76.642944
227.638809,117.473511,66.499825,76.606918
252.233124,124.241058,66.650421,76.803444
274.068359,122.401237,66.734001,77.016823
293.761597,117.017067,66.933136,77.241432
318.304596,114.985054,67.029007,77.307213
337.602966,113.623650,67.158623,77.512581
347.726257,109.144402,67.258316,77.678894
356.564453,101.632767,66.859955,77.178261
355.450562,101.552521,67.146759,77.425079
355.458954,97.505829,66.985283,77.235634
345.491058,92.589828,67.044708,77.301750
332.364227,86.018089,66.826241,77.051315
316.157440,80.877571,67.631615,77.843636
301.742004,77.270943,67.948891,78.114586
284.692200,75.011940,67.424202,77.391724
271.780334,76.596481,67.249481,77.244980
264.868774,69.927544,67.157768,77.152237
263.323578,66.064751,67.605171,77.527000
257.293915,73.103172,67.281654,77.134155
250.041412,80.703491,67.084221,76.905739
249.555923,100.080986,67.695091,77.679825
246.796448,100.288361,67.702934,77.661804
241.030273,92.504326,67.838097,77.726601
217.783722,81.040382,67.417198,77.240944
198.456375,83.476555,67.915215,77.807884
174.568817,85.760193,68.325523,78.363113
161.752045,81.709457,68.695335,78.722794
154.373352,86.011848,68.970192,79.002106
157.137955,89.694420,68.881439,78.866966
173.180756,91.137177,68.790466,78.739899
192.530472,87.960876,68.588303,78.430107
216.936600,99.286858,68.251167,78.103912
236.555481,104.491432,68.215591,78.063011
252.935715,105.792656,68.565025,78.420944
260.089172,103.992577,68.347771,78.200523
259.524902,102.042664,68.314270,78.277245
259.586548,102.169189,68.447258,78.452301
256.317474,105.023720,68.161682,78.011177
253.662109,108.739281,68.123955,77.926392
245.309982,107.338051,67.732735,77.445900
240.105530,110.790688,67.836121,77.625679
237.446121,105.504944,68.031982,77.927795
229.759064,100.281418,67.991783,77.876892
219.007767,97.071106,67.653503,77.554214
233.990570,91.902985,67.662804,77.572060
244.504654,89.116234,67.789932,77.708435
262.757263,88.932922,67.771004,77.672890
276.409821,84.654999,67.646202,77.489548
290.180908,82.282257,66.832909,76.559280
298.561188,79.735901,67.313889,77.135521
308.922028,70.688210,67.660439,77.568054
308.276733,59.296459,67.537064,77.475380
308.541138,54.658295,67.470787,77.298195
307.250702,53.903214,67.364189,77.206657
299.961304,60.810173,67.681465,77.557808
295.141113,70.448288,67.877701,77.758713
280.585205,90.643272,67.875175,77.847961
274.032501,103.426331,68.110329,78.151024
264.558746,113.714966,67.403458,77.409515
263.120514,114.917610,67.857178,77.885262
257.092682,111.164078,67.788673,77.867020
251.028946,101.317169,68.010071,78.012444
232.460785,92.880569,68.276672,78.241341
224.563171,83.512070,68.724327,78.777763
212.685486,77.997978,68.497681,78.505402
200.942673,80.227798,68.539978,78.494087
206.852173,74.338425,68.324196,78.274437
214.847641,77.169930,68.675667,78.659195
207.848083,75.124825,68.374947,78.365097
186.099670,77.191216,68.286331,78.210655
163.257202,87.688789,68.559410,78.584511
149.752640,96.112625,68.850212,78.891571
150.297852,101.592461,68.746857,78.749535
159.539795,102.246758,68.603081,78.541389
165.304001,99.988510,68.033913,77.929581
163.974655,99.589691,68.099907,77.987282
167.179062,99.720505,68.294395,78.211357
186.548340,95.500938,68.164658,78.084610
202.012283,101.617500,67.929230,77.826241
207.605225,94.511864,67.513268,77.346169
210.170105,89.438774,67.047523,76.767395
208.334000,84.756752,67.207642,77.069801
218.705215,78.661591,67.276688,77.167694
225.963745,72.320343,67.454407,77.295341
217.725906,58.791443,67.704941,77.543121
215.733475,64.688736,67.495827,77.388390
216.391281,69.636269,67.919678,77.991135
215.568787,76.582024,67.109627,77.014694
217.994476,81.435051,67.440163,77.435600
215.564697,81.015579,67.523514,77.499931
214.097015,83.816071,67.425438,77.486641
215.139145,83.847580,67.522896,77.447311
219.278076,84.152878,67.632072,77.640465
223.624588,79.273415,67.854141,78.004013
234.562622,79.425850,68.112259,78.294708
247.900406,80.882050,68.340981,78.585381
269.712799,84.915886,67.783501,77.926216
279.282227,82.048103,68.094574,78.327507
259.771301,78.123848,67.657280,77.785049
242.018738,81.672661,67.917084,78.060753
232.177628,77.935326,67.761108,77.932877
230.098984,82.904724,68.625244,78.995178
237.469589,87.169327,68.527199,78.946014
243.522644,90.076057,68.475533,78.828300
242.530258,97.127708,68.682175,79.095894
225.043854,83.329948,69.069099,79.491852
206.899857,85.838280,69.160660,79.585167
185.678558,89.451759,68.891281,79.199936
168.452133,101.051598,68.728668,78.981522
156.666229,105.795631,68.494827,78.747299
146.049927,117.244217,68.258797,78.406853
147.956451,114.556816,67.964088,78.106339
158.486084,117.866165,67.620766,77.709488
169.598404,111.605316,67.688652,77.762016
177.194458,103.821098,67.600677,77.633835
183.478821,94.050049,67.517792,77.613983
188.700699,88.046341,67.629654,77.808739
197.684250,73.503563,67.809959,78.014175
213.616974,65.753685,67.741631,78.016151
227.314316,63.878880,67.720490,77.951897
234.453217,58.809803,67.406822,77.493347
240.093292,63.307003,67.493904,77.578926
241.578979,66.664497,67.807747,77.908562
238.415573,68.948959,67.788719,77.900299
225.482040,71.822357,67.434761,77.507248
212.394882,81.932373,66.992477,76.980904
192.881851,92.862106,66.951546,76.939369
178.195969,105.544655,67.041962,77.001167
172.515701,109.140625,67.428436,77.384117
178.416473,102.703819,67.334511,77.317070
183.498352,99.834305,66.618492,76.453079
176.761368,101.190300,66.896339,76.760361
189.606308,94.888702,67.257057,77.154518
193.763855,90.039986,67.514427,77.378609
213.075119,84.350029,68.298790,78.281235
222.237061,79.983284,67.937256,77.846489
226.496078,81.356590,68.261452,78.265282
227.418396,88.697411,69.071587,79.159317
234.580109,96.358772,69.217567,79.341553
237.902512,99.668793,69.397194,79.583557
237.760010,99.877441,69.110649,79.266006
235.432144,99.243896,68.669907,78.759697
224.700958,99.517738,68.592392,78.651474
204.684525,100.706116,68.609375,78.684586
201.240128,99.501053,68.324860,78.388939
196.081360,103.923584,68.432556,78.530739
191.854202,112.808083,68.463409,78.592354
203.404327,138.171738,68.689804,78.867683
193.930435,135.570496,68.381218,78.514954
200.675705,128.453873,68.187531,78.256599
206.843903,119.098137,68.561935,78.680328
215.292648,113.402435,68.214569,78.302734
224.912201,106.111916,68.211159,78.246758
223.731491,107.781288,67.777740,77.796791
228.668732,108.853539,67.538399,77.547226
208.558594,83.061195,67.704201,77.731537
197.176956,84.042168,68.059784,78.111717
189.017654,78.311523,68.725372,78.916840
180.485016,79.002739,68.825485,79.021881
193.587158,105.174850,68.728523,78.945175
192.761581,83.439926,68.629250,78.780075
194.548813,68.187195,68.500198,78.602135
198.589310,61.361767,68.876732,79.038765
197.438339,58.151112,69.096886,79.170204
182.401917,58.357456,69.431885,79.560127
187.067856,53.148449,69.911346,80.249268
182.684479,56.233517,69.568710,79.889198
176.829514,58.085155,69.577957,79.923592
161.862747,66.091637,70.006081,80.388222
153.706619,66.849876,70.314659,80.638191
142.405670,68.164116,70.075493,80.282196
129.772949,75.683495,69.729164,79.970009
123.898880,77.044930,69.624290,79.909065
122.842499,73.810646,69.520378,79.718277
125.231133,67.149727,69.579880,79.849373
140.584671,59.516769,69.360466,79.678452
151.545135,60.709896,69.906158,80.359108
179.998306,57.308823,70.090195,80.565269
203.838562,64.098915,70.489670,81.023735
219.368042,73.794121,70.397438,80.908417
240.513824,83.168289,70.662949,81.218994
262.353027,91.153618,70.941933,81.594810
267.780884,92.724533,70.706604,81.418152
266.477448,85.332977,70.474182,81.168633
254.006760,79.969337,69.960297,80.534859
246.428101,68.383766,69.523857,80.121918
241.983505,65.389366,69.389549,79.975616
237.953323,70.905052,69.284981,79.903130
239.495270,82.144897,69.716866,80.397720
237.041412,84.814934,69.583755,80.343315
231.522995,83.978424,69.433098,80.177895
221.424728,83.456512,69.015213,79.772476
214.882278,81.543274,68.953720,79.775642
203.612549,88.603287,68.372650,79.189598
196.864868,90.716843,68.496475,79.331726
202.561447,98.042137,68.416443,79.219162
210.006134,95.577789,68.446686,79.267166
234.580551,102.051208,68.344994,79.234879
242.503021,107.879211,68.528877,79.442459
257.316193,107.300072,68.963585,79.709229
255.964951,101.461006,68.963501,79.743729
252.122574,95.885254,69.230392,80.128220
247.070709,95.163437,69.267426,80.072960
241.303391,97.955513,69.476425,80.399307
239.657272,95.256729,69.693741,80.763565
229.362839,82.638641,69.363907,80.414040
190.201172,73.794411,69.351509,80.355804
169.130722,76.255814,69.441704,80.484665
151.490128,81.883171,69.349861,80.311989
148.888062,85.516251,69.827065,80.914574
170.454269,72.089546,69.749550,80.875458
198.142273,72.059845,69.227325,80.229836
225.797623,67.716064,69.447105,80.531113
256.835876,74.142876,69.357018,80.458260
284.222321,69.153839,69.245232,80.339294
284.449371,66.055634,69.069916,80.066231
259.197968,67.967300,69.085335,80.022560
223.907806,75.043793,68.620155,79.563324
191.823303,75.699081,68.706985,79.546494
177.046799,88.214073,69.123024,80.046547
162.397491,122.420746,69.153625,80.072678
168.428131,114.705528,69.876442,80.921318
188.185242,118.537804,69.828247,80.871895
197.396957,108.641953,69.893089,80.875237
219.252502,92.658417,69.923286,81.016998
237.911804,80.078072,69.616447,80.684708
240.151764,77.046875,69.582558,80.651482
217.765274,84.273224,69.525436,80.590721
200.923813,96.818466,69.394157,80.316261
184.513138,106.512794,69.428032,80.347725
188.825348,113.469833,69.505157,80.363045
203.046646,115.359207,69.631821,80.463844
237.465469,117.891479,69.477570,80.284180
270.133484,123.881035,69.841888,80.780754
296.341614,109.615822,69.428452,80.255569
327.584503,96.379875,69.583481,80.471016
337.888306,75.564407,69.600853,80.540192
310.224487,70.066956,69.708328,80.623253
279.506073,77.232216,69.772072,80.584503
251.484390,88.031967,69.853699,80.631516
215.225555,74.863594,69.989479,80.753654
183.689224,81.649406,69.904617,80.702454
158.886856,89.447243,70.364754,81.209015
138.170990,98.389771,70.321869,81.149193
134.894379,107.476379,70.046684,80.690559
121.400757,116.518501,69.593613,80.145302
104.863846,114.352798,69.398605,79.926010
2
0
0
0
0
1
125.771141,92.040527,70.255829,80.572937
120.007050,95.688225,70.469032,80.878410
123.945763,95.468620,70.685730,81.153893
143.374619,92.320312,70.856651,81.284569
124.028549,96.375351,71.369827,81.912407
