1
174.31,27.90,173.43,80.36,194.11,80.71,194.99,28.25
173.85,26.39,176.14,80.44,197.47,79.54,195.18,25.49
175.49,24.84,177.99,80.35,199.88,79.37,197.38,23.85
176.14,22.90,178.38,76.13,202.19,75.13,199.94,21.90
173.88,24.86,175.63,77.09,199.43,76.30,197.68,24.06
173.31,22.73,172.38,78.17,196.83,78.59,197.76,23.14
169.01,24.24,167.95,79.09,192.52,79.56,193.58,24.72
165.65,29.02,167.17,81.66,190.56,80.98,189.04,28.34
163.66,29.61,163.77,84.02,187.53,83.98,187.42,29.56
161.43,28.75,161.97,85.31,185.76,85.08,185.22,28.52
158.76,29.28,156.87,83.65,180.18,84.45,182.06,30.09
155.70,27.12,156.44,81.21,180.57,80.88,179.83,26.79
154.53,25.84,154.60,82.64,178.98,82.61,178.90,25.81
155.12,30.46,153.90,87.07,175.75,87.55,176.98,30.93
156.19,33.03,153.62,83.13,175.33,84.25,177.90,34.14
156.41,40.02,154.96,83.74,180.34,84.59,181.79,40.87
156.10,39.08,154.80,88.25,184.46,89.03,185.75,39.86
151.32,45.26,162.27,89.29,191.65,81.99,180.70,37.95
149.75,44.90,190.89,44.90,190.89,86.04,149.75,86.04
147.96,45.85,188.81,45.85,188.81,86.70,147.96,86.70
147.53,51.47,187.15,51.47,187.15,91.09,147.53,91.09
145.01,54.42,185.18,54.42,185.18,94.58,145.01,94.58
137.99,57.22,179.92,57.22,179.92,99.15,137.99,99.15
136.34,60.16,176.81,60.16,176.81,100.63,136.34,100.63
125.79,64.69,138.28,110.02,173.62,100.28,161.13,54.95
121.98,67.67,139.12,112.84,175.69,98.97,158.55,53.80
126.54,64.62,137.45,113.94,174.08,105.84,163.17,56.52
141.44,60.90,131.59,109.47,165.84,116.42,175.69,67.84
151.15,67.28,133.10,105.58,161.61,119.01,179.65,80.71
152.61,75.42,137.82,115.66,170.41,127.63,185.20,87.40
143.08,87.18,184.42,87.18,184.42,128.51,143.08,128.51
145.68,90.68,186.98,90.68,186.98,131.98,145.68,131.98
150.80,94.45,153.64,137.94,188.47,135.67,185.63,92.17
144.11,117.30,167.50,154.58,198.32,135.26,174.93,97.97
202.08,131.36,166.37,102.60,145.30,128.77,181.00,157.53
201.34,135.43,165.90,107.86,145.34,134.30,180.78,161.87
199.95,138.64,164.53,112.21,144.69,138.80,180.11,165.23
199.12,131.45,158.15,114.10,145.21,144.65,186.18,162.00
198.40,134.05,157.16,116.80,144.10,148.03,185.35,165.28
196.48,138.26,157.08,122.02,143.76,154.33,183.17,170.57
195.22,144.62,155.77,127.65,143.44,156.32,182.89,173.29
194.70,149.65,153.28,132.65,141.96,160.24,183.37,177.24
190.35,146.84,146.07,138.51,140.33,168.96,184.61,177.30
190.17,146.21,145.26,138.69,139.84,171.06,184.74,178.58
193.14,150.54,151.28,136.38,140.83,167.28,182.69,181.43
195.84,148.84,147.39,137.64,139.92,169.96,188.37,181.17
198.99,152.03,149.81,137.14,140.68,167.29,189.86,182.18
201.15,149.02,152.17,133.41,141.61,166.54,190.59,182.14
203.15,154.46,157.13,130.34,139.32,164.33,185.35,188.45
147.01,131.87,189.07,131.87,189.07,173.93,147.01,173.93
198.79,144.28,159.81,122.71,142.93,153.22,181.90,174.79
197.65,122.57,155.05,114.05,148.21,148.22,190.82,156.75
200.39,121.67,157.98,109.39,147.86,144.34,190.28,156.62
154.79,106.48,197.78,106.48,197.78,149.47,154.79,149.47
204.47,129.94,174.82,96.83,146.92,121.82,176.58,154.92
157.04,101.01,197.38,101.01,197.38,141.36,157.04,141.36
157.62,94.08,197.53,94.08,197.53,134.00,157.62,134.00
161.25,90.71,198.65,90.71,198.65,128.11,161.25,128.11
163.30,84.10,195.80,84.10,195.80,116.60,163.30,116.60
193.18,82.52,162.85,69.22,152.50,92.84,182.83,106.13
159.09,107.89,162.45,139.60,186.91,137.00,183.55,105.30
157.97,104.61,161.80,138.58,185.31,135.93,181.48,101.96
157.90,100.16,160.58,138.34,180.41,136.95,177.73,98.77
155.45,93.50,159.69,135.94,178.76,134.04,174.52,91.59
156.60,90.08,156.83,134.28,180.24,134.16,180.01,89.96
156.11,88.71,156.10,134.98,181.16,134.98,181.17,88.71
156.95,88.49,154.37,135.31,179.10,136.67,181.68,89.85
158.08,88.67,153.24,137.32,174.32,139.42,179.17,90.77
156.43,86.17,154.98,137.77,177.26,138.40,178.71,86.79
156.85,86.07,155.22,137.23,175.68,137.89,177.31,86.72
153.89,86.76,156.64,132.67,177.26,131.43,174.50,85.52
155.03,91.77,156.75,137.29,175.78,136.58,174.07,91.06
152.31,92.75,158.20,139.06,177.76,136.57,171.87,90.26
152.76,92.23,158.59,140.57,176.98,138.36,171.15,90.01
149.99,94.15,154.67,140.65,175.67,138.54,170.99,92.03
146.29,97.22,152.37,142.96,176.26,139.79,170.18,94.05
139.25,97.86,145.44,147.27,177.13,143.30,170.94,93.89
145.90,95.93,140.94,144.66,172.75,147.89,177.70,99.16
144.63,96.59,139.33,147.10,171.13,150.44,176.43,99.93
139.09,91.30,129.22,145.88,170.65,153.38,180.53,98.80
141.91,86.83,125.57,143.96,169.99,156.66,186.33,99.54
160.83,96.66,164.35,143.16,178.97,142.05,175.45,95.55
163.65,97.34,166.66,145.00,181.20,144.08,178.20,96.42
164.11,96.59,163.76,145.11,182.24,145.24,182.59,96.72
164.92,95.98,163.77,144.54,181.59,144.96,182.74,96.40
164.69,96.13,158.50,140.12,174.87,142.43,181.06,98.43
164.72,95.87,160.11,141.57,177.56,143.33,182.17,97.63
162.06,96.17,156.66,142.20,175.15,144.37,180.55,98.34
161.75,96.18,157.12,143.01,176.00,144.87,180.62,98.04
161.95,95.98,156.32,138.58,174.24,140.95,179.88,98.34
161.23,96.26,157.43,139.20,175.52,140.80,179.33,97.86
161.13,95.47,157.15,140.12,176.20,141.82,180.19,97.17
162.14,92.79,154.79,140.17,175.13,143.32,182.48,95.95
164.12,93.15,158.32,141.25,179.13,143.75,184.93,95.66
164.92,92.89,158.50,140.91,179.98,143.78,186.41,95.76
165.93,92.50,158.72,141.39,180.13,144.55,187.34,95.66
166.02,93.05,158.03,140.79,178.39,144.20,186.37,96.46
166.65,92.75,159.57,141.04,179.64,143.98,186.72,95.69
166.59,92.63,159.81,142.24,180.18,145.03,186.95,95.41
166.98,92.73,160.23,142.54,180.07,145.22,186.82,95.41
165.37,91.80,158.37,141.08,178.56,143.95,185.57,94.67
164.66,92.91,160.31,141.31,180.74,143.14,185.09,94.74
164.44,91.76,158.95,141.41,179.29,143.66,184.78,94.01
163.42,92.08,157.73,144.65,179.42,147.00,185.11,94.43
163.67,92.87,158.07,145.91,180.16,148.24,185.76,95.20
163.90,92.86,157.54,146.08,178.79,148.62,185.15,95.40
164.03,93.51,157.29,142.95,178.16,145.79,184.90,96.36
164.36,93.37,155.73,143.10,181.08,147.50,189.71,97.77
164.78,92.74,154.30,142.12,180.07,147.59,190.55,98.20
166.00,92.42,152.23,140.48,178.45,147.99,192.22,99.93
165.68,92.27,152.56,141.53,178.67,148.48,191.78,99.22
165.77,92.84,154.99,137.45,180.52,143.62,191.30,99.00
166.04,93.01,155.76,137.40,181.58,143.37,191.85,98.98
164.98,93.54,157.63,141.78,183.32,145.69,190.67,97.46
165.97,93.40,159.65,141.07,184.80,144.40,191.12,96.74
166.18,93.76,159.68,141.01,184.59,144.44,191.09,97.19
166.37,93.29,158.52,137.92,190.20,143.49,198.05,98.86
166.61,93.45,158.08,137.25,190.05,143.48,198.59,99.68
155.95,95.13,193.32,95.13,193.32,132.50,155.95,132.50
155.04,97.86,163.76,139.11,196.30,132.23,187.57,90.98
166.11,95.01,158.62,138.34,189.59,143.69,197.08,100.37
164.29,96.31,159.04,138.67,189.04,142.38,194.28,100.02
161.80,95.32,160.60,138.40,189.64,139.21,190.84,96.13
163.32,93.67,156.01,141.72,184.95,146.12,192.26,98.07
166.50,90.57,149.63,135.39,177.58,145.91,194.45,101.09
165.42,90.90,152.59,136.45,180.03,144.18,192.86,98.63
169.21,88.58,150.13,138.06,174.01,147.27,193.09,97.79
174.42,81.14,148.66,133.51,168.82,143.43,194.58,91.06
171.99,80.07,150.35,135.05,170.68,143.05,192.31,88.07
170.04,84.13,156.92,140.01,178.95,145.18,192.08,89.31
168.40,93.77,152.92,148.41,180.62,156.26,196.10,101.63
156.77,106.00,153.03,156.79,190.88,159.58,194.62,108.79
179.96,115.58,147.54,151.62,173.52,174.99,205.94,138.94
181.21,128.22,142.61,147.10,157.11,176.73,195.71,157.84
146.34,132.30,182.96,132.30,182.96,168.92,146.34,168.92
147.72,127.12,149.41,168.41,180.35,167.14,178.66,125.86
158.79,121.40,141.47,164.76,172.98,177.34,190.29,133.98
162.19,121.60,139.51,164.44,170.26,180.72,192.94,137.88
159.88,121.80,141.00,166.72,173.69,180.46,192.57,135.53
155.94,121.88,140.21,166.97,175.45,179.27,191.18,134.18
155.99,122.17,140.40,168.30,175.24,180.08,190.83,133.95
144.21,128.66,187.48,128.66,187.48,171.92,144.21,171.92
155.09,116.01,143.01,168.29,172.36,175.07,184.44,122.79
158.28,116.92,146.62,169.08,172.48,174.86,184.15,122.70
157.98,116.94,147.55,168.40,172.33,173.42,182.75,121.96
156.61,118.60,145.68,168.11,173.98,174.35,184.90,124.84
156.78,116.14,145.06,169.93,174.16,176.27,185.89,122.48
157.53,117.32,144.41,169.85,169.74,176.18,182.85,123.64
157.49,116.70,145.54,171.51,170.29,176.91,182.24,122.10
154.45,122.56,144.60,172.55,170.02,177.56,179.87,127.57
150.34,120.64,142.81,173.80,169.08,177.52,176.61,124.36
149.96,122.02,137.97,178.30,163.89,183.82,175.89,127.55
148.89,123.03,135.92,179.43,160.42,185.06,173.38,128.66
148.08,121.73,135.22,179.19,159.61,184.65,172.47,127.19
146.35,120.11,135.75,178.71,160.60,183.21,171.20,124.60
144.79,120.87,135.62,179.02,161.68,183.13,170.85,124.98
143.37,121.98,136.56,178.79,162.74,181.93,169.55,125.12
142.84,124.27,136.65,179.87,163.40,182.85,169.59,127.25
144.76,124.24,137.16,181.32,162.86,184.75,170.46,127.67
145.54,122.65,136.13,180.63,162.75,184.95,172.16,126.97
148.12,121.19,136.34,177.80,161.96,183.13,173.74,126.52
147.10,121.52,137.68,169.55,163.82,174.67,173.24,126.64
149.27,121.11,137.91,168.93,165.78,175.55,177.14,127.73
147.73,119.66,137.34,168.88,165.49,174.83,175.88,125.61
146.93,118.32,145.17,171.51,166.83,172.23,168.59,119.04
149.34,112.32,144.62,170.36,163.54,171.90,168.26,113.86
152.81,108.90,151.27,171.59,172.34,172.11,173.88,109.41
155.90,106.35,149.40,162.23,171.98,164.85,178.48,108.97
158.06,102.96,147.76,159.14,169.37,163.10,179.67,106.92
159.78,102.64,145.96,156.68,166.96,162.05,180.78,108.01
158.98,101.80,146.01,155.78,166.48,160.70,179.46,106.73
159.87,99.85,145.22,150.75,165.04,156.45,179.68,105.56
162.88,97.61,142.57,143.29,157.77,150.05,178.08,104.37
161.28,97.75,144.46,140.22,160.41,146.54,177.22,104.07
160.91,96.49,144.52,139.31,160.94,145.60,177.33,102.77
161.05,96.21,145.20,140.94,161.83,146.83,177.68,102.10
162.01,93.29,147.25,139.19,164.62,144.78,179.38,98.87
162.22,89.14,148.59,136.57,166.33,141.66,179.95,94.23
161.43,85.42,148.76,131.40,165.76,136.09,178.43,90.10
162.70,82.56,145.26,125.56,161.88,132.30,179.32,89.30
161.98,82.05,145.88,125.14,164.13,131.95,180.23,88.86
163.17,81.22,147.54,126.79,172.04,135.20,187.67,89.62
164.09,80.97,145.29,130.87,170.45,140.35,189.25,90.45
165.37,79.90,145.24,132.84,172.01,143.02,192.15,90.08
165.53,80.69,149.66,134.66,173.88,141.78,189.75,87.81
164.50,85.06,150.52,136.67,171.79,142.43,185.77,90.83
165.41,81.05,148.42,135.69,171.05,142.73,188.04,88.09
160.39,81.81,150.39,127.80,173.54,132.83,183.53,86.84
157.81,80.58,141.93,125.68,169.19,135.28,185.07,90.17
158.54,80.86,134.81,120.38,163.05,137.34,186.78,97.81
155.43,80.99,130.06,120.70,161.28,140.64,186.65,100.93
157.29,80.46,129.07,117.33,158.23,139.65,186.45,102.77
157.54,79.47,129.56,117.78,157.78,138.39,185.76,100.08
159.64,80.47,131.47,116.16,158.71,137.65,186.87,101.96
158.79,81.39,131.28,117.80,159.09,138.81,186.60,102.40
158.80,83.76,130.43,118.23,157.46,140.47,185.83,106.00
157.56,83.80,130.17,117.00,156.99,139.12,184.38,105.92
153.93,82.38,128.90,116.82,157.71,137.76,182.74,103.32
149.32,84.37,126.86,122.34,155.58,139.33,178.05,101.36
146.27,84.71,125.04,126.99,154.91,141.99,176.14,99.71
144.12,86.38,123.17,130.57,154.15,145.26,175.10,101.07
145.06,86.80,123.15,129.48,153.69,145.16,175.61,102.48
142.40,86.84,123.96,131.39,153.18,143.49,171.62,98.94
144.01,86.86,126.52,134.20,152.80,143.91,170.29,96.57
143.89,86.68,126.39,129.05,151.49,139.42,168.99,97.05
142.60,89.22,134.44,135.84,157.17,139.82,165.33,93.19
142.53,85.00,133.42,134.18,157.30,138.60,166.41,89.42
144.73,86.98,133.06,132.73,154.09,138.10,165.76,92.35
143.03,83.02,125.49,127.16,151.98,137.69,169.53,93.55
139.55,85.92,130.99,133.43,154.96,137.75,163.53,90.24
141.01,83.89,127.33,129.56,151.24,136.72,164.92,91.05
140.83,81.71,127.04,127.15,150.22,134.19,164.01,88.75
140.86,81.02,127.65,121.74,151.11,129.35,164.32,88.63
140.53,82.55,129.45,122.95,152.94,129.39,164.01,88.99
144.15,79.68,122.99,124.67,144.37,134.73,165.54,89.74
143.63,81.11,123.41,124.64,145.00,134.67,165.23,91.14
142.59,81.00,125.68,128.10,148.31,136.23,165.23,89.14
141.02,81.21,130.84,123.27,154.25,128.94,164.43,86.87
142.23,80.43,130.97,122.77,153.40,128.73,164.66,86.39
142.42,78.51,129.90,121.86,152.99,128.53,165.51,85.18
141.57,76.68,128.37,119.95,152.36,127.26,165.56,84.00
141.57,75.34,127.76,119.82,152.72,127.57,166.53,83.09
143.62,74.03,127.19,119.42,151.15,128.09,167.57,82.69
141.86,72.49,127.78,119.66,153.99,127.49,168.07,80.31
