1
174.36,26.87,171.09,79.65,193.49,81.04,196.76,28.25
173.72,28.05,173.74,80.66,195.59,80.65,195.57,28.04
175.36,24.70,173.08,79.04,196.73,80.03,199.02,25.69
176.18,23.93,177.16,75.79,201.21,75.33,200.22,23.48
172.91,24.34,176.62,77.52,200.90,75.82,197.18,22.64
172.39,23.28,175.59,78.93,198.78,77.60,195.59,21.95
167.45,24.74,170.48,79.33,194.85,77.98,191.83,23.39
164.50,27.23,169.94,81.91,193.79,79.54,188.35,24.86
161.03,28.87,167.29,84.91,191.39,82.22,185.13,26.18
160.67,28.17,162.14,86.19,186.42,85.58,184.94,27.56
157.38,28.89,158.68,84.46,182.08,83.92,180.78,28.34
154.87,24.17,156.82,74.38,180.94,73.44,178.98,23.23
153.41,23.31,154.32,74.50,178.87,74.07,177.96,22.88
151.78,25.75,154.89,76.80,178.24,75.38,175.13,24.33
150.72,28.15,155.87,80.68,179.92,78.33,174.78,25.79
149.72,32.23,158.09,87.71,182.77,83.99,174.40,28.50
149.55,33.74,161.83,89.98,187.02,84.48,174.74,28.24
149.59,39.08,170.75,89.96,195.95,79.48,174.80,28.60
199.03,82.14,171.09,30.40,148.91,42.38,176.85,94.11
201.93,80.64,171.09,35.19,150.28,49.31,181.12,94.76
202.46,78.20,163.27,36.39,144.77,53.73,183.96,95.54
198.77,82.78,160.58,37.93,141.07,54.54,179.27,99.39
192.29,87.10,156.98,37.58,135.51,52.89,170.82,102.41
183.71,85.44,156.05,50.27,134.44,67.26,162.10,102.43
125.79,65.74,149.23,107.48,174.81,93.12,151.37,51.37
125.48,65.22,148.11,108.17,174.69,94.17,152.06,51.22
129.31,63.96,144.69,107.23,171.71,97.63,156.33,54.36
132.98,69.20,149.16,114.44,177.73,104.22,161.56,58.98
137.09,69.55,150.51,117.50,177.30,110.00,163.88,62.05
147.86,68.71,151.36,115.62,175.47,113.83,171.97,66.92
153.16,77.12,159.99,122.45,182.63,119.04,175.80,73.70
154.03,83.01,162.86,126.20,185.64,121.54,176.81,78.35
154.93,88.84,166.69,130.37,188.93,124.07,177.17,82.54
157.28,99.19,169.47,140.74,190.07,134.70,177.87,93.14
156.72,106.10,172.76,146.41,192.48,138.57,176.45,98.25
157.46,112.63,171.48,148.06,194.40,138.98,180.39,103.56
154.50,112.20,167.04,152.07,191.56,144.36,179.03,104.49
153.96,119.42,170.66,157.69,193.79,147.60,177.10,109.33
196.96,148.69,174.74,112.29,152.46,125.89,174.68,162.29
153.56,128.48,172.08,165.93,194.48,154.85,175.96,117.40
151.87,132.08,172.71,170.45,194.39,158.68,173.55,120.31
153.10,137.20,172.07,174.22,193.01,163.49,174.05,126.47
152.60,142.03,171.74,179.32,192.21,168.81,173.07,131.53
151.84,139.18,168.54,181.24,190.71,172.44,174.01,130.38
151.23,139.88,172.70,182.63,193.82,172.01,172.35,129.27
151.01,140.66,170.82,177.82,191.89,166.59,172.08,129.43
193.76,170.05,173.09,130.10,151.98,141.02,172.64,180.97
193.97,168.36,173.07,130.01,152.20,141.38,173.09,179.73
193.23,168.81,173.79,128.41,153.13,138.34,172.56,178.75
153.57,133.55,169.56,175.20,190.91,167.01,174.92,125.35
155.66,127.79,170.31,170.96,190.82,164.00,176.18,120.83
158.23,122.30,176.31,164.61,194.41,156.87,176.33,114.56
157.63,114.64,170.80,160.20,193.29,153.70,180.13,108.14
163.51,102.43,166.55,158.49,195.86,156.90,192.83,100.84
169.14,93.59,157.77,150.91,184.06,156.12,195.43,98.80
170.94,86.37,160.28,125.46,190.48,133.69,201.14,94.61
172.02,81.92,158.84,119.55,188.56,129.96,201.74,92.33
173.03,79.63,157.33,116.95,188.39,130.02,204.09,92.69
161.49,83.38,195.17,83.38,195.17,117.05,161.49,117.05
161.96,77.24,189.61,77.24,189.61,104.89,161.96,104.89
151.81,74.90,151.89,109.03,178.72,108.97,178.64,74.84
180.24,96.20,161.40,67.31,139.60,81.52,158.44,110.41
140.71,78.72,154.94,106.86,175.27,96.59,161.04,68.44
163.42,91.08,149.53,68.46,140.19,74.19,154.08,96.81
162.64,88.93,148.16,68.60,140.33,74.17,154.81,94.50
159.75,87.87,146.68,67.81,139.83,72.28,152.91,92.33
160.93,93.11,145.57,64.03,139.01,67.49,154.37,96.58
163.64,92.79,148.56,61.66,138.95,66.32,154.03,97.44
164.65,93.47,149.09,58.89,139.00,63.43,154.56,98.01
164.97,92.36,149.12,59.54,138.71,64.56,154.55,97.39
168.99,102.55,149.57,66.24,139.99,71.36,159.42,107.68
172.20,102.21,146.58,72.92,136.60,81.65,162.22,110.94
172.35,102.90,147.03,76.56,136.57,86.62,161.89,112.95
174.74,106.42,149.57,79.43,137.19,90.97,162.36,117.97
172.86,100.51,145.81,87.82,137.53,105.46,164.59,118.15
169.69,97.26,138.06,93.72,135.40,117.50,167.04,121.04
137.64,99.38,168.63,99.38,168.63,130.37,137.64,130.37
136.98,94.87,138.97,136.30,170.92,134.77,168.93,93.33
141.11,96.47,140.24,135.08,168.63,135.72,169.50,97.11
152.57,98.79,159.24,137.94,171.65,135.82,164.98,96.68
173.81,131.74,164.26,100.88,152.89,104.40,162.44,135.26
174.74,133.85,166.51,99.96,156.04,102.50,164.26,136.39
160.68,99.23,165.10,136.67,176.38,135.33,171.95,97.90
161.18,100.04,165.16,136.35,177.24,135.03,173.26,98.72
161.75,100.70,164.51,137.85,177.06,136.92,174.31,99.77
160.37,101.36,163.79,139.01,176.07,137.89,172.64,100.24
159.95,98.18,162.83,140.06,174.38,139.27,171.50,97.39
158.81,99.32,163.37,138.68,174.25,137.42,169.70,98.06
158.92,100.04,163.16,138.97,174.08,137.78,169.85,98.85
158.25,100.32,161.92,139.45,173.06,138.41,169.39,99.28
158.64,99.62,160.74,139.89,175.75,139.11,173.66,98.84
157.90,92.61,161.37,139.15,176.08,138.05,172.60,91.51
157.81,93.48,161.61,142.58,177.02,141.39,173.22,92.28
159.13,93.98,162.07,143.73,178.84,142.74,175.89,92.99
160.24,93.96,162.03,141.39,178.19,140.78,176.40,93.35
160.87,94.20,162.56,143.01,177.89,142.48,176.20,93.67
161.42,94.47,163.15,145.46,178.48,144.94,176.75,93.95
162.21,94.00,163.46,144.57,178.08,144.21,176.83,93.63
162.92,90.32,165.44,144.94,178.74,144.33,176.22,89.71
163.91,90.30,165.29,144.60,178.74,144.26,177.36,89.96
164.08,89.53,163.41,143.08,176.19,143.24,176.86,89.69
163.81,89.03,162.99,140.71,176.03,140.92,176.84,89.24
162.70,89.73,162.26,140.54,175.77,140.66,176.22,89.85
163.79,90.40,160.99,140.99,174.44,141.73,177.23,91.14
158.26,90.88,159.86,141.07,176.85,140.53,175.25,90.33
158.69,91.83,159.35,141.61,176.74,141.38,176.08,91.60
158.36,92.37,159.00,142.40,176.57,142.18,175.93,92.14
158.56,92.85,159.67,143.93,176.51,143.56,175.39,92.48
159.22,92.56,160.19,143.92,176.53,143.62,175.57,92.25
159.16,93.15,160.54,145.76,177.34,145.32,175.95,92.71
159.24,92.06,160.23,145.74,176.60,145.43,175.61,91.76
159.43,91.95,160.23,145.08,176.50,144.83,175.71,91.71
160.07,92.43,160.84,144.08,177.31,143.83,176.54,92.19
160.93,91.32,158.82,143.52,175.53,144.20,177.64,92.00
161.00,89.96,159.35,143.41,176.26,143.93,177.91,90.48
160.49,90.22,160.80,142.68,177.62,142.58,177.30,90.12
160.99,90.23,161.17,143.15,177.31,143.09,177.13,90.17
160.96,89.66,160.14,142.99,177.28,143.26,178.10,89.93
159.73,89.51,159.88,143.40,176.70,143.35,176.55,89.46
160.39,89.21,160.18,143.65,176.29,143.72,176.50,89.28
159.90,91.97,158.57,144.44,174.77,144.85,176.10,92.38
157.95,86.94,159.58,141.99,176.32,141.49,174.70,86.45
158.94,83.97,158.19,141.15,174.48,141.37,175.23,84.18
160.07,82.46,157.38,137.54,174.28,138.36,176.97,83.28
159.59,82.44,156.18,136.37,174.05,137.50,177.46,83.57
159.50,84.98,155.17,137.91,173.54,139.41,177.88,86.48
163.75,85.20,157.55,138.26,174.79,140.27,180.99,87.21
164.62,83.75,153.39,134.18,171.10,138.12,182.32,87.69
165.82,83.45,154.34,137.46,172.87,141.40,184.36,87.39
166.13,81.76,156.83,138.39,174.95,141.37,184.25,84.74
153.16,80.55,151.14,139.98,182.20,141.04,184.23,81.61
157.69,79.52,147.35,129.20,174.82,134.92,185.17,85.25
158.31,79.55,146.07,133.44,185.88,142.48,198.11,88.59
157.17,80.70,151.23,134.08,190.35,138.43,196.28,85.04
201.50,134.54,179.79,78.25,155.76,87.52,177.47,143.81
156.40,87.23,177.53,140.32,201.07,130.94,179.95,77.86
205.94,124.52,174.61,80.82,153.73,95.79,185.06,139.49
205.36,127.69,174.79,82.61,154.45,96.41,185.01,141.48
154.52,95.89,178.59,137.12,201.64,123.66,177.56,82.43
155.45,94.07,177.61,137.39,201.20,125.32,179.05,82.00
155.33,93.72,177.20,139.27,201.55,127.57,179.68,82.03
199.15,122.93,170.97,84.94,150.64,100.02,178.81,138.01
199.07,122.95,168.70,82.63,148.56,97.80,178.92,138.12
199.38,123.97,168.89,83.53,148.83,98.65,179.31,139.09
199.07,124.24,169.12,82.95,149.05,97.51,179.00,138.80
200.32,123.22,169.16,85.31,149.74,101.28,180.89,139.18
200.49,123.96,169.51,85.43,148.99,101.93,179.97,140.47
200.47,123.89,167.89,87.23,144.11,108.37,176.69,145.03
156.22,93.73,164.06,144.32,189.77,140.33,181.93,89.75
154.96,92.44,162.95,143.63,189.07,139.55,181.08,88.36
151.51,94.89,161.08,149.79,186.72,145.31,177.14,90.42
147.87,99.09,157.84,153.51,184.20,148.68,174.22,94.26
145.18,101.37,156.05,154.90,182.34,149.56,171.47,96.03
143.03,96.34,155.48,152.49,182.30,146.54,169.84,90.39
143.42,95.28,154.78,151.72,180.89,146.47,169.54,90.02
142.33,96.49,154.17,147.23,180.19,141.16,168.35,90.42
145.79,100.66,153.42,147.99,178.92,143.87,171.28,96.55
146.08,99.21,153.43,148.87,179.70,144.98,172.35,95.32
146.87,98.92,153.83,148.44,179.72,144.80,172.77,95.28
147.33,99.00,154.54,149.13,180.69,145.37,173.47,95.24
147.94,98.53,154.54,147.84,181.37,144.25,174.76,94.94
148.07,99.54,154.17,147.90,181.30,144.48,175.20,96.12
148.60,97.82,154.59,154.06,182.67,151.08,176.68,94.83
150.72,96.47,153.12,152.24,180.74,151.05,178.34,95.28
153.93,93.46,151.46,148.25,175.64,149.33,178.10,94.54
154.94,92.14,150.71,142.74,173.37,144.64,177.60,94.03
156.81,90.92,151.59,140.05,175.96,142.63,181.17,93.50
154.99,91.23,153.12,139.05,179.15,140.06,181.02,92.24
156.37,90.56,153.27,136.61,178.52,138.30,181.61,92.25
156.40,89.43,155.30,135.01,179.45,135.59,180.54,90.01
156.84,89.11,154.85,130.54,176.26,131.57,178.25,90.14
157.71,89.00,154.67,129.90,174.68,131.39,177.71,90.49
160.07,88.86,154.02,128.89,172.41,131.67,178.47,91.64
158.61,83.23,153.45,127.94,172.95,130.19,178.11,85.48
158.38,82.55,153.87,127.65,173.73,129.64,178.24,84.54
159.16,81.58,152.02,126.12,172.27,129.36,179.40,84.83
158.55,80.39,154.32,123.70,174.79,125.70,179.02,82.39
159.82,76.24,153.07,121.49,174.08,124.63,180.83,79.38
158.52,71.76,154.12,117.31,174.73,119.30,179.13,73.75
159.08,68.57,153.75,113.78,173.45,116.10,178.77,70.88
158.01,68.44,153.86,115.64,173.56,117.38,177.71,70.18
160.29,69.78,152.05,117.28,172.41,120.81,180.65,73.31
157.49,72.42,155.35,118.46,177.51,119.49,179.65,73.45
155.31,73.55,157.24,118.60,181.60,117.55,179.67,72.51
152.41,75.16,161.47,123.76,185.95,119.20,176.89,70.59
155.31,73.00,160.17,124.41,183.58,122.19,178.72,70.78
156.51,70.56,160.67,125.12,183.69,123.36,179.53,68.81
154.58,67.35,159.31,121.60,183.43,119.50,178.71,65.25
150.65,68.13,156.50,122.74,181.02,120.11,175.16,65.50
157.07,67.29,145.63,114.11,174.06,121.06,185.50,74.24
153.13,68.60,140.62,113.30,172.21,122.14,184.72,77.45
151.31,65.69,135.81,108.72,169.92,121.01,185.42,77.97
149.63,64.60,135.52,108.80,170.79,120.06,184.90,75.86
149.38,64.53,135.89,108.60,171.47,119.49,184.96,75.42
147.05,66.45,135.76,113.08,171.84,121.81,183.13,75.19
147.52,67.62,134.98,112.71,171.22,122.79,183.76,77.70
144.87,67.95,133.49,116.78,169.53,125.18,180.92,76.36
138.04,68.79,134.12,113.79,171.16,117.01,175.08,72.02
135.77,70.52,132.19,115.41,167.99,118.26,171.57,73.37
129.80,75.98,172.02,75.98,172.02,118.19,129.80,118.19
128.26,78.29,171.04,78.29,171.04,121.08,128.26,121.08
127.43,77.74,171.28,77.74,171.28,121.59,127.43,121.59
128.23,78.74,170.37,78.74,170.37,120.88,128.23,120.88
138.85,77.08,129.23,120.10,163.32,127.72,172.94,84.70
140.31,78.89,131.28,120.73,163.86,127.75,172.89,85.92
138.48,79.09,138.76,124.54,172.82,124.32,172.53,78.87
137.68,77.73,139.82,123.64,173.91,122.05,171.77,76.14
138.85,76.21,137.60,122.53,171.36,123.45,172.61,77.13
136.12,75.80,138.82,122.96,174.24,120.93,171.54,73.77
139.98,74.43,133.89,120.94,168.28,125.44,174.38,78.93
138.84,73.58,134.30,119.45,169.98,122.99,174.53,77.11
138.24,71.30,132.53,114.47,168.80,119.27,174.52,76.11
136.29,71.31,134.81,116.40,171.74,117.61,173.22,72.52
134.82,71.66,174.18,71.66,174.18,111.01,134.82,111.01
135.35,71.16,136.39,117.96,173.51,117.13,172.47,70.33
137.76,69.48,134.68,117.10,171.51,119.48,174.59,71.87
138.01,69.19,136.62,116.45,165.93,117.31,167.32,70.06
138.23,67.75,136.31,115.89,165.67,117.06,167.60,68.92
136.87,67.91,138.17,115.71,166.89,114.93,165.59,67.13
136.83,67.18,139.08,120.01,167.38,118.81,165.13,65.98
139.06,66.01,136.40,118.42,164.67,119.86,167.33,67.45
139.22,65.08,135.60,118.06,165.28,120.09,168.90,67.11
141.13,64.43,135.50,116.63,164.60,119.77,170.23,67.57
140.96,64.56,135.55,117.02,165.01,120.06,170.42,67.60
