1
174.86,27.58,173.20,80.35,193.76,81.00,195.42,28.23
173.81,26.61,175.86,81.57,197.37,80.76,195.31,25.80
177.73,24.33,174.57,79.90,196.08,81.12,199.23,25.55
176.99,22.41,176.94,75.97,200.17,75.99,200.22,22.43
174.73,22.70,174.84,77.21,198.23,77.16,198.11,22.65
172.08,23.83,174.79,78.73,198.93,77.53,196.22,22.64
167.58,26.95,170.33,79.64,194.83,78.36,192.07,25.67
164.31,29.87,166.18,81.39,190.74,80.50,188.86,28.98
161.97,31.31,162.80,82.80,187.93,82.40,187.11,30.91
160.47,31.98,160.27,84.02,185.34,84.12,185.54,32.08
157.32,31.61,158.76,82.11,182.40,81.43,180.95,30.94
153.65,30.92,159.62,74.92,183.29,71.71,177.32,27.71
153.49,31.55,156.18,75.48,180.02,74.02,177.33,30.09
152.42,33.90,156.00,79.26,178.95,77.45,175.38,32.09
141.48,28.30,157.57,83.98,183.42,76.51,167.32,20.83
142.18,32.47,164.50,91.99,189.74,82.52,167.42,23.01
147.26,31.57,169.29,94.22,193.08,85.86,171.05,23.21
151.41,43.03,162.19,94.65,192.69,88.28,181.90,36.65
142.67,54.20,161.80,97.17,196.70,81.64,177.57,38.66
139.90,57.31,160.71,99.65,196.55,82.03,175.74,39.70
148.61,55.51,172.69,95.98,196.90,81.57,172.82,41.11
193.46,80.56,168.02,44.47,143.17,61.98,168.61,98.07
190.54,84.24,166.27,48.30,138.90,66.79,163.16,102.72
133.69,72.45,157.99,108.80,185.23,90.60,160.93,54.24
131.20,62.79,168.43,62.79,168.43,100.02,131.20,100.02
134.48,63.72,169.83,63.72,169.83,99.07,134.48,99.07
150.34,57.13,128.59,95.06,158.74,112.35,180.49,74.42
156.62,58.06,133.38,102.03,161.81,117.06,185.05,73.09
160.80,58.08,132.92,102.56,160.48,119.84,188.36,75.36
155.65,67.54,143.54,119.46,170.91,125.84,183.01,73.92
155.46,85.39,149.34,125.70,178.67,130.15,184.79,89.84
161.51,85.92,152.59,130.25,181.52,136.07,190.43,91.74
167.87,88.03,152.03,128.33,178.74,138.83,194.58,98.53
166.05,99.74,150.15,140.86,178.82,151.95,194.72,110.82
163.83,103.63,151.34,143.03,181.21,152.50,193.70,113.10
154.39,111.93,190.03,111.93,190.03,147.57,154.39,147.57
149.74,116.95,186.08,116.95,186.08,153.29,149.74,153.29
197.58,132.31,160.86,114.34,145.80,145.14,182.51,163.10
149.49,127.17,188.90,127.17,188.90,166.58,149.49,166.58
196.43,152.10,169.32,122.40,145.65,144.01,172.76,173.70
195.74,147.76,160.25,126.23,144.99,151.38,180.48,172.92
194.05,148.56,154.86,130.83,142.52,158.12,181.70,175.85
189.47,149.32,146.38,139.91,139.65,170.77,182.74,180.18
193.55,154.39,150.41,136.87,140.08,162.32,183.21,179.84
194.96,149.90,149.30,135.08,139.92,163.99,185.58,178.81
192.87,145.91,143.92,141.62,141.12,173.60,190.07,177.88
203.03,155.34,154.03,133.59,141.99,160.72,190.99,182.47
199.74,155.96,159.89,134.91,145.51,162.12,185.37,183.17
201.49,157.22,162.00,133.47,145.92,160.21,185.41,183.96
197.08,150.61,159.86,131.04,145.02,159.26,182.24,178.83
200.11,150.83,162.91,127.61,144.87,156.51,182.07,179.74
206.35,164.51,173.85,118.39,143.93,139.47,176.43,185.59
206.97,153.51,172.29,110.75,144.86,133.00,179.53,175.76
158.58,114.97,197.14,114.97,197.14,153.54,158.58,153.54
205.11,131.16,173.70,97.59,146.59,122.97,178.01,156.53
156.38,100.00,198.55,100.00,198.55,142.16,156.38,142.16
157.01,94.60,198.98,94.60,198.98,136.57,157.01,136.57
186.10,80.36,147.92,107.32,169.90,138.45,208.08,111.49
186.20,77.61,150.49,99.95,167.49,127.14,203.21,104.80
176.46,66.82,162.88,109.61,191.74,118.77,205.32,75.98
161.46,106.88,162.13,147.06,187.78,146.64,187.11,106.45
161.01,106.67,166.78,146.45,194.73,142.39,188.96,102.61
164.84,107.07,156.09,147.04,187.62,153.94,196.37,113.97
161.77,102.19,144.24,141.35,177.28,156.14,194.82,116.99
160.60,100.19,144.73,143.76,178.56,156.08,194.43,112.51
169.11,101.13,145.09,143.73,174.32,160.21,198.34,117.61
168.90,100.82,145.05,144.41,174.57,160.55,198.41,116.97
164.62,101.94,147.37,147.03,179.49,159.32,196.74,114.23
163.59,102.10,151.68,142.55,183.09,151.80,195.00,111.35
162.72,101.68,148.62,141.23,181.81,153.06,195.91,113.52
153.65,103.82,161.08,146.86,193.16,141.32,185.73,98.28
159.06,102.25,162.34,146.76,190.76,144.67,187.49,100.16
157.27,98.57,162.75,148.87,190.81,145.81,185.33,95.51
153.31,101.20,163.89,153.20,192.50,147.38,181.92,95.38
150.54,105.74,164.51,156.04,194.75,147.64,180.78,97.34
144.98,109.84,165.04,161.39,196.24,149.25,176.18,97.70
200.31,149.58,174.50,99.19,144.01,114.80,169.81,165.19
202.22,152.05,173.62,97.97,144.01,113.62,172.62,167.71
200.01,156.64,173.45,100.69,140.71,116.24,167.26,172.18
153.26,101.18,152.58,149.26,193.12,149.83,193.80,101.75
151.14,103.37,198.08,103.37,198.08,150.31,151.14,150.31
162.93,98.21,153.75,148.43,180.74,153.37,189.92,103.14
162.57,101.63,169.63,146.21,185.46,143.71,178.41,99.13
157.56,104.86,171.39,149.10,191.57,142.79,177.74,98.55
163.47,101.46,168.67,147.14,186.61,145.09,181.40,99.42
163.08,101.22,165.79,147.50,182.92,146.50,180.20,100.22
164.15,101.82,163.84,145.21,178.03,145.31,178.34,101.92
162.72,103.39,161.50,145.43,177.46,145.89,178.67,103.85
161.98,101.80,162.96,147.34,178.92,146.99,177.94,101.46
161.55,104.06,162.15,145.34,178.32,145.10,177.72,103.82
161.78,103.53,163.71,144.67,179.78,143.92,177.85,102.77
161.65,103.66,164.00,145.52,179.89,144.63,177.54,102.77
161.45,104.43,163.99,146.73,180.60,145.73,178.06,103.43
162.19,100.94,162.73,147.00,180.42,146.80,179.89,100.73
162.18,101.37,164.31,146.67,181.73,145.85,179.61,100.55
162.78,100.40,164.67,147.71,181.97,147.02,180.08,99.71
162.92,99.60,163.73,147.11,181.00,146.81,180.19,99.31
162.54,98.82,165.04,146.83,182.72,145.91,180.22,97.90
162.92,98.54,164.57,146.02,182.29,145.41,180.64,97.93
162.89,100.43,165.30,146.27,182.79,145.36,180.38,99.51
161.75,99.04,163.84,144.68,181.22,143.88,179.12,98.24
161.37,99.81,164.01,145.17,181.40,144.16,178.76,98.80
162.08,97.30,157.94,142.42,183.85,144.80,187.99,99.68
161.33,97.59,158.89,143.48,184.65,144.85,187.09,98.96
162.12,99.47,160.83,143.55,186.26,144.29,187.55,100.21
162.29,99.44,160.75,144.30,185.94,145.17,187.48,100.30
162.23,101.00,160.95,145.45,186.11,146.18,187.39,101.73
164.43,95.66,153.86,142.66,179.63,148.46,190.20,101.46
164.05,95.46,154.06,143.57,180.45,149.04,190.43,100.94
166.31,94.23,152.63,142.32,178.13,149.57,191.80,101.49
165.88,93.93,153.31,141.63,178.78,148.34,191.34,100.63
165.70,94.09,154.20,141.96,180.04,148.17,191.55,100.29
166.22,94.03,153.97,140.91,180.50,147.85,192.76,100.97
165.02,94.42,154.88,142.31,181.84,148.02,191.97,100.13
165.70,95.57,159.87,142.87,185.36,146.01,191.19,98.71
164.57,96.85,162.03,143.70,186.99,145.05,189.54,98.21
164.77,97.26,162.02,144.95,186.70,146.37,189.45,98.69
164.87,97.40,161.51,139.24,186.69,141.26,190.05,99.42
164.22,98.02,161.30,140.59,186.82,142.34,189.75,99.77
164.27,98.12,161.40,140.99,185.93,142.63,188.80,99.76
163.26,97.29,156.70,139.88,184.19,144.11,190.75,101.53
163.20,97.82,156.85,139.32,183.61,143.42,189.96,101.92
163.74,93.50,156.08,139.02,181.91,143.37,189.57,97.84
164.37,91.68,152.11,143.14,177.68,149.23,189.94,97.77
164.10,92.42,153.42,142.35,177.76,147.55,188.44,97.62
166.01,88.03,150.01,138.18,173.84,145.78,189.84,95.63
167.09,86.65,150.58,136.09,173.88,143.87,190.39,94.43
167.66,83.89,147.75,134.55,172.21,144.16,192.12,93.51
167.34,80.88,150.45,137.66,174.91,144.94,191.79,88.16
164.84,84.52,156.38,141.28,182.55,145.19,191.02,88.42
151.07,99.76,157.72,156.17,192.15,152.11,185.50,95.70
144.14,116.29,161.10,163.19,196.78,150.29,179.83,103.39
148.03,112.66,153.42,164.37,188.32,160.73,182.92,109.02
149.02,120.25,161.82,163.25,190.05,154.85,177.25,111.84
148.44,126.65,165.04,165.61,189.14,155.34,172.55,116.38
150.85,120.05,161.95,166.19,184.34,160.81,173.25,114.66
148.44,114.17,162.81,173.67,191.57,166.73,177.20,107.23
148.11,118.55,165.12,177.11,192.31,169.21,175.31,110.65
148.48,121.37,163.88,177.76,189.50,170.76,174.10,114.37
153.32,118.85,158.15,165.38,186.65,162.42,181.82,115.90
153.43,120.10,158.53,166.65,186.27,163.61,181.17,117.06
152.85,120.24,158.30,166.31,186.24,163.00,180.79,116.93
153.28,119.44,157.52,166.53,185.37,164.02,181.13,116.93
157.25,117.80,158.28,165.75,185.02,165.17,183.99,117.23
156.13,117.61,159.72,166.09,184.54,164.26,180.95,115.77
155.77,110.62,158.09,165.74,185.54,164.58,183.22,109.47
154.94,112.17,157.83,166.49,184.73,165.06,181.84,110.74
160.09,112.21,155.80,164.89,176.29,166.56,180.58,113.88
159.59,113.36,155.99,165.49,176.07,166.88,179.67,114.75
160.22,109.01,155.52,160.77,175.22,162.56,179.93,110.80
158.26,110.61,152.04,162.85,172.10,165.24,178.32,113.00
154.54,115.27,148.86,167.36,169.35,169.60,175.03,117.51
152.19,115.67,146.22,168.40,166.72,170.72,172.68,117.99
152.62,113.37,143.84,166.01,164.87,169.52,173.65,116.87
152.13,112.17,144.73,165.26,164.85,168.06,172.24,114.97
151.38,113.80,145.18,166.57,165.15,168.91,171.34,116.15
151.72,114.77,145.58,167.56,165.36,169.86,171.49,117.07
152.99,114.65,143.67,166.91,164.15,170.56,173.47,118.31
153.92,113.35,142.50,165.88,164.14,170.58,175.56,118.06
154.36,113.00,144.56,164.90,165.47,168.84,175.27,116.95
155.52,112.17,144.31,164.39,164.65,168.75,175.86,116.53
155.65,111.32,143.54,163.41,165.12,168.43,177.23,116.34
156.42,110.24,143.17,162.85,164.11,168.12,177.35,115.51
157.12,106.95,143.20,162.09,163.59,167.24,177.51,112.10
159.68,103.57,140.38,155.65,160.07,162.95,179.37,110.87
156.76,104.82,144.83,159.60,164.75,163.94,176.68,109.16
158.18,104.10,144.92,158.55,163.86,163.16,177.12,108.72
159.41,104.42,146.61,156.04,167.83,161.30,180.62,109.68
159.90,101.59,142.39,148.78,162.50,156.25,180.01,109.05
160.59,100.75,144.74,148.48,162.01,154.22,177.86,106.49
160.07,100.40,144.66,148.38,161.94,153.93,177.35,105.96
162.00,94.51,138.17,145.97,155.57,154.03,179.41,102.57
162.57,92.54,138.05,135.92,155.76,145.93,180.28,102.55
160.26,91.25,144.03,125.29,164.05,134.83,180.28,100.80
159.94,90.53,143.41,124.00,163.20,133.78,179.73,100.31
161.03,90.02,145.19,124.36,164.23,133.15,180.08,98.81
162.27,89.22,148.12,128.36,164.73,134.37,178.88,95.22
165.07,84.44,146.18,122.33,163.34,130.88,182.22,92.99
163.15,79.87,147.33,120.22,165.01,127.15,180.83,86.80
162.85,77.26,146.63,117.00,164.03,124.11,180.25,84.36
162.62,76.82,148.23,117.34,165.69,123.54,180.08,83.02
165.41,75.92,146.19,113.84,164.37,123.05,183.58,85.13
167.16,75.92,147.69,113.27,168.63,124.19,188.11,86.85
163.84,74.83,148.27,112.98,174.84,123.83,190.41,85.68
166.23,73.48,153.38,118.70,175.14,124.88,187.98,79.66
167.17,71.56,152.95,118.90,175.79,125.76,190.00,78.42
166.26,69.17,151.89,117.72,177.13,125.19,191.50,76.64
151.53,82.90,155.31,120.95,183.81,118.11,180.03,80.07
153.81,77.77,150.51,119.90,177.62,122.02,180.92,79.89
166.25,74.70,137.44,111.55,161.30,130.21,190.12,93.36
167.31,77.75,131.53,111.04,155.47,136.76,191.25,103.47
164.01,74.28,127.62,106.85,155.10,137.56,191.49,104.98
168.05,74.80,127.61,102.23,149.48,134.47,189.92,107.04
167.85,73.74,127.61,102.01,150.30,134.31,190.54,106.04
136.83,81.64,182.09,81.64,182.09,126.90,136.83,126.90
166.51,73.45,125.41,100.26,147.87,134.69,188.97,107.88
132.90,81.56,178.87,81.56,178.87,127.53,132.90,127.53
130.99,80.72,177.35,80.72,177.35,127.08,130.99,127.08
128.56,82.24,175.04,82.24,175.04,128.72,128.56,128.72
151.87,74.53,114.26,110.51,144.65,142.26,182.25,106.28
123.07,88.78,171.76,88.78,171.76,137.46,123.07,137.46
129.29,90.03,170.31,90.03,170.31,131.04,129.29,131.04
130.04,90.55,170.42,90.55,170.42,130.93,130.04,130.93
130.96,93.61,171.10,93.61,171.10,133.76,130.96,133.76
133.16,93.49,169.50,93.49,169.50,129.83,133.16,129.83
135.48,96.35,165.02,96.35,165.02,125.89,135.48,125.89
134.71,94.51,165.58,94.51,165.58,125.38,134.71,125.38
133.97,93.08,168.00,93.08,168.00,127.10,133.97,127.10
134.95,93.01,167.39,93.01,167.39,125.46,134.95,125.46
128.91,88.58,171.22,88.58,171.22,130.90,128.91,130.90
128.17,87.20,165.68,87.20,165.68,124.70,128.17,124.70
126.97,85.24,166.25,85.24,166.25,124.52,126.97,124.52
130.06,84.43,165.56,84.43,165.56,119.94,130.06,119.94
134.90,86.52,168.48,86.52,168.48,120.11,134.90,120.11
134.78,86.17,170.29,86.17,170.29,121.68,134.78,121.68
132.92,84.40,169.93,84.40,169.93,121.41,132.92,121.41
132.34,84.16,166.98,84.16,166.98,118.81,132.34,118.81
133.01,83.09,170.40,83.09,170.40,120.47,133.01,120.47
132.53,83.42,170.53,83.42,170.53,121.43,132.53,121.43
132.41,82.52,170.24,82.52,170.24,120.36,132.41,120.36
131.83,80.22,169.55,80.22,169.55,117.93,131.83,117.93
133.62,82.76,171.18,82.76,171.18,120.32,133.62,120.32
130.80,79.76,170.18,79.76,170.18,119.14,130.80,119.14
131.56,79.63,170.77,79.63,170.77,118.85,131.56,118.85
