1
321.000000,101.000000,58.000000,59.000000
315.000000,101.000000,58.000000,59.000000
309.000000,103.000000,59.000000,59.000000
303.000000,101.000000,59.000000,59.000000
316.000000,121.000000,17.000000,24.000000
312.000000,119.000000,17.000000,24.000000
291.000000,101.000000,58.000000,59.000000
304.000000,119.000000,17.000000,24.000000
300.000000,117.000000,17.000000,24.000000
298.000000,117.000000,17.000000,24.000000
292.000000,115.000000,17.000000,24.000000
292.000000,115.000000,17.000000,24.000000
288.000000,115.000000,17.000000,24.000000
286.000000,113.000000,17.000000,24.000000
284.000000,115.000000,17.000000,24.000000
280.000000,113.000000,17.000000,24.000000
278.000000,113.000000,17.000000,24.000000
276.000000,115.000000,17.000000,24.000000
272.000000,113.000000,17.000000,24.000000
268.000000,113.000000,17.000000,24.000000
266.000000,113.000000,17.000000,24.000000
264.000000,113.000000,17.000000,24.000000
258.000000,114.000000,17.000000,24.000000
254.000000,113.000000,17.000000,24.000000
250.000000,115.000000,17.000000,24.000000
244.000000,113.000000,17.000000,24.000000
238.000000,115.000000,17.000000,24.000000
238.000000,115.000000,17.000000,24.000000
232.000000,113.000000,17.000000,24.000000
227.000000,111.000000,17.000000,24.000000
221.000000,113.000000,17.000000,24.000000
215.000000,115.000000,17.000000,24.000000
210.000000,113.000000,17.000000,24.000000
210.000000,113.000000,17.000000,24.000000
204.000000,115.000000,17.000000,24.000000
202.000000,113.000000,17.000000,24.000000
196.000000,114.000000,17.000000,24.000000
190.000000,113.000000,17.000000,24.000000
184.000000,114.000000,17.000000,24.000000
179.000000,113.000000,17.000000,24.000000
175.000000,117.000000,17.000000,24.000000
169.000000,116.000000,17.000000,24.000000
164.000000,117.000000,17.000000,24.000000
162.000000,114.000000,17.000000,24.000000
158.000000,118.000000,17.000000,24.000000
158.000000,118.000000,17.000000,24.000000
152.000000,120.000000,17.000000,24.000000
150.000000,116.000000,17.000000,24.000000
146.000000,120.000000,17.000000,24.000000
146.000000,120.000000,17.000000,24.000000
146.000000,120.000000,17.000000,24.000000
146.000000,120.000000,17.000000,24.000000
146.000000,126.000000,17.000000,24.000000
125.000000,109.000000,59.000000,59.000000
146.000000,126.000000,17.000000,24.000000
146.000000,126.000000,17.000000,24.000000
125.000000,109.000000,59.000000,59.000000
119.000000,111.000000,59.000000,59.000000
119.000000,111.000000,59.000000,59.000000
2
0
0
0
0
1
152.000000,116.000000,53.000000,52.000000
152.000000,116.000000,53.000000,52.000000
158.000000,117.000000,53.000000,53.000000
158.000000,117.000000,53.000000,53.000000
182.000000,135.000000,16.000000,21.000000
188.000000,137.000000,16.000000,21.000000
193.000000,139.000000,16.000000,21.000000
199.000000,137.000000,16.000000,21.000000
199.000000,137.000000,16.000000,21.000000
205.000000,139.000000,16.000000,21.000000
210.000000,141.000000,16.000000,21.000000
216.000000,139.000000,16.000000,21.000000
220.000000,141.000000,16.000000,21.000000
225.000000,142.000000,16.000000,21.000000
231.000000,141.000000,16.000000,21.000000
237.000000,142.000000,16.000000,21.000000
242.000000,144.000000,16.000000,21.000000
248.000000,142.000000,16.000000,21.000000
254.000000,144.000000,16.000000,21.000000
259.000000,146.000000,16.000000,21.000000
265.000000,144.000000,16.000000,21.000000
271.000000,146.000000,16.000000,21.000000
277.000000,144.000000,16.000000,21.000000
277.000000,144.000000,16.000000,21.000000
283.000000,144.000000,16.000000,21.000000
283.000000,144.000000,16.000000,21.000000
288.000000,142.000000,16.000000,21.000000
288.000000,142.000000,16.000000,21.000000
288.000000,142.000000,16.000000,21.000000
288.000000,142.000000,16.000000,21.000000
294.000000,140.000000,16.000000,21.000000
294.000000,140.000000,16.000000,21.000000
294.000000,140.000000,16.000000,21.000000
294.000000,140.000000,16.000000,21.000000
294.000000,140.000000,16.000000,21.000000
294.000000,140.000000,16.000000,21.000000
294.000000,140.000000,16.000000,21.000000
294.000000,140.000000,16.000000,21.000000
294.000000,140.000000,16.000000,21.000000
294.000000,140.000000,16.000000,21.000000
294.000000,140.000000,16.000000,21.000000
296.000000,140.000000,16.000000,21.000000
296.000000,140.000000,16.000000,21.000000
301.000000,138.000000,16.000000,21.000000
301.000000,138.000000,16.000000,21.000000
301.000000,138.000000,16.000000,21.000000
301.000000,138.000000,16.000000,21.000000
301.000000,138.000000,16.000000,21.000000
301.000000,138.000000,16.000000,21.000000
301.000000,138.000000,16.000000,21.000000
301.000000,138.000000,16.000000,21.000000
301.000000,138.000000,16.000000,21.000000
301.000000,138.000000,16.000000,21.000000
303.000000,136.000000,16.000000,21.000000
303.000000,136.000000,16.000000,21.000000
303.000000,136.000000,16.000000,21.000000
305.000000,134.000000,16.000000,21.000000
305.000000,134.000000,16.000000,21.000000
305.000000,134.000000,16.000000,21.000000
305.000000,134.000000,16.000000,21.000000
307.000000,136.000000,16.000000,21.000000
309.000000,136.000000,16.000000,21.000000
309.000000,136.000000,16.000000,21.000000
309.000000,136.000000,16.000000,21.000000
309.000000,136.000000,16.000000,21.000000
309.000000,136.000000,16.000000,21.000000
309.000000,136.000000,16.000000,21.000000
309.000000,136.000000,16.000000,21.000000
309.000000,130.000000,16.000000,21.000000
309.000000,130.000000,16.000000,21.000000
311.000000,134.000000,16.000000,21.000000
311.000000,132.000000,16.000000,21.000000
311.000000,132.000000,16.000000,21.000000
311.000000,132.000000,16.000000,21.000000
311.000000,132.000000,16.000000,21.000000
311.000000,130.000000,16.000000,21.000000
311.000000,130.000000,16.000000,21.000000
313.000000,132.000000,16.000000,21.000000
313.000000,132.000000,16.000000,21.000000
313.000000,132.000000,16.000000,21.000000
313.000000,132.000000,16.000000,21.000000
313.000000,130.000000,16.000000,21.000000
313.000000,130.000000,16.000000,21.000000
313.000000,128.000000,16.000000,21.000000
313.000000,128.000000,16.000000,21.000000
313.000000,128.000000,16.000000,21.000000
315.000000,128.000000,16.000000,21.000000
315.000000,128.000000,16.000000,21.000000
315.000000,128.000000,16.000000,21.000000
315.000000,128.000000,16.000000,21.000000
315.000000,128.000000,16.000000,21.000000
315.000000,128.000000,16.000000,21.000000
315.000000,128.000000,16.000000,21.000000
315.000000,128.000000,16.000000,21.000000
315.000000,128.000000,16.000000,21.000000
315.000000,128.000000,16.000000,21.000000
315.000000,128.000000,16.000000,21.000000
311.000000,126.000000,16.000000,21.000000
311.000000,126.000000,16.000000,21.000000
311.000000,126.000000,16.000000,21.000000
311.000000,126.000000,16.000000,21.000000
311.000000,126.000000,16.000000,21.000000
311.000000,126.000000,16.000000,21.000000
311.000000,126.000000,16.000000,21.000000
311.000000,126.000000,16.000000,21.000000
311.000000,126.000000,16.000000,21.000000
311.000000,126.000000,16.000000,21.000000
311.000000,126.000000,16.000000,21.000000
311.000000,126.000000,16.000000,21.000000
311.000000,126.000000,16.000000,21.000000
311.000000,126.000000,16.000000,21.000000
311.000000,126.000000,16.000000,21.000000
311.000000,126.000000,16.000000,21.000000
311.000000,126.000000,16.000000,21.000000
311.000000,126.000000,16.000000,21.000000
311.000000,126.000000,16.000000,21.000000
311.000000,126.000000,16.000000,21.000000
311.000000,126.000000,16.000000,21.000000
311.000000,126.000000,16.000000,21.000000
307.000000,121.000000,16.000000,21.000000
307.000000,121.000000,16.000000,21.000000
307.000000,121.000000,16.000000,21.000000
307.000000,121.000000,16.000000,21.000000
307.000000,121.000000,16.000000,21.000000
307.000000,121.000000,16.000000,21.000000
307.000000,121.000000,16.000000,21.000000
307.000000,121.000000,16.000000,21.000000
307.000000,121.000000,16.000000,21.000000
307.000000,121.000000,16.000000,21.000000
307.000000,121.000000,16.000000,21.000000
313.000000,119.000000,16.000000,21.000000
313.000000,119.000000,16.000000,21.000000
313.000000,119.000000,16.000000,21.000000
313.000000,119.000000,16.000000,21.000000
313.000000,119.000000,16.000000,21.000000
313.000000,119.000000,16.000000,21.000000
313.000000,119.000000,16.000000,21.000000
313.000000,119.000000,16.000000,21.000000
313.000000,119.000000,16.000000,21.000000
313.000000,119.000000,16.000000,21.000000
313.000000,119.000000,16.000000,21.000000
313.000000,119.000000,16.000000,21.000000
313.000000,119.000000,16.000000,21.000000
294.000000,103.000000,53.000000,53.000000
300.000000,101.000000,53.000000,53.000000
300.000000,101.000000,53.000000,53.000000
300.000000,101.000000,53.000000,53.000000
298.000000,101.000000,53.000000,52.000000
305.000000,113.000000,16.000000,21.000000
305.000000,113.000000,16.000000,21.000000
305.000000,113.000000,16.000000,21.000000
305.000000,113.000000,16.000000,21.000000
305.000000,113.000000,16.000000,21.000000
305.000000,113.000000,16.000000,21.000000
305.000000,113.000000,16.000000,21.000000
305.000000,113.000000,16.000000,21.000000
305.000000,113.000000,16.000000,21.000000
305.000000,113.000000,16.000000,21.000000
305.000000,113.000000,16.000000,21.000000
305.000000,113.000000,16.000000,21.000000
305.000000,113.000000,16.000000,21.000000
303.000000,111.000000,16.000000,21.000000
301.000000,109.000000,16.000000,21.000000
297.000000,113.000000,16.000000,21.000000
297.000000,113.000000,16.000000,21.000000
295.000000,113.000000,16.000000,21.000000
295.000000,113.000000,16.000000,21.000000
293.000000,111.000000,16.000000,21.000000
293.000000,111.000000,16.000000,21.000000
293.000000,111.000000,16.000000,21.000000
289.000000,111.000000,16.000000,21.000000
289.000000,111.000000,16.000000,21.000000
289.000000,111.000000,16.000000,21.000000
270.000000,95.000000,53.000000,52.000000
270.000000,95.000000,53.000000,52.000000
268.000000,97.000000,53.000000,52.000000
268.000000,97.000000,53.000000,52.000000
266.000000,95.000000,53.000000,52.000000
264.000000,97.000000,53.000000,52.000000
283.000000,113.000000,16.000000,21.000000
283.000000,113.000000,16.000000,21.000000
264.000000,97.000000,53.000000,52.000000
262.000000,97.000000,53.000000,52.000000
262.000000,97.000000,53.000000,52.000000
281.000000,113.000000,16.000000,21.000000
262.000000,97.000000,53.000000,52.000000
279.000000,109.000000,16.000000,21.000000
275.000000,111.000000,16.000000,21.000000
275.000000,111.000000,16.000000,21.000000
275.000000,111.000000,16.000000,21.000000
275.000000,111.000000,16.000000,21.000000
269.000000,112.000000,16.000000,21.000000
257.000000,112.000000,16.000000,21.000000
257.000000,112.000000,16.000000,21.000000
257.000000,112.000000,16.000000,21.000000
257.000000,112.000000,16.000000,21.000000
253.000000,117.000000,16.000000,21.000000
248.000000,119.000000,16.000000,21.000000
250.000000,117.000000,16.000000,21.000000
250.000000,117.000000,16.000000,21.000000
250.000000,117.000000,16.000000,21.000000
250.000000,117.000000,16.000000,21.000000
244.000000,118.000000,16.000000,21.000000
244.000000,118.000000,16.000000,21.000000
244.000000,118.000000,16.000000,21.000000
244.000000,118.000000,16.000000,21.000000
244.000000,112.000000,16.000000,21.000000
244.000000,112.000000,16.000000,21.000000
244.000000,112.000000,16.000000,21.000000
244.000000,112.000000,16.000000,21.000000
244.000000,112.000000,16.000000,21.000000
244.000000,112.000000,16.000000,21.000000
244.000000,112.000000,16.000000,21.000000
244.000000,112.000000,16.000000,21.000000
244.000000,112.000000,16.000000,21.000000
244.000000,112.000000,16.000000,21.000000
244.000000,112.000000,16.000000,21.000000
244.000000,112.000000,16.000000,21.000000
244.000000,112.000000,16.000000,21.000000
244.000000,112.000000,16.000000,21.000000
244.000000,112.000000,16.000000,21.000000
244.000000,112.000000,16.000000,21.000000
244.000000,112.000000,16.000000,21.000000
244.000000,112.000000,16.000000,21.000000
244.000000,112.000000,16.000000,21.000000
238.000000,114.000000,16.000000,21.000000
238.000000,114.000000,16.000000,21.000000
238.000000,114.000000,16.000000,21.000000
238.000000,114.000000,16.000000,21.000000
238.000000,114.000000,16.000000,21.000000
238.000000,114.000000,16.000000,21.000000
238.000000,114.000000,16.000000,21.000000
238.000000,114.000000,16.000000,21.000000
232.000000,116.000000,16.000000,21.000000
232.000000,116.000000,16.000000,21.000000
232.000000,116.000000,16.000000,21.000000
232.000000,116.000000,16.000000,21.000000
227.000000,114.000000,16.000000,21.000000
227.000000,114.000000,16.000000,21.000000
227.000000,114.000000,16.000000,21.000000
227.000000,114.000000,16.000000,21.000000
227.000000,114.000000,16.000000,21.000000
225.000000,112.000000,16.000000,21.000000
223.000000,112.000000,16.000000,21.000000
204.000000,96.000000,53.000000,52.000000
223.000000,112.000000,16.000000,21.000000
217.000000,110.000000,16.000000,21.000000
217.000000,110.000000,16.000000,21.000000
211.000000,112.000000,16.000000,21.000000
211.000000,112.000000,16.000000,21.000000
209.000000,114.000000,16.000000,21.000000
209.000000,114.000000,16.000000,21.000000
203.000000,115.000000,16.000000,21.000000
197.000000,117.000000,16.000000,21.000000
197.000000,117.000000,16.000000,21.000000
191.000000,119.000000,16.000000,21.000000
186.000000,117.000000,16.000000,21.000000
180.000000,119.000000,16.000000,21.000000
180.000000,119.000000,16.000000,21.000000
174.000000,117.000000,16.000000,21.000000
174.000000,117.000000,16.000000,21.000000
169.000000,119.000000,16.000000,21.000000
163.000000,117.000000,16.000000,21.000000
163.000000,117.000000,16.000000,21.000000
161.000000,115.000000,16.000000,21.000000
157.000000,119.000000,16.000000,21.000000
157.000000,119.000000,16.000000,21.000000
157.000000,119.000000,16.000000,21.000000
151.000000,118.000000,16.000000,21.000000
151.000000,118.000000,16.000000,21.000000
146.000000,119.000000,16.000000,21.000000
144.000000,118.000000,16.000000,21.000000
144.000000,118.000000,16.000000,21.000000
138.000000,119.000000,16.000000,21.000000
138.000000,119.000000,16.000000,21.000000
141.000000,115.000000,16.000000,21.000000
141.000000,115.000000,16.000000,21.000000
141.000000,115.000000,16.000000,21.000000
136.000000,113.000000,16.000000,21.000000
130.000000,113.000000,16.000000,21.000000
128.000000,115.000000,16.000000,21.000000
130.000000,113.000000,16.000000,21.000000
124.000000,114.000000,16.000000,21.000000
105.000000,98.000000,53.000000,53.000000
100.000000,97.000000,52.000000,52.000000
100.000000,97.000000,52.000000,52.000000
94.000000,98.000000,53.000000,53.000000
88.000000,97.000000,53.000000,52.000000
83.000000,98.000000,52.000000,53.000000
83.000000,98.000000,52.000000,53.000000
77.000000,97.000000,53.000000,52.000000
71.000000,98.000000,53.000000,53.000000
90.000000,114.000000,16.000000,21.000000
90.000000,114.000000,16.000000,21.000000
84.000000,116.000000,16.000000,21.000000
78.000000,114.000000,16.000000,21.000000
78.000000,114.000000,16.000000,21.000000
72.000000,113.000000,16.000000,21.000000
67.000000,114.000000,16.000000,21.000000
61.000000,113.000000,16.000000,21.000000
59.000000,113.000000,16.000000,21.000000
53.000000,111.000000,16.000000,21.000000
47.000000,113.000000,16.000000,21.000000
41.000000,111.000000,16.000000,21.000000
41.000000,111.000000,16.000000,21.000000
31.000000,111.000000,16.000000,21.000000
31.000000,111.000000,16.000000,21.000000
25.000000,112.000000,16.000000,21.000000
19.000000,111.000000,16.000000,21.000000
15.000000,113.000000,16.000000,21.000000
15.000000,113.000000,16.000000,21.000000
