1
490.46,444.95,536.23,447.99,539.21,403.20,493.43,400.15
488.51,435.01,535.69,434.42,535.11,388.24,487.93,388.84
500.91,426.84,544.37,416.46,534.20,373.92,490.74,384.31
500.35,423.05,546.68,412.25,536.10,366.91,489.78,377.71
505.67,421.69,549.85,403.34,531.88,360.10,487.71,378.46
506.64,420.37,549.83,401.81,531.67,359.54,488.48,378.09
507.87,421.77,550.57,403.55,532.74,361.76,490.04,379.98
508.36,424.88,550.11,408.42,534.00,367.56,492.25,384.02
510.94,432.10,551.37,415.55,535.18,375.98,494.74,392.52
504.07,425.09,544.29,427.84,546.98,388.47,506.75,385.73
499.54,420.49,535.66,427.36,542.39,392.00,506.26,385.14
2
0
0
0
0
1
507.61,323.46,509.92,369.87,558.09,367.47,555.79,321.06
517.06,355.37,557.24,376.91,579.60,335.19,539.42,313.64
530.93,323.83,529.94,361.86,569.42,362.89,570.41,324.86
531.53,324.04,529.93,361.81,569.14,363.47,570.75,325.70
531.69,323.86,529.62,361.74,568.95,363.89,571.03,326.00
532.07,325.15,530.03,362.38,568.68,364.50,570.73,327.27
526.54,325.94,527.06,365.34,567.97,364.80,567.45,325.39
526.23,317.78,527.11,352.71,563.37,351.79,562.50,316.86
524.29,329.23,531.04,361.28,564.31,354.27,557.57,322.22
527.36,326.71,520.85,359.67,555.07,366.42,561.58,333.47
518.76,334.43,519.82,370.34,557.11,369.24,556.05,333.32
516.51,343.54,518.62,378.93,555.36,376.74,553.25,341.35
2
0
0
0
0
1
526.81,352.94,521.99,397.50,569.06,402.57,573.88,358.01
519.96,349.96,532.26,396.34,581.24,383.30,568.93,336.94
525.14,344.97,542.11,387.98,587.53,370.02,570.55,327.02
525.25,337.62,540.21,376.90,581.69,361.07,566.73,321.80
532.96,330.28,540.21,366.22,578.17,358.54,570.92,322.60
537.22,329.48,541.23,360.96,574.48,356.70,570.47,325.23
553.86,327.05,535.30,352.01,561.68,371.59,580.23,346.64
552.03,321.44,525.11,348.54,553.76,376.96,580.67,349.85
563.99,385.49,583.66,348.95,545.04,328.20,525.38,364.74
576.03,390.46,587.98,353.57,549.00,340.97,537.06,377.86
569.15,389.46,590.46,357.81,557.01,335.31,535.70,366.97
2
0
0
0
0
1
514.16,285.47,523.57,330.07,571.43,319.95,562.03,275.36
506.41,283.10,516.20,334.54,571.41,324.00,561.62,272.57
507.41,294.89,521.65,346.94,577.51,331.64,563.27,279.59
506.65,295.13,521.63,347.68,578.04,331.57,563.05,279.02
2
0
0
0
0
1
457.89,285.04,442.87,326.08,487.36,342.34,502.37,301.29
440.32,301.65,441.65,344.31,487.88,342.85,486.55,300.19
2
0
0
0
0
1
400.55,351.59,405.95,395.56,453.95,389.65,448.55,345.68
397.48,345.26,401.58,390.08,450.51,385.59,446.42,340.77
397.46,343.76,401.40,388.45,450.19,384.13,446.25,339.44
394.55,342.55,399.34,389.33,450.42,384.08,445.63,337.30
402.21,330.27,386.50,376.35,436.82,393.48,452.53,347.40
382.71,344.23,399.48,385.19,444.18,366.87,427.42,325.92
392.99,337.81,409.96,376.13,451.78,357.58,434.81,319.27
396.48,355.83,421.56,387.54,456.17,360.14,431.09,328.43
2
0
0
0
0
1
363.71,430.21,373.56,474.03,422.04,463.12,412.19,419.31
367.66,425.45,369.56,471.64,420.66,469.52,418.76,423.34
2
0
0
0
0
1
387.16,391.51,404.08,430.73,447.80,411.87,430.89,372.64
388.82,393.63,401.51,433.38,445.82,419.23,433.14,379.48
385.77,395.56,398.56,431.51,438.64,417.25,425.86,381.29
384.73,402.35,401.35,435.38,438.18,416.85,421.56,383.81
2
0
0
0
0
1
421.76,363.22,426.81,408.85,478.18,403.17,473.14,357.54
425.13,353.97,431.28,402.91,486.38,396.00,480.23,347.05
