1
648.19,279.76,653.29,405.23,680.64,404.12,675.55,278.65
651.13,282.84,652.44,411.21,680.74,410.92,679.42,282.55
648.71,285.06,655.71,407.48,685.03,405.80,678.03,283.38
648.64,299.44,655.83,409.08,688.64,406.93,681.45,297.29
643.97,302.29,647.82,412.65,682.86,411.43,679.00,301.07
639.81,304.64,639.36,414.95,673.20,415.09,673.65,304.78
635.49,307.76,639.92,416.83,676.60,415.34,672.17,306.27
646.00,308.18,645.41,416.03,677.98,416.20,678.57,308.36
643.40,308.05,645.69,416.60,680.01,415.88,677.72,307.33
638.43,309.13,637.83,418.37,672.36,418.56,672.96,309.32
638.26,308.71,629.03,419.39,665.94,422.47,675.16,311.79
633.07,315.52,625.19,425.20,660.71,427.75,668.59,318.08
628.72,323.95,621.38,435.92,658.98,438.38,666.31,326.41
625.23,330.38,617.40,442.52,653.96,445.08,661.80,332.94
620.72,330.80,615.44,443.75,650.68,445.40,655.96,332.45
622.38,328.62,617.31,441.87,653.92,443.51,658.99,330.26
631.87,324.52,627.40,438.32,662.49,439.70,666.96,325.90
637.65,320.37,633.35,434.12,667.75,435.42,672.05,321.67
640.27,316.79,635.19,428.54,668.47,430.05,673.54,318.30
631.21,317.25,626.41,428.44,665.14,430.12,669.95,318.92
626.70,318.04,622.12,430.11,662.72,431.76,667.30,319.70
627.84,318.94,625.05,430.07,669.49,431.19,672.27,320.05
639.05,316.14,634.62,423.20,675.13,424.87,679.56,317.82
643.31,313.21,639.71,425.71,678.28,426.95,681.88,314.44
640.45,313.49,637.57,424.75,677.31,425.78,680.19,314.52
640.27,314.62,640.08,425.77,679.65,425.84,679.84,314.69
642.64,313.23,643.07,422.98,681.71,422.83,681.28,313.08
649.36,308.12,645.87,420.50,680.68,421.58,684.17,309.20
652.32,303.31,648.90,415.76,682.95,416.79,686.38,304.35
652.78,299.58,653.23,423.65,688.36,423.52,687.91,299.45
655.86,294.03,655.56,418.72,689.31,418.80,689.61,294.11
655.11,291.85,654.76,411.20,692.88,411.31,693.22,291.96
660.14,287.58,658.35,394.06,693.68,394.65,695.47,288.18
661.66,283.22,661.64,394.27,694.86,394.27,694.87,283.22
652.19,281.32,656.18,386.28,689.47,385.02,685.48,280.06
651.61,276.43,647.62,382.96,679.92,384.17,683.92,277.64
649.98,274.96,645.52,380.96,673.50,382.13,677.96,276.14
649.12,271.25,644.91,377.66,673.87,378.81,678.08,272.40
647.09,264.85,649.00,379.67,677.56,379.20,675.65,264.37
645.55,261.04,641.87,377.29,672.25,378.25,675.94,262.00
635.85,259.12,626.51,384.48,664.11,387.28,673.45,261.92
625.86,254.29,615.78,375.71,655.55,379.02,665.64,257.59
614.42,255.34,608.64,373.83,648.95,375.79,654.74,257.31
616.39,252.10,614.91,374.13,659.60,374.67,661.08,252.64
624.68,245.69,622.15,364.93,667.97,365.90,670.50,246.66
626.09,248.60,619.28,350.94,666.45,354.08,673.26,251.74
626.08,243.61,609.67,351.60,660.06,359.26,676.47,251.27
625.44,241.63,610.31,353.58,658.58,360.10,673.71,248.16
631.55,241.31,613.41,360.80,663.66,368.43,681.79,248.93
635.89,242.65,625.55,343.79,681.38,349.49,691.72,248.35
634.16,250.40,634.66,349.81,691.49,349.53,690.99,250.12
638.55,251.13,627.69,350.94,683.55,357.02,694.41,257.21
630.10,245.71,633.48,353.86,695.05,351.94,691.67,243.78
630.87,241.72,622.41,351.13,689.80,356.34,698.25,246.93
632.37,239.58,614.63,345.54,688.67,357.93,706.41,251.98
653.62,236.67,601.86,320.15,665.40,359.54,717.16,276.07
659.54,236.72,608.39,322.86,670.90,359.98,722.05,273.85
657.96,234.96,615.11,323.64,679.16,354.59,722.01,265.91
638.53,240.61,638.55,345.51,717.62,345.50,717.60,240.60
638.61,244.28,644.78,348.17,724.02,343.47,717.85,239.58
637.63,243.45,641.13,347.13,728.38,344.18,724.87,240.49
643.68,242.25,644.72,349.43,727.82,348.63,726.78,241.44
649.95,236.93,642.22,342.65,719.82,348.33,727.55,242.61
657.70,234.93,647.44,337.76,724.83,345.49,735.09,242.66
655.40,235.63,652.09,338.34,728.72,340.80,732.03,238.09
662.92,231.07,652.36,362.24,727.90,368.32,738.46,237.15
661.46,231.31,663.68,364.78,738.22,363.54,736.00,230.08
657.65,230.15,673.42,352.19,743.87,343.09,728.11,221.05
664.80,225.06,672.31,347.44,743.71,343.06,736.20,220.68
658.21,226.17,676.96,350.07,744.55,339.84,725.80,215.94
650.83,228.77,676.67,342.81,747.00,326.88,721.16,212.83
657.21,224.55,666.57,347.02,738.79,341.50,729.43,219.03
663.76,216.84,665.24,340.38,734.89,339.54,733.41,216.01
665.14,206.89,663.31,333.82,733.48,334.84,735.32,207.90
678.70,202.35,663.86,322.54,729.94,330.70,744.78,210.51
682.78,202.85,668.08,319.73,732.57,327.84,747.27,210.96
685.92,207.75,691.74,322.33,750.47,319.35,744.66,204.77
689.95,201.47,690.84,315.88,747.82,315.43,746.93,201.02
690.15,203.85,702.17,318.25,756.97,312.49,744.94,198.09
695.65,193.98,712.76,321.23,774.33,312.95,757.22,185.70
722.93,186.71,717.77,312.46,782.25,315.11,787.41,189.36
737.61,195.73,734.19,304.99,794.88,306.89,798.31,197.63
727.11,197.97,745.05,315.79,811.34,305.69,793.40,187.88
711.62,203.06,737.45,319.15,809.42,303.14,783.59,187.05
719.84,201.62,724.29,324.35,796.74,321.71,792.28,198.99
729.49,214.92,732.99,332.42,809.87,330.13,806.38,212.63
735.14,219.58,738.91,337.91,815.42,335.47,811.65,217.14
726.69,227.46,742.64,348.04,824.86,337.17,808.92,216.59
724.14,223.23,738.27,342.09,818.16,332.59,804.03,213.73
719.76,221.67,733.38,342.75,820.54,332.95,806.91,211.86
716.23,236.69,734.89,345.17,818.13,330.85,799.48,222.37
718.31,234.13,721.16,345.03,807.96,342.79,805.10,231.89
711.26,238.15,725.11,349.72,813.99,338.68,800.13,227.11
713.71,234.96,720.62,348.27,810.72,342.77,803.80,229.46
721.59,227.29,722.00,342.56,811.23,342.24,810.82,226.97
715.46,228.46,727.33,342.49,800.95,334.82,789.08,220.79
707.67,225.67,717.19,338.65,789.56,332.55,780.04,219.57
709.46,225.29,718.18,324.12,792.16,317.59,783.43,218.77
715.95,221.42,726.38,324.68,798.66,317.38,788.23,214.12
724.39,210.59,716.15,317.15,794.93,323.24,803.17,216.68
724.85,210.06,723.73,316.15,799.76,316.96,800.88,210.86
721.42,195.44,727.88,315.33,804.10,311.22,797.64,191.33
726.18,186.71,716.84,309.87,795.76,315.86,805.10,192.70
735.40,198.67,711.80,303.64,790.65,321.37,814.25,216.40
742.56,199.40,721.28,306.18,801.48,322.16,822.76,215.38
745.45,199.75,721.08,301.58,801.27,320.77,825.63,218.94
742.21,202.38,728.89,300.11,811.30,311.35,824.62,213.62
745.31,197.15,723.82,294.02,803.41,311.68,824.90,214.81
747.87,198.01,729.27,295.12,811.80,310.92,830.40,213.81
759.91,190.55,732.56,293.26,809.97,313.87,837.32,211.16
766.88,193.01,732.43,286.08,807.98,314.05,842.43,220.97
749.46,210.61,843.23,210.61,843.23,304.38,749.46,304.38
744.15,212.88,832.52,212.88,832.52,301.24,744.15,301.24
773.94,196.89,734.64,290.23,812.67,323.08,851.97,229.75
755.80,211.28,842.72,211.28,842.72,298.20,755.80,298.20
763.01,200.74,752.22,297.22,831.63,306.11,842.43,209.63
763.42,199.20,746.97,295.25,825.64,308.72,842.09,212.67
772.19,198.88,735.26,295.09,812.00,324.54,848.93,228.33
749.34,217.71,840.69,217.71,840.69,309.06,749.34,309.06
734.45,219.37,756.80,319.70,835.40,302.19,813.05,201.86
729.16,220.41,762.81,319.24,843.24,291.86,809.59,193.03
745.51,206.36,840.29,206.36,840.29,301.14,745.51,301.14
749.77,206.11,844.14,206.11,844.14,300.49,749.77,300.49
749.67,215.83,844.91,215.83,844.91,311.08,749.67,311.08
743.08,218.69,845.00,218.69,845.00,320.62,743.08,320.62
744.30,219.92,848.24,219.92,848.24,323.86,744.30,323.86
783.74,215.25,743.84,300.83,814.97,333.99,854.87,248.41
771.10,213.63,748.61,312.37,821.37,328.94,843.85,230.19
758.66,219.34,757.71,324.67,837.42,325.39,838.37,220.05
769.48,214.93,751.26,326.31,827.97,338.85,846.19,227.47
766.07,215.26,755.32,327.21,840.32,335.38,851.07,223.43
772.53,210.88,754.67,321.17,839.00,334.82,856.86,224.53
775.18,217.41,759.40,323.31,847.66,336.46,863.44,230.56
764.22,223.95,781.43,328.15,865.36,314.30,848.15,210.10
769.63,219.17,874.89,219.17,874.89,324.43,769.63,324.43
783.54,217.18,890.83,217.18,890.83,324.47,783.54,324.47
791.42,234.94,822.93,331.69,880.69,312.88,849.18,216.12
788.16,233.08,814.26,342.61,889.48,324.68,863.37,215.15
796.07,245.90,843.55,353.42,912.89,322.80,865.41,215.28
808.06,248.95,860.99,343.87,925.30,308.01,872.37,213.09
830.87,232.29,893.82,336.14,946.39,304.27,883.44,200.42
854.42,209.20,888.20,331.24,956.26,312.39,922.48,190.36
865.52,210.51,902.65,324.86,972.23,302.27,935.11,187.92
867.74,217.43,914.99,320.23,986.98,287.14,939.72,184.34
866.86,218.69,907.23,324.55,976.57,298.11,936.20,192.25
862.47,213.68,889.00,328.69,967.49,310.58,940.96,195.58
856.50,214.62,883.50,331.56,955.94,314.83,928.94,197.89
838.72,229.31,882.21,316.03,945.68,284.20,902.19,197.48
863.10,198.37,858.73,307.06,920.72,309.55,925.09,200.86
865.02,205.27,863.09,305.30,924.28,306.48,926.20,206.45
855.61,207.73,863.67,308.63,925.92,303.66,917.86,202.76
853.29,207.05,860.19,313.50,920.53,309.59,913.62,203.14
842.65,205.47,862.15,320.82,921.92,310.72,902.41,195.36
844.74,227.61,876.04,322.34,930.99,304.19,899.68,209.45
849.78,231.29,883.08,316.89,936.25,296.21,902.94,210.60
856.95,240.07,887.85,323.36,939.45,304.22,908.55,220.93
855.56,242.89,890.88,328.21,938.20,308.62,902.89,223.30
850.44,255.71,891.29,339.05,938.75,315.80,897.90,232.45
937.34,301.15,884.49,240.25,846.00,273.65,898.85,334.55
936.14,285.41,861.66,246.94,836.18,296.27,910.66,334.74
938.11,282.98,848.87,258.01,835.81,304.69,925.05,329.65
941.74,271.64,844.48,276.68,846.94,324.06,944.20,319.02
942.30,254.93,846.91,286.86,862.45,333.25,957.83,301.32
940.70,244.72,846.53,296.79,866.48,332.87,960.65,280.80
923.04,217.78,842.23,288.71,881.29,333.22,962.10,262.29
918.85,212.66,842.87,302.67,886.49,339.49,962.47,249.47
901.11,226.09,845.78,309.70,898.11,344.33,953.44,260.72
864.48,241.61,851.68,331.31,910.89,339.76,923.70,250.06
837.17,251.54,855.57,348.71,920.83,336.36,902.42,239.18
934.09,313.14,869.97,241.22,822.67,283.39,886.79,355.31
926.35,307.14,850.00,245.10,822.46,278.98,898.81,341.03
926.73,275.64,821.06,231.52,799.33,283.57,905.00,327.69
922.73,258.06,810.51,231.31,796.90,288.42,909.12,315.17
912.12,245.88,798.15,240.29,795.31,298.22,909.28,303.81
896.83,224.86,784.85,274.05,808.58,328.08,920.56,278.89
886.86,223.92,800.78,286.26,836.36,335.38,922.43,273.04
853.34,217.35,818.29,302.93,884.94,330.23,919.99,244.65
849.60,239.23,930.57,239.23,930.57,320.20,849.60,320.20
865.79,230.96,851.42,322.35,928.41,334.46,942.78,243.07
894.40,216.57,861.33,304.57,927.22,329.33,960.28,241.33
953.79,211.80,892.07,276.31,946.85,328.74,1008.58,264.23
1020.24,222.15,933.39,250.30,956.21,320.67,1043.06,292.52
959.77,225.54,1036.54,225.54,1036.54,302.32,959.77,302.32
994.15,213.09,1074.50,213.09,1074.50,293.44,994.15,293.44
2
0
0
0
0
1
810.76,295.08,893.73,498.65,1006.84,452.54,923.86,248.97
826.83,331.60,913.05,503.22,1029.20,444.87,942.98,273.25
851.02,307.62,1029.65,307.62,1029.65,486.25,851.02,486.25
824.47,302.90,1035.11,302.90,1035.11,513.53,824.47,513.53
797.29,311.21,1014.59,311.21,1014.59,528.52,797.29,528.52
828.09,297.79,1037.51,297.79,1037.51,507.21,828.09,507.21
2
0
0
0
0
1
864.01,215.22,582.37,203.65,576.02,358.28,857.66,369.86
882.39,241.39,587.08,217.03,575.18,361.26,870.49,385.62
823.82,242.38,586.09,222.50,573.48,373.23,811.22,393.11
812.87,218.80,574.65,231.47,584.19,410.90,822.41,398.23
831.93,259.17,592.28,239.46,577.97,413.56,817.61,433.27
856.68,283.50,615.84,232.94,576.63,419.71,817.48,470.26
779.08,226.88,541.14,296.11,588.81,459.95,826.75,390.72
798.02,249.66,551.70,289.97,578.35,452.78,824.67,412.47
807.03,236.72,564.92,264.44,585.78,446.63,827.89,418.92
581.43,225.15,810.82,225.15,810.82,454.55,581.43,454.55
795.68,226.99,546.65,271.68,581.70,466.95,830.73,422.26
589.14,262.75,785.64,262.75,785.64,459.26,589.14,459.26
699.46,200.90,605.60,413.81,752.27,478.46,846.12,265.55
788.77,327.51,579.29,401.89,601.77,465.20,811.25,390.82
764.25,289.45,604.25,408.84,645.62,464.28,805.61,344.88
739.61,280.19,612.92,431.03,664.03,473.95,790.71,323.11
718.78,272.53,617.20,454.66,690.82,495.72,792.40,313.60
715.45,256.57,626.83,441.10,717.28,484.54,805.91,300.01
718.12,239.75,631.42,428.44,737.00,476.95,823.70,288.26
699.52,234.19,630.91,425.73,763.66,473.28,832.26,281.74
747.21,166.15,581.85,351.56,697.12,454.36,862.48,268.96
699.44,165.94,588.19,368.34,753.49,459.20,864.74,256.80
642.21,206.78,676.16,393.46,742.13,381.46,708.18,194.78
637.08,220.80,658.06,390.42,731.18,381.37,710.20,211.76
622.19,217.72,656.99,392.69,721.47,379.86,686.67,204.90
597.08,229.38,648.51,403.38,721.55,381.79,670.12,207.79
580.74,247.93,639.25,417.22,726.17,387.18,667.67,217.89
584.86,263.02,623.81,425.05,701.92,406.28,662.96,244.24
562.91,277.91,595.10,449.72,694.25,431.14,662.05,259.33
525.65,316.16,611.48,483.34,725.23,424.94,639.40,257.76
731.34,449.73,635.94,268.92,524.31,327.82,619.72,508.63
525.68,329.18,617.11,521.70,726.00,469.98,634.57,277.46
733.03,473.95,638.58,281.90,530.62,335.00,625.07,527.05
733.22,494.94,641.86,286.65,541.74,330.57,633.10,538.86
533.18,334.64,615.94,527.68,722.04,482.19,639.28,289.15
539.47,325.21,612.32,528.45,707.65,494.28,634.79,291.04
551.64,328.69,614.20,523.65,704.36,494.72,641.81,299.76
