1
576.000000,300.000000,232.000000,240.000000
636.000000,296.000000,200.000000,228.000000
600.000000,356.000000,260.000000,232.000000
636.000000,296.000000,204.000000,252.000000
636.000000,348.000000,204.000000,240.000000
640.000000,296.000000,200.000000,228.000000
632.000000,308.000000,200.000000,244.000000
648.000000,312.000000,200.000000,228.000000
660.000000,332.000000,200.000000,228.000000
668.000000,340.000000,200.000000,228.000000
676.000000,324.000000,200.000000,228.000000
680.000000,340.000000,200.000000,228.000000
672.000000,340.000000,200.000000,228.000000
700.000000,340.000000,200.000000,228.000000
664.000000,324.000000,200.000000,228.000000
652.000000,340.000000,200.000000,228.000000
696.000000,340.000000,200.000000,228.000000
648.000000,312.000000,200.000000,228.000000
672.000000,316.000000,200.000000,228.000000
648.000000,328.000000,200.000000,228.000000
656.000000,308.000000,200.000000,228.000000
656.000000,288.000000,200.000000,232.000000
636.000000,292.000000,200.000000,228.000000
636.000000,272.000000,200.000000,228.000000
648.000000,248.000000,200.000000,236.000000
656.000000,228.000000,212.000000,232.000000
680.000000,232.000000,204.000000,228.000000
668.000000,244.000000,204.000000,228.000000
684.000000,228.000000,204.000000,228.000000
668.000000,224.000000,208.000000,228.000000
652.000000,228.000000,204.000000,228.000000
652.000000,228.000000,200.000000,228.000000
648.000000,220.000000,200.000000,228.000000
616.000000,220.000000,200.000000,228.000000
628.000000,220.000000,204.000000,228.000000
612.000000,224.000000,200.000000,228.000000
596.000000,216.000000,200.000000,228.000000
564.000000,192.000000,200.000000,228.000000
516.000000,188.000000,200.000000,228.000000
516.000000,180.000000,200.000000,228.000000
476.000000,176.000000,200.000000,228.000000
472.000000,164.000000,200.000000,228.000000
448.000000,164.000000,204.000000,228.000000
492.000000,140.000000,200.000000,228.000000
504.000000,176.000000,204.000000,228.000000
504.000000,176.000000,200.000000,228.000000
524.000000,160.000000,204.000000,228.000000
548.000000,176.000000,200.000000,228.000000
576.000000,216.000000,200.000000,228.000000
572.000000,232.000000,200.000000,228.000000
580.000000,248.000000,200.000000,228.000000
604.000000,272.000000,200.000000,228.000000
640.000000,304.000000,200.000000,228.000000
688.000000,376.000000,200.000000,228.000000
704.000000,400.000000,200.000000,228.000000
728.000000,436.000000,200.000000,228.000000
732.000000,436.000000,200.000000,228.000000
668.000000,524.000000,212.000000,200.000000
612.000000,564.000000,212.000000,160.000000
624.000000,536.000000,200.000000,188.000000
