1
789.296875,251.295471,85.000000,178.000000
793.496643,248.441116,85.000000,178.000000
796.820984,245.960480,85.000000,178.000000
800.957092,245.545471,85.000000,178.000000
803.465881,240.317413,85.000000,178.000000
813.117920,236.889954,85.000000,178.000000
812.769958,235.963989,86.000000,145.000000
827.780579,229.252411,86.000000,145.000000
828.571411,227.984207,86.000000,145.000000
839.027161,223.916718,86.000000,145.000000
849.076904,220.937851,86.000000,145.000000
857.302490,218.621170,86.000000,145.000000
857.029053,217.304489,87.000000,123.000000
866.980713,213.542786,87.000000,123.000000
879.457764,208.540833,87.000000,123.000000
892.860840,200.824524,87.000000,123.000000
902.517456,194.358444,87.000000,123.000000
904.811096,191.982788,87.000000,123.000000
904.104797,190.607132,88.000000,111.000000
912.899048,184.234543,88.000000,111.000000
921.190430,176.531906,88.000000,111.000000
930.047546,170.754608,88.000000,111.000000
937.327087,165.381027,88.000000,111.000000
937.105896,162.817352,88.000000,111.000000
940.886658,156.755661,89.000000,105.000000
945.170471,151.364716,89.000000,105.000000
949.622131,147.643600,89.000000,105.000000
952.575134,145.520035,89.000000,105.000000
953.401367,144.146637,89.000000,105.000000
957.499023,142.588974,89.000000,105.000000
958.927673,141.700073,90.000000,101.000000
959.357666,142.312775,90.000000,101.000000
958.952515,143.092361,90.000000,101.000000
957.290894,145.284027,90.000000,101.000000
953.711914,148.223175,90.000000,101.000000
946.798523,150.539795,90.000000,101.000000
943.885193,156.856415,91.000000,101.000000
943.723877,156.922073,91.000000,101.000000
939.562561,163.987747,91.000000,101.000000
935.070251,174.385620,91.000000,101.000000
927.937195,186.784454,91.000000,101.000000
940.388367,236.079788,91.000000,101.000000
939.839539,234.870331,92.000000,101.000000
931.790161,247.160400,92.000000,101.000000
922.074158,262.114197,92.000000,101.000000
910.436584,274.774078,92.000000,101.000000
897.974731,289.296295,92.000000,101.000000
886.462585,297.392456,92.000000,101.000000
886.950500,296.988098,93.000000,101.000000
867.839661,310.789520,93.000000,101.000000
845.619629,326.587311,93.000000,101.000000
823.803833,344.092499,93.000000,101.000000
809.217651,355.712769,93.000000,101.000000
786.759705,367.591125,93.000000,101.000000
759.805908,382.468231,94.000000,101.000000
730.671021,395.802734,94.000000,101.000000
701.827942,405.989716,94.000000,101.000000
683.113159,411.828735,94.000000,101.000000
672.900818,413.021118,94.000000,101.000000
623.144714,424.462891,94.000000,101.000000
596.388367,426.740204,95.000000,101.000000
571.632812,429.516907,95.000000,101.000000
569.147034,427.561249,95.000000,101.000000
548.136047,426.659119,95.000000,101.000000
560.697876,432.792053,95.000000,101.000000
539.759399,431.422668,95.000000,101.000000
521.947754,426.929565,96.000000,101.000000
521.372498,427.198486,96.000000,101.000000
508.950592,421.695526,96.000000,101.000000
497.314484,415.452637,96.000000,101.000000
488.122803,413.425964,96.000000,101.000000
480.286591,409.722015,96.000000,101.000000
480.450378,408.515228,97.000000,102.000000
474.759125,402.880280,97.000000,102.000000
471.749298,398.503204,97.000000,102.000000
