1
628.000000,277.000000,152.000000,94.000000
632.000000,277.000000,152.000000,94.000000
634.000000,277.000000,152.000000,94.000000
638.000000,279.000000,152.000000,94.000000
640.000000,279.000000,152.000000,94.000000
642.000000,279.000000,152.000000,94.000000
644.000000,281.000000,152.000000,94.000000
644.000000,281.000000,152.000000,94.000000
644.000000,283.000000,152.000000,94.000000
643.000000,283.000000,154.000000,94.000000
641.000000,282.000000,158.000000,96.000000
641.000000,282.000000,158.000000,96.000000
641.000000,282.000000,158.000000,96.000000
641.000000,284.000000,158.000000,96.000000
643.000000,284.000000,158.000000,96.000000
644.000000,285.000000,160.000000,98.000000
644.000000,287.000000,160.000000,98.000000
646.000000,289.000000,160.000000,98.000000
648.000000,289.000000,160.000000,98.000000
650.000000,291.000000,160.000000,98.000000
652.000000,293.000000,160.000000,98.000000
650.000000,292.000000,164.000000,100.000000
652.000000,294.000000,164.000000,100.000000
652.000000,296.000000,164.000000,100.000000
651.000000,295.000000,166.000000,102.000000
649.000000,297.000000,166.000000,102.000000
649.000000,297.000000,166.000000,102.000000
649.000000,299.000000,166.000000,102.000000
649.000000,299.000000,166.000000,102.000000
649.000000,299.000000,166.000000,102.000000
649.000000,301.000000,166.000000,102.000000
651.000000,301.000000,166.000000,102.000000
651.000000,303.000000,166.000000,102.000000
651.000000,303.000000,166.000000,102.000000
651.000000,305.000000,166.000000,102.000000
651.000000,305.000000,166.000000,102.000000
649.000000,305.000000,166.000000,102.000000
647.000000,307.000000,166.000000,102.000000
645.000000,307.000000,166.000000,102.000000
641.000000,307.000000,166.000000,102.000000
639.000000,307.000000,166.000000,102.000000
637.000000,307.000000,166.000000,102.000000
635.000000,307.000000,166.000000,102.000000
631.000000,306.000000,170.000000,104.000000
627.000000,306.000000,170.000000,104.000000
625.000000,305.000000,174.000000,106.000000
625.000000,305.000000,174.000000,106.000000
623.000000,305.000000,174.000000,106.000000
623.000000,305.000000,174.000000,106.000000
623.000000,305.000000,174.000000,106.000000
623.000000,305.000000,174.000000,106.000000
623.000000,305.000000,174.000000,106.000000
623.000000,305.000000,174.000000,106.000000
621.000000,303.000000,178.000000,110.000000
619.000000,303.000000,178.000000,110.000000
617.000000,303.000000,178.000000,110.000000
617.000000,303.000000,178.000000,110.000000
615.000000,303.000000,178.000000,110.000000
613.000000,301.000000,178.000000,110.000000
613.000000,301.000000,178.000000,110.000000
613.000000,301.000000,178.000000,110.000000
613.000000,299.000000,178.000000,110.000000
613.000000,299.000000,178.000000,110.000000
615.000000,299.000000,178.000000,110.000000
614.000000,298.000000,180.000000,112.000000
616.000000,298.000000,180.000000,112.000000
616.000000,298.000000,180.000000,112.000000
618.000000,298.000000,180.000000,112.000000
618.000000,298.000000,180.000000,112.000000
618.000000,298.000000,180.000000,112.000000
618.000000,298.000000,180.000000,112.000000
616.000000,297.000000,184.000000,114.000000
616.000000,297.000000,184.000000,114.000000
616.000000,297.000000,184.000000,114.000000
616.000000,297.000000,184.000000,114.000000
618.000000,299.000000,184.000000,114.000000
618.000000,299.000000,184.000000,114.000000
616.000000,298.000000,188.000000,116.000000
618.000000,298.000000,188.000000,116.000000
618.000000,298.000000,188.000000,116.000000
618.000000,298.000000,188.000000,116.000000
618.000000,298.000000,188.000000,116.000000
618.000000,298.000000,188.000000,116.000000
618.000000,298.000000,188.000000,116.000000
618.000000,298.000000,188.000000,116.000000
616.000000,297.000000,192.000000,118.000000
616.000000,297.000000,192.000000,118.000000
616.000000,297.000000,192.000000,118.000000
616.000000,299.000000,192.000000,118.000000
614.000000,298.000000,196.000000,120.000000
614.000000,300.000000,196.000000,120.000000
612.000000,298.000000,200.000000,124.000000
612.000000,300.000000,200.000000,124.000000
612.000000,300.000000,200.000000,124.000000
612.000000,300.000000,200.000000,124.000000
612.000000,298.000000,200.000000,124.000000
610.000000,297.000000,204.000000,126.000000
612.000000,295.000000,204.000000,126.000000
612.000000,295.000000,204.000000,126.000000
612.000000,295.000000,204.000000,126.000000
612.000000,295.000000,204.000000,126.000000
612.000000,295.000000,204.000000,126.000000
612.000000,295.000000,204.000000,126.000000
612.000000,295.000000,204.000000,126.000000
608.000000,294.000000,208.000000,128.000000
608.000000,292.000000,208.000000,128.000000
608.000000,292.000000,208.000000,128.000000
606.000000,292.000000,208.000000,128.000000
606.000000,292.000000,208.000000,128.000000
604.000000,292.000000,208.000000,128.000000
604.000000,292.000000,208.000000,128.000000
602.000000,292.000000,208.000000,128.000000
598.000000,293.000000,212.000000,130.000000
596.000000,293.000000,212.000000,130.000000
596.000000,293.000000,212.000000,130.000000
594.000000,295.000000,212.000000,130.000000
592.000000,295.000000,212.000000,130.000000
590.000000,295.000000,212.000000,130.000000
586.000000,295.000000,216.000000,134.000000
582.000000,294.000000,220.000000,136.000000
582.000000,294.000000,220.000000,136.000000
582.000000,294.000000,220.000000,136.000000
582.000000,294.000000,220.000000,136.000000
582.000000,294.000000,220.000000,136.000000
582.000000,294.000000,220.000000,136.000000
582.000000,294.000000,220.000000,136.000000
582.000000,293.000000,224.000000,138.000000
582.000000,293.000000,224.000000,138.000000
582.000000,291.000000,224.000000,138.000000
584.000000,291.000000,224.000000,138.000000
581.000000,289.000000,230.000000,142.000000
585.000000,293.000000,230.000000,142.000000
585.000000,293.000000,230.000000,142.000000
585.000000,293.000000,230.000000,142.000000
589.000000,293.000000,230.000000,142.000000
589.000000,293.000000,230.000000,142.000000
593.000000,293.000000,230.000000,142.000000
593.000000,293.000000,230.000000,142.000000
591.000000,292.000000,234.000000,144.000000
591.000000,292.000000,234.000000,144.000000
595.000000,292.000000,234.000000,144.000000
589.000000,290.000000,238.000000,148.000000
589.000000,290.000000,238.000000,148.000000
589.000000,290.000000,238.000000,148.000000
586.000000,289.000000,244.000000,150.000000
586.000000,289.000000,244.000000,150.000000
590.000000,289.000000,244.000000,150.000000
590.000000,289.000000,244.000000,150.000000
590.000000,289.000000,244.000000,150.000000
590.000000,289.000000,244.000000,150.000000
594.000000,289.000000,244.000000,150.000000
594.000000,289.000000,244.000000,150.000000
592.000000,287.000000,248.000000,154.000000
592.000000,287.000000,248.000000,154.000000
589.000000,290.000000,254.000000,156.000000
589.000000,290.000000,254.000000,156.000000
589.000000,290.000000,254.000000,156.000000
593.000000,294.000000,254.000000,156.000000
589.000000,294.000000,254.000000,156.000000
593.000000,294.000000,254.000000,156.000000
593.000000,298.000000,254.000000,156.000000
591.000000,296.000000,258.000000,160.000000
591.000000,296.000000,258.000000,160.000000
591.000000,296.000000,258.000000,160.000000
591.000000,296.000000,258.000000,160.000000
588.000000,295.000000,264.000000,162.000000
588.000000,295.000000,264.000000,162.000000
588.000000,295.000000,264.000000,162.000000
588.000000,291.000000,264.000000,162.000000
588.000000,291.000000,264.000000,162.000000
588.000000,287.000000,264.000000,162.000000
588.000000,287.000000,264.000000,162.000000
588.000000,283.000000,264.000000,162.000000
584.000000,279.000000,264.000000,162.000000
584.000000,275.000000,264.000000,162.000000
580.000000,269.000000,264.000000,162.000000
580.000000,265.000000,264.000000,162.000000
576.000000,265.000000,264.000000,162.000000
576.000000,261.000000,264.000000,162.000000
572.000000,255.000000,264.000000,162.000000
572.000000,249.000000,264.000000,162.000000
576.000000,245.000000,264.000000,162.000000
572.000000,231.000000,264.000000,162.000000
572.000000,225.000000,264.000000,162.000000
576.000000,219.000000,264.000000,162.000000
580.000000,213.000000,264.000000,162.000000
580.000000,203.000000,264.000000,162.000000
584.000000,199.000000,264.000000,162.000000
584.000000,199.000000,264.000000,162.000000
588.000000,199.000000,264.000000,162.000000
592.000000,203.000000,264.000000,162.000000
596.000000,207.000000,264.000000,162.000000
600.000000,211.000000,264.000000,162.000000
604.000000,211.000000,264.000000,162.000000
608.000000,211.000000,264.000000,162.000000
612.000000,215.000000,264.000000,162.000000
616.000000,221.000000,264.000000,162.000000
620.000000,231.000000,264.000000,162.000000
624.000000,241.000000,264.000000,162.000000
624.000000,251.000000,264.000000,162.000000
628.000000,257.000000,264.000000,162.000000
632.000000,263.000000,264.000000,162.000000
636.000000,269.000000,264.000000,162.000000
640.000000,275.000000,264.000000,162.000000
644.000000,279.000000,264.000000,162.000000
648.000000,283.000000,264.000000,162.000000
652.000000,289.000000,264.000000,162.000000
652.000000,295.000000,264.000000,162.000000
656.000000,299.000000,264.000000,162.000000
656.000000,303.000000,264.000000,162.000000
660.000000,307.000000,264.000000,162.000000
660.000000,311.000000,264.000000,162.000000
660.000000,311.000000,264.000000,162.000000
660.000000,311.000000,264.000000,162.000000
660.000000,315.000000,264.000000,162.000000
656.000000,315.000000,264.000000,162.000000
656.000000,315.000000,264.000000,162.000000
652.000000,311.000000,264.000000,162.000000
646.000000,307.000000,264.000000,162.000000
642.000000,307.000000,264.000000,162.000000
638.000000,307.000000,264.000000,162.000000
632.000000,303.000000,264.000000,162.000000
628.000000,297.000000,264.000000,162.000000
624.000000,297.000000,264.000000,162.000000
620.000000,293.000000,264.000000,162.000000
620.000000,287.000000,264.000000,162.000000
616.000000,281.000000,264.000000,162.000000
616.000000,277.000000,264.000000,162.000000
612.000000,277.000000,264.000000,162.000000
608.000000,277.000000,264.000000,162.000000
604.000000,257.000000,264.000000,162.000000
600.000000,251.000000,264.000000,162.000000
596.000000,245.000000,264.000000,162.000000
592.000000,239.000000,264.000000,162.000000
588.000000,229.000000,264.000000,162.000000
584.000000,219.000000,264.000000,162.000000
584.000000,213.000000,264.000000,162.000000
580.000000,209.000000,264.000000,162.000000
580.000000,209.000000,264.000000,162.000000
580.000000,205.000000,264.000000,162.000000
580.000000,205.000000,264.000000,162.000000
580.000000,205.000000,264.000000,162.000000
580.000000,205.000000,264.000000,162.000000
576.000000,209.000000,264.000000,162.000000
576.000000,213.000000,264.000000,162.000000
576.000000,217.000000,264.000000,162.000000
576.000000,217.000000,264.000000,162.000000
576.000000,221.000000,264.000000,162.000000
576.000000,225.000000,264.000000,162.000000
576.000000,229.000000,264.000000,162.000000
572.000000,235.000000,264.000000,162.000000
572.000000,241.000000,264.000000,162.000000
572.000000,251.000000,264.000000,162.000000
572.000000,261.000000,264.000000,162.000000
572.000000,271.000000,264.000000,162.000000
576.000000,285.000000,264.000000,162.000000
576.000000,299.000000,264.000000,162.000000
580.000000,313.000000,264.000000,162.000000
580.000000,323.000000,264.000000,162.000000
584.000000,333.000000,264.000000,162.000000
584.000000,343.000000,264.000000,162.000000
584.000000,353.000000,264.000000,162.000000
588.000000,363.000000,264.000000,162.000000
588.000000,373.000000,264.000000,162.000000
592.000000,379.000000,264.000000,162.000000
596.000000,389.000000,264.000000,162.000000
602.000000,395.000000,264.000000,162.000000
606.000000,401.000000,264.000000,162.000000
612.000000,405.000000,264.000000,162.000000
616.000000,409.000000,264.000000,162.000000
620.000000,415.000000,264.000000,162.000000
624.000000,419.000000,264.000000,162.000000
628.000000,423.000000,264.000000,162.000000
628.000000,427.000000,264.000000,162.000000
632.000000,431.000000,264.000000,162.000000
636.000000,431.000000,264.000000,162.000000
640.000000,435.000000,264.000000,162.000000
644.000000,439.000000,264.000000,162.000000
648.000000,439.000000,264.000000,162.000000
652.000000,443.000000,264.000000,162.000000
656.000000,447.000000,264.000000,162.000000
656.000000,451.000000,264.000000,162.000000
656.000000,451.000000,264.000000,162.000000
656.000000,455.000000,264.000000,162.000000
660.000000,455.000000,264.000000,162.000000
660.000000,455.000000,264.000000,162.000000
660.000000,451.000000,264.000000,162.000000
660.000000,447.000000,264.000000,162.000000
664.000000,443.000000,264.000000,162.000000
664.000000,439.000000,264.000000,162.000000
