1
99.403099,63.831532,129.850403,124.967880
100.267670,62.677498,129.463791,124.870270
99.008018,64.106201,127.803947,122.535439
92.252457,57.955677,130.565903,125.476112
92.467117,55.578167,131.130188,126.084618
100.052902,59.722797,131.666046,126.476845
103.354446,56.156181,131.604355,126.359627
112.788666,58.334969,131.183990,125.857597
120.124596,60.835052,131.498932,126.905800
122.138321,62.696327,131.854568,126.115128
132.094604,61.703594,131.544525,126.739578
138.203094,64.460358,129.040833,123.964142
151.762344,66.833626,130.355194,125.003777
157.878754,70.361893,130.226974,124.872467
163.498886,71.827126,129.943832,124.493637
166.522369,73.585121,129.846970,124.480774
176.873245,73.332039,130.222473,124.861328
173.224319,64.898315,130.061935,124.142296
178.278809,70.123505,129.741165,124.387878
174.212280,64.733498,131.559875,126.400764
187.129318,73.691391,131.889221,126.842110
179.666840,76.238861,129.144104,124.321922
180.610672,76.128464,129.389130,123.901924
172.555817,77.632111,130.343170,124.357468
165.296707,78.960419,129.733749,124.325653
176.440674,87.631950,128.272064,122.758675
173.023407,102.445084,127.731575,122.271729
170.897766,104.316689,127.701187,122.073860
170.468307,96.640152,126.420479,121.033195
169.777069,95.017830,127.513092,121.927635
187.356598,89.872780,126.341461,120.945564
178.823532,76.581474,128.569199,123.313332
168.093826,65.370010,128.674057,123.454659
148.273636,68.953789,128.403976,123.298698
167.024124,38.625946,129.589554,124.452728
173.278595,30.116709,129.779388,124.577354
177.796387,20.623444,129.427628,124.300201
173.895081,6.506613,128.432617,123.377945
2
0
0
0
0
1
188.518387,146.410706,67.914124,73.124512
190.735535,153.302063,67.791359,73.106087
192.089233,162.623993,68.733719,74.005623
193.490005,169.794296,67.176826,72.532524
194.964310,179.604797,69.348442,74.860710
197.875916,187.309631,69.887558,75.473000
199.735870,196.330154,71.797333,77.303452
199.522888,204.591888,73.286377,78.968887
208.329346,212.744400,73.984222,79.626884
207.475616,217.529846,74.870743,80.572395
212.258438,225.156708,74.326927,79.843651
215.038895,231.369095,75.342407,81.170990
220.582016,238.139542,73.344574,78.836662
225.123199,242.281509,73.540276,78.930405
234.109848,244.672089,75.347855,80.974571
237.394989,250.876617,73.711540,79.369011
246.796844,253.468964,75.388451,81.017860
256.243378,257.482513,74.048706,79.651306
265.412170,256.185455,74.444366,80.104111
277.992126,259.504425,71.797302,77.373169
290.485657,251.150284,73.044205,78.604759
292.548981,240.065964,71.692146,77.335724
303.952698,229.262650,72.228424,77.903610
313.581329,225.050034,71.371155,77.052750
315.785980,211.780869,71.685692,77.404121
327.939209,205.733276,72.677124,78.385796
323.500153,207.112747,71.807396,77.375793
2
0
0
0
0
1
344.352661,2.164686,163.578598,172.756271
342.743683,3.163625,164.740601,173.771820
341.778290,6.274088,164.796310,173.742050
331.609985,4.898008,162.642853,172.120865
317.613464,14.807231,165.555695,174.777435
308.397125,32.091290,163.611145,172.824829
308.576843,48.820576,163.373413,172.331284
286.337250,53.721813,163.389694,172.564941
277.220947,65.558060,162.826370,171.956375
265.223206,76.282349,163.918243,172.934357
251.418228,86.089752,164.287399,173.327835
231.908890,91.405853,164.969803,174.019745
215.884018,98.509491,165.089172,174.153229
204.760559,109.373428,165.419815,174.682251
194.684708,118.008453,164.345825,173.697662
179.930023,130.150925,165.435593,174.489197
169.373306,134.347549,165.463348,174.528336
161.845459,139.772141,164.200760,173.042542
145.050140,151.710312,163.186142,172.010468
129.819885,140.728928,164.949646,174.142349
128.308151,144.391769,163.896271,173.064011
122.950073,136.952057,166.418732,175.782806
114.391678,141.229553,163.192398,172.527695
109.648979,132.911804,164.194473,173.759552
104.706535,132.865829,163.203018,172.623062
96.307999,129.585770,167.593292,177.567825
96.196808,122.083138,165.330582,174.119904
92.756996,119.778877,166.723221,175.946976
89.291000,114.725349,163.062469,171.878998
83.263847,102.719543,164.233093,173.790405
79.090446,102.599472,163.396317,171.974945
70.650124,96.400871,162.840118,172.024811
66.214294,80.656448,167.504379,176.816971
59.931053,76.223389,167.936478,177.263000
58.724636,62.391964,166.239563,176.174393
48.032978,53.627136,167.792603,177.143188
58.577454,51.716331,167.514557,177.469620
43.169720,43.897846,166.464935,176.311966
48.824993,35.722202,165.762421,175.548004
46.114285,36.301350,168.669601,177.889893
40.873829,37.006573,169.444672,179.106171
47.678555,20.015539,164.782913,174.199570
49.946667,11.040390,164.569992,174.024643
50.366657,3.474219,164.211868,173.799423
58.922390,2.960650,163.794067,173.021378
56.541332,4.525168,163.990707,173.420731
63.105515,-0.444368,164.140350,173.315323
71.719963,-11.523049,164.365250,173.685608
71.827713,-17.586590,163.956604,173.057312
58.407494,-24.246204,162.605774,172.065170
71.749771,33.750053,165.263046,175.257538
69.088013,21.181948,164.685196,174.675888
76.504791,13.106507,162.157318,171.193161
98.694260,1.769958,162.997925,172.016861
105.346924,0.781478,162.645981,171.553619
106.481941,-18.099012,161.058121,169.943604
112.316223,-21.489744,163.814911,172.489807
120.917870,-31.150324,161.965637,171.026764
131.606644,-26.823870,160.719833,169.454300
145.664246,-47.292877,160.692215,169.393356
141.403915,-59.554905,160.120300,168.774948
143.401382,-56.465164,160.755783,169.775940
2
0
0
0
0
1
204.230438,137.994568,72.286316,70.796478
203.129318,142.066071,71.342178,69.866051
204.936310,145.644547,73.140396,71.601700
208.052551,152.932953,72.126038,70.746307
204.747177,155.567078,73.729858,72.263176
207.349792,161.074860,72.584900,70.986130
209.009262,164.232346,73.427040,72.012756
208.255554,165.719666,74.031677,72.796516
207.921478,168.167053,73.787445,72.378685
205.524872,174.225082,75.373016,73.883575
212.215683,172.331635,73.607323,72.182732
216.393784,174.081528,71.695389,70.224228
219.268311,176.758972,75.242310,73.544754
219.268311,176.758972,75.242310,73.544754
220.218536,176.990509,72.599236,71.202835
220.516251,171.749786,75.503113,73.799713
220.516251,171.749786,75.503113,73.799713
226.659195,169.441345,75.800186,73.865051
