1
105.042229,64.498329,128.648285,123.679939
95.447021,63.446831,129.529297,124.553162
99.680191,58.961658,130.933258,126.018768
96.076920,57.214596,130.791870,125.965027
97.780449,55.933472,130.470581,125.765839
99.988747,60.407722,130.924332,125.667229
102.122993,54.419365,131.189362,126.400703
109.214531,65.246277,129.704285,124.843239
112.949554,62.581657,130.241608,125.406395
124.306503,62.690094,128.818481,124.090591
132.908997,64.592453,131.511292,126.398026
140.097107,61.181072,126.955559,122.604965
147.885437,67.703239,130.085983,125.015503
157.187027,66.038986,129.387512,124.241241
165.327362,71.743935,128.165619,123.230331
170.669907,74.410866,128.595123,123.810150
178.287323,73.330589,129.178406,123.921654
171.850189,65.128738,130.697830,125.843903
175.369720,67.229950,129.834473,124.950073
183.775558,69.913216,129.234467,124.280632
188.848221,75.956818,130.144058,124.853241
180.351929,73.055626,129.351196,124.145164
175.990585,75.935646,129.363953,124.062592
164.092026,76.789673,128.534348,123.264290
164.092026,76.789673,128.534348,123.264290
176.112335,87.882133,128.115341,122.792336
171.205032,101.545769,128.362900,123.043694
170.308914,103.615852,128.112946,122.812424
170.855362,96.938805,126.858612,121.255920
170.780777,90.286255,127.032692,121.988564
173.950272,86.511261,128.512222,123.600388
168.443970,77.781036,126.799599,121.650024
147.356415,81.040352,128.174164,122.845085
150.248825,70.493286,126.930603,121.785324
147.887527,60.241726,125.236465,120.030197
146.530396,48.940952,125.376465,120.120689
144.638565,35.679722,124.361252,119.071808
128.942581,25.763624,125.389320,120.155273
127.824226,11.872694,124.036537,118.589455
2
0
0
0
0
1
191.473953,156.948242,71.246460,74.768044
188.280106,161.777603,72.937653,76.545944
189.887863,172.106247,72.520836,75.740105
194.597443,180.174118,73.210457,76.837143
197.509872,190.020279,74.307030,77.978706
199.053864,196.830444,73.991608,77.720818
207.983871,205.256104,73.477058,77.009346
208.329544,212.079071,72.371689,75.724800
208.206787,218.981842,74.615997,78.164398
213.237259,224.538040,75.953568,79.797798
220.317612,234.348572,73.851852,77.150139
219.706024,236.807556,73.097610,76.742065
223.260376,244.975327,74.816719,78.311165
229.033173,248.823914,74.880371,78.413788
239.470795,250.729446,75.182526,79.060463
246.667068,256.150299,76.887711,80.516472
259.409637,258.424316,77.165375,80.790245
264.065430,256.515228,76.780235,80.258919
275.997894,255.106003,76.126396,79.751556
288.641235,248.520782,74.261482,77.474991
297.431091,238.884720,74.843895,77.996254
307.091309,232.693604,74.686707,77.829796
310.563141,228.480453,71.660400,74.640625
311.791321,228.058212,71.558151,74.516304
328.402130,204.056656,74.726616,77.992935
322.102661,208.519119,74.496162,77.791016
2
0
0
0
0
1
344.571991,2.270430,163.697723,172.637009
341.660492,1.121156,165.808914,175.040482
338.494659,2.928335,165.194305,174.757553
332.600739,3.675454,165.157349,174.653870
322.485382,31.523895,163.699463,172.680405
313.597992,42.200485,164.073792,172.942886
301.592804,59.782963,163.907959,172.606674
288.016663,68.067276,163.727783,172.269119
275.142609,70.369858,164.759995,173.531509
265.274139,78.272362,164.344208,172.817078
241.255371,89.573059,164.548981,173.246811
237.985550,102.561554,163.021164,171.765030
233.763428,111.987297,161.460464,169.441513
214.817062,121.689148,164.676041,173.631943
196.869675,129.890350,164.075317,172.801025
183.465668,129.011414,164.537766,173.309036
161.914612,148.261444,163.393555,171.268143
157.062653,149.265030,164.170334,172.449005
147.323425,150.584442,163.424850,171.419434
142.854156,147.071579,164.743393,172.991776
128.678757,144.071350,163.994492,172.219040
121.761887,144.698761,163.412094,171.524445
120.392860,142.034470,162.927597,171.400604
114.796104,133.810242,164.001678,171.865952
110.420464,131.971252,163.450607,171.431427
100.977516,133.862564,163.606110,172.258331
103.313873,128.073196,164.373169,172.932297
98.814552,121.927345,164.421371,172.543076
85.425446,113.899170,165.609695,173.764023
79.086510,108.136177,165.495300,173.701645
76.693481,102.851715,165.167114,173.497864
73.731171,98.196022,163.368103,171.772247
64.645508,91.434097,163.575943,170.969894
62.731365,78.527847,166.639023,175.966431
57.896145,74.801056,161.568832,169.361923
48.038662,66.658806,165.824829,173.702423
53.319496,62.084801,167.391449,176.339310
44.759083,46.937923,166.906311,176.277588
44.605495,36.974739,166.220886,173.950775
41.571102,39.688717,164.745239,172.493988
42.611500,38.602402,166.937912,175.730804
41.784245,31.920597,166.297958,173.719147
52.794437,11.570024,166.698669,174.403168
55.803204,1.010568,166.651703,174.200180
57.509594,2.197402,166.348328,173.930069
52.329258,0.500819,164.546371,171.958313
62.562740,2.022861,164.719925,172.209259
70.494865,-9.342567,165.299362,172.767807
79.908600,-14.406340,163.077469,170.316605
77.765541,-27.016691,164.826675,172.306992
47.570957,34.951859,165.402878,172.973557
66.197975,23.271664,166.640579,174.648010
76.354004,14.162852,163.563934,170.829697
94.596771,5.095006,163.048889,170.186081
91.403183,1.798545,163.949722,170.824036
103.744644,-7.368364,164.270935,171.057220
111.542023,-12.198183,162.872787,169.883163
123.557137,-20.083918,163.502930,171.326172
128.982147,-27.122187,164.212067,172.967972
137.431580,-31.280981,162.226166,169.175064
147.383957,-13.992475,164.622849,171.525284
145.379196,-21.226925,164.205093,172.138168
127.305199,-56.050514,164.907349,172.282150
2
0
0
0
0
1
204.873138,143.122513,71.032043,69.310059
204.763046,148.132019,70.357559,68.902466
208.027832,155.084915,72.273239,70.747971
209.539978,159.656799,72.058678,70.445900
210.199692,162.917023,71.274887,69.807732
208.932053,164.267670,72.975456,71.443291
210.122498,167.246552,70.986778,69.156578
206.415451,169.645218,72.018265,70.523201
211.415604,173.219238,72.788399,71.013283
211.703751,175.446320,72.975487,71.367020
218.956116,178.382675,72.880737,71.130836
220.823502,176.785873,74.669655,72.942177
221.542389,178.353241,75.352196,73.660500
220.168594,175.982742,73.844505,72.086807
222.598755,173.025009,73.759216,72.157600
223.463425,173.240250,75.258133,73.491455
226.274750,173.546814,75.237556,73.393829
