1
182.00,465.00,224.00,469.00,238.00,331.00,196.00,327.00
182.00,465.00,224.00,469.00,238.00,331.00,196.00,327.00
184.42,481.32,226.42,485.32,240.42,347.32,198.42,343.32
200.24,493.61,242.24,497.61,256.24,359.61,214.24,355.61
216.91,472.54,258.91,476.54,272.91,338.54,230.91,334.54
238.11,480.31,280.11,484.31,294.11,346.31,252.11,342.31
242.11,478.54,284.11,482.54,298.11,344.54,256.11,340.54
250.23,485.08,292.23,489.08,306.23,351.08,264.23,347.08
244.02,495.61,286.02,499.61,300.02,361.61,258.02,357.61
273.52,502.17,315.52,506.17,329.52,368.17,287.52,364.17
307.26,508.78,349.26,512.78,363.26,374.78,321.26,370.78
335.20,507.52,377.20,511.52,391.20,373.52,349.20,369.52
345.48,505.97,387.48,509.97,401.48,371.97,359.48,367.97
363.17,502.36,405.17,506.36,419.17,368.36,377.17,364.36
378.29,519.47,420.29,523.47,434.29,385.47,392.29,381.47
428.68,484.96,470.68,488.96,484.68,350.96,442.68,346.96
444.68,529.32,486.68,533.32,500.68,395.32,458.68,391.32
422.68,501.75,464.68,505.75,478.68,367.75,436.68,363.75
441.33,488.48,483.33,492.48,497.33,354.48,455.33,350.48
461.69,507.48,503.69,511.48,517.69,373.48,475.69,369.48
481.77,509.13,523.77,513.13,537.77,375.13,495.77,371.13
485.72,507.09,527.72,511.09,541.72,373.09,499.72,369.09
491.65,505.45,533.65,509.45,547.65,371.45,505.65,367.45
500.51,491.68,542.51,495.68,556.51,357.68,514.51,353.68
500.89,496.59,542.89,500.59,556.89,362.59,514.89,358.59
513.67,511.24,555.67,515.24,569.67,377.24,527.67,373.24
501.89,521.99,543.89,525.99,557.89,387.99,515.89,383.99
509.12,519.07,551.12,523.07,565.12,385.07,523.12,381.07
506.38,543.06,548.38,547.06,562.38,409.06,520.38,405.06
502.33,533.54,544.34,537.54,558.34,399.54,516.34,395.54
470.53,544.40,512.53,548.40,526.53,410.40,484.53,406.40
473.07,545.17,515.07,549.17,529.07,411.17,487.07,407.17
2
0
0
0
0
1
571.00,550.00,652.00,581.00,785.00,243.00,704.00,212.00
571.00,550.00,652.00,581.00,785.00,243.00,704.00,212.00
596.98,594.83,677.98,625.83,810.98,287.83,729.98,256.83
608.42,689.00,689.42,720.00,822.42,382.00,741.42,351.00
543.14,689.00,624.14,720.00,757.14,382.00,676.14,351.00
524.10,688.16,605.10,719.16,738.10,381.16,657.10,350.16
524.46,689.00,605.46,720.00,738.46,382.00,657.46,351.00
487.30,689.00,568.30,720.00,701.30,382.00,620.30,351.00
452.06,689.00,533.06,720.00,666.06,382.00,585.06,351.00
421.76,689.00,502.76,720.00,635.76,382.00,554.76,351.00
393.15,689.00,474.15,720.00,607.15,382.00,526.15,351.00
2
0
0
0
0
1
724.00,440.00,804.00,373.00,599.00,127.00,519.00,194.00
724.00,440.00,804.00,373.00,599.00,127.00,519.00,194.00
724.07,452.39,804.07,385.39,599.07,139.39,519.07,206.39
702.15,466.81,782.15,399.81,577.15,153.81,497.15,220.81
691.46,455.97,771.46,388.97,566.46,142.97,486.45,209.97
663.65,458.05,743.65,391.05,538.65,145.05,458.64,212.05
682.33,451.93,762.33,384.93,557.33,138.93,477.33,205.93
674.35,511.70,754.35,444.70,549.35,198.70,469.35,265.70
678.84,445.41,758.84,378.41,553.84,132.41,473.84,199.41
697.80,480.09,777.80,413.09,572.80,167.09,492.80,234.09
2
0
0
0
0
1
861.00,468.00,846.00,373.00,620.00,408.00,634.00,503.00
861.00,468.00,846.00,373.00,620.00,408.00,634.00,503.00
867.29,437.04,852.29,342.04,626.29,377.04,640.29,472.04
778.13,435.13,763.13,340.13,537.13,375.13,551.13,470.13
819.56,433.85,804.56,338.85,578.56,373.85,592.56,468.85
777.46,445.58,762.46,350.58,536.46,385.58,550.46,480.58
786.31,443.71,771.31,348.71,545.31,383.71,559.31,478.71
788.58,429.80,773.58,334.80,547.58,369.80,561.58,464.80
804.06,455.26,789.06,360.26,563.06,395.26,577.06,490.26
763.96,486.70,748.96,391.70,522.96,426.70,536.96,521.70
762.81,472.48,747.81,377.48,521.81,412.48,535.81,507.48
765.50,468.90,750.50,373.90,524.50,408.90,538.50,503.90
739.89,484.34,724.89,389.34,498.89,424.34,512.89,519.34
2
0
0
0
0
1
742.00,327.00,754.00,645.00,833.00,642.00,821.00,324.00
742.00,327.00,754.00,645.00,833.00,642.00,821.00,324.00
734.53,307.04,746.53,625.04,825.53,622.04,813.53,304.04
734.52,312.59,746.52,630.59,825.52,627.59,813.52,309.59
735.32,310.12,747.32,628.12,826.32,625.12,814.32,307.12
736.94,313.64,748.94,631.65,827.94,628.65,815.94,310.64
736.79,311.49,748.79,629.49,827.79,626.49,815.79,308.49
736.84,309.29,748.84,627.29,827.84,624.29,815.84,306.29
737.50,298.86,749.50,616.86,828.50,613.86,816.50,295.86
740.73,296.13,752.73,614.13,831.73,611.13,819.73,293.13
741.19,301.14,753.19,619.14,832.19,616.14,820.19,298.14
744.64,295.02,756.64,613.02,835.64,610.02,823.64,292.02
746.57,300.94,758.57,618.94,837.57,615.94,825.57,297.94
749.35,299.77,761.35,617.77,840.35,614.77,828.35,296.77
751.39,306.99,763.39,624.99,842.39,621.99,830.39,303.99
752.14,308.67,764.14,626.67,843.14,623.67,831.14,305.67
754.79,305.72,766.79,623.72,845.79,620.72,833.79,302.72
757.14,301.70,769.14,619.70,848.14,616.70,836.14,298.70
755.59,297.82,767.59,615.82,846.59,612.82,834.59,294.82
753.82,296.85,765.82,614.85,844.82,611.85,832.82,293.85
754.17,296.29,766.17,614.29,845.17,611.29,833.17,293.29
752.63,294.01,764.63,612.01,843.63,609.01,831.63,291.01
752.23,291.31,764.23,609.31,843.23,606.31,831.23,288.31
751.23,293.98,763.23,611.98,842.23,608.98,830.23,290.98
753.76,299.03,765.76,617.03,844.76,614.03,832.76,296.03
751.09,297.37,763.09,615.37,842.09,612.37,830.09,294.37
749.70,301.64,761.70,619.64,840.70,616.64,828.70,298.64
