1
182.85,58.67,234.31,60.14,235.41,21.54,183.95,20.08
182.68,60.27,233.83,62.71,235.66,24.35,184.51,21.91
183.42,60.83,232.16,62.23,233.21,25.67,184.47,24.27
184.01,63.04,232.39,63.98,233.09,27.70,184.71,26.76
185.13,63.58,232.20,64.48,232.87,29.18,185.81,28.29
184.40,63.56,230.28,66.13,232.21,31.72,186.33,29.15
181.16,66.10,232.71,68.28,234.35,29.62,182.80,27.44
181.25,68.20,233.78,68.55,234.05,29.16,181.52,28.80
181.13,68.97,233.69,70.43,234.78,31.01,182.22,29.55
176.69,69.82,225.89,77.66,231.77,40.76,182.57,32.92
177.19,73.75,228.00,77.05,230.47,38.94,179.66,35.65
177.10,73.60,226.68,77.37,229.51,40.18,179.93,36.41
178.14,74.39,227.42,78.45,230.46,41.49,181.18,37.43
177.84,73.96,227.79,79.62,232.04,42.16,182.09,36.49
175.37,78.54,227.23,84.64,231.80,45.74,179.94,39.65
174.54,79.14,226.81,85.93,231.90,46.73,179.63,39.94
175.42,82.74,228.75,85.76,231.02,45.76,177.69,42.74
174.72,80.90,225.23,88.31,230.79,50.43,180.28,43.02
174.93,81.13,224.38,87.75,229.34,50.66,179.89,44.04
174.97,82.03,225.42,88.94,230.60,51.11,180.16,44.19
175.28,84.17,225.74,89.06,229.41,51.22,178.95,46.33
175.72,83.98,225.08,88.75,228.65,51.73,179.30,46.97
173.56,89.32,228.05,93.99,231.55,53.13,177.07,48.46
172.80,90.37,227.48,96.00,231.70,55.00,177.03,49.36
172.50,93.03,227.55,97.91,231.21,56.62,176.16,51.74
172.44,93.81,227.99,98.85,231.76,57.19,176.21,52.15
172.57,95.47,229.10,99.06,231.80,56.66,175.27,53.07
172.85,98.15,229.94,101.02,232.09,58.21,175.00,55.33
173.37,97.45,228.60,99.57,230.19,58.15,174.96,56.03
173.38,98.30,228.02,101.48,230.40,60.50,175.76,57.32
171.41,92.77,222.97,103.92,231.34,65.25,179.77,54.09
171.19,92.97,222.85,104.71,231.66,65.97,180.00,54.22
171.66,92.49,223.73,103.38,231.90,64.33,179.83,53.44
170.84,93.44,222.51,104.49,230.79,65.74,179.13,54.69
171.51,93.27,222.26,103.95,230.27,65.90,179.53,55.21
173.05,93.56,223.30,103.02,230.40,65.33,180.14,55.87
174.02,92.39,223.47,102.78,231.27,65.70,181.81,55.31
173.91,92.41,223.05,103.57,231.42,66.72,182.29,55.56
174.24,92.11,222.72,103.28,231.10,66.93,182.62,55.76
175.78,92.41,223.91,102.47,231.46,66.38,183.33,56.31
176.41,92.70,224.39,102.21,231.52,66.23,183.55,56.72
177.06,92.63,224.35,101.68,231.14,66.21,183.85,57.16
178.16,92.55,225.36,101.50,232.07,66.10,184.87,57.16
178.22,91.24,224.86,101.96,232.90,66.98,186.26,56.26
179.24,90.86,225.60,102.21,234.11,67.44,187.76,56.09
178.34,88.50,225.52,103.60,236.85,68.21,189.66,53.11
179.17,89.10,225.13,103.39,235.84,68.92,189.88,54.63
179.94,88.77,225.27,103.25,236.13,69.25,190.80,54.77
181.14,89.17,226.95,103.34,237.58,68.98,191.77,54.81
181.94,88.37,227.76,102.99,238.73,68.63,192.91,54.01
183.07,88.71,229.09,102.56,239.47,68.04,193.45,54.19
184.23,88.30,230.26,102.69,241.05,68.16,195.02,53.78
185.54,87.30,231.58,101.94,242.56,67.42,196.52,52.77
186.30,86.39,233.10,100.92,244.00,65.83,197.20,51.30
188.33,84.78,234.69,100.62,246.56,65.86,200.21,50.02
189.32,83.72,234.99,99.43,246.77,65.18,201.10,49.47
191.07,82.82,235.66,99.26,247.99,65.82,203.40,49.38
192.27,81.17,236.72,98.43,249.66,65.09,205.22,47.83
192.85,78.35,238.97,93.19,250.10,58.60,203.98,43.76
194.23,78.00,240.66,92.87,251.81,58.05,205.38,43.18
196.18,76.41,242.48,92.60,254.62,57.87,208.32,41.69
197.50,75.19,243.01,91.50,255.24,57.36,209.72,41.06
198.68,74.77,244.53,91.54,257.11,57.16,211.26,40.38
199.79,74.36,245.78,92.12,259.10,57.63,213.11,39.87
200.07,73.21,246.12,91.84,260.09,57.31,214.04,38.68
200.41,73.36,246.96,92.58,261.38,57.66,214.82,38.45
200.91,73.92,248.85,93.00,263.16,57.04,215.21,37.96
201.62,74.48,250.48,92.99,264.35,56.35,215.50,37.84
201.92,73.33,251.50,92.15,265.61,54.96,216.03,36.15
195.62,90.07,248.03,86.39,245.26,47.08,192.86,50.77
197.25,90.04,249.56,85.28,245.99,46.05,193.68,50.81
196.76,89.66,248.75,86.79,246.60,47.80,194.61,50.67
198.27,89.78,249.47,85.82,246.50,47.41,195.30,51.38
199.58,89.49,249.49,85.73,246.66,48.29,196.75,52.06
201.27,89.00,249.96,85.38,247.25,48.86,198.56,52.47
202.37,88.56,250.23,85.36,247.83,49.47,199.98,52.66
203.04,88.40,250.18,85.05,247.67,49.70,200.53,53.05
204.79,88.04,250.75,84.50,248.09,50.03,202.13,53.57
206.41,89.72,251.83,84.45,247.88,50.38,202.46,55.65
207.49,88.99,252.75,84.70,249.53,50.76,204.28,55.05
208.60,89.09,253.71,85.14,250.75,51.31,205.63,55.26
209.63,88.46,254.98,85.45,252.73,51.43,207.37,54.44
210.77,88.19,255.95,85.76,254.14,51.88,208.95,54.30
211.36,86.54,256.91,85.01,255.76,50.84,210.21,52.38
212.50,85.32,257.87,85.17,257.76,51.15,212.40,51.29
213.45,85.58,258.87,85.67,258.95,51.61,213.52,51.51
214.53,83.76,259.72,84.89,260.57,50.99,215.38,49.86
214.82,82.06,260.07,85.40,262.58,51.46,217.33,48.12
216.45,82.66,260.03,84.56,261.45,51.88,217.88,49.97
216.10,80.66,259.73,84.07,262.29,51.35,218.66,47.93
216.60,82.01,260.54,84.47,262.39,51.51,218.45,49.05
216.40,81.50,260.78,84.03,262.68,50.75,218.29,48.22
217.20,82.38,261.48,83.80,262.55,50.59,218.26,49.16
217.42,80.96,262.89,81.83,263.54,47.72,218.06,46.86
215.49,79.70,262.92,83.44,265.73,47.87,218.30,44.12
214.95,78.53,262.82,83.16,266.29,47.26,218.42,42.63
213.86,76.63,262.14,82.80,266.77,46.59,218.49,40.42
212.17,75.27,261.82,82.77,267.45,45.53,217.80,38.03
210.95,73.27,261.11,82.88,268.32,45.26,218.16,35.65
209.95,72.45,260.12,81.42,266.85,43.79,216.68,34.82
209.07,70.33,259.57,79.51,266.45,41.64,215.96,32.46
208.88,68.14,258.13,76.92,264.71,39.99,215.47,31.21
208.79,65.79,255.61,74.89,262.43,39.78,215.62,30.68
207.31,61.09,251.75,72.09,260.00,38.76,215.56,27.76
206.02,57.52,248.58,70.57,258.37,38.64,215.80,25.59
205.55,55.49,245.51,67.95,254.85,37.98,214.89,25.52
204.96,54.45,242.48,66.35,251.40,38.21,213.89,26.31
203.71,52.53,240.42,65.27,249.97,37.74,213.27,25.00
203.67,51.26,239.54,63.92,249.03,37.03,213.17,24.36
202.55,48.77,237.51,61.96,247.40,35.74,212.44,22.55
214.40,49.67,246.54,52.10,248.37,28.00,216.22,25.57
214.71,42.63,243.13,50.65,249.15,29.33,220.72,21.31
215.57,43.72,244.02,48.19,247.37,26.85,218.93,22.38
216.96,43.94,245.30,47.42,247.91,26.17,219.57,22.69
216.34,42.42,243.66,46.24,246.53,25.74,219.20,21.92
217.56,42.20,244.25,43.97,245.58,23.95,218.89,22.17
217.51,39.16,243.04,42.17,245.29,23.02,219.76,20.01
216.81,40.56,240.85,44.65,243.91,26.62,219.87,22.53
217.47,39.04,240.43,44.46,244.49,27.24,221.54,21.82
217.69,38.41,239.48,43.84,243.55,27.50,221.76,22.07
219.27,37.64,239.32,42.76,243.16,27.72,223.11,22.60
219.98,36.63,239.24,41.24,242.69,26.80,223.43,22.19
221.54,36.42,239.84,39.80,242.37,26.07,224.07,22.70
222.01,36.26,240.85,38.67,242.67,24.54,223.83,22.12
221.76,36.17,240.39,38.93,242.46,24.96,223.83,22.20
223.11,35.84,241.16,38.77,243.35,25.23,225.30,22.30
224.12,34.07,241.43,37.12,243.72,24.13,226.40,21.08
226.53,33.01,243.12,34.72,244.41,22.28,227.82,20.56
225.76,32.75,241.45,34.20,242.54,22.44,226.85,20.99
227.95,30.08,242.19,31.58,243.32,20.91,229.08,19.40
2
0
0
0
0
1
236.87,59.70,252.97,59.18,251.41,10.69,235.31,11.21
235.90,58.94,251.53,59.53,253.32,12.47,237.70,11.87
236.43,59.10,251.51,60.27,255.03,14.85,239.95,13.69
237.85,59.34,252.16,60.54,255.75,17.46,241.45,16.27
242.80,66.03,256.85,64.98,253.70,22.65,239.64,23.69
243.93,64.87,258.74,64.52,257.67,19.92,242.86,20.27
244.82,69.66,259.43,69.75,259.71,25.75,245.10,25.65
247.12,69.04,261.58,69.35,262.53,25.79,248.06,25.48
242.09,79.68,258.19,82.48,266.62,33.97,250.51,31.17
248.19,84.13,264.22,83.56,262.51,35.28,246.49,35.85
248.95,82.87,264.50,82.51,263.42,35.65,247.87,36.01
250.02,82.52,264.97,81.99,263.38,36.96,248.43,37.49
223.81,50.81,228.75,64.80,270.88,49.93,265.94,35.94
226.34,51.21,231.72,64.36,271.33,48.15,265.95,35.00
2
0
0
0
0
1
245.56,81.89,248.76,146.92,264.15,146.01,260.94,80.98
244.70,81.79,248.86,143.92,263.55,142.79,259.39,80.66
242.49,83.87,250.00,143.43,264.08,141.51,256.57,81.95
241.21,87.89,251.88,145.93,265.59,143.27,254.92,85.23
232.53,74.35,247.00,157.92,266.75,154.30,252.28,70.72
237.37,73.06,252.06,158.29,272.20,154.61,257.51,69.38
241.93,74.29,247.78,158.23,267.64,156.65,261.79,72.71
241.20,74.75,247.03,159.97,267.19,158.39,261.36,73.17
240.82,75.08,246.43,159.00,266.28,157.47,260.67,73.55
240.10,77.23,244.16,160.64,263.90,159.48,259.83,76.07
240.32,76.85,243.12,159.90,262.77,159.04,259.97,75.99
237.09,76.99,239.87,161.61,259.89,160.76,257.12,76.13
236.96,76.93,239.47,162.26,259.66,161.47,257.15,76.13
234.47,77.28,235.97,162.78,256.21,162.22,254.70,76.72
234.53,81.24,229.54,164.39,249.24,165.38,254.22,82.22
232.08,81.03,227.66,165.13,247.58,165.97,251.99,81.88
227.71,79.72,242.55,161.71,261.92,158.01,247.08,76.02
226.38,80.13,240.80,163.16,260.42,159.55,246.00,76.52
224.92,79.96,239.22,163.68,259.01,160.09,244.71,76.37
223.52,80.41,237.04,165.15,257.07,161.75,243.54,77.01
223.22,80.86,235.74,164.17,255.43,161.01,242.91,77.70
222.62,81.17,235.53,165.75,255.52,162.49,242.60,77.91
222.01,81.12,233.73,165.51,253.68,162.53,241.96,78.15
221.06,82.02,233.40,166.20,253.30,163.07,240.95,78.90
220.01,82.72,232.07,167.81,252.19,164.76,240.12,79.66
219.48,83.12,230.68,169.48,251.09,166.63,239.89,80.26
218.70,84.80,229.43,170.18,249.62,167.44,238.89,82.06
217.60,85.91,228.38,172.53,248.86,169.77,238.08,83.15
216.55,87.12,226.67,175.75,247.62,173.15,237.51,84.52
215.80,89.19,225.55,178.22,246.60,175.70,236.85,86.67
215.18,89.72,223.50,179.65,244.77,177.47,236.45,87.53
214.18,91.09,222.89,182.34,244.47,180.06,235.76,88.82
213.62,93.21,223.24,184.94,244.93,182.45,235.31,90.71
212.52,94.31,222.35,186.22,244.09,183.67,234.25,91.77
212.00,95.59,223.72,187.72,245.50,184.72,233.77,92.60
210.60,97.12,223.16,188.95,244.87,185.76,232.30,93.93
210.45,97.55,221.46,190.55,243.45,187.72,232.43,94.73
208.81,98.61,221.74,192.19,243.86,188.91,230.93,95.33
208.48,98.74,219.38,190.45,241.07,187.65,230.17,95.94
207.67,99.00,217.61,189.87,239.09,187.30,229.15,96.43
205.63,99.22,215.72,189.76,237.12,187.16,227.03,96.62
203.80,98.54,213.37,189.84,234.95,187.36,225.38,96.06
201.45,99.00,211.90,189.96,233.41,187.27,222.96,96.31
199.75,99.00,208.77,190.65,230.44,188.29,221.42,96.65
197.75,98.66,206.71,191.13,228.57,188.79,219.61,96.32
195.68,98.19,204.16,190.95,226.09,188.72,217.62,95.96
2
0
0
0
0
1
160.95,195.96,164.30,248.11,228.12,244.10,224.77,191.95
158.15,198.22,161.39,250.68,225.60,246.82,222.36,194.35
155.54,201.07,159.73,253.08,223.38,248.04,219.19,196.04
152.35,202.53,157.15,254.35,220.58,248.57,215.78,196.75
154.70,200.22,153.90,252.55,217.94,253.61,218.73,201.29
148.20,202.76,151.01,258.35,219.04,255.02,216.24,199.43
147.68,203.40,151.49,258.75,219.24,254.19,215.43,198.84
145.92,205.88,149.82,261.25,217.59,256.58,213.69,201.20
144.02,207.55,148.19,262.85,215.88,257.85,211.71,202.55
140.44,208.43,145.02,264.40,213.52,258.90,208.94,202.93
137.11,208.77,141.33,265.52,210.78,260.46,206.57,203.71
135.15,209.09,138.65,266.30,208.67,262.12,205.17,204.91
133.67,209.81,137.66,267.19,207.88,262.41,203.89,205.03
131.69,209.43,135.87,267.26,206.65,262.25,202.47,204.42
131.30,209.13,135.18,267.76,206.94,263.12,203.06,204.49
129.57,211.39,134.41,270.82,207.14,265.01,202.31,205.59
126.98,211.85,132.39,271.79,205.75,265.28,200.34,205.34
126.66,212.57,132.46,272.92,206.33,265.94,200.53,205.58
126.17,213.97,131.99,275.85,207.72,268.84,201.90,206.96
121.61,215.80,128.17,278.56,204.99,270.65,198.43,207.89
119.28,217.84,125.61,280.72,202.56,273.09,196.24,210.22
117.01,219.64,123.00,282.82,200.32,275.60,194.33,212.43
113.68,221.06,119.62,284.83,197.68,277.67,191.73,213.90
109.51,234.87,124.95,293.34,196.53,274.55,181.09,216.08
106.19,235.97,122.66,294.11,193.84,274.06,177.37,215.92
89.79,250.75,117.40,311.58,191.89,277.90,164.28,217.08
87.38,251.74,114.39,312.24,188.48,279.30,161.47,218.80
84.74,250.42,111.83,311.54,186.68,278.49,159.59,217.37
83.28,249.23,110.20,310.40,185.12,277.57,158.19,216.39
83.12,249.61,110.08,310.39,184.52,277.51,157.56,216.72
84.56,247.38,109.14,307.90,183.25,277.92,158.67,217.41
83.38,247.80,107.32,308.59,181.76,279.40,157.82,218.62
83.37,246.79,106.38,308.22,181.60,280.17,158.59,218.75
82.46,246.65,104.59,308.92,180.84,281.95,158.71,219.68
81.16,246.69,103.01,308.72,178.95,282.10,157.11,220.07
80.42,244.93,100.91,307.06,176.99,282.09,156.49,219.96
79.71,243.52,99.66,305.73,175.83,281.43,155.88,219.22
81.13,241.27,99.42,303.31,175.38,281.04,157.09,219.00
82.01,239.51,98.56,300.91,173.73,280.76,157.17,219.37
80.36,239.53,97.34,300.66,172.18,280.00,155.20,218.86
80.24,238.35,95.87,299.23,170.41,280.21,154.78,219.33
77.48,238.52,93.16,299.20,167.45,280.12,151.77,219.44
75.83,238.25,88.52,298.80,162.64,283.39,149.96,222.84
72.14,238.62,84.89,298.40,158.07,282.91,145.33,223.13
69.51,238.81,81.78,297.87,154.09,282.96,141.81,223.90
68.32,239.67,80.37,297.34,150.96,282.69,138.91,225.03
66.87,240.81,78.71,298.01,148.73,283.62,136.89,226.42
66.87,241.02,76.35,297.05,144.94,285.55,135.46,229.52
65.71,242.43,74.43,297.36,141.67,286.78,132.94,231.85
63.90,244.17,72.13,297.26,137.11,287.28,128.88,234.19
63.57,244.48,70.35,296.44,133.95,288.24,127.17,236.28
64.63,245.53,70.95,295.93,132.64,288.28,126.32,237.88
68.94,246.16,73.23,295.69,133.84,290.53,129.56,241.00
72.49,247.49,76.16,296.06,135.62,291.66,131.94,243.08
76.26,249.82,78.22,296.34,135.16,294.02,133.20,247.50
79.38,252.75,81.76,298.23,137.42,295.41,135.05,249.93
84.56,252.75,86.37,296.61,140.05,294.47,138.24,250.61
88.19,251.80,89.64,295.85,143.55,294.16,142.11,250.11
95.05,252.19,95.84,294.79,147.97,293.90,147.18,251.30
100.28,251.40,100.58,293.23,151.77,292.95,151.48,251.11
104.12,251.80,104.38,291.78,153.31,291.54,153.05,251.56
107.34,250.29,109.02,291.22,159.11,289.24,157.44,248.31
115.21,250.68,116.20,290.54,164.98,289.39,163.98,249.54
121.40,249.86,120.37,288.17,167.25,289.50,168.28,251.19
125.71,256.86,117.20,293.63,162.18,304.11,170.69,267.34
129.07,254.91,118.55,291.13,162.85,304.07,173.37,267.86
130.26,255.61,120.38,291.42,164.18,303.57,174.05,267.76
130.87,254.86,120.96,290.21,164.20,302.41,174.12,267.06
132.40,254.60,122.86,289.34,165.36,301.08,174.90,266.34
133.05,254.35,122.79,288.71,164.82,301.32,175.08,266.96
131.04,254.94,121.29,288.80,162.71,300.79,172.46,266.93
2
0
0
0
0
1
152.55,252.12,217.99,260.15,224.37,208.18,158.93,200.15
148.54,254.01,218.11,261.05,223.70,205.80,154.13,198.76
147.26,254.40,217.86,261.54,223.53,205.48,152.93,198.34
147.25,254.05,217.88,260.50,223.00,204.42,152.37,197.97
147.86,255.17,219.35,260.26,223.39,203.49,151.90,198.39
146.92,256.07,220.94,261.25,225.05,202.47,151.03,197.29
145.97,257.18,221.64,261.56,225.11,201.47,149.44,197.10
145.97,257.04,222.23,260.24,224.76,199.68,148.51,196.49
146.70,258.57,224.05,259.96,225.16,198.54,147.81,197.14
146.67,259.73,225.40,260.74,226.21,198.22,147.48,197.21
147.23,260.57,226.40,260.75,226.55,197.88,147.38,197.70
147.90,259.56,226.49,260.60,227.31,198.20,148.73,197.16
149.12,259.68,228.02,260.14,228.39,197.48,149.48,197.02
153.91,260.92,231.52,257.45,228.76,195.81,151.14,199.29
164.90,257.78,241.59,261.44,244.49,200.54,167.80,196.89
167.85,256.24,243.72,257.60,244.79,197.35,168.93,196.00
168.31,257.18,244.93,259.34,246.64,198.49,170.02,196.34
168.95,256.09,244.85,259.46,247.53,199.18,171.63,195.81
170.53,256.69,246.90,260.96,250.29,200.31,173.92,196.04
171.43,257.03,247.82,262.81,252.41,202.14,176.02,196.36
172.46,259.03,249.46,264.69,253.95,203.55,176.96,197.89
174.83,259.42,250.85,264.01,254.49,203.65,178.48,199.05
177.33,260.14,252.82,264.12,255.98,204.18,180.49,200.20
177.89,260.10,253.23,264.39,256.63,204.56,181.29,200.27
178.76,261.32,254.50,264.83,257.29,204.68,181.55,201.17
179.17,261.03,256.31,264.10,258.74,202.85,181.61,199.78
179.37,261.25,257.10,264.78,259.90,203.06,182.17,199.53
179.33,260.61,257.14,265.02,260.64,203.23,182.83,198.82
181.85,260.94,259.77,264.14,262.31,202.26,184.39,199.06
181.78,260.30,259.96,264.39,263.21,202.31,185.03,198.22
182.01,260.56,260.89,265.09,264.48,202.45,185.60,197.92
182.24,261.17,261.47,265.95,265.27,203.04,186.04,198.25
183.22,261.63,262.46,266.56,266.38,203.63,187.13,198.70
184.08,263.19,263.54,269.12,268.26,206.02,188.80,200.08
186.16,264.09,266.05,270.06,270.78,206.62,190.90,200.65
187.32,265.18,267.30,270.33,271.39,206.82,191.41,201.67
189.45,266.98,269.67,272.89,274.37,209.19,194.15,203.28
190.52,267.44,270.60,273.90,275.73,210.30,195.65,203.84
190.28,267.74,270.85,276.17,277.54,212.19,196.97,203.76
190.24,267.63,271.12,276.53,278.19,212.31,197.31,203.40
190.09,268.76,271.87,278.26,279.41,213.31,197.63,203.81
190.53,270.57,272.94,280.37,280.72,214.92,198.31,205.12
192.31,270.45,275.14,280.11,282.80,214.33,199.98,204.68
192.43,271.44,277.03,280.95,284.58,213.77,199.98,204.26
193.74,271.21,277.82,282.47,286.76,215.70,202.68,204.44
195.40,269.72,279.52,281.17,288.61,214.37,204.49,202.92
196.93,268.50,281.34,280.33,290.74,213.31,206.33,201.47
198.31,267.55,283.59,279.90,293.39,212.18,208.12,199.84
201.98,266.07,286.94,276.53,295.25,209.06,210.29,198.59
203.15,262.77,288.74,274.95,298.41,206.99,212.82,194.80
205.61,260.47,291.12,273.27,301.28,205.36,215.78,192.56
210.11,257.61,295.37,271.33,306.26,203.62,221.00,189.90
216.17,253.65,300.72,267.70,311.87,200.56,227.33,186.52
221.51,249.74,305.13,264.15,316.58,197.74,232.96,183.33
224.89,248.42,308.57,263.71,320.71,197.25,237.02,181.97
229.49,247.33,313.29,262.05,324.98,195.51,241.19,180.78
234.03,245.35,317.60,261.22,330.20,194.85,246.63,178.98
2
0
0
0
0
1
347.71,139.77,361.95,191.22,436.90,170.34,422.66,118.90
350.32,140.22,364.50,191.30,438.92,170.51,424.74,119.44
351.77,140.24,366.73,191.78,441.80,169.85,426.84,118.33
353.06,139.87,367.71,191.82,443.39,170.34,428.74,118.40
353.53,139.28,368.10,191.68,444.43,170.33,429.87,117.93
354.32,137.56,366.47,190.35,443.38,172.50,431.23,119.72
349.77,137.86,357.54,191.45,435.62,179.98,427.84,126.41
349.03,137.85,358.70,191.58,436.99,177.36,427.32,123.64
348.37,138.51,358.90,192.08,436.95,176.60,426.42,123.04
347.80,137.23,357.86,190.92,436.09,176.12,426.03,122.43
341.69,144.05,353.00,200.34,435.01,183.72,423.70,127.44
339.25,143.90,351.98,201.57,435.99,182.88,423.27,125.23
337.53,144.89,351.18,203.75,436.93,183.71,423.28,124.86
335.99,145.17,350.51,205.14,437.87,183.83,423.35,123.88
333.14,146.44,349.23,207.87,438.73,184.27,422.64,122.84
330.78,145.47,348.03,208.49,439.84,183.19,422.59,120.18
330.68,144.52,347.79,207.97,440.23,182.88,423.12,119.44
