1
336.000000,120.000000,17.000000,24.000000
330.000000,119.000000,17.000000,24.000000
324.000000,120.000000,17.000000,24.000000
320.000000,119.000000,17.000000,24.000000
317.000000,113.000000,17.000000,24.000000
312.000000,113.000000,17.000000,24.000000
308.000000,113.000000,17.000000,24.000000
304.000000,112.000000,17.000000,24.000000
300.000000,111.000000,17.000000,24.000000
296.000000,110.000000,17.000000,24.000000
293.000000,110.000000,17.000000,24.000000
289.000000,108.000000,17.000000,24.000000
285.000000,108.000000,17.000000,24.000000
281.000000,106.000000,17.000000,24.000000
276.000000,108.000000,17.000000,24.000000
273.000000,108.000000,17.000000,24.000000
268.000000,106.000000,17.000000,24.000000
264.000000,105.000000,17.000000,24.000000
265.000000,108.000000,17.000000,24.000000
262.000000,107.000000,17.000000,24.000000
259.000000,106.000000,17.000000,24.000000
2
0
0
0
0
1
240.000000,115.000000,12.000015,23.000000
235.000000,116.000000,12.000015,23.000000
230.000000,115.000000,12.000015,23.000000
225.000000,117.000000,12.000015,23.000000
219.000000,117.000000,12.000015,23.000000
215.000000,117.000000,12.000015,23.000000
208.000000,118.000000,12.000015,23.000000
204.000000,119.000000,12.000015,23.000000
199.000000,120.000000,12.000015,23.000000
2
0
0
0
0
1
168.000000,121.000000,15.000000,20.000000
164.000000,121.000000,15.000000,20.000000
162.000000,123.000000,15.000000,20.000000
158.000000,123.000000,15.000000,20.000000
152.000000,120.000000,15.000000,20.000000
154.000000,125.000000,15.000000,20.000000
151.000000,127.000000,15.000000,20.000000
151.000000,126.000000,15.000000,20.000000
151.000000,128.000000,15.000000,20.000000
150.000000,126.000000,15.000000,20.000000
149.000000,127.000000,15.000000,20.000000
2
0
0
0
0
1
160.000000,127.000000,14.500000,22.250000
161.000000,129.000000,14.500000,22.250000
162.000000,130.000000,14.500000,22.250000
161.000000,130.000000,14.500000,22.250000
161.000000,130.000000,14.500000,22.250000
162.000000,132.000000,14.500000,22.250000
163.000000,133.000000,14.500000,22.250000
165.000000,146.000000,14.500000,22.250000
2
0
0
0
0
1
203.000000,141.000000,19.000000,23.000000
208.000000,142.000000,19.000000,23.000000
212.000000,142.000000,19.000000,23.000000
218.000000,143.000000,19.000000,23.000000
223.000000,144.000000,19.000000,23.000000
229.000000,145.000000,19.000000,23.000000
233.000000,145.000000,19.000000,23.000000
239.000000,146.000000,19.000000,23.000000
245.000000,145.000000,19.000000,23.000000
250.000000,146.000000,19.000000,23.000000
255.000000,145.000000,19.000000,23.000000
258.000000,146.000000,19.000000,23.000000
262.000000,145.000000,19.000000,23.000000
269.000000,146.000000,19.000000,23.000000
271.000000,146.000000,19.000000,23.000000
2
0
0
0
0
1
294.000000,143.000000,18.720001,23.289993
295.000000,142.000000,18.720001,23.289993
295.000000,144.000000,18.720001,23.289993
295.000000,142.000000,18.720001,23.289993
297.000000,142.000000,18.720001,23.289993
298.000000,141.000000,18.720001,23.289993
297.000000,143.000000,18.720001,23.289993
298.000000,140.000000,18.720001,23.289993
298.000000,141.000000,18.720001,23.289993
298.000000,139.000000,18.720001,23.289993
297.000000,140.000000,18.720001,23.289993
297.000000,138.000000,18.720001,23.289993
295.000000,139.000000,18.720001,23.289993
296.000000,139.000000,18.720001,23.289993
298.000000,139.000000,18.720001,23.289993
299.000000,137.000000,18.720001,23.289993
299.000000,138.000000,18.720001,23.289993
300.000000,137.000000,18.720001,23.289993
301.000000,139.000000,18.720001,23.289993
300.000000,136.000000,18.720001,23.289993
301.000000,136.000000,18.720001,23.289993
302.000000,136.000000,18.720001,23.289993
305.000000,137.000000,18.720001,23.289993
304.000000,135.000000,18.720001,23.289993
303.000000,134.000000,18.720001,23.289993
306.000000,134.000000,18.720001,23.289993
305.000000,132.000000,18.720001,23.289993
306.000000,133.000000,18.720001,23.289993
306.000000,134.000000,18.720001,23.289993
307.000000,132.000000,18.720001,23.289993
308.000000,133.000000,18.720001,23.289993
309.000000,132.000000,18.720001,23.289993
309.000000,133.000000,18.720001,23.289993
309.000000,133.000000,18.720001,23.289993
308.000000,131.000000,18.720001,23.289993
309.000000,133.000000,18.720001,23.289993
309.000000,132.000000,18.720001,23.289993
310.000000,132.000000,18.720001,23.289993
310.000000,132.000000,18.720001,23.289993
310.000000,132.000000,18.720001,23.289993
311.000000,131.000000,18.720001,23.289993
311.000000,132.000000,18.720001,23.289993
311.000000,131.000000,18.720001,23.289993
311.000000,131.000000,18.720001,23.289993
311.000000,130.000000,18.720001,23.289993
312.000000,130.000000,18.720001,23.289993
312.000000,130.000000,18.720001,23.289993
312.000000,130.000000,18.720001,23.289993
314.000000,132.000000,18.720001,23.289993
312.000000,128.000000,18.720001,23.289993
313.000000,128.000000,18.720001,23.289993
314.000000,128.000000,18.720001,23.289993
315.000000,129.000000,18.720001,23.289993
314.000000,129.000000,18.720001,23.289993
314.000000,127.000000,18.720001,23.289993
315.000000,126.000000,18.720001,23.289993
313.000000,126.000000,18.720001,23.289993
313.000000,127.000000,18.720001,23.289993
314.000000,126.000000,18.720001,23.289993
314.000000,125.000000,18.720001,23.289993
313.000000,126.000000,18.720001,23.289993
314.000000,125.000000,18.720001,23.289993
313.000000,125.000000,18.720001,23.289993
314.000000,126.000000,18.720001,23.289993
313.000000,125.000000,18.720001,23.289993
313.000000,126.000000,18.720001,23.289993
312.000000,124.000000,18.720001,23.289993
311.000000,125.000000,18.720001,23.289993
310.000000,125.000000,18.720001,23.289993
310.000000,124.000000,18.720001,23.289993
310.000000,123.000000,18.720001,23.289993
311.000000,123.000000,18.720001,23.289993
310.000000,122.000000,18.720001,23.289993
311.000000,123.000000,18.720001,23.289993
310.000000,123.000000,18.720001,23.289993
311.000000,124.000000,18.720001,23.289993
311.000000,124.000000,18.720001,23.289993
311.000000,125.000000,18.720001,23.289993
311.000000,123.000000,18.720001,23.289993
312.000000,125.000000,18.720001,23.289993
312.000000,123.000000,18.720001,23.289993
311.000000,124.000000,18.720001,23.289993
310.000000,123.000000,18.720001,23.289993
309.000000,124.000000,18.720001,23.289993
309.000000,123.000000,18.720001,23.289993
309.000000,123.000000,18.720001,23.289993
309.000000,123.000000,18.720001,23.289993
309.000000,123.000000,18.720001,23.289993
309.000000,121.000000,18.720001,23.289993
308.000000,122.000000,18.720001,23.289993
309.000000,122.000000,18.720001,23.289993
309.000000,122.000000,18.720001,23.289993
308.000000,122.000000,18.720001,23.289993
309.000000,120.000000,18.720001,23.289993
308.000000,122.000000,18.720001,23.289993
310.000000,120.000000,18.720001,23.289993
309.000000,120.000000,18.720001,23.289993
309.000000,121.000000,18.720001,23.289993
311.000000,121.000000,18.720001,23.289993
311.000000,120.000000,18.720001,23.289993
312.000000,120.000000,18.720001,23.289993
312.000000,119.000000,18.720001,23.289993
313.000000,120.000000,18.720001,23.289993
312.000000,117.000000,18.720001,23.289993
314.000000,121.000000,18.720001,23.289993
313.000000,115.000000,18.720001,23.289993
314.000000,116.000000,18.720001,23.289993
313.000000,114.000000,18.720001,23.289993
313.000000,115.000000,18.720001,23.289993
313.000000,114.000000,18.720001,23.289993
314.000000,113.000000,18.720001,23.289993
312.000000,109.000000,18.720001,23.289993
314.000000,108.000000,18.720001,23.289993
313.000000,106.000000,18.720001,23.289993
312.000000,104.000000,18.720001,23.289993
302.000000,108.000000,18.720001,23.289993
304.000000,107.000000,18.720001,23.289993
304.000000,105.000000,18.720001,23.289993
304.000000,104.000000,18.720001,23.289993
304.000000,105.000000,18.720001,23.289993
303.000000,103.000000,18.720001,23.289993
302.000000,103.000000,18.720001,23.289993
300.000000,103.000000,18.720001,23.289993
300.000000,102.000000,18.720001,23.289993
301.000000,103.000000,18.720001,23.289993
300.000000,101.000000,18.720001,23.289993
300.000000,102.000000,18.720001,23.289993
299.000000,102.000000,18.720001,23.289993
298.000000,101.000000,18.720001,23.289993
299.000000,101.000000,18.720001,23.289993
297.000000,102.000000,18.720001,23.289993
296.000000,102.000000,18.720001,23.289993
295.000000,104.000000,18.720001,23.289993
294.000000,102.000000,18.720001,23.289993
293.000000,103.000000,18.720001,23.289993
290.000000,101.000000,18.720001,23.289993
289.000000,104.000000,18.720001,23.289993
288.000000,104.000000,18.720001,23.289993
286.000000,105.000000,18.720001,23.289993
278.000000,107.000000,18.720001,23.289993
278.000000,106.000000,18.720001,23.289993
277.000000,106.000000,18.720001,23.289993
276.000000,107.000000,18.720001,23.289993
277.000000,108.000000,18.720001,23.289993
273.000000,109.000000,18.720001,23.289993
276.000000,107.000000,18.720001,23.289993
273.000000,108.000000,18.720001,23.289993
270.000000,109.000000,18.720001,23.289993
270.000000,109.000000,18.720001,23.289993
267.000000,108.000000,18.720001,23.289993
267.000000,110.000000,18.720001,23.289993
266.000000,109.000000,18.720001,23.289993
267.000000,109.000000,18.720001,23.289993
265.000000,108.000000,18.720001,23.289993
264.000000,109.000000,18.720001,23.289993
262.000000,108.000000,18.720001,23.289993
263.000000,107.000000,18.720001,23.289993
261.000000,108.000000,18.720001,23.289993
259.000000,109.000000,18.720001,23.289993
261.000000,109.000000,18.720001,23.289993
260.000000,109.000000,18.720001,23.289993
259.000000,108.000000,18.720001,23.289993
258.000000,109.000000,18.720001,23.289993
257.000000,108.000000,18.720001,23.289993
257.000000,109.000000,18.720001,23.289993
257.000000,108.000000,18.720001,23.289993
256.000000,109.000000,18.720001,23.289993
254.000000,108.000000,18.720001,23.289993
253.000000,110.000000,18.720001,23.289993
253.000000,108.000000,18.720001,23.289993
254.000000,109.000000,18.720001,23.289993
253.000000,107.000000,18.720001,23.289993
250.000000,108.000000,18.720001,23.289993
244.000000,119.000000,18.720001,23.289993
249.000000,107.000000,18.720001,23.289993
244.000000,119.000000,18.720001,23.289993
249.000000,107.000000,18.720001,23.289993
249.000000,104.000000,18.720001,23.289993
248.000000,105.000000,18.720001,23.289993
248.000000,103.000000,18.720001,23.289993
248.000000,104.000000,18.720001,23.289993
248.000000,102.000000,18.720001,23.289993
247.000000,105.000000,18.720001,23.289993
248.000000,103.000000,18.720001,23.289993
248.000000,102.000000,18.720001,23.289993
247.000000,104.000000,18.720001,23.289993
246.000000,105.000000,18.720001,23.289993
246.000000,102.000000,18.720001,23.289993
2
0
0
0
0
1
242.000000,116.000000,13.000000,19.000000
241.000000,116.000000,13.000000,19.000000
241.000000,117.000000,13.000000,19.000000
240.000000,117.000000,13.000000,19.000000
239.000000,117.000000,13.000000,19.000000
238.000000,117.000000,13.000000,19.000000
237.000000,117.000000,13.000000,19.000000
237.000000,117.000000,13.000000,19.000000
236.000000,117.000000,13.000000,19.000000
235.000000,117.000000,13.000000,19.000000
235.000000,117.000000,13.000000,19.000000
233.000000,116.000000,13.000000,19.000000
234.000000,116.000000,13.000000,19.000000
233.000000,114.000000,13.000000,19.000000
232.000000,118.000000,13.000000,19.000000
232.000000,115.000000,13.000000,19.000000
232.000000,115.000000,13.000000,19.000000
230.000000,114.000000,13.000000,19.000000
229.000000,115.000000,13.000000,19.000000
226.000000,114.000000,13.000000,19.000000
227.000000,115.000000,13.000000,19.000000
2
0
0
0
0
1
202.000000,115.000000,14.000000,24.850006
199.000000,117.000000,14.000000,24.850006
196.000000,117.000000,14.000000,24.850006
193.000000,117.000000,14.000000,24.850006
190.000000,117.000000,14.000000,24.850006
186.000000,118.000000,14.000000,24.850006
183.000000,117.000000,14.000000,24.850006
180.000000,118.000000,14.000000,24.850006
177.000000,117.000000,14.000000,24.850006
173.000000,118.000000,14.000000,24.850006
170.000000,117.000000,14.000000,24.850006
167.000000,118.000000,14.000000,24.850006
165.000000,117.000000,14.000000,24.850006
163.000000,118.000000,14.000000,24.850006
159.000000,117.000000,14.000000,24.850006
158.000000,117.000000,14.000000,24.850006
155.000000,117.000000,14.000000,24.850006
153.000000,118.000000,14.000000,24.850006
152.000000,116.000000,14.000000,24.850006
152.000000,118.000000,14.000000,24.850006
148.000000,116.000000,14.000000,24.850006
147.000000,116.000000,14.000000,24.850006
144.000000,116.000000,14.000000,24.850006
142.000000,116.000000,14.000000,24.850006
139.000000,117.000000,14.000000,24.850006
137.000000,116.000000,14.000000,24.850006
136.000000,117.000000,14.000000,24.850006
133.000000,116.000000,14.000000,24.850006
129.000000,115.000000,14.000000,24.850006
129.000000,115.000000,14.000000,24.850006
127.000000,115.000000,14.000000,24.850006
122.000000,115.000000,14.000000,24.850006
119.000000,114.000000,14.000000,24.850006
116.000000,115.000000,14.000000,24.850006
111.000000,112.000000,14.000000,24.850006
106.000000,113.000000,14.000000,24.850006
101.000000,113.000000,14.000000,24.850006
2
0
0
0
0
1
87.000000,111.000000,14.709999,24.569992
82.000000,112.000000,14.709999,24.569992
77.000000,112.000000,14.709999,24.569992
73.000000,114.000000,14.709999,24.569992
71.000000,120.000000,14.709999,24.569992
67.000000,122.000000,14.709999,24.569992
62.000000,122.000000,14.709999,24.569992
56.000000,121.000000,14.709999,24.569992
52.000000,122.000000,14.709999,24.569992
47.000000,121.000000,14.709999,24.569992
41.000000,119.000000,14.709999,24.569992
35.000000,116.000000,14.709999,24.569992
28.000000,111.000000,14.709999,24.569992
23.000000,111.000000,14.709999,24.569992
19.000000,110.000000,14.709999,24.569992
16.000000,112.000000,14.709999,24.569992
13.000000,112.000000,14.709999,24.569992
9.000000,112.000000,14.709999,24.569992
