1
336.000000,120.000000,17.000000,24.000000
331.000000,118.000000,17.000000,24.000000
324.000000,120.000000,17.000000,24.000000
320.000000,119.000000,17.000000,24.000000
315.000000,120.000000,17.000000,24.000000
310.000000,117.000000,17.000000,24.000000
306.000000,118.000000,17.000000,24.000000
299.000000,117.000000,17.000000,24.000000
300.000000,114.000000,17.000000,24.000000
297.000000,112.000000,17.000000,24.000000
293.000000,111.000000,17.000000,24.000000
288.000000,109.000000,17.000000,24.000000
284.000000,110.000000,17.000000,24.000000
280.000000,108.000000,17.000000,24.000000
275.000000,111.000000,17.000000,24.000000
270.000000,111.000000,17.000000,24.000000
267.000000,111.000000,17.000000,24.000000
264.000000,110.000000,17.000000,24.000000
263.000000,110.000000,17.000000,24.000000
259.000000,109.000000,17.000000,24.000000
2
0
0
0
0
1
244.000000,116.000000,12.000000,22.999992
240.000000,115.000000,12.000000,22.999992
235.000000,116.000000,12.000000,22.999992
228.000000,118.000000,12.000000,22.999992
225.000000,117.000000,12.000000,22.999992
220.000000,117.000000,12.000000,22.999992
215.000000,118.000000,12.000000,22.999992
209.000000,118.000000,12.000000,22.999992
204.000000,126.000000,12.000000,22.999992
2
0
0
0
0
1
173.000000,118.000000,15.000000,20.000000
168.000000,119.000000,15.000000,20.000000
162.000000,119.000000,15.000000,20.000000
162.000000,122.000000,15.000000,20.000000
156.000000,120.000000,15.000000,20.000000
152.000000,121.000000,15.000000,20.000000
152.000000,124.000000,15.000000,20.000000
154.000000,126.000000,15.000000,20.000000
151.000000,123.000000,15.000000,20.000000
148.000000,125.000000,15.000000,20.000000
2
0
0
0
0
1
159.000000,125.000000,14.830002,21.750000
166.000000,141.000000,14.830002,21.750000
157.000000,126.000000,14.830002,21.750000
157.000000,128.000000,14.830002,21.750000
156.000000,127.000000,14.830002,21.750000
157.000000,130.000000,14.830002,21.750000
158.000000,128.000000,14.830002,21.750000
2
0
0
0
0
1
191.000000,140.000000,15.289993,22.710007
195.000000,140.000000,15.289993,22.710007
199.000000,141.000000,15.289993,22.710007
205.000000,139.000000,15.289993,22.710007
209.000000,142.000000,15.289993,22.710007
215.000000,141.000000,15.289993,22.710007
220.000000,143.000000,15.289993,22.710007
225.000000,143.000000,15.289993,22.710007
232.000000,144.000000,15.289993,22.710007
236.000000,144.000000,15.289993,22.710007
241.000000,146.000000,15.289993,22.710007
237.000000,154.000000,15.289993,22.710007
252.000000,145.000000,15.289993,22.710007
258.000000,145.000000,15.289993,22.710007
262.000000,146.000000,15.289993,22.710007
266.000000,145.000000,15.289993,22.710007
271.000000,148.000000,15.289993,22.710007
2
0
0
0
0
1
291.000000,144.000000,18.570007,23.429993
293.000000,143.000000,18.570007,23.429993
294.000000,143.000000,18.570007,23.429993
295.000000,142.000000,18.570007,23.429993
295.000000,142.000000,18.570007,23.429993
296.000000,142.000000,18.570007,23.429993
296.000000,141.000000,18.570007,23.429993
297.000000,141.000000,18.570007,23.429993
298.000000,140.000000,18.570007,23.429993
296.000000,139.000000,18.570007,23.429993
297.000000,139.000000,18.570007,23.429993
297.000000,139.000000,18.570007,23.429993
298.000000,137.000000,18.570007,23.429993
298.000000,138.000000,18.570007,23.429993
298.000000,137.000000,18.570007,23.429993
299.000000,138.000000,18.570007,23.429993
300.000000,137.000000,18.570007,23.429993
302.000000,137.000000,18.570007,23.429993
303.000000,136.000000,18.570007,23.429993
304.000000,138.000000,18.570007,23.429993
304.000000,137.000000,18.570007,23.429993
304.000000,138.000000,18.570007,23.429993
306.000000,135.000000,18.570007,23.429993
306.000000,135.000000,18.570007,23.429993
306.000000,134.000000,18.570007,23.429993
306.000000,135.000000,18.570007,23.429993
306.000000,135.000000,18.570007,23.429993
307.000000,134.000000,18.570007,23.429993
307.000000,134.000000,18.570007,23.429993
307.000000,134.000000,18.570007,23.429993
308.000000,133.000000,18.570007,23.429993
308.000000,133.000000,18.570007,23.429993
309.000000,133.000000,18.570007,23.429993
310.000000,133.000000,18.570007,23.429993
310.000000,134.000000,18.570007,23.429993
309.000000,132.000000,18.570007,23.429993
309.000000,133.000000,18.570007,23.429993
309.000000,131.000000,18.570007,23.429993
310.000000,132.000000,18.570007,23.429993
310.000000,132.000000,18.570007,23.429993
310.000000,131.000000,18.570007,23.429993
311.000000,131.000000,18.570007,23.429993
311.000000,132.000000,18.570007,23.429993
311.000000,131.000000,18.570007,23.429993
312.000000,132.000000,18.570007,23.429993
311.000000,131.000000,18.570007,23.429993
313.000000,131.000000,18.570007,23.429993
313.000000,132.000000,18.570007,23.429993
314.000000,132.000000,18.570007,23.429993
314.000000,132.000000,18.570007,23.429993
315.000000,131.000000,18.570007,23.429993
315.000000,132.000000,18.570007,23.429993
314.000000,131.000000,18.570007,23.429993
314.000000,131.000000,18.570007,23.429993
314.000000,132.000000,18.570007,23.429993
314.000000,130.000000,18.570007,23.429993
315.000000,131.000000,18.570007,23.429993
314.000000,128.000000,18.570007,23.429993
315.000000,128.000000,18.570007,23.429993
315.000000,127.000000,18.570007,23.429993
316.000000,128.000000,18.570007,23.429993
314.000000,127.000000,18.570007,23.429993
313.000000,128.000000,18.570007,23.429993
314.000000,127.000000,18.570007,23.429993
313.000000,127.000000,18.570007,23.429993
313.000000,126.000000,18.570007,23.429993
311.000000,127.000000,18.570007,23.429993
312.000000,126.000000,18.570007,23.429993
311.000000,129.000000,18.570007,23.429993
311.000000,128.000000,18.570007,23.429993
310.000000,126.000000,18.570007,23.429993
311.000000,129.000000,18.570007,23.429993
311.000000,131.000000,18.570007,23.429993
311.000000,125.000000,18.570007,23.429993
311.000000,130.000000,18.570007,23.429993
311.000000,124.000000,18.570007,23.429993
311.000000,125.000000,18.570007,23.429993
311.000000,125.000000,18.570007,23.429993
311.000000,125.000000,18.570007,23.429993
311.000000,124.000000,18.570007,23.429993
311.000000,125.000000,18.570007,23.429993
311.000000,125.000000,18.570007,23.429993
310.000000,125.000000,18.570007,23.429993
310.000000,124.000000,18.570007,23.429993
310.000000,125.000000,18.570007,23.429993
310.000000,124.000000,18.570007,23.429993
309.000000,124.000000,18.570007,23.429993
309.000000,124.000000,18.570007,23.429993
310.000000,124.000000,18.570007,23.429993
310.000000,123.000000,18.570007,23.429993
309.000000,123.000000,18.570007,23.429993
309.000000,123.000000,18.570007,23.429993
309.000000,121.000000,18.570007,23.429993
309.000000,122.000000,18.570007,23.429993
309.000000,121.000000,18.570007,23.429993
309.000000,121.000000,18.570007,23.429993
309.000000,120.000000,18.570007,23.429993
309.000000,122.000000,18.570007,23.429993
310.000000,121.000000,18.570007,23.429993
309.000000,120.000000,18.570007,23.429993
311.000000,121.000000,18.570007,23.429993
312.000000,121.000000,18.570007,23.429993
312.000000,120.000000,18.570007,23.429993
312.000000,120.000000,18.570007,23.429993
313.000000,121.000000,18.570007,23.429993
313.000000,119.000000,18.570007,23.429993
313.000000,118.000000,18.570007,23.429993
313.000000,116.000000,18.570007,23.429993
312.000000,114.000000,18.570007,23.429993
313.000000,115.000000,18.570007,23.429993
313.000000,113.000000,18.570007,23.429993
314.000000,113.000000,18.570007,23.429993
313.000000,110.000000,18.570007,23.429993
313.000000,108.000000,18.570007,23.429993
302.000000,109.000000,18.570007,23.429993
302.000000,109.000000,18.570007,23.429993
302.000000,107.000000,18.570007,23.429993
302.000000,107.000000,18.570007,23.429993
302.000000,104.000000,18.570007,23.429993
304.000000,105.000000,18.570007,23.429993
302.000000,103.000000,18.570007,23.429993
301.000000,104.000000,18.570007,23.429993
300.000000,102.000000,18.570007,23.429993
299.000000,102.000000,18.570007,23.429993
301.000000,103.000000,18.570007,23.429993
299.000000,101.000000,18.570007,23.429993
298.000000,102.000000,18.570007,23.429993
299.000000,102.000000,18.570007,23.429993
298.000000,101.000000,18.570007,23.429993
297.000000,102.000000,18.570007,23.429993
297.000000,101.000000,18.570007,23.429993
297.000000,101.000000,18.570007,23.429993
296.000000,103.000000,18.570007,23.429993
294.000000,101.000000,18.570007,23.429993
292.000000,101.000000,18.570007,23.429993
291.000000,100.000000,18.570007,23.429993
289.000000,101.000000,18.570007,23.429993
287.000000,101.000000,18.570007,23.429993
283.000000,99.000000,18.570007,23.429993
282.000000,101.000000,18.570007,23.429993
280.000000,99.000000,18.570007,23.429993
279.000000,101.000000,18.570007,23.429993
279.000000,101.000000,18.570007,23.429993
277.000000,101.000000,18.570007,23.429993
275.000000,103.000000,18.570007,23.429993
274.000000,100.000000,18.570007,23.429993
273.000000,100.000000,18.570007,23.429993
272.000000,102.000000,18.570007,23.429993
270.000000,101.000000,18.570007,23.429993
270.000000,103.000000,18.570007,23.429993
269.000000,102.000000,18.570007,23.429993
268.000000,102.000000,18.570007,23.429993
268.000000,103.000000,18.570007,23.429993
268.000000,101.000000,18.570007,23.429993
268.000000,100.000000,18.570007,23.429993
267.000000,101.000000,18.570007,23.429993
265.000000,102.000000,18.570007,23.429993
264.000000,100.000000,18.570007,23.429993
262.000000,100.000000,18.570007,23.429993
263.000000,103.000000,18.570007,23.429993
263.000000,101.000000,18.570007,23.429993
262.000000,103.000000,18.570007,23.429993
262.000000,103.000000,18.570007,23.429993
259.000000,100.000000,18.570007,23.429993
258.000000,101.000000,18.570007,23.429993
258.000000,102.000000,18.570007,23.429993
257.000000,100.000000,18.570007,23.429993
256.000000,101.000000,18.570007,23.429993
256.000000,102.000000,18.570007,23.429993
255.000000,101.000000,18.570007,23.429993
254.000000,100.000000,18.570007,23.429993
253.000000,101.000000,18.570007,23.429993
250.000000,98.000000,18.570007,23.429993
249.000000,97.000000,18.570007,23.429993
250.000000,102.000000,18.570007,23.429993
249.000000,99.000000,18.570007,23.429993
250.000000,99.000000,18.570007,23.429993
250.000000,99.000000,18.570007,23.429993
244.000000,99.000000,18.570007,23.429993
247.000000,98.000000,18.570007,23.429993
246.000000,99.000000,18.570007,23.429993
249.000000,100.000000,18.570007,23.429993
246.000000,99.000000,18.570007,23.429993
243.000000,100.000000,18.570007,23.429993
246.000000,98.000000,18.570007,23.429993
248.000000,100.000000,18.570007,23.429993
246.000000,99.000000,18.570007,23.429993
237.000000,106.000000,18.570007,23.429993
245.000000,100.000000,18.570007,23.429993
248.000000,99.000000,18.570007,23.429993
248.000000,99.000000,18.570007,23.429993
255.000000,100.000000,18.570007,23.429993
2
0
0
0
0
1
238.000000,116.000000,13.750000,20.499992
238.000000,116.000000,13.750000,20.499992
236.000000,116.000000,13.750000,20.499992
235.000000,116.000000,13.750000,20.499992
234.000000,115.000000,13.750000,20.499992
233.000000,116.000000,13.750000,20.499992
231.000000,115.000000,13.750000,20.499992
232.000000,116.000000,13.750000,20.499992
231.000000,115.000000,13.750000,20.499992
230.000000,116.000000,13.750000,20.499992
229.000000,114.000000,13.750000,20.499992
228.000000,115.000000,13.750000,20.499992
226.000000,114.000000,13.750000,20.499992
2
0
0
0
0
1
214.000000,114.000000,14.000000,23.430000
217.000000,101.000000,14.000000,23.430000
215.000000,101.000000,14.000000,23.430000
213.000000,99.000000,14.000000,23.430000
212.000000,102.000000,14.000000,23.430000
208.000000,101.000000,14.000000,23.430000
204.000000,100.000000,14.000000,23.430000
202.000000,102.000000,14.000000,23.430000
183.000000,100.000000,14.000000,23.430000
195.000000,100.000000,14.000000,23.430000
194.000000,99.000000,14.000000,23.430000
190.000000,101.000000,14.000000,23.430000
171.000000,100.000000,14.000000,23.430000
168.000000,99.000000,14.000000,23.430000
2
0
0
0
0
1
162.000000,114.000000,19.500000,24.429993
160.000000,114.000000,19.500000,24.429993
159.000000,115.000000,19.500000,24.429993
158.000000,114.000000,19.500000,24.429993
156.000000,114.000000,19.500000,24.429993
153.000000,113.000000,19.500000,24.429993
151.000000,112.000000,19.500000,24.429993
148.000000,113.000000,19.500000,24.429993
147.000000,112.000000,19.500000,24.429993
147.000000,112.000000,19.500000,24.429993
145.000000,112.000000,19.500000,24.429993
143.000000,113.000000,19.500000,24.429993
141.000000,112.000000,19.500000,24.429993
137.000000,113.000000,19.500000,24.429993
134.000000,111.000000,19.500000,24.429993
132.000000,112.000000,19.500000,24.429993
129.000000,112.000000,19.500000,24.429993
126.000000,112.000000,19.500000,24.429993
122.000000,111.000000,19.500000,24.429993
116.000000,110.000000,19.500000,24.429993
111.000000,108.000000,19.500000,24.429993
106.000000,110.000000,19.500000,24.429993
101.000000,109.000000,19.500000,24.429993
96.000000,110.000000,19.500000,24.429993
92.000000,109.000000,19.500000,24.429993
87.000000,109.000000,19.500000,24.429993
83.000000,110.000000,19.500000,24.429993
79.000000,110.000000,19.500000,24.429993
74.000000,110.000000,19.500000,24.429993
70.000000,111.000000,19.500000,24.429993
65.000000,110.000000,19.500000,24.429993
61.000000,112.000000,19.500000,24.429993
56.000000,111.000000,19.500000,24.429993
51.000000,112.000000,19.500000,24.429993
46.000000,110.000000,19.500000,24.429993
40.000000,111.000000,19.500000,24.429993
2
0
0
0
0
1
28.000000,111.000000,19.000000,26.000000
23.000000,112.000000,19.000000,26.000000
19.000000,111.000000,19.000000,26.000000
16.000000,113.000000,19.000000,26.000000
