1
186.376419,210.629013,47.521591,109.293465
185.498352,211.819107,46.936581,107.930092
182.717194,212.642639,47.171726,108.456886
180.475357,210.073761,48.019241,110.415314
178.233734,212.616425,47.499435,109.268715
178.632431,212.336761,47.657070,109.635002
177.413986,213.494949,47.992821,110.441025
176.552628,213.030777,47.938156,110.273827
176.773300,212.989883,47.731544,109.702858
178.487915,216.458115,47.623631,109.444595
181.454971,210.879562,47.586498,109.403137
183.982529,212.318329,47.904144,110.092705
187.629395,209.042847,47.621056,109.402695
188.167114,211.272568,47.360546,108.769096
191.490204,208.298981,47.185658,108.384567
191.865662,206.464767,46.984600,107.909714
199.369446,202.431976,47.058689,108.014290
206.935394,199.735779,47.108479,108.065941
205.346207,199.779877,46.954124,107.769722
204.029327,196.940903,47.320591,108.617645
201.730133,199.920319,47.587898,109.270081
207.011414,203.274887,47.762390,109.674965
207.548492,205.203339,47.368839,108.733688
211.798218,206.779861,47.592400,109.310577
212.602188,208.709915,47.512341,109.212967
217.526260,211.540573,47.520447,109.223297
222.080124,210.570160,47.401604,108.999702
228.290222,214.086823,46.996761,108.086121
231.086258,209.745758,47.024498,108.151184
233.710861,207.569016,47.245110,108.611694
239.452469,202.960297,47.279419,108.616585
245.430603,203.148163,47.048199,108.064796
244.373474,200.746658,46.824818,107.627495
245.883545,205.167252,46.703667,107.328659
255.713882,212.558594,46.659706,107.227249
259.417877,208.528992,46.755436,107.504784
259.776031,205.639008,46.646549,107.192482
265.239410,208.016312,46.894733,107.761551
270.530945,210.234375,46.909222,107.823166
274.364166,216.288651,46.854885,107.685730
278.979218,217.005371,46.711430,107.365883
279.953491,217.883499,46.725445,107.385361
282.556366,219.387939,45.835007,105.386421
285.515503,220.112427,45.684769,105.033028
284.756470,218.414017,45.662685,105.019127
282.556000,218.770126,45.935589,105.608063
281.093872,215.381149,46.355167,106.604202
277.509766,216.745041,47.063026,108.238411
275.641693,217.483551,47.464176,109.171890
275.265747,216.961472,47.382999,108.965256
273.535370,212.427383,47.769783,109.784851
270.245239,208.456741,48.210262,110.862396
269.848663,211.577179,48.182903,110.875885
269.164612,208.979111,48.173279,110.826607
266.825989,209.528030,48.097561,110.631371
265.874664,208.263748,48.210308,110.880836
262.304413,212.181488,48.226944,110.880035
261.540070,211.714249,48.182514,110.768501
259.026428,214.946854,48.617889,111.762070
254.483582,212.388718,48.698544,111.968948
252.388321,209.280151,48.379971,111.255257
249.150818,209.799133,48.099380,110.586693
232.451797,213.142868,48.197575,110.775002
246.587677,219.585831,48.167732,110.683441
231.755844,207.404190,48.228252,110.842888
229.021118,209.436401,47.979042,110.205101
230.324402,219.483215,48.353809,111.185196
231.894196,210.368286,49.619961,113.924599
224.980789,209.798141,49.410454,113.419350
215.157776,223.608337,49.589458,113.884346
200.431091,204.102585,49.761566,114.330833
194.805069,208.668381,49.742420,114.281616
187.354401,206.816605,49.572956,113.873230
180.625458,209.407028,49.351986,113.377327
175.566711,208.622055,49.134804,112.799667
168.982224,211.245682,49.585526,113.823463
162.346039,208.765717,49.599957,113.893570
158.489670,209.668243,49.947109,114.683273
154.176727,209.051132,49.985088,114.738350
147.461670,207.816177,50.482552,115.860092
138.719772,205.283173,50.429073,115.719971
134.547134,204.459991,50.883579,116.779289
129.252075,202.197510,50.206520,115.203087
126.179161,200.171356,50.130932,115.046143
125.548859,199.439407,49.949017,114.599846
121.539902,200.719574,49.650391,113.895508
118.014351,201.123138,50.024044,114.777893
116.396149,206.223663,50.411041,115.628304
115.853951,203.607300,50.093914,114.880386
107.848953,204.927551,50.762272,116.425819
105.300514,200.744690,50.937279,116.842033
103.761986,202.435242,50.817284,116.501839
101.276833,194.505478,50.730408,116.263733
104.427467,201.710587,50.621773,116.042648
101.607422,192.723785,50.216576,115.114532
99.211960,189.540924,49.768261,114.046356
99.825256,199.157974,49.677898,113.845970
100.082138,196.663635,49.815151,114.199799
99.349571,197.942200,49.405727,113.232246
103.715286,202.035767,49.366707,113.157059
106.865616,199.212784,49.645603,113.707428
106.435745,186.982437,49.820366,114.097710
109.375114,182.619812,50.136799,114.832161
108.670181,183.424835,50.262573,115.066635
112.895416,178.457108,49.811340,113.979599
115.309921,178.106094,49.726486,113.818970
116.627533,178.138474,49.702389,113.810112
120.255394,180.635406,49.807175,114.064690
123.850937,185.260010,49.906841,114.242264
129.359360,186.597839,49.658871,113.677292
131.651093,178.924576,50.057678,114.613312
137.268677,175.484802,50.019978,114.564606
142.957825,177.922333,49.891354,114.285408
143.457047,171.773041,50.402821,115.395584
146.590530,168.629807,50.322144,115.243317
151.855545,169.681763,49.880108,114.211594
156.989395,171.049698,49.690105,113.805710
159.271454,172.959076,50.122192,114.797997
162.045212,167.999023,49.919197,114.415642
161.787125,167.721344,49.834160,114.137787
165.303574,168.637512,50.141983,114.880241
170.104813,171.149338,49.758472,113.991241
173.354874,167.460861,49.359989,113.048737
175.266113,163.246933,49.577633,113.535439
178.794434,162.953400,49.941311,114.356262
181.392883,161.343002,49.887356,114.272430
183.824677,161.255814,49.512676,113.440186
187.804688,161.120468,49.238087,112.844589
187.638779,164.441635,49.054646,112.393112
190.128296,166.652649,48.739449,111.664757
197.182816,165.166977,48.758984,111.780701
200.225815,161.883560,48.853470,111.980858
199.576920,156.235519,48.885483,112.130142
200.767548,157.549988,49.037086,112.484123
202.173935,151.932312,48.893902,112.197121
203.464584,149.421631,48.889717,112.199951
205.127762,149.737061,48.777653,111.969727
207.089508,149.066788,48.650581,111.717598
207.665649,148.673325,48.518620,111.358597
207.714783,150.577072,48.531528,111.484383
209.302490,151.228073,48.409203,111.229866
208.881012,147.835938,48.404728,111.187813
209.404144,148.564423,49.002201,112.489708
213.923264,146.373764,49.011520,112.549561
214.329742,143.440567,49.114033,112.727203
216.364471,140.834991,48.842690,112.084145
219.201492,141.393463,49.249012,113.088799
220.318283,139.234741,49.005684,112.513603
218.056915,140.685043,48.832039,112.134224
221.533691,143.045837,48.783379,112.035744
227.177094,142.956589,48.640514,111.729660
227.633163,145.115936,48.462887,111.278618
229.902435,146.995346,48.428093,111.246964
232.683929,144.878815,48.766556,111.964340
234.530441,143.725113,49.315617,113.199387
235.329361,139.110977,49.308731,113.170677
234.803146,138.609146,49.515503,113.674332
240.032730,139.775146,49.690441,114.104027
241.719421,138.301224,50.071117,115.022865
240.108444,137.801453,50.419201,115.849152
241.451691,136.795990,50.592640,116.290863
242.304367,137.153931,50.591629,116.302750
246.215439,134.496353,50.176643,115.379379
247.272186,132.998138,50.485245,116.137932
251.090698,133.520035,50.274284,115.713211
252.733551,134.795074,50.028515,115.127029
257.014008,133.356995,49.329292,113.514000
256.810028,132.884354,49.457935,113.743790
259.561890,132.072098,49.788620,114.498024
261.858917,132.996643,49.720753,114.439804
265.721954,135.967789,49.781818,114.526489
269.177704,138.371384,49.895603,114.746826
270.141205,135.533829,49.797302,114.462975
268.780762,135.159714,50.030369,115.005356
272.929352,128.698181,49.921722,114.738251
271.842896,133.547684,49.706974,114.165657
273.291748,133.048691,49.639999,114.117973
272.016998,131.810135,49.699154,114.200356
273.283142,132.635315,49.466347,113.674561
270.824036,132.871170,49.402401,113.549202
271.244202,131.858185,49.157337,112.915878
269.138641,133.033310,48.914539,112.411194
267.919006,129.759232,49.355366,113.497017
269.892365,128.930923,48.917957,112.446823
268.856354,124.381348,49.080826,112.783173
272.575409,128.519531,48.798332,112.073807
269.937073,133.036346,48.569355,111.533615
268.917084,131.633942,48.037121,110.229691
269.705994,129.462341,47.684826,109.444191
276.299072,129.608139,47.843082,109.837616
273.832855,132.730789,48.123211,110.493935
275.503540,129.035324,48.341953,110.986473
274.983093,131.163147,48.861809,112.187775
278.432465,131.200699,49.632454,114.030945
277.042297,132.055130,49.412685,113.529434
282.426483,140.483475,49.362614,113.400093
281.796112,137.437073,48.833061,112.188828
275.575226,126.989197,49.041588,112.587326
272.783783,133.009476,49.096615,112.698898
273.202301,131.675644,48.889786,112.218620
273.569275,134.217346,48.940491,112.419884
277.208832,133.083511,48.937523,112.357658
275.927826,131.128082,49.143501,112.726784
275.892029,134.393356,49.344212,113.239784
277.837891,132.838699,49.449711,113.532394
278.374298,133.959976,49.137039,112.808334
280.354492,136.866150,48.809547,112.067894
278.759766,140.614014,49.100937,112.740051
277.992798,144.569595,48.832691,112.163445
279.366974,147.823792,48.926510,112.385719
275.533722,144.915695,49.283997,113.221657
278.207245,145.296326,49.388405,113.391571
276.615082,148.170715,49.430538,113.532036
276.400818,149.789047,49.746731,114.285736
275.184326,149.714355,48.974724,112.599480
272.891449,145.428238,48.633713,111.878151
277.244995,148.438843,48.241356,110.986664
270.600922,147.471817,47.215569,108.612663
273.566925,150.596756,47.142704,108.421425
273.848389,151.972260,46.725800,107.570526
273.046936,152.837952,47.094940,108.439995
272.006256,153.102310,46.827106,107.863075
271.166260,157.650696,46.208508,106.394798
269.573395,154.143463,46.847729,107.883926
267.445709,157.404373,46.709126,107.552925
267.658081,157.629898,46.261436,106.517128
266.924225,159.388351,46.153736,106.328972
264.500702,158.683258,46.581581,107.319099
263.478699,156.786819,47.019108,108.304855
261.369568,157.734970,47.030914,108.231850
257.274780,154.766846,46.684132,107.448868
255.750366,157.995575,47.380562,109.062782
254.391846,155.822983,47.173298,108.572418
253.668152,154.612900,47.083633,108.370255
249.196640,159.606445,46.891006,107.980057
248.305756,161.142166,46.675369,107.535042
244.713913,166.993347,46.556404,107.198456
243.351105,159.768784,47.038471,108.315567
242.347504,162.177719,46.970501,108.186356
240.885529,164.153259,46.629951,107.438293
238.782837,169.128067,47.168156,108.655746
235.750488,165.966171,47.751179,109.989426
233.999084,167.561661,47.920067,110.407097
229.699554,167.419159,48.542038,111.807983
227.253448,173.589752,48.227844,111.066101
226.667587,168.247208,48.683502,112.117279
223.209030,167.451111,48.510010,111.734001
222.103729,163.802155,48.109196,110.815094
220.068710,164.984650,47.819077,110.173820
217.314499,165.187576,47.904522,110.438774
214.318924,163.328979,47.953434,110.519547
211.964828,161.560257,47.714165,109.941605
210.704437,170.061646,47.576267,109.618355
208.925552,167.067612,47.631828,109.787857
206.449936,168.445343,47.410030,109.246414
206.083084,169.331253,47.017052,108.357361
203.957382,172.709137,47.158375,108.772705
202.227295,173.331421,47.345337,109.208801
198.131317,172.852478,47.519962,109.589096
196.112869,175.268723,47.190258,108.850380
191.725662,173.734924,47.383659,109.280846
189.743118,173.790222,47.569351,109.738319
188.718246,176.602493,47.281010,109.112335
188.108261,171.544128,47.326073,109.217453
189.082306,174.828949,46.786491,107.968498
189.005219,172.452499,46.655445,107.616035
189.424210,170.059708,46.208035,106.557404
189.697220,172.124969,45.840832,105.739006
189.609268,168.736893,45.994747,106.056099
189.212784,166.735245,45.934784,105.879005
189.282791,165.099625,45.809319,105.574005
190.270187,167.287628,45.819916,105.619331
186.767197,169.173080,45.919609,105.832466
188.287964,170.926178,45.818935,105.568810
186.302780,170.645859,46.293240,106.606102
185.362106,171.215714,46.096840,106.159492
183.436615,171.634415,46.673950,107.501945
182.086380,168.934174,47.244900,108.797417
180.879059,166.991180,47.532082,109.384628
181.759323,166.255280,47.643566,109.678635
180.930069,168.011887,47.496841,109.362999
178.728607,165.351578,47.982204,110.455276
176.302170,165.242050,48.331940,111.436287
178.168137,165.053391,48.280369,111.323486
178.116943,169.531662,48.192677,111.083153
178.581100,171.151535,47.715927,110.066864
182.301270,167.810959,48.083565,110.964256
182.253281,167.321121,47.564709,109.753601
183.052170,169.326828,47.832188,110.355881
183.510986,165.651199,47.926323,110.625511
185.411331,163.413681,48.186604,111.208801
183.854294,165.029236,47.859367,110.474022
183.955063,165.348480,48.266319,111.455688
184.225494,168.491623,48.167919,111.253319
181.071579,168.685776,48.300880,111.554550
180.148300,171.052414,48.535610,111.950249
181.323013,174.729706,48.760422,112.464798
176.575333,174.324173,48.804684,112.543877
175.596069,174.005402,48.865501,112.683456
175.358383,176.630142,49.033737,113.066010
171.700302,175.289108,49.270729,113.597000
167.916061,179.477203,49.249508,113.567947
164.023361,181.309601,48.804199,112.575050
162.453522,186.814835,48.399738,111.653343
159.033035,187.218781,48.608894,112.122932
158.614655,185.967026,48.556770,111.943718
158.147659,184.218658,48.741722,112.420616
154.459076,191.104782,48.239845,111.243759
151.868408,194.022079,47.788132,110.212143
149.991959,189.665207,47.700550,109.991531
147.766907,190.859344,47.933731,110.551437
146.612091,189.852310,47.957817,110.560928
142.600876,188.119934,48.547321,111.938225
142.829224,190.527695,48.353992,111.452232
140.660980,190.188660,47.988529,110.618500
138.722275,192.964691,47.870106,110.374084
137.249146,192.551666,47.165939,108.743904
135.920654,190.656143,47.141582,108.684540
136.188354,191.450974,47.365238,109.110596
133.281219,199.064560,47.371021,109.070168
134.710632,192.830368,46.926155,108.065140
132.015366,194.908417,46.867039,107.866745
129.918945,195.797333,46.989048,108.141136
129.682999,195.894547,47.078438,108.349861
130.527420,197.825760,46.663006,107.407799
130.936539,196.926102,46.560467,107.175171
129.670212,198.068237,46.874207,107.892471
127.686996,197.009354,46.661518,107.354179
129.358200,196.401886,47.054077,108.226913
131.372192,193.520309,46.841450,107.689949
129.955139,197.420929,47.138775,108.296341
129.192429,198.267075,47.742432,109.609276
129.621216,200.017014,47.722382,109.536537
132.215714,199.218414,47.622356,109.274658
132.737915,200.296280,47.451157,108.950531
133.591064,199.660065,46.998585,107.889656
134.840424,203.480576,46.966259,107.732277
135.891403,200.581146,46.685806,107.064934
134.605896,201.968842,47.018330,107.830864
138.686646,200.635666,47.149536,108.218117
137.327805,202.869003,47.201965,108.384590
139.998032,203.853882,46.265854,106.199074
142.400879,205.591660,46.237663,106.125748
143.512177,204.151306,45.779018,105.081940
142.921494,203.896103,46.180439,106.011055
143.220718,203.968964,46.229710,106.187981
141.120834,205.458832,46.075710,105.842644
142.608368,206.524796,45.730145,105.038246
141.973068,209.051300,45.790791,105.179657
141.883835,207.218002,45.879707,105.378075
140.122543,206.648270,45.884243,105.379539
139.828003,204.975174,46.198334,105.996902
138.231842,207.996521,45.896469,105.373924
138.834991,208.272675,45.934158,105.475220
136.981033,208.905899,45.826099,105.220741
137.752625,208.542130,45.920612,105.425240
137.854462,209.137360,45.480598,104.439606
137.528702,210.824310,45.156952,103.762314
135.908875,212.017487,45.172153,103.821617
135.944382,206.495224,44.979855,103.349289
135.056381,206.299545,45.290520,104.089066
136.259140,209.147903,45.406261,104.388557
136.074524,211.332840,45.994499,105.784775
137.350830,206.998901,45.935459,105.643280
135.789352,205.311569,46.381557,106.658012
135.642670,207.309021,46.445576,106.969360
137.224625,209.597137,46.219223,106.435791
138.251801,205.429947,45.622784,104.994911
140.145615,206.106155,45.700687,105.181229
139.549316,209.269241,45.673374,105.058174
138.784805,206.844116,45.961258,105.676552
141.980576,214.095062,45.251083,104.011337
141.145920,206.800690,45.355038,104.225708
143.112045,211.369308,44.749729,102.844078
142.780258,210.708786,44.470352,102.182343
144.799164,213.546219,44.524544,102.307610
144.236755,213.362381,44.710995,102.741043
145.049286,211.869217,44.956993,103.290009
146.216415,212.504517,45.182304,103.823013
146.504257,212.818726,45.426548,104.409325
148.571350,212.680695,45.191811,103.853104
146.744156,211.419724,44.662319,102.595581
148.306793,215.055878,44.606724,102.548767
149.620438,214.154922,44.618744,102.555000
149.850647,216.609146,44.519222,102.358582
150.635452,217.819275,44.935963,103.334099
149.800110,217.808853,45.243919,104.012825
150.420319,217.686340,45.355370,104.247498
151.434509,217.022522,45.472183,104.468735
151.567917,220.001099,45.617229,104.861725
152.968613,217.332092,45.711712,105.105782
152.006882,218.810913,45.781189,105.234146
151.431519,217.938492,46.081791,105.887589
151.346008,217.430023,45.980503,105.613525
151.688507,218.792297,45.729694,105.023262
152.003128,218.666931,45.531349,104.616127
150.973602,218.813904,45.679596,104.967224
150.031021,220.898544,45.766468,105.263100
149.630661,218.456375,45.499493,104.605103
148.014313,220.221329,45.777447,105.201248
148.554504,219.309509,45.879539,105.387825
148.197708,217.125961,45.658524,104.871941
151.295822,216.163773,45.190098,103.759621
151.288483,218.205841,45.041973,103.397858
153.299179,218.680679,45.255535,103.865425
154.461960,217.115448,45.537746,104.565842
154.999695,216.066544,45.259689,103.887978
156.202759,217.290359,45.065559,103.469528
158.274872,216.418594,44.989986,103.327133
158.456390,214.108536,45.724140,105.025101
158.008286,216.675186,45.402515,104.335403
159.635941,217.789093,45.340313,104.189621
160.820389,216.049789,44.897263,103.133377
160.604370,217.551514,44.551804,102.358521
162.047134,217.077606,44.422287,102.058380
161.749390,218.241043,44.234650,101.724800
162.507660,219.471573,44.012451,101.210220
162.289032,219.115738,43.797581,100.679436
163.595139,217.983841,43.927425,100.987144
163.605682,220.999176,43.609341,100.233002
162.500854,220.078339,43.501659,100.002754
164.854996,220.584824,43.643967,100.322540
162.019211,220.674591,43.878094,100.827606
164.823456,220.810974,43.866970,100.760025
165.145538,217.810287,44.480209,102.234528
165.968307,215.529694,44.551830,102.406685
167.646027,216.765121,44.426456,102.091248
167.762787,215.516327,44.877327,103.094353
170.441345,219.266739,44.824539,103.027412
171.430191,220.591263,44.352402,102.001091
172.431076,220.745667,44.345989,102.060898
173.210114,221.119308,44.073273,101.423088
177.553360,220.279404,44.046265,101.422874
177.684082,219.173981,44.448414,102.378502
177.809143,222.793808,44.426373,102.342369
181.418198,218.826172,44.822380,103.318184
182.733826,219.072052,44.616905,102.853111
184.016388,220.358475,44.389851,102.348564
185.522781,219.030258,44.202507,101.974655
187.778900,220.277130,44.034950,101.600304
190.308273,221.433701,44.620274,102.957085
192.012421,220.139496,44.970161,103.828621
194.365799,220.684082,45.499321,105.075958
196.595718,222.515381,45.499542,105.032959
197.934937,220.907196,45.282639,104.648743
199.826782,220.095627,45.418068,104.885612
200.330795,218.053955,45.481377,105.000732
203.570969,216.166565,45.577251,105.295494
203.879532,215.805878,45.942230,106.140045
206.118042,216.650726,45.661308,105.515640
209.379593,215.665268,45.419445,104.940300
210.772919,220.148056,45.432087,104.962120
213.094803,216.086105,45.816559,105.815231
214.708481,222.391769,45.811821,105.842613
217.852112,221.597641,45.313812,104.627907
220.487762,221.152740,45.177376,104.308121
224.489716,222.559372,45.220684,104.332214
229.026413,225.047485,44.512051,102.716103
231.763046,225.489365,44.887585,103.596733
240.282944,219.717545,44.705509,103.134636
242.686661,220.994431,44.489788,102.622009
247.562637,227.071579,43.960243,101.446175
254.343079,224.437424,44.049267,101.623360
260.342133,222.546570,44.144024,101.813583
268.608643,221.263275,44.027649,101.558586
272.576355,222.526291,43.793560,100.992691
280.214691,220.296524,44.356117,102.162880
276.968567,223.782883,44.193607,101.792183
288.845978,221.581329,44.026035,101.360970
293.276611,216.666473,43.927414,101.226616
301.770630,216.988876,43.840626,101.110733
306.285309,217.639572,43.685513,100.747757
313.454102,215.333969,43.248131,99.693100
317.791290,214.005646,42.814514,98.786064
325.627441,215.598419,43.084415,99.390923
331.016815,217.643478,43.367771,100.032143
337.385834,220.064453,43.409542,100.163345
344.814697,214.613983,43.791714,101.014244
355.326355,217.414520,44.162872,101.816322
361.376709,214.637497,44.409519,102.409630
370.292877,216.467407,44.450718,102.485710
379.847900,209.617859,44.055779,101.572449
384.825104,215.305588,44.242500,102.018478
389.517456,217.120697,44.143532,101.806381
396.075378,219.855804,43.811325,101.090813
401.840546,221.000763,43.677216,100.834656
406.970581,222.498032,43.754261,100.987633
411.964050,217.668259,43.602192,100.609703
416.547363,216.937012,43.595299,100.603699
416.486542,219.476639,43.557537,100.532974
417.393616,213.373734,43.448845,100.288597
416.194427,210.052185,43.493156,100.408974
415.591705,207.613663,43.538822,100.485085
410.955261,202.452423,43.260582,99.873962
409.752594,201.659760,43.816738,101.149551
407.403259,197.825989,43.422531,100.224670
400.541504,192.016479,43.812363,101.196236
398.302643,190.967728,43.591415,100.666893
397.875000,192.067444,43.563736,100.598549
392.210602,192.914963,43.353054,100.067101
393.430450,188.240601,43.330906,100.012733
389.682617,185.829575,43.680439,100.808868
386.247437,183.173325,43.987724,101.523125
381.199951,179.861755,43.685844,100.781929
377.754181,179.284363,44.317638,102.215820
373.540192,174.843811,44.387985,102.423988
371.009399,175.639069,44.672760,103.029305
369.468292,174.924408,44.625454,102.998055
365.276947,178.080429,45.246655,104.445717
362.237213,175.196060,45.413994,104.820770
360.543884,175.684387,45.542034,105.091141
359.698608,176.010178,46.018768,106.220795
358.186310,175.405609,45.553314,105.180511
354.362488,173.900620,45.248669,104.462418
355.096497,173.816788,45.543194,105.125023
355.111511,170.572266,45.302921,104.557693
354.557678,170.526276,45.558998,105.179459
353.026215,169.138824,45.686726,105.443604
351.626678,167.387589,45.633427,105.336914
348.814117,163.676926,45.670326,105.481209
348.969208,163.822296,45.758354,105.719460
345.827759,162.073410,46.139904,106.717880
347.076996,163.765442,46.049263,106.455124
345.684082,162.883545,45.878700,106.065956
344.285339,163.943817,45.954109,106.235558
343.650848,162.742905,46.488300,107.525780
343.114716,160.883636,46.422760,107.335381
344.271088,161.814087,46.764835,108.120750
344.510712,162.453018,46.567997,107.692276
346.368713,163.406021,46.902718,108.367081
345.245728,163.371445,46.548878,107.615219
343.579956,163.448349,46.894947,108.473816
342.144043,166.260696,46.681664,107.937347
340.989319,163.076218,46.164963,106.744469
339.652710,164.504242,46.053196,106.543724
339.655182,164.821274,46.351112,107.216736
337.914886,164.498337,45.519436,105.260895
337.009644,164.467148,45.156544,104.461281
335.478912,165.830856,45.063381,104.283928
333.897858,166.781647,45.205650,104.720078
334.275909,165.728180,45.094986,104.476318
332.773254,166.077072,45.229553,104.773567
331.905579,167.102905,44.999687,104.278191
332.244873,166.825684,44.790134,103.757362
333.618164,169.404419,45.081932,104.420753
331.566742,173.365631,44.907497,103.956451
330.905396,170.599548,44.860935,103.845688
328.701263,170.942963,45.412445,105.099937
327.852448,170.153564,45.192513,104.605904
325.882782,171.361084,45.429646,105.148651
326.750458,166.621857,45.665104,105.708954
322.487793,168.966599,45.662369,105.756264
321.984406,163.849625,45.956146,106.446434
320.046936,164.859711,46.084137,106.707848
319.048798,164.974213,46.246246,107.065262
316.490509,163.791519,46.440613,107.447495
314.261658,160.169937,46.879543,108.495308
311.991425,159.985733,47.066620,108.872368
313.886536,162.283310,46.968430,108.611359
310.764069,160.449661,46.967670,108.610916
308.372131,161.892639,47.041931,108.738663
306.238342,161.639038,47.319370,109.382339
307.680420,162.834961,47.671722,110.220673
305.026337,163.979492,47.561558,109.981903
304.880798,163.567612,47.260708,109.334511
302.315277,162.753250,47.184929,109.145088
300.466278,164.405594,47.286499,109.416168
296.522278,165.461792,47.433235,109.767319
296.219635,165.299789,47.434349,109.831253
294.196564,165.095932,46.856613,108.563751
293.991577,163.355591,47.079006,109.131165
290.191833,160.727814,46.869869,108.695618
290.584961,157.655762,46.470497,107.793518
291.323364,157.579010,46.653812,108.248024
290.028992,155.360565,46.562912,107.979790
291.478333,153.315872,46.950027,108.922043
289.319855,153.822296,47.192234,109.508842
289.959717,153.416107,47.372520,109.916420
289.708771,153.838226,47.326466,109.857780
288.310577,157.189911,47.047253,109.176338
288.716003,159.487854,46.622150,108.179794
290.064941,160.173218,46.849155,108.620049
288.195526,159.782410,46.746750,108.397614
287.922424,161.443344,46.698036,108.302467
286.034302,157.608856,46.937332,108.858055
289.303558,157.175430,46.762291,108.429420
286.461578,156.191223,46.600983,108.033165
286.347565,157.646332,46.587311,107.997932
284.085632,157.139679,46.389851,107.508453
284.830505,152.099167,46.371555,107.442062
285.005554,149.550735,46.131264,106.835838
285.760834,150.685989,45.965435,106.475594
286.698456,147.409058,45.968502,106.430649
286.992981,146.005310,46.183617,107.015060
288.443207,148.231842,45.839092,106.251358
288.795349,148.205002,45.923260,106.400154
288.936218,147.971664,45.747238,105.986298
290.680145,149.482056,45.808929,106.137901
292.931885,152.906418,45.586044,105.662384
294.868530,152.751831,45.854290,106.279503
296.095917,151.758728,45.672699,105.821335
297.065308,147.531250,45.635361,105.666519
298.883270,146.432755,45.319519,104.966209
302.613312,147.985626,44.890411,103.936661
305.528259,143.865005,45.067154,104.283127
305.962830,145.660187,45.145603,104.514618
309.293884,147.256851,45.372444,105.007210
310.685547,146.532440,45.702518,105.759521
313.348083,144.692276,46.400539,107.391144
314.851807,145.529144,45.806664,106.028236
317.341980,148.625793,45.873787,106.196228
320.349243,146.957886,45.764042,105.955307
321.941681,145.920776,45.353382,104.970207
324.431976,145.910461,45.184959,104.561279
325.247620,145.406738,45.169830,104.462875
325.830444,141.601151,45.353825,104.944107
327.935608,141.101913,45.249081,104.775589
328.624908,139.170868,45.355171,105.030998
330.321747,142.359070,45.115242,104.517448
327.476532,140.265976,45.149143,104.623695
329.930176,138.470901,45.506401,105.571114
325.998383,134.213547,45.247021,104.956085
325.576080,129.470505,45.434689,105.429192
326.195068,128.785477,45.941933,106.601654
321.812042,130.618240,46.600586,108.210190
321.841553,129.667023,47.105419,109.350739
321.752136,124.635986,46.802807,108.659859
321.997009,126.986618,46.527824,108.052887
320.090027,128.405930,46.464943,107.839836
319.983246,127.530518,45.779701,106.227722
321.554260,129.252243,45.852253,106.391708
318.925232,127.021309,45.606255,105.790230
321.425720,132.339783,45.676235,105.893486
319.973419,141.447540,45.843479,106.249863
321.692566,145.590836,46.387463,107.444542
317.959717,144.436264,46.221386,107.004288
320.705109,147.262543,45.960545,106.172234
318.884979,145.261292,45.994503,106.194511
321.545868,148.308075,45.590355,105.249664
322.586090,147.410645,44.813278,103.336121
322.617737,147.523956,44.774765,103.256454
320.922699,146.137283,44.585533,102.796791
321.221436,150.111221,44.795570,103.295547
321.017883,148.490601,44.787830,103.202660
320.112732,151.370850,44.765514,103.126450
322.134796,156.616608,44.598984,102.723831
322.555878,155.421906,44.322124,102.143036
322.842743,158.599884,44.421223,102.361526
324.359741,213.360977,43.556934,100.410355
321.575317,162.049408,43.872635,101.040733
321.755859,164.072968,44.361565,102.145996
322.380615,165.016174,44.715790,103.011566
321.757843,165.292664,44.662369,102.915146
325.234955,168.002930,44.799896,103.194801
326.325043,172.078705,44.896591,103.403572
328.450409,175.878418,44.857243,103.303726
328.073669,180.674927,44.950756,103.514435
329.784363,158.423935,45.014530,103.658295
327.056519,193.906662,43.586151,100.191849
329.827332,195.250153,43.807301,100.666542
336.303619,194.158295,43.302139,99.504150
333.705872,195.679077,42.964767,98.703789
336.563141,194.940720,42.994560,98.834473
336.246399,199.586411,43.003082,98.784569
334.490692,203.122604,43.519005,99.970284
334.846100,203.774841,43.562061,100.065094
336.343109,204.848602,43.300030,99.431152
334.216003,202.931030,43.397652,99.659012
333.907196,208.804810,43.032719,98.897118
335.681183,212.383484,43.483994,99.954201
334.417816,210.272598,43.372696,99.649353
336.196777,210.195282,43.510967,99.930321
336.273895,207.780472,43.865116,100.761726
337.580170,209.194809,43.898575,100.794640
339.509003,212.108582,44.151913,101.256004
338.681396,201.643173,44.200775,101.407738
338.634918,207.739426,44.776134,102.723152
338.073486,201.545029,44.975063,103.173706
339.958038,200.792343,45.023266,103.329231
338.571228,202.457352,44.542583,102.161163
343.673859,196.979813,44.616646,102.326355
342.760681,202.327042,44.348106,101.775917
342.599060,203.230774,44.357742,101.783203
340.057068,200.449341,44.324493,101.696098
342.130432,201.171738,44.417587,101.940674
342.061096,202.384644,44.193607,101.475800
340.769165,200.834595,44.087704,101.264687
344.124695,198.973114,44.010094,101.061684
341.928589,199.274643,43.925190,100.835564
338.320312,201.211884,43.622162,100.130241
340.879272,202.149323,43.776749,100.442146
341.778534,205.643326,43.343498,99.435730
339.070007,199.466385,43.611397,100.091301
338.993958,202.943497,43.631508,100.197357
340.134430,203.341248,43.602371,100.125557
338.582520,201.802277,43.631149,100.227989
339.160034,196.814072,43.670746,100.287186
338.704346,196.731445,44.189129,101.513123
335.939209,206.331268,43.942612,100.985657
340.404785,199.183411,43.582207,100.224541
339.189880,197.645203,42.982521,98.877419
337.447235,197.390839,43.517532,100.135239
335.618195,197.337418,43.924068,101.119522
336.914948,197.651260,43.772114,100.761841
335.286346,195.690704,43.417542,100.011810
333.697357,195.832214,43.358540,99.854935
334.387238,196.804810,43.375416,99.853462
335.368835,198.759705,42.993248,98.902710
333.926880,195.626801,43.178650,99.301811
334.199219,196.559692,43.747231,100.702003
335.414734,197.337143,43.746502,100.659317
336.535431,200.308502,43.693573,100.510643
334.395599,202.863388,44.307983,101.966049
333.867157,201.527283,43.749363,100.737892
332.918060,198.895538,43.363617,99.843979
330.528809,197.845596,44.101212,101.513870
331.559875,194.248871,44.142395,101.647255
328.971863,194.769180,44.026695,101.367516
326.071289,195.720779,44.398186,102.244995
324.563934,193.532669,44.353718,102.140961
323.752380,194.648254,44.147655,101.648041
321.219391,189.021942,43.930450,101.052505
318.160431,183.652145,43.948650,101.104431
314.212555,178.443634,44.176952,101.668839
