1
657.00,125.00,697.00,125.00,697.00,193.00,657.00,193.00
655.00,124.00,695.00,124.00,695.00,192.00,655.00,192.00
654.00,131.00,694.00,131.00,694.00,199.00,654.00,199.00
654.00,139.00,694.00,139.00,694.00,207.00,654.00,207.00
653.00,141.00,693.00,141.00,693.00,209.00,653.00,209.00
653.00,138.00,693.00,138.00,693.00,206.00,653.00,206.00
653.00,136.00,693.00,136.00,693.00,204.00,653.00,204.00
652.00,137.00,692.00,137.00,692.00,205.00,652.00,205.00
650.00,141.00,690.00,141.00,690.00,209.00,650.00,209.00
648.00,145.00,688.00,145.00,688.00,213.00,648.00,213.00
648.00,146.00,688.00,146.00,688.00,214.00,648.00,214.00
648.00,143.00,688.00,143.00,688.00,211.00,648.00,211.00
647.00,136.00,687.00,136.00,687.00,204.00,647.00,204.00
643.00,131.00,683.00,131.00,683.00,199.00,643.00,199.00
637.00,130.00,677.00,130.00,677.00,198.00,637.00,198.00
631.00,136.00,671.00,136.00,671.00,204.00,631.00,204.00
627.00,145.00,667.00,145.00,667.00,213.00,627.00,213.00
625.00,151.00,665.00,151.00,665.00,219.00,625.00,219.00
624.00,157.00,664.00,157.00,664.00,225.00,624.00,225.00
624.00,154.00,664.00,154.00,664.00,222.00,624.00,222.00
625.00,152.00,665.00,152.00,665.00,220.00,625.00,220.00
628.00,151.00,668.00,151.00,668.00,219.00,628.00,219.00
631.00,150.00,671.00,150.00,671.00,218.00,631.00,218.00
633.00,148.00,673.00,148.00,673.00,216.00,633.00,216.00
634.00,146.00,674.00,146.00,674.00,214.00,634.00,214.00
635.00,143.00,675.00,143.00,675.00,211.00,635.00,211.00
635.00,135.00,675.00,135.00,675.00,203.00,635.00,203.00
635.00,127.00,675.00,127.00,675.00,195.00,635.00,195.00
635.00,128.00,675.00,128.00,675.00,196.00,635.00,196.00
636.00,134.00,676.00,134.00,676.00,202.00,636.00,202.00
637.00,142.00,677.00,142.00,677.00,210.00,637.00,210.00
637.00,137.00,677.00,137.00,677.00,205.00,637.00,205.00
637.00,142.00,677.00,142.00,677.00,210.00,637.00,210.00
639.00,157.00,679.00,157.00,679.00,225.00,639.00,225.00
641.00,161.00,681.00,161.00,681.00,229.00,641.00,229.00
639.00,148.00,679.00,148.00,679.00,216.00,639.00,216.00
639.00,139.00,679.00,139.00,679.00,207.00,639.00,207.00
640.00,134.00,680.00,134.00,680.00,202.00,640.00,202.00
640.00,128.00,680.00,128.00,680.00,196.00,640.00,196.00
640.00,127.00,680.00,127.00,680.00,195.00,640.00,195.00
639.00,128.00,679.00,128.00,679.00,196.00,639.00,196.00
637.00,122.00,677.00,122.00,677.00,190.00,637.00,190.00
637.00,119.00,677.00,119.00,677.00,187.00,637.00,187.00
638.00,122.00,678.00,122.00,678.00,190.00,638.00,190.00
638.00,126.00,678.00,126.00,678.00,194.00,638.00,194.00
637.00,130.00,677.00,130.00,677.00,198.00,637.00,198.00
638.00,132.00,678.00,132.00,678.00,200.00,638.00,200.00
640.00,131.00,680.00,131.00,680.00,199.00,640.00,199.00
641.00,128.00,681.00,128.00,681.00,196.00,641.00,196.00
642.00,129.00,682.00,129.00,682.00,197.00,642.00,197.00
644.00,133.00,684.00,133.00,684.00,201.00,644.00,201.00
645.00,136.00,685.00,136.00,685.00,204.00,645.00,204.00
645.00,136.00,685.00,136.00,685.00,204.00,645.00,204.00
645.00,135.00,685.00,135.00,685.00,203.00,645.00,203.00
645.00,134.00,685.00,134.00,685.00,202.00,645.00,202.00
645.00,138.00,685.00,138.00,685.00,206.00,645.00,206.00
645.00,144.00,685.00,144.00,685.00,212.00,645.00,212.00
645.00,147.00,685.00,147.00,685.00,215.00,645.00,215.00
646.00,150.00,686.00,150.00,686.00,218.00,646.00,218.00
648.00,150.00,688.00,150.00,688.00,218.00,648.00,218.00
649.00,149.00,689.00,149.00,689.00,217.00,649.00,217.00
648.00,148.00,688.00,148.00,688.00,216.00,648.00,216.00
647.00,148.00,687.00,148.00,687.00,216.00,647.00,216.00
647.00,148.00,687.00,148.00,687.00,216.00,647.00,216.00
648.00,148.00,688.00,148.00,688.00,216.00,648.00,216.00
651.00,148.00,691.00,148.00,691.00,216.00,651.00,216.00
654.00,150.00,694.00,150.00,694.00,218.00,654.00,218.00
657.00,153.00,697.00,153.00,697.00,221.00,657.00,221.00
659.00,150.00,699.00,150.00,699.00,218.00,659.00,218.00
660.00,145.00,700.00,145.00,700.00,213.00,660.00,213.00
661.00,139.00,701.00,139.00,701.00,207.00,661.00,207.00
662.00,134.00,702.00,134.00,702.00,202.00,662.00,202.00
662.00,135.00,702.00,135.00,702.00,203.00,662.00,203.00
661.00,134.00,701.00,134.00,701.00,202.00,661.00,202.00
659.00,125.00,699.00,125.00,699.00,193.00,659.00,193.00
658.00,126.00,698.00,126.00,698.00,194.00,658.00,194.00
660.00,132.00,700.00,132.00,700.00,200.00,660.00,200.00
662.00,144.00,702.00,144.00,702.00,212.00,662.00,212.00
665.00,157.00,705.00,157.00,705.00,225.00,665.00,225.00
667.00,162.00,707.00,162.00,707.00,230.00,667.00,230.00
668.00,164.00,708.00,164.00,708.00,232.00,668.00,232.00
668.00,161.00,708.00,161.00,708.00,229.00,668.00,229.00
668.00,160.00,708.00,160.00,708.00,228.00,668.00,228.00
668.00,160.00,708.00,160.00,708.00,228.00,668.00,228.00
669.00,157.00,709.00,157.00,709.00,225.00,669.00,225.00
675.00,152.00,715.00,152.00,715.00,220.00,675.00,220.00
682.00,149.00,722.00,149.00,722.00,217.00,682.00,217.00
688.00,148.00,728.00,148.00,728.00,216.00,688.00,216.00
2
0
0
0
0
1
648.00,154.00,680.00,154.00,680.00,215.00,648.00,215.00
649.00,155.00,681.00,155.00,681.00,216.00,649.00,216.00
650.00,153.00,682.00,153.00,682.00,214.00,650.00,214.00
650.00,153.00,682.00,153.00,682.00,214.00,650.00,214.00
650.00,154.00,682.00,154.00,682.00,215.00,650.00,215.00
650.00,155.00,682.00,155.00,682.00,216.00,650.00,216.00
650.00,156.00,682.00,156.00,682.00,217.00,650.00,217.00
649.00,154.00,681.00,154.00,681.00,215.00,649.00,215.00
648.00,153.00,680.00,153.00,680.00,214.00,648.00,214.00
647.00,154.00,679.00,154.00,679.00,215.00,647.00,215.00
646.00,156.00,678.00,156.00,678.00,217.00,646.00,217.00
646.00,154.00,678.00,154.00,678.00,215.00,646.00,215.00
646.00,152.00,678.00,152.00,678.00,213.00,646.00,213.00
646.00,154.00,678.00,154.00,678.00,215.00,646.00,215.00
647.00,157.00,679.00,157.00,679.00,218.00,647.00,218.00
648.00,158.00,680.00,158.00,680.00,219.00,648.00,219.00
649.00,153.00,681.00,153.00,681.00,214.00,649.00,214.00
649.00,154.00,681.00,154.00,681.00,215.00,649.00,215.00
648.00,159.00,680.00,159.00,680.00,220.00,648.00,220.00
646.00,163.00,678.00,163.00,678.00,224.00,646.00,224.00
645.00,166.00,677.00,166.00,677.00,227.00,645.00,227.00
644.00,163.00,676.00,163.00,676.00,224.00,644.00,224.00
643.00,161.00,675.00,161.00,675.00,222.00,643.00,222.00
643.00,163.00,675.00,163.00,675.00,224.00,643.00,224.00
643.00,162.00,675.00,162.00,675.00,223.00,643.00,223.00
643.00,159.00,675.00,159.00,675.00,220.00,643.00,220.00
643.00,158.00,675.00,158.00,675.00,219.00,643.00,219.00
643.00,159.00,675.00,159.00,675.00,220.00,643.00,220.00
642.00,157.00,674.00,157.00,674.00,218.00,642.00,218.00
641.00,154.00,673.00,154.00,673.00,215.00,641.00,215.00
641.00,154.00,673.00,154.00,673.00,215.00,641.00,215.00
641.00,154.00,673.00,154.00,673.00,215.00,641.00,215.00
642.00,155.00,674.00,155.00,674.00,216.00,642.00,216.00
642.00,156.00,674.00,156.00,674.00,217.00,642.00,217.00
642.00,156.00,674.00,156.00,674.00,217.00,642.00,217.00
641.00,156.00,673.00,156.00,673.00,217.00,641.00,217.00
640.00,158.00,672.00,158.00,672.00,219.00,640.00,219.00
639.00,157.00,671.00,157.00,671.00,218.00,639.00,218.00
639.00,155.00,671.00,155.00,671.00,216.00,639.00,216.00
640.00,152.00,672.00,152.00,672.00,213.00,640.00,213.00
642.00,148.00,674.00,148.00,674.00,209.00,642.00,209.00
644.00,142.00,676.00,142.00,676.00,203.00,644.00,203.00
645.00,139.00,677.00,139.00,677.00,200.00,645.00,200.00
645.00,139.00,677.00,139.00,677.00,200.00,645.00,200.00
644.00,138.00,676.00,138.00,676.00,199.00,644.00,199.00
643.00,139.00,675.00,139.00,675.00,200.00,643.00,200.00
643.00,141.00,675.00,141.00,675.00,202.00,643.00,202.00
643.00,144.00,675.00,144.00,675.00,205.00,643.00,205.00
644.00,147.00,676.00,147.00,676.00,208.00,644.00,208.00
645.00,147.00,677.00,147.00,677.00,208.00,645.00,208.00
645.00,149.00,677.00,149.00,677.00,210.00,645.00,210.00
645.00,150.00,677.00,150.00,677.00,211.00,645.00,211.00
645.00,152.00,677.00,152.00,677.00,213.00,645.00,213.00
644.00,153.00,676.00,153.00,676.00,214.00,644.00,214.00
643.00,155.00,675.00,155.00,675.00,216.00,643.00,216.00
643.00,158.00,675.00,158.00,675.00,219.00,643.00,219.00
645.00,161.00,677.00,161.00,677.00,222.00,645.00,222.00
647.00,164.00,679.00,164.00,679.00,225.00,647.00,225.00
648.00,165.00,680.00,165.00,680.00,226.00,648.00,226.00
648.00,167.00,680.00,167.00,680.00,228.00,648.00,228.00
648.00,168.00,680.00,168.00,680.00,229.00,648.00,229.00
648.00,168.00,680.00,168.00,680.00,229.00,648.00,229.00
649.00,168.00,681.00,168.00,681.00,229.00,649.00,229.00
650.00,168.00,682.00,168.00,682.00,229.00,650.00,229.00
650.00,167.00,682.00,167.00,682.00,228.00,650.00,228.00
650.00,167.00,682.00,167.00,682.00,228.00,650.00,228.00
650.00,165.00,682.00,165.00,682.00,226.00,650.00,226.00
650.00,162.00,682.00,162.00,682.00,223.00,650.00,223.00
649.00,164.00,681.00,164.00,681.00,225.00,649.00,225.00
648.00,166.00,680.00,166.00,680.00,227.00,648.00,227.00
647.00,165.00,679.00,165.00,679.00,226.00,647.00,226.00
647.00,162.00,679.00,162.00,679.00,223.00,647.00,223.00
647.00,162.00,679.00,162.00,679.00,223.00,647.00,223.00
648.00,163.00,680.00,163.00,680.00,224.00,648.00,224.00
650.00,163.00,682.00,163.00,682.00,224.00,650.00,224.00
652.00,161.00,684.00,161.00,684.00,222.00,652.00,222.00
652.00,161.00,684.00,161.00,684.00,222.00,652.00,222.00
652.00,163.00,684.00,163.00,684.00,224.00,652.00,224.00
652.00,164.00,684.00,164.00,684.00,225.00,652.00,225.00
653.00,165.00,685.00,165.00,685.00,226.00,653.00,226.00
655.00,165.00,687.00,165.00,687.00,226.00,655.00,226.00
657.00,165.00,689.00,165.00,689.00,226.00,657.00,226.00
657.00,166.00,689.00,166.00,689.00,227.00,657.00,227.00
655.00,164.00,687.00,164.00,687.00,225.00,655.00,225.00
655.00,161.00,687.00,161.00,687.00,222.00,655.00,222.00
655.00,162.00,687.00,162.00,687.00,223.00,655.00,223.00
656.00,167.00,688.00,167.00,688.00,228.00,656.00,228.00
657.00,169.00,689.00,169.00,689.00,230.00,657.00,230.00
658.00,165.00,690.00,165.00,690.00,226.00,658.00,226.00
658.00,165.00,690.00,165.00,690.00,226.00,658.00,226.00
658.00,165.00,690.00,165.00,690.00,226.00,658.00,226.00
659.00,163.00,691.00,163.00,691.00,224.00,659.00,224.00
661.00,161.00,693.00,161.00,693.00,222.00,661.00,222.00
663.00,159.00,695.00,159.00,695.00,220.00,663.00,220.00
665.00,156.00,697.00,156.00,697.00,217.00,665.00,217.00
667.00,156.00,699.00,156.00,699.00,217.00,667.00,217.00
