1
49.00,48.00,65.00,48.00,65.00,113.00,49.00,113.00
49.00,48.00,65.00,48.00,65.00,113.00,49.00,113.00
31.32,33.10,47.32,33.10,47.32,98.10,31.32,98.10
38.48,27.84,54.48,27.84,54.48,92.84,38.48,92.84
28.17,26.60,44.17,26.60,44.17,91.60,28.17,91.60
29.10,28.47,45.10,28.47,45.10,93.47,29.10,93.47
32.58,27.32,48.58,27.32,48.58,92.32,32.58,92.32
39.95,25.80,55.95,25.80,55.95,90.80,39.95,90.80
38.80,20.39,54.80,20.39,54.80,85.39,38.80,85.39
40.44,17.74,56.44,17.74,56.44,82.74,40.44,82.74
43.62,21.29,59.62,21.29,59.62,86.29,43.62,86.29
58.23,27.78,74.23,27.78,74.23,92.78,58.23,92.78
61.90,25.27,77.90,25.27,77.90,90.27,61.90,90.27
61.08,23.64,77.08,23.64,77.08,88.64,61.08,88.64
82.87,24.35,98.87,24.35,98.87,89.35,82.87,89.35
97.26,23.44,113.26,23.44,113.26,88.44,97.26,88.44
87.91,19.36,103.91,19.36,103.91,84.36,87.91,84.36
79.47,10.25,95.47,10.25,95.47,75.25,79.47,75.25
86.41,14.32,102.41,14.32,102.41,79.32,86.41,79.32
84.26,12.53,100.26,12.53,100.26,77.53,84.26,77.53
80.87,17.99,96.87,17.99,96.87,82.99,80.87,82.99
80.28,19.37,96.28,19.37,96.28,84.37,80.28,84.37
88.03,25.42,104.03,25.42,104.03,90.42,88.03,90.42
71.29,26.76,87.29,26.76,87.29,91.76,71.29,91.76
73.06,27.50,89.06,27.50,89.06,92.50,73.06,92.50
80.62,22.29,96.62,22.29,96.62,87.29,80.62,87.29
75.32,13.71,91.32,13.71,91.32,78.71,75.32,78.71
68.22,5.23,84.22,5.23,84.22,70.23,68.22,70.23
60.39,4.11,76.39,4.11,76.39,69.11,60.39,69.11
62.86,6.41,78.86,6.41,78.86,71.41,62.86,71.41
71.64,12.20,87.64,12.20,87.64,77.20,71.64,77.20
81.71,13.27,97.71,13.27,97.71,78.27,81.71,78.27
88.13,20.73,104.13,20.73,104.13,85.73,88.13,85.73
103.89,8.36,119.89,8.36,119.89,73.36,103.89,73.36
120.67,18.04,136.67,18.04,136.67,83.04,120.67,83.04
114.38,11.27,130.38,11.27,130.38,76.27,114.38,76.27
112.57,12.10,128.57,12.10,128.57,77.10,112.57,77.10
130.40,10.65,146.40,10.65,146.40,75.65,130.40,75.65
137.33,14.64,153.33,14.64,153.33,79.64,137.33,79.64
146.71,17.39,162.71,17.39,162.71,82.39,146.71,82.39
148.76,22.80,164.76,22.80,164.76,87.80,148.76,87.80
151.53,23.40,167.53,23.40,167.53,88.40,151.53,88.40
147.30,18.84,163.30,18.84,163.30,83.84,147.30,83.84
152.55,14.59,168.55,14.59,168.55,79.59,152.55,79.59
152.88,21.23,168.88,21.23,168.88,86.23,152.88,86.23
123.62,23.84,139.62,23.84,139.62,88.84,123.62,88.84
102.74,26.59,118.74,26.59,118.74,91.59,102.74,91.59
101.96,18.96,117.96,18.96,117.96,83.96,101.96,83.96
103.36,24.42,119.36,24.42,119.36,89.42,103.36,89.42
106.22,13.49,122.22,13.49,122.22,78.49,106.22,78.49
110.38,1.65,126.38,1.65,126.38,66.65,110.38,66.65
107.43,7.26,123.43,7.26,123.43,72.26,107.43,72.26
116.88,5.33,132.88,5.33,132.88,70.33,116.88,70.33
119.74,14.32,135.73,14.32,135.73,79.32,119.74,79.32
123.65,17.88,139.65,17.88,139.65,82.88,123.65,82.88
111.77,20.27,127.77,20.27,127.77,85.27,111.77,85.27
112.45,19.24,128.45,19.24,128.45,84.24,112.45,84.24
100.43,18.34,116.43,18.34,116.43,83.34,100.43,83.34
101.69,14.40,117.69,14.40,117.69,79.40,101.69,79.40
126.66,9.75,142.66,9.75,142.66,74.75,126.66,74.75
138.36,10.13,154.36,10.13,154.36,75.13,138.36,75.13
130.16,14.00,146.16,14.00,146.16,79.00,130.16,79.00
131.87,22.17,147.87,22.17,147.87,87.17,131.87,87.17
131.20,24.37,147.20,24.37,147.20,89.37,131.20,89.37
130.78,28.32,146.78,28.32,146.78,93.32,130.78,93.32
134.19,31.63,150.19,31.63,150.19,96.63,134.19,96.63
145.49,44.76,161.49,44.76,161.49,109.76,145.49,109.76
139.46,48.12,155.46,48.12,155.46,113.12,139.46,113.12
125.86,47.69,141.86,47.69,141.86,112.69,125.86,112.69
128.49,34.97,144.49,34.97,144.49,99.97,128.49,99.97
123.75,36.28,139.75,36.28,139.75,101.28,123.75,101.28
113.71,42.95,129.71,42.95,129.71,107.95,113.71,107.95
102.97,29.81,118.97,29.81,118.97,94.81,102.97,94.81
98.90,36.85,114.90,36.85,114.90,101.85,98.90,101.85
111.64,47.64,127.64,47.64,127.64,112.64,111.64,112.64
119.54,58.81,135.54,58.81,135.54,123.81,119.54,123.81
126.90,61.78,142.90,61.78,142.90,126.78,126.90,126.78
137.78,56.65,153.78,56.65,153.78,121.65,137.78,121.65
153.59,66.95,169.59,66.95,169.59,131.95,153.59,131.95
139.96,50.30,155.96,50.30,155.96,115.30,139.96,115.30
150.21,47.94,166.21,47.94,166.21,112.94,150.21,112.94
162.48,42.96,178.48,42.96,178.48,107.96,162.48,107.96
168.72,45.51,184.72,45.51,184.72,110.51,168.72,110.51
174.33,41.35,190.33,41.35,190.33,106.35,174.33,106.35
183.46,44.48,199.46,44.48,199.46,109.48,183.46,109.48
183.57,44.41,199.57,44.41,199.57,109.41,183.57,109.41
180.71,48.19,196.71,48.19,196.71,113.19,180.71,113.19
182.03,47.68,198.03,47.68,198.03,112.68,182.03,112.68
179.34,43.38,195.34,43.38,195.34,108.38,179.34,108.38
2
0
0
0
0
1
133.00,35.00,162.00,35.00,162.00,121.00,133.00,121.00
133.00,35.00,162.00,35.00,162.00,121.00,133.00,121.00
150.11,17.98,179.11,17.98,179.11,103.98,150.11,103.98
142.26,24.51,171.26,24.51,171.26,110.51,142.26,110.51
141.85,17.83,170.85,17.83,170.85,103.83,141.85,103.83
144.27,18.83,173.27,18.83,173.27,104.83,144.27,104.83
144.18,10.83,173.18,10.83,173.18,96.83,144.18,96.83
138.83,1.14,167.83,1.14,167.83,87.14,138.83,87.14
171.59,6.84,200.59,6.84,200.59,92.84,171.59,92.84
180.29,7.99,209.29,7.99,209.29,93.99,180.29,93.99
180.32,10.68,209.32,10.68,209.32,96.68,180.32,96.68
184.82,20.29,213.82,20.29,213.82,106.29,184.82,106.29
192.38,20.56,221.38,20.56,221.38,106.56,192.38,106.56
176.05,15.45,205.05,15.45,205.05,101.45,176.05,101.45
175.24,16.17,204.24,16.17,204.24,102.18,175.24,102.18
175.95,13.06,204.95,13.06,204.95,99.06,175.95,99.06
177.31,0.00,206.31,0.00,206.31,86.00,177.31,86.00
144.27,18.65,173.27,18.65,173.27,104.65,144.27,104.65
132.41,12.74,161.41,12.74,161.41,98.74,132.41,98.74
128.48,19.89,157.48,19.89,157.48,105.89,128.48,105.89
128.92,26.43,157.92,26.43,157.92,112.43,128.92,112.43
128.24,24.09,157.24,24.09,157.24,110.09,128.24,110.09
123.19,29.63,152.19,29.63,152.19,115.63,123.19,115.63
130.62,29.78,159.62,29.78,159.62,115.78,130.62,115.78
149.43,28.04,178.43,28.04,178.43,114.04,149.43,114.04
156.16,32.68,185.16,32.68,185.16,118.68,156.16,118.68
152.03,26.20,181.03,26.20,181.03,112.20,152.03,112.20
146.84,22.01,175.84,22.01,175.84,108.01,146.84,108.01
148.54,4.42,177.54,4.42,177.54,90.42,148.54,90.42
151.44,1.83,180.44,1.83,180.44,87.83,151.44,87.83
177.16,12.87,206.16,12.87,206.16,98.87,177.16,98.87
170.22,0.00,199.22,0.00,199.22,86.00,170.22,86.00
186.35,6.74,215.35,6.74,215.35,92.74,186.35,92.74
179.56,10.57,208.56,10.57,208.56,96.57,179.56,96.57
177.76,14.13,206.76,14.13,206.76,100.13,177.76,100.13
170.84,21.31,199.84,21.31,199.84,107.31,170.84,107.31
176.24,22.16,205.24,22.16,205.24,108.16,176.24,108.16
165.43,21.25,194.43,21.25,194.43,107.25,165.43,107.25
146.43,22.53,175.43,22.53,175.43,108.53,146.43,108.53
142.23,15.94,171.23,15.94,171.23,101.94,142.23,101.94
155.29,8.56,184.29,8.56,184.29,94.56,155.29,94.56
142.34,1.91,171.34,1.91,171.34,87.91,142.34,87.91
150.48,0.00,179.48,0.00,179.48,86.00,150.48,86.00
147.52,1.13,176.52,1.13,176.52,87.13,147.52,87.13
