1
733.70,234.52,739.80,380.18,821.67,376.75,815.56,231.09
733.95,232.92,739.77,381.49,821.42,378.29,815.60,229.72
747.06,243.06,760.21,388.39,844.02,380.81,830.88,235.48
749.22,238.84,765.14,385.70,842.14,377.36,826.22,230.49
757.69,237.05,761.97,381.27,840.41,378.94,836.13,234.72
772.51,219.93,754.43,378.76,843.17,388.86,861.25,230.04
775.83,216.23,751.61,378.99,842.78,392.55,867.00,229.80
930.40,159.93,763.01,197.36,781.67,280.80,949.06,243.36
867.96,73.86,719.38,206.51,787.68,283.02,936.26,150.37
829.52,60.15,718.12,198.66,802.31,266.37,913.70,127.86
837.78,70.74,701.34,159.22,759.29,248.58,895.73,160.10
752.19,101.06,879.71,101.06,879.71,228.58,752.19,228.58
829.85,106.23,764.80,213.86,826.84,251.36,891.89,143.73
852.52,117.62,761.49,210.68,819.05,266.98,910.08,173.91
810.70,143.12,901.58,143.12,901.58,233.99,810.70,233.99
812.99,140.96,901.65,140.96,901.65,229.62,812.99,229.62
828.54,135.26,822.83,220.04,890.53,224.60,896.24,139.82
821.54,148.32,901.87,148.32,901.87,228.65,821.54,228.65
835.14,133.05,819.70,221.30,882.50,232.29,897.94,144.04
822.07,131.31,868.96,235.13,931.57,206.85,884.68,103.03
943.29,182.66,868.83,90.86,808.01,140.19,882.47,232.00
808.73,131.31,875.88,245.76,941.82,207.07,874.66,92.62
806.02,132.25,871.84,247.74,941.92,207.79,876.09,92.31
962.37,153.94,848.75,100.98,811.89,180.04,925.52,233.00
960.33,139.67,831.15,104.76,808.23,189.58,937.41,224.48
970.80,133.64,828.19,90.43,801.13,179.74,943.73,222.95
973.82,139.90,833.81,86.12,799.62,175.14,939.62,228.91
855.32,122.57,955.47,122.57,955.47,222.72,855.32,222.72
848.36,145.56,900.11,251.10,980.51,211.68,928.76,106.14
842.15,149.40,899.64,258.22,984.82,213.21,927.33,104.39
836.54,152.21,901.64,261.12,986.91,210.15,921.81,101.24
995.67,204.61,911.56,101.73,837.75,162.07,921.86,264.95
1002.23,194.64,901.48,90.18,831.15,158.01,931.90,262.47
1007.31,180.16,891.32,84.38,831.29,157.08,947.29,252.85
1009.20,180.40,888.37,80.48,827.22,154.42,948.05,254.34
894.67,116.00,990.91,116.00,990.91,212.25,894.67,212.25
893.17,121.49,927.89,224.29,1005.79,197.98,971.08,95.18
898.34,114.73,927.86,219.29,1004.75,197.59,975.23,93.02
900.25,111.52,929.60,217.76,1004.52,197.06,975.17,90.82
902.53,109.11,931.55,224.89,1003.34,206.90,974.32,91.11
900.44,111.96,923.98,230.27,1000.26,215.09,976.72,96.78
901.75,121.32,930.47,234.85,1001.69,216.83,972.96,103.30
905.11,123.93,936.06,230.60,1005.16,210.55,974.21,103.88
906.25,123.02,941.03,231.69,1008.26,210.17,973.48,101.50
912.33,127.85,952.73,225.14,1014.38,199.54,973.98,102.25
1019.52,189.83,969.67,95.88,918.64,122.96,968.48,216.90
1028.34,176.12,967.57,93.86,922.60,127.07,983.37,209.34
1030.92,179.07,962.54,87.20,919.64,119.13,988.02,211.00
1030.15,177.25,961.63,87.01,918.20,119.99,986.73,210.23
1037.44,167.87,966.66,84.16,923.76,120.43,994.55,204.14
1045.17,168.11,970.22,81.09,926.91,118.40,1001.85,205.42
1049.63,174.19,975.89,85.47,931.01,122.77,1004.76,211.49
1053.39,182.62,978.26,90.46,934.62,126.03,1009.75,218.20
1053.50,185.58,979.78,99.66,939.28,134.40,1013.00,220.33
1064.47,184.72,987.06,99.18,943.97,138.17,1021.38,223.71
1062.84,187.05,987.32,102.34,947.39,137.94,1022.91,222.64
1066.12,182.28,982.47,94.02,940.80,133.51,1024.44,221.77
1070.70,186.11,982.87,104.61,945.36,145.04,1033.19,226.53
1073.53,188.57,990.78,103.14,952.55,140.17,1035.30,225.60
1078.97,188.94,995.74,102.23,955.16,141.19,1038.40,227.89
1082.73,189.28,1009.61,98.58,964.06,135.30,1037.17,226.00
1082.43,193.26,1016.86,94.37,970.21,125.31,1035.78,224.20
1085.48,200.73,1016.27,93.88,966.09,126.38,1035.30,233.23
1084.02,204.34,1011.36,99.38,955.82,137.83,1028.48,242.79
1084.78,205.70,999.22,98.15,951.04,136.48,1036.60,244.04
1083.66,206.48,1001.04,96.73,949.32,135.67,1031.94,245.41
1085.37,207.94,999.71,98.22,942.92,142.56,1028.58,252.27
1077.03,222.25,1015.04,102.18,943.28,139.23,1005.28,259.30
938.08,143.28,1001.39,261.68,1073.51,223.12,1010.20,104.72
919.23,143.38,978.56,261.61,1066.56,217.45,1007.24,99.22
1067.35,204.31,978.69,98.98,907.11,159.23,995.77,264.56
1056.40,206.13,969.48,98.12,893.91,158.94,980.83,266.95
1041.73,209.87,956.19,101.00,887.52,154.94,973.06,263.82
1034.73,200.05,939.94,97.23,880.62,151.91,975.41,254.73
1026.31,192.10,932.49,91.67,871.40,148.74,965.23,249.17
1020.00,180.66,914.81,82.02,856.21,144.51,961.41,243.15
1007.89,181.48,927.32,104.52,870.30,164.20,950.87,241.17
996.02,189.68,929.49,110.40,865.02,164.51,931.56,243.79
867.24,131.87,964.58,131.87,964.58,229.21,867.24,229.21
846.80,124.62,951.35,124.62,951.35,229.17,846.80,229.17
860.14,131.09,900.08,233.55,944.08,216.39,904.14,113.94
845.91,141.46,875.43,243.47,920.62,230.39,891.09,128.38
829.80,138.51,850.54,242.58,892.62,234.20,871.88,130.12
809.17,139.62,825.59,237.37,872.07,229.56,855.66,131.82
786.14,144.97,805.95,234.37,851.25,224.34,831.45,134.94
750.63,149.15,786.24,236.94,832.76,218.07,797.14,130.28
726.38,148.99,767.39,233.91,809.18,213.72,768.17,128.80
704.49,123.11,725.21,222.45,771.76,212.74,751.04,113.40
683.37,113.70,693.29,211.12,741.62,206.20,731.70,108.78
658.27,111.73,680.67,208.88,728.82,197.78,706.42,100.63
637.91,112.51,669.33,207.22,712.81,192.79,681.39,98.09
695.46,191.98,660.42,96.16,618.76,111.39,653.80,207.21
599.36,111.29,626.75,208.94,670.52,196.67,643.13,99.01
578.63,114.77,611.04,211.81,650.83,198.52,618.42,101.48
560.06,115.49,595.82,212.32,635.31,197.73,599.55,100.90
546.46,121.99,574.62,213.11,617.65,199.81,589.49,108.70
527.21,121.10,563.72,214.46,607.64,197.28,571.13,103.92
589.02,199.33,550.93,108.92,510.20,126.08,548.29,216.48
500.75,129.17,532.53,221.58,571.77,208.08,540.00,115.67
567.14,207.59,530.15,117.16,493.99,131.95,530.99,222.38
559.65,208.34,522.93,113.96,483.86,129.16,520.58,223.54
469.55,129.91,504.42,222.67,546.95,206.68,512.07,113.92
457.88,131.56,484.09,226.48,526.27,214.84,500.06,119.92
449.42,133.04,472.71,226.91,515.03,216.40,491.74,122.53
440.73,129.16,461.04,226.05,506.66,216.49,486.35,119.59
432.31,121.28,453.29,220.33,497.56,210.95,476.58,111.90
420.66,119.17,434.35,220.12,478.21,214.17,464.52,113.23
413.19,129.97,424.06,230.39,472.84,225.11,461.97,124.69
396.25,139.66,417.56,243.28,467.23,233.07,445.92,129.44
387.17,145.62,413.41,244.68,461.26,232.00,435.02,132.94
378.62,141.68,405.20,239.94,449.35,227.99,422.77,129.73
369.09,139.34,395.99,237.03,444.80,223.59,417.90,125.90
360.93,146.95,384.17,241.29,441.47,227.17,418.23,132.84
356.65,151.49,374.87,242.97,431.02,231.79,412.80,140.31
347.83,153.37,365.11,244.41,422.90,233.44,405.62,142.40
349.19,151.39,365.37,243.73,422.43,233.73,406.25,141.39
339.46,144.35,339.71,237.14,388.31,237.01,388.06,144.21
338.20,138.07,320.26,233.63,380.70,244.98,398.64,149.42
314.70,156.21,315.24,245.22,378.59,244.83,378.04,155.82
313.02,149.64,304.21,245.93,368.58,251.82,377.39,155.53
296.17,151.61,295.26,247.68,364.70,248.33,365.61,152.26
276.65,157.13,287.78,255.57,360.93,247.30,349.80,148.86
258.22,156.88,352.51,156.88,352.51,251.17,258.22,251.17
248.40,150.11,350.46,150.11,350.46,252.17,248.40,252.17
238.90,155.13,346.16,155.13,346.16,262.40,238.90,262.40
226.65,148.98,341.21,148.98,341.21,263.53,226.65,263.53
224.12,149.39,332.75,149.39,332.75,258.02,224.12,258.02
222.67,160.63,323.63,160.63,323.63,261.59,222.67,261.59
336.48,197.95,236.91,143.59,194.12,221.97,293.69,276.33
329.15,185.29,220.10,140.86,186.65,222.94,295.70,267.38
322.30,169.53,203.43,141.81,183.24,228.40,302.11,256.12
326.39,175.73,206.41,133.56,174.21,225.17,294.19,267.34
321.85,166.66,191.42,146.25,177.58,234.64,308.01,255.06
330.07,176.52,214.41,149.12,195.70,228.11,311.36,255.51
342.16,190.65,223.97,137.29,194.16,203.31,312.35,256.67
347.34,185.44,222.84,136.99,196.82,203.86,321.32,252.31
289.76,175.04,307.26,258.91,348.64,250.27,331.13,166.41
299.22,184.75,308.51,263.23,354.96,257.73,345.67,179.25
303.90,179.44,319.83,264.93,364.25,256.65,348.33,171.17
310.41,191.87,346.84,280.06,383.36,264.98,346.92,176.78
320.67,190.59,345.17,295.96,390.85,285.34,366.35,179.97
325.25,192.08,350.52,295.40,394.41,284.66,369.14,181.34
333.12,183.39,356.28,284.62,395.27,275.69,372.11,174.47
342.82,177.75,367.26,280.06,406.66,270.65,382.22,168.33
347.16,171.09,364.21,281.55,409.43,274.57,392.37,164.11
347.20,177.96,364.71,287.09,417.50,278.62,400.00,169.49
346.05,179.27,361.70,290.22,404.74,284.15,389.10,173.20
338.38,183.87,355.27,294.76,398.95,288.10,382.07,177.22
327.66,189.52,351.65,297.25,397.89,286.95,373.91,179.22
324.36,192.89,353.79,305.11,397.21,293.73,367.78,181.50
330.78,188.63,351.07,328.63,397.39,321.92,377.10,181.91
323.29,192.60,356.66,329.94,397.74,319.96,364.37,182.62
404.06,330.35,361.92,182.19,321.01,193.82,363.14,341.98
403.73,329.37,359.18,178.37,319.03,190.22,363.59,341.22
410.36,331.92,354.09,178.86,317.48,192.32,373.75,345.38
417.14,327.17,348.86,177.55,311.27,194.70,379.56,344.32
413.82,325.47,351.08,193.50,313.61,211.31,376.35,343.28
417.62,320.97,345.37,192.26,309.35,212.47,381.61,341.19
420.42,322.32,348.47,190.98,308.59,212.82,380.54,344.16
428.85,314.07,352.55,183.28,304.58,211.26,380.88,342.06
437.28,330.77,357.23,186.66,303.28,216.63,383.34,360.73
451.30,315.70,356.68,174.80,300.82,212.31,395.44,353.21
445.43,323.93,372.40,186.62,307.78,220.99,380.82,358.30
309.58,217.63,367.48,359.51,442.68,328.83,384.78,186.94
368.68,197.76,402.15,340.73,435.39,332.95,401.92,189.97
374.92,198.91,406.45,346.16,439.73,339.04,408.19,191.78
382.72,204.44,409.36,349.11,442.77,342.96,416.12,198.28
388.94,199.94,414.35,346.30,450.25,340.06,424.84,193.71
393.19,197.43,410.93,340.07,449.98,335.21,432.23,192.57
398.48,194.27,411.22,340.26,456.44,336.31,443.70,190.32
407.00,193.00,421.20,339.73,463.17,335.67,448.97,188.94
413.59,189.42,428.32,336.70,465.20,333.02,450.47,185.74
415.57,189.14,430.14,334.63,465.33,331.11,450.75,185.61
425.91,190.38,435.05,335.21,468.80,333.08,459.65,188.25
432.91,184.58,445.59,333.16,480.09,330.22,467.40,181.64
432.08,181.65,445.51,340.75,485.63,337.36,472.20,178.27
440.83,182.85,454.69,321.53,492.56,317.74,478.71,179.06
447.29,183.07,458.24,326.61,496.33,323.70,485.38,180.16
456.58,186.85,452.80,333.81,491.02,334.79,494.80,187.84
463.93,190.46,457.85,336.48,497.64,338.13,503.72,192.12
465.41,189.89,455.30,316.15,497.42,319.53,507.53,193.26
472.42,190.10,464.05,320.20,501.39,322.60,509.76,192.50
480.76,193.47,468.82,322.97,504.44,326.26,516.38,196.75
485.05,195.28,468.33,322.42,503.31,327.02,520.03,199.88
488.24,196.37,469.37,321.93,504.27,327.17,523.14,201.62
495.66,193.27,474.80,314.53,510.59,320.69,531.45,199.43
495.78,190.65,478.39,316.19,509.65,320.52,527.04,194.98
497.82,185.48,470.54,311.24,505.76,318.87,533.03,193.12
502.65,179.38,473.63,312.57,510.00,320.50,539.02,187.30
507.62,178.17,479.44,310.01,513.59,317.31,541.77,185.47
510.35,179.18,481.79,317.26,514.91,324.11,543.47,186.03
511.89,180.79,485.00,321.63,518.63,328.05,545.52,187.21
514.67,181.43,491.39,315.89,527.73,322.19,551.01,187.73
519.21,184.69,493.59,316.47,524.18,322.42,549.80,190.64
522.94,186.74,497.43,317.55,532.91,324.47,558.42,193.66
534.40,189.06,503.77,322.07,538.38,330.04,569.00,197.03
536.08,189.67,507.80,333.05,540.61,339.52,568.89,196.15
539.68,187.19,510.39,327.81,543.69,334.75,572.99,194.13
544.50,189.59,512.06,325.37,544.31,333.08,576.75,197.30
545.60,189.55,520.97,325.92,551.63,331.46,576.26,195.09
