1
262.410004,125.105003,103.739998,70.860001
262.410004,127.529999,103.739998,70.860001
263.380005,130.440002,103.739998,70.860001
264.350006,131.410004,103.739998,70.860001
266.290009,134.320007,103.739998,70.860001
266.774994,134.320007,103.739998,70.860001
269.684998,137.229996,103.739998,70.860001
272.595001,137.229996,103.739998,70.860001
273.565002,138.684998,103.739998,70.860001
275.505005,140.139999,103.739998,70.860001
277.929993,142.565002,103.739998,70.860001
279.869995,143.050003,103.739998,70.860001
282.779999,145.960007,103.739998,70.860001
284.234985,147.414993,103.739998,70.860001
286.660004,147.414993,103.739998,70.860001
290.054993,150.324997,103.739998,70.860001
295.875000,154.690002,103.739998,70.860001
300.239990,156.630005,103.739998,70.860001
301.209991,156.630005,103.739998,70.860001
303.149994,158.570007,103.739998,70.860001
305.089996,160.509995,103.739998,70.860001
305.089996,160.994995,103.739998,70.860001
307.029999,160.994995,103.739998,70.860001
309.454987,163.419998,103.739998,70.860001
307.515015,163.904999,103.739998,70.860001
309.940002,166.815002,103.739998,70.860001
309.940002,169.240005,103.739998,70.860001
312.364990,171.179993,103.739998,70.860001
312.364990,173.119995,103.739998,70.860001
311.880005,174.089996,103.739998,70.860001
308.970001,171.664993,103.739998,70.860001
305.089996,168.755005,103.739998,70.860001
304.119995,167.300003,103.739998,70.860001
291.994995,157.115005,103.739998,70.860001
292.480011,157.600006,103.739998,70.860001
286.174988,152.750000,103.739998,70.860001
283.750000,152.264999,103.739998,70.860001
282.295013,153.235001,103.739998,70.860001
280.839996,150.809998,103.739998,70.860001
277.445007,150.809998,103.739998,70.860001
274.049988,148.869995,103.739998,70.860001
271.625000,147.414993,103.739998,70.860001
269.684998,147.414993,103.739998,70.860001
268.230011,147.899994,103.739998,70.860001
266.774994,148.384995,103.739998,70.860001
266.290009,148.384995,103.739998,70.860001
263.380005,147.899994,103.739998,70.860001
262.410004,147.899994,103.739998,70.860001
259.984985,147.899994,103.739998,70.860001
259.015015,147.899994,103.739998,70.860001
2
0
0
0
0
1
358.824005,145.360001,114.019997,98.019997
359.412994,143.003998,114.019997,98.019997
357.645996,140.647995,114.019997,98.019997
354.112000,137.113998,114.019997,98.019997
354.112000,134.169006,114.019997,98.019997
351.756012,133.580002,114.019997,98.019997
348.221985,131.223999,114.019997,98.019997
344.687988,127.690002,114.019997,98.019997
340.565002,124.745003,114.019997,98.019997
336.441986,121.800003,114.019997,98.019997
328.785004,121.800003,114.019997,98.019997
325.251007,118.855003,114.019997,98.019997
322.306000,118.265999,114.019997,98.019997
315.238007,118.265999,114.019997,98.019997
313.471008,115.910004,114.019997,98.019997
310.526001,114.142998,114.019997,98.019997
305.813995,113.554001,114.019997,98.019997
301.691010,114.142998,114.019997,98.019997
296.979004,115.320999,114.019997,98.019997
293.445007,115.910004,114.019997,98.019997
289.911011,115.910004,114.019997,98.019997
286.377014,115.910004,114.019997,98.019997
282.842987,115.910004,114.019997,98.019997
279.308990,115.910004,114.019997,98.019997
276.364014,115.910004,114.019997,98.019997
275.186005,115.910004,114.019997,98.019997
272.829987,115.910004,114.019997,98.019997
271.652008,115.910004,114.019997,98.019997
269.885010,115.910004,114.019997,98.019997
269.885010,119.444000,114.019997,98.019997
269.885010,119.444000,114.019997,98.019997
269.295990,122.977997,114.019997,98.019997
269.885010,122.977997,114.019997,98.019997
269.885010,124.745003,114.019997,98.019997
269.885010,126.512001,114.019997,98.019997
269.885010,126.512001,114.019997,98.019997
269.885010,128.279007,114.019997,98.019997
269.885010,130.046005,114.019997,98.019997
269.885010,131.813004,114.019997,98.019997
269.885010,135.347000,114.019997,98.019997
269.885010,137.113998,114.019997,98.019997
269.295990,138.880997,114.019997,98.019997
269.295990,140.647995,114.019997,98.019997
269.295990,142.414993,114.019997,98.019997
268.707001,144.182007,114.019997,98.019997
268.118011,145.949005,114.019997,98.019997
268.118011,147.716003,114.019997,98.019997
268.118011,150.660995,114.019997,98.019997
268.118011,151.250000,114.019997,98.019997
268.118011,151.250000,114.019997,98.019997
268.118011,154.195007,114.019997,98.019997
268.118011,154.783997,114.019997,98.019997
266.351013,156.550995,114.019997,98.019997
268.118011,158.317993,114.019997,98.019997
268.118011,158.317993,114.019997,98.019997
266.940002,160.085007,114.019997,98.019997
268.118011,161.852005,114.019997,98.019997
266.351013,161.852005,114.019997,98.019997
265.761993,163.029999,114.019997,98.019997
265.761993,163.029999,114.019997,98.019997
266.351013,163.619003,114.019997,98.019997
266.351013,163.619003,114.019997,98.019997
268.118011,164.796997,114.019997,98.019997
267.528992,165.386002,114.019997,98.019997
267.528992,168.330994,114.019997,98.019997
266.351013,168.919998,114.019997,98.019997
266.351013,170.686996,114.019997,98.019997
266.940002,172.453995,114.019997,98.019997
2
0
0
0
0
1
314.111115,136.205551,46.000000,36.000000
312.516663,135.750000,46.000000,36.000000
311.833344,136.205551,46.000000,36.000000
311.377777,136.433334,46.000000,36.000000
310.694458,137.116669,46.000000,36.000000
311.605560,136.433334,46.000000,36.000000
312.972229,136.205551,46.000000,36.000000
312.744446,135.522217,46.000000,36.000000
310.694458,134.611115,46.000000,36.000000
307.961121,133.472229,46.000000,36.000000
305.227783,133.472229,46.000000,36.000000
302.494446,133.472229,46.000000,36.000000
301.811096,133.244446,46.000000,36.000000
300.899994,133.016663,46.000000,36.000000
299.988892,132.561111,46.000000,36.000000
299.077789,132.333328,46.000000,36.000000
299.761108,132.561111,46.000000,36.000000
299.305542,133.927780,46.000000,36.000000
298.850006,135.750000,46.000000,36.000000
299.533325,137.116669,46.000000,36.000000
300.216675,137.344437,46.000000,36.000000
302.266663,137.800003,46.000000,36.000000
305.000000,139.166672,46.000000,36.000000
305.683319,139.622223,46.000000,36.000000
306.594452,139.622223,46.000000,36.000000
305.227783,140.533340,46.000000,36.000000
304.316681,141.899994,46.000000,36.000000
303.633331,143.038895,46.000000,36.000000
303.861115,144.177780,46.000000,36.000000
304.316681,144.633331,46.000000,36.000000
305.000000,145.316666,46.000000,36.000000
304.544434,146.683334,46.000000,36.000000
306.594452,146.455551,46.000000,36.000000
308.416656,146.683334,46.000000,36.000000
307.505554,144.861115,46.000000,36.000000
305.455566,138.711105,46.000000,36.000000
307.505554,138.027771,46.000000,36.000000
312.516663,136.661118,46.000000,36.000000
318.894440,133.699997,46.000000,36.000000
322.311096,133.699997,46.000000,36.000000
328.688904,132.105560,46.000000,36.000000
325.044434,130.511108,46.000000,36.000000
315.705566,124.816666,46.000000,36.000000
316.844452,122.766670,46.000000,36.000000
337.572235,124.816666,46.000000,36.000000
339.394440,124.361115,46.000000,36.000000
340.305542,122.538887,46.000000,36.000000
341.444458,121.400002,46.000000,36.000000
340.988892,120.033333,46.000000,36.000000
335.750000,123.222221,46.000000,36.000000
332.105560,125.955559,46.000000,36.000000
331.877777,126.411110,46.000000,36.000000
329.144440,132.788895,46.000000,36.000000
327.777771,133.927780,46.000000,36.000000
2
0
0
0
0
1
379.066681,102.599998,76.000000,26.000000
379.916656,102.033333,76.000000,26.000000
377.933319,101.466667,76.000000,26.000000
378.500000,99.766670,76.000000,26.000000
380.483337,99.766670,76.000000,26.000000
382.750000,99.766670,76.000000,26.000000
387.000000,98.066666,76.000000,26.000000
388.700012,95.233330,76.000000,26.000000
387.283325,92.116669,76.000000,26.000000
386.433319,91.833336,76.000000,26.000000
385.866669,93.533333,76.000000,26.000000
384.450012,95.233330,76.000000,26.000000
383.316681,96.933334,76.000000,26.000000
384.733337,99.199997,76.000000,26.000000
386.149994,101.750000,76.000000,26.000000
383.600006,101.183334,76.000000,26.000000
381.333344,100.333336,76.000000,26.000000
378.783325,98.916664,76.000000,26.000000
376.516663,99.199997,76.000000,26.000000
375.383331,99.766670,76.000000,26.000000
375.383331,99.199997,76.000000,26.000000
377.083344,99.199997,76.000000,26.000000
380.483337,100.900002,76.000000,26.000000
385.299988,103.733330,76.000000,26.000000
387.566681,106.000000,76.000000,26.000000
390.116669,107.133331,76.000000,26.000000
389.833344,108.833336,76.000000,26.000000
390.116669,110.816666,76.000000,26.000000
390.683319,113.366669,76.000000,26.000000
391.816681,116.199997,76.000000,26.000000
395.783325,119.883331,76.000000,26.000000
394.366669,120.166664,76.000000,26.000000
394.366669,122.716667,76.000000,26.000000
392.950012,123.849998,76.000000,26.000000
394.933319,125.833336,76.000000,26.000000
397.766663,126.683334,76.000000,26.000000
398.899994,128.949997,76.000000,26.000000
402.016663,132.066666,76.000000,26.000000
398.333344,133.199997,76.000000,26.000000
400.883331,134.616669,76.000000,26.000000
402.866669,135.183334,76.000000,26.000000
402.016663,135.183334,76.000000,26.000000
401.166656,135.183334,76.000000,26.000000
400.033325,135.466660,76.000000,26.000000
398.616669,136.033340,76.000000,26.000000
395.783325,136.600006,76.000000,26.000000
391.250000,138.016663,76.000000,26.000000
391.816681,140.566666,76.000000,26.000000
392.100006,143.683334,76.000000,26.000000
390.683319,145.949997,76.000000,26.000000
391.816681,149.066666,76.000000,26.000000
391.533325,151.616669,76.000000,26.000000
390.399994,153.316666,76.000000,26.000000
390.399994,155.866669,76.000000,26.000000
389.266663,159.266663,76.000000,26.000000
387.000000,161.816666,76.000000,26.000000
383.600006,163.800003,76.000000,26.000000
379.633331,164.933334,76.000000,26.000000
377.083344,167.199997,76.000000,26.000000
374.816681,169.183334,76.000000,26.000000
373.966675,170.883331,76.000000,26.000000
2
0
0
0
0
1
436.745544,150.888229,37.139999,53.419998
435.487793,150.133560,37.139999,53.419998
435.236237,149.378891,37.139999,53.419998
435.236237,149.378891,37.139999,53.419998
435.990875,148.121109,37.139999,53.419998
437.248657,147.869553,37.139999,53.419998
437.500214,147.366440,37.139999,53.419998
437.500214,145.857117,37.139999,53.419998
436.493988,145.605560,37.139999,53.419998
436.242432,144.850891,37.139999,53.419998
435.990875,143.844666,37.139999,53.419998
435.990875,143.593109,37.139999,53.419998
434.733124,144.347778,37.139999,53.419998
432.972229,145.102448,37.139999,53.419998
430.708221,145.102448,37.139999,53.419998
429.450439,145.354004,37.139999,53.419998
429.198883,145.354004,37.139999,53.419998
427.941101,146.360229,37.139999,53.419998
427.689545,146.863327,37.139999,53.419998
428.695770,146.108673,37.139999,53.419998
429.450439,145.857117,37.139999,53.419998
431.211334,146.108673,37.139999,53.419998
429.450439,149.378891,37.139999,53.419998
428.947327,150.636673,37.139999,53.419998
427.941101,151.139771,37.139999,53.419998
427.186432,150.888229,37.139999,53.419998
424.670898,151.642883,37.139999,53.419998
421.149109,154.410004,37.139999,53.419998
418.885101,157.931778,37.139999,53.419998
417.878876,161.453552,37.139999,53.419998
420.394440,160.950439,37.139999,53.419998
422.910004,159.944229,37.139999,53.419998
424.922455,159.189560,37.139999,53.419998
422.910004,155.667770,37.139999,53.419998
415.866455,160.698883,37.139999,53.419998
407.313568,166.484665,37.139999,53.419998
404.798004,170.257996,37.139999,53.419998
405.049561,172.270447,37.139999,53.419998
405.301117,172.773560,37.139999,53.419998
405.301117,175.540665,37.139999,53.419998
405.804230,176.546890,37.139999,53.419998
405.804230,179.062439,37.139999,53.419998
406.055786,180.320221,37.139999,53.419998
406.307343,180.823334,37.139999,53.419998
407.062012,180.823334,37.139999,53.419998
406.810455,179.313995,37.139999,53.419998
404.294891,179.313995,37.139999,53.419998
402.030884,179.565552,37.139999,53.419998
401.024658,178.056229,37.139999,53.419998
400.018433,179.565552,37.139999,53.419998
400.773102,177.050003,37.139999,53.419998
402.282440,175.037552,37.139999,53.419998
