1
52.05,111.18,68.46,111.30,68.96,44.64,52.55,44.51
59.02,113.76,75.55,111.40,65.93,44.21,49.39,46.58
2
0
0
0
0
1
35.09,104.64,57.45,102.34,50.61,35.76,28.25,38.06
34.99,99.28,57.19,99.21,57.00,33.10,34.80,33.17
21.09,102.80,45.96,108.13,61.83,34.06,36.95,28.74
39.13,112.43,65.30,110.13,58.45,32.22,32.28,34.52
40.38,108.55,66.82,106.51,60.73,27.78,34.29,29.83
37.29,107.27,63.88,104.79,56.48,25.60,29.88,28.09
2
0
0
0
0
1
77.00,95.62,100.39,95.84,101.01,30.53,77.61,30.31
78.09,102.53,101.93,103.54,104.75,37.00,80.92,35.98
82.33,108.01,106.87,109.72,111.64,41.23,87.11,39.52
80.48,113.02,105.81,112.02,103.02,41.33,77.70,42.33
78.46,111.80,104.55,111.33,103.24,38.48,77.14,38.95
81.02,99.12,107.46,100.46,111.21,26.66,84.77,25.31
72.79,93.28,98.02,95.94,105.47,25.50,80.23,22.84
61.77,82.42,85.14,93.43,115.87,28.18,92.49,17.17
58.45,88.31,82.86,95.33,102.46,27.17,78.04,20.15
61.08,91.36,85.80,97.99,104.30,28.99,79.58,22.36
71.89,96.82,96.81,103.31,114.92,33.72,89.99,27.23
79.53,100.11,104.44,106.87,123.31,37.33,98.40,30.57
85.68,100.35,110.45,107.13,129.37,37.99,104.60,31.21
101.27,99.06,123.23,100.06,126.03,38.76,104.07,37.76
120.19,95.97,139.15,88.91,119.45,35.97,100.49,43.03
115.45,92.81,134.40,86.03,115.47,33.12,96.52,39.90
109.92,92.44,129.96,87.70,116.73,31.76,96.70,36.50
116.03,84.96,130.94,76.96,108.61,35.32,93.69,43.32
128.51,83.98,141.56,70.18,103.05,33.75,90.00,47.54
2
0
0
0
0
1
2
0
0
0
0
1
101.89,95.00,124.61,96.06,128.13,20.31,105.40,19.26
103.63,99.21,125.47,102.04,134.88,29.24,113.04,26.41
113.61,100.69,135.58,102.31,140.99,29.07,119.02,27.45
117.35,109.70,139.38,109.83,139.80,36.41,117.78,36.28
103.34,104.54,125.23,113.96,156.63,41.01,134.74,31.58
103.32,106.93,124.41,118.17,161.85,47.87,140.76,36.63
97.52,102.11,117.25,117.81,169.56,52.04,149.83,36.35
96.66,97.00,116.60,112.00,166.60,45.56,146.67,30.56
107.58,97.59,129.41,110.72,173.17,37.96,151.34,24.83
116.05,95.21,137.75,109.13,184.16,36.79,162.46,22.87
107.90,110.17,132.17,123.28,175.86,42.36,151.58,29.25
109.17,116.83,133.59,130.49,179.12,49.09,154.70,35.43
106.17,121.46,130.70,135.88,178.76,54.10,154.22,39.68
105.35,124.56,129.88,139.52,179.75,57.76,155.22,42.79
104.60,131.88,129.81,147.29,181.20,63.25,155.98,47.83
118.44,138.23,144.81,146.68,172.98,58.78,146.60,50.33
108.85,141.16,134.67,152.13,171.26,66.07,145.44,55.10
115.29,150.74,142.78,153.32,151.39,61.68,123.90,59.10
118.34,138.88,145.47,141.38,153.81,50.92,126.67,48.42
114.95,139.64,142.36,140.37,144.79,49.00,117.38,48.27
101.03,145.17,128.78,147.09,135.20,54.61,107.45,52.69
117.08,136.07,142.50,128.12,115.99,43.39,90.57,51.34
110.23,140.68,135.75,133.38,111.42,48.33,85.90,55.63
119.22,146.10,144.28,139.86,123.48,56.31,98.42,62.55
122.38,152.04,147.19,143.86,119.90,61.15,95.09,69.34
130.13,169.47,158.87,158.51,122.34,62.71,93.60,73.66
136.70,167.07,165.49,154.90,124.94,58.94,96.14,71.10
147.92,174.84,176.62,160.74,129.62,65.08,100.92,79.18
147.25,165.90,175.34,154.40,137.02,60.76,108.93,72.26
149.17,163.28,178.07,151.76,139.66,55.42,110.75,66.94
164.19,158.75,189.57,143.46,138.61,58.84,113.22,74.13
168.34,156.36,193.84,141.21,143.35,56.20,117.84,71.35
148.73,146.91,176.24,135.68,138.81,43.96,111.29,55.19
2
0
0
0
0
1
134.25,133.59,161.93,127.36,141.32,35.80,113.63,42.03
130.42,124.55,157.60,125.31,160.11,35.41,132.93,34.65
127.78,123.60,155.97,126.51,165.59,33.25,137.39,30.34
133.45,116.03,159.95,117.14,163.60,29.50,137.10,28.40
137.65,117.28,164.86,112.71,149.75,22.71,122.54,27.28
134.82,125.94,165.46,124.45,160.53,23.10,129.89,24.59
133.15,126.77,163.11,130.77,176.33,31.69,146.38,27.69
135.12,129.01,164.96,132.52,176.57,33.82,146.73,30.31
139.04,137.27,170.89,133.76,159.25,28.42,127.41,31.94
138.11,134.20,170.36,131.42,161.17,24.74,128.91,27.52
140.66,135.17,173.80,133.36,167.82,23.74,134.67,25.55
147.91,130.14,180.64,121.03,150.49,12.74,117.76,21.86
140.90,127.34,172.09,116.65,136.75,13.50,105.57,24.18
145.75,114.48,173.17,105.99,145.11,15.31,117.69,23.79
150.42,118.76,177.59,110.03,148.73,20.17,121.56,28.90
2
0
0
0
0
1
170.27,131.74,196.33,131.66,196.04,41.97,169.98,42.05
159.25,132.42,184.94,134.12,190.80,45.67,165.10,43.97
160.54,132.91,187.82,134.07,191.82,40.16,164.54,39.00
2
0
0
0
0
1
152.91,139.88,179.50,141.43,184.82,50.42,158.23,48.87
146.27,136.63,173.19,139.15,181.81,47.00,154.89,44.48
152.37,144.12,178.46,142.00,171.20,52.67,145.10,54.79
142.74,133.69,173.53,136.79,184.15,31.37,153.35,28.27
136.05,126.30,167.02,131.77,185.77,25.73,154.79,20.26
2
0
0
0
0
1
170.39,129.63,195.19,131.56,202.37,39.29,177.56,37.36
170.82,133.63,194.42,133.70,194.65,45.91,171.06,45.85
2
0
0
0
0
0
