0.20151,0.20126,0.22124,0,0,0,0,0,0,0,0,0,0,0,0
0.20151,0.20126,0.22124,0,0,0,0,0,0,0,0,0,0,0,0
0.20151,0.20126,0.22124,0,0,0,0,0,0,0,0,0,0,0,0
0.20151,0.20126,0.22124,0,0,0,0,0,0,0,0,0,0,0,0
0.20151,0.20126,0.22124,0,0,0,0,0,0,0,0,0,0,0,0
0.20151,0.20126,0.22124,0,0,0,0,0,0,0,0,0,0,0,0
0.20151,0.20126,0.22124,0,0,0,0,0,0,0,0,0,0,0,0
0.20151,0.20126,0.22124,0,0,0,0,0,0,0,0,0,0,0,0
0.20151,0.20126,0.22124,0,0,0,0,0,0,0,0,0,0,0,0
0.20151,0.20126,0.22124,0,0,0,0,0,0,0,0,0,0,0,0
0.20151,0.20126,0.22124,0,0,0,0,0,0,0,0,0,0,0,0
0.20151,0.20126,0.22124,0,0,0,0,0,0,0,0,0,0,0,0
0.20151,0.20126,0.22124,0,0,0,0,0,0,0,0,0,0,0,0
0.20151,0.20126,0.22124,0,0,0,0,0,0,0,0,0,0,0,0
0.20151,0.20126,0.22124,0,0,0,0,0,0,0,0,0,0,0,0
0.20151,0.20126,0.22124,0,0,0,0,0,0,0,0,0,0,0,0
0.20151,0.20126,0.22124,0,0,0,0,0,0,0,0,0,0,0,0
0.20151,0.20126,0.22124,0,0,0,0,0,0,0,0,0,0,0,0
0.20151,0.20126,0.22124,0,0,0,0,0,0,0,0,0,0,0,0
0.20151,0.20126,0.22124,0,0,0,0,0,0,0,0,0,0,0,0
0.20151,0.20126,0.22124,0,0,0,0,0,0,0,0,0,0,0,0
0.20151,0.20126,0.22124,0,0,0,0,0,0,0,0,0,0,0,0
0.20151,0.20126,0.22124,0,0,0,0,0,0,0,0,0,0,0,0
0.20151,0.20126,0.22124,0,0,0,0,0,0,0,0,0,0,0,0
0.20151,0.20126,0.22124,0,0,0,0,0,0,0,0,0,0,0,0
0.20151,0.20126,0.22124,0,0,0,0,0,0,0,0,0,0,0,0
0.20151,0.20126,0.22124,0,0,0,0,0,0,0,0,0,0,0,0
0.20151,0.20126,0.22124,0,0,0,0,0,0,0,0,0,0,0,0
0.20151,0.20126,0.22124,0,0,0,0,0,0,0,0,0,0,0,0
0.20151,0.20126,0.22124,0,0,0,0,0,0,0,0,0,0,0,0
0.20151,0.20126,0.22124,0,0,0,0,0,0,0,0,0,0,0,0
0.20151,0.20126,0.22124,0,0,0,0,0,0,0,0,0,0,0,0
0.20151,0.20126,0.22124,0,0,0,0,0,0,0,0,0,0,0,0
0.20151,0.20126,0.22124,0,0,0,0,0,0,0,0,0,0,0,0
0.20151,0.20126,0.22124,0,0,0,0,0,0,0,0,0,0,0,0
0.20151,0.20126,0.22124,0,0,0,0,0,0,0,0,0,0,0,0
0.20151,0.20126,0.22124,0,0,0,0,0,0,0,0,0,0,0,0
0.20151,0.20126,0.22124,0,0,0,0,0,0,0,0,0,0,0,0
0.20151,0.20126,0.22124,0,0,0,0,0,0,0,0,0,0,0,0
0.20151,0.20126,0.22124,0,0,0,0,0,0,0,0,0,0,0,0
0.20151,0.20126,0.22124,0,0,0,0,0,0,0,0,0,0,0,0
0.20151,0.20126,0.22124,0,0,0,0,0,0,0,0,0,0,0,0
0.20151,0.20126,0.22124,0,0,0,0,0,0,0,0,0,0,0,0
0.20151,0.20126,0.22124,0,0,0,0,0,0,0,0,0,0,0,0
0.20151,0.20126,0.22124,0,0,0,0,0,0,0,0,0,0,0,0
0.20151,0.20126,0.22124,0,0,0,0,0,0,0,0,0,0,0,0
0.20151,0.20126,0.22124,0,0,0,0,0,0,0,0,0,0,0,0
0.20151,0.20126,0.22124,0,0,0,0,0,0,0,0,0,0,0,0
0.20151,0.20126,0.22124,0,0,0,0,0,0,0,0,0,0,0,0
0.20151,0.20126,0.22124,0,0,0,0,0,0,0,0,0,0,0,0
0.20151,0.20126,0.22124,0,0,0,0,0,0,0,0,0,0,0,0
0.20151,0.20126,0.22124,0,0,0,0,0,0,0,0,0,0,0,0
0.20151,0.20126,0.22124,0,0,0,0,0,0,0,0,0,0,0,0
0.20151,0.20126,0.22124,0,0,0,0,0,0,0,0,0,0,0,0
0.20151,0.20126,0.22124,0,0,0,0,0,0,0,0,0,0,0,0
0.20151,0.20126,0.22124,0,0,0,0,0,0,0,0,0,0,0,0
0.20151,0.20126,0.22124,0,0,0,0,0,0,0,0,0,0,0,0
0.20151,0.20126,0.22124,0,0,0,0,0,0,0,0,0,0,0,0
0.20151,0.20126,0.22124,0,0,0,0,0,0,0,0,0,0,0,0
0.20151,0.20126,0.22124,0,0,0,0,0,0,0,0,0,0,0,0
0.20151,0.20126,0.22124,0,0,0,0,0,0,0,0,0,0,0,0
