1
571.000000,274.000000,219.000000,248.000000
573.000000,268.000000,219.000000,248.000000
581.000000,260.000000,219.000000,248.000000
589.000000,255.000000,219.000000,248.000000
592.000000,244.000000,219.000000,248.000000
596.000000,232.000000,219.000000,248.000000
601.000000,236.000000,219.000000,248.000000
597.000000,245.000000,219.000000,248.000000
583.000000,242.000000,219.000000,248.000000
586.000000,241.000000,219.000000,248.000000
580.000000,239.000000,219.000000,248.000000
581.000000,232.000000,219.000000,248.000000
576.000000,218.000000,219.000000,248.000000
586.000000,229.000000,219.000000,248.000000
578.000000,239.000000,219.000000,248.000000
574.000000,253.000000,219.000000,248.000000
569.000000,239.000000,219.000000,248.000000
571.000000,252.000000,219.000000,248.000000
563.000000,261.000000,219.000000,248.000000
566.000000,268.000000,219.000000,248.000000
563.000000,274.000000,219.000000,248.000000
565.000000,277.000000,219.000000,248.000000
570.000000,283.000000,219.000000,248.000000
568.000000,285.000000,219.000000,248.000000
569.000000,286.000000,219.000000,248.000000
575.000000,287.000000,219.000000,248.000000
579.000000,288.000000,219.000000,248.000000
586.000000,291.000000,219.000000,248.000000
589.000000,292.000000,219.000000,248.000000
591.000000,292.000000,219.000000,248.000000
591.000000,291.000000,219.000000,248.000000
592.000000,289.000000,219.000000,248.000000
584.000000,286.000000,219.000000,248.000000
575.000000,283.000000,219.000000,248.000000
565.000000,280.000000,219.000000,248.000000
551.000000,276.000000,219.000000,248.000000
537.000000,271.000000,219.000000,248.000000
524.000000,278.000000,219.000000,248.000000
510.000000,273.000000,219.000000,248.000000
505.000000,259.000000,219.000000,248.000000
491.000000,254.000000,219.000000,248.000000
477.000000,249.000000,219.000000,248.000000
463.000000,253.000000,219.000000,248.000000
453.000000,242.000000,219.000000,248.000000
449.000000,237.000000,219.000000,248.000000
448.000000,229.000000,219.000000,248.000000
448.000000,230.000000,219.000000,248.000000
449.000000,220.000000,219.000000,248.000000
463.000000,219.000000,219.000000,248.000000
476.000000,226.000000,219.000000,248.000000
489.000000,233.000000,219.000000,248.000000
502.000000,240.000000,219.000000,248.000000
516.000000,245.000000,219.000000,248.000000
527.000000,255.000000,219.000000,248.000000
538.000000,265.000000,219.000000,248.000000
545.000000,257.000000,219.000000,248.000000
2
0
0
0
