1
439.059814,174.706802,46.713776,46.740704
435.597382,173.940674,46.500660,46.441437
431.562561,173.214554,46.348480,46.290051
427.673309,173.185699,46.588848,46.527992
425.973267,170.367401,46.867588,46.778748
421.560608,171.925217,46.194111,46.127029
419.654449,170.170715,46.088043,46.040077
415.432404,170.303497,45.598049,45.507710
411.742004,168.016647,45.634830,45.561626
408.139862,167.658035,45.528473,45.458912
407.682404,165.334488,45.733925,45.706696
403.864807,163.922867,45.917412,45.921162
403.527466,161.799942,45.565414,45.612690
401.901611,159.880569,46.038395,46.117180
400.233337,158.246765,46.211266,46.300625
400.402496,157.340469,45.925064,45.979050
397.550446,154.882278,46.560856,46.546524
400.927612,152.975967,46.822926,46.811886
404.001373,151.415024,46.423447,46.382961
408.691833,147.632263,46.481560,46.443413
414.345734,144.310806,46.649097,46.588135
419.971527,141.467865,47.048702,46.982185
428.432526,138.505844,46.969997,46.810562
436.809448,133.492615,47.412506,47.235180
444.740601,129.618637,47.994160,47.879433
454.578094,123.723282,47.348740,47.276451
461.971741,119.064301,47.473869,47.338085
471.585114,109.789238,47.376606,47.251175
481.501099,98.227127,47.539700,47.396862
482.090759,111.294067,47.263508,47.098541
455.106384,106.520393,46.910095,46.758507
492.692230,111.100334,46.525314,46.442322
480.194611,145.220932,46.387276,46.257179
491.737122,122.750069,46.707108,46.571533
483.654968,128.942474,46.895519,46.783733
466.072235,151.151566,46.730938,46.626366
447.066132,146.701569,46.659504,46.554291
427.061615,152.351669,46.535252,46.442524
413.627197,170.350555,46.171104,46.052509
398.016541,181.310272,45.965088,45.809483
382.739563,192.155273,45.830914,45.651413
409.052521,198.320816,45.765003,45.585167
375.832794,206.172379,46.139153,46.023670
351.042450,215.242905,46.014896,45.946877
328.124725,225.520096,45.607410,45.554966
302.683838,236.954803,45.482121,45.409046
2
0
0
0
0
1
250.193787,3.666540,214.741425,265.371918
234.420685,-10.764156,215.088028,265.863464
212.079742,-11.758689,215.010361,265.742584
183.355240,-18.563448,214.912018,265.483063
157.152679,-13.125748,215.306854,266.016083
132.977249,-12.859817,215.126877,265.807648
112.988907,-8.825356,215.953033,266.742828
101.808762,10.706364,216.232712,267.261688
91.495644,23.444159,216.169800,267.058105
81.486649,29.107311,215.788040,266.864258
70.534447,30.349085,216.474350,267.458557
76.880318,25.961885,215.897415,266.803833
96.386383,29.772329,215.618317,266.625092
127.584564,33.921177,215.777405,266.586334
155.787155,38.687084,215.954620,266.305267
182.185684,42.292763,216.339722,267.023499
208.037033,43.965584,216.324814,266.918518
226.793365,40.471596,216.601685,267.326935
244.759705,36.561188,216.917007,267.769196
266.254639,45.398911,216.782089,267.497437
288.192902,57.242039,216.450439,266.968689
301.947632,59.191338,216.240341,266.623505
315.758881,70.207359,215.770248,266.121521
327.590942,77.661751,214.935654,264.714355
342.191467,83.766029,215.504822,265.345032
354.209625,78.967194,215.392410,265.061127
365.905182,69.998566,215.483368,264.825775
377.847137,66.860542,215.632416,265.199829
390.464386,54.821770,215.438812,265.137115
404.295563,36.817020,215.541061,265.097015
426.735870,21.620361,215.725220,265.150330
448.040649,24.212635,215.741135,264.811890
462.051941,27.736462,215.763824,264.739502
486.654205,38.148689,215.323959,264.134277
493.965607,54.956509,215.887604,264.871399
507.559479,55.496639,215.921463,264.766418
504.994446,71.586349,215.962326,264.886627
513.020813,73.966522,216.303589,265.339172
508.292847,75.948013,215.932541,264.659821
490.288574,73.509529,216.289658,264.701599
468.956818,51.174133,216.576584,264.828156
447.807129,51.099419,216.511383,264.956909
409.390411,26.119802,216.726074,265.269043
391.125549,48.703793,216.488892,264.926117
350.381104,-39.678417,216.178070,264.563690
306.592621,-11.303513,216.353439,264.634003
280.222778,0.138900,215.795944,263.935394
255.988922,-43.486580,216.217545,264.117859
280.904266,-78.369049,216.146240,263.812714
329.434845,-43.298996,216.302795,263.960175
2
0
0
0
0
1
261.933411,114.481384,76.299438,96.395691
257.429718,116.484146,76.147011,96.207184
254.323761,123.127434,76.171288,96.313599
253.074417,129.309708,76.310577,96.457054
251.484650,135.427979,76.726509,97.025475
252.281769,136.651749,76.572678,96.662079
255.517365,137.814957,76.928368,97.178970
261.213043,138.768372,77.034286,97.427483
266.773712,137.882736,76.800507,97.187378
272.624268,137.772507,76.571037,96.878670
278.682343,140.057220,76.505066,96.872581
279.078278,144.843536,77.055237,97.657089
281.136993,149.829971,77.148697,97.748322
281.754700,154.851715,76.849953,97.342476
279.609009,153.905426,76.698082,97.207558
279.425354,158.211639,76.845337,97.418602
281.450836,160.834549,76.690048,97.200325
283.117645,169.795074,76.686249,97.137810
286.176788,171.178116,77.033432,97.562607
289.635620,171.464218,77.489090,98.155045
294.315887,173.414795,77.523087,98.145332
295.727081,174.614273,77.815125,98.414879
