1
440.907135,176.500519,44.694183,44.755398
437.339447,175.881927,44.738663,44.797985
432.585480,174.871353,44.743900,44.778954
429.717194,174.187668,44.928196,45.035606
426.951721,173.846603,44.956646,45.072094
422.792603,173.151917,44.431576,44.533607
419.404602,172.218262,44.472530,44.582779
415.220612,172.511856,44.387295,44.576584
412.993744,171.179626,44.323895,44.544617
410.130585,169.488480,43.892323,44.135258
407.306396,166.688324,43.834164,44.027122
406.255432,166.525284,43.657646,43.842434
404.909943,165.005661,43.243145,43.370018
404.290497,164.086990,42.649014,42.765224
402.371613,163.102325,42.727673,42.882160
402.128479,161.839752,42.660919,42.826672
401.507660,159.916962,42.767616,42.930084
403.986542,157.770157,43.071575,43.217239
406.894714,154.140381,43.183693,43.342739
411.066345,150.951172,43.261307,43.412556
416.750000,146.456482,43.048512,43.272346
421.902924,143.567505,43.015682,43.269386
430.299042,139.948792,43.065582,43.308758
439.122040,136.774048,43.196606,43.448158
446.991486,132.542786,43.301758,43.605461
456.306274,126.574875,42.859367,43.119896
465.917969,120.947075,42.751595,42.970222
474.272430,111.371689,43.086727,43.328602
481.509552,101.622787,43.374191,43.585705
493.304108,89.128822,43.916439,44.131084
491.896881,91.129799,43.510487,43.697624
473.366760,87.424438,43.391972,43.569778
491.365051,68.218834,43.580212,43.743629
504.263123,52.658234,43.394127,43.562866
509.879761,39.419857,43.345219,43.554127
500.861877,37.037098,43.696236,43.937962
489.296417,34.747303,44.040836,44.233173
475.119598,32.322411,44.209835,44.394218
453.821564,28.702923,43.868683,44.153973
431.860229,34.333458,44.455009,44.824718
411.241730,35.984131,44.955078,45.319214
391.196808,41.871025,45.120781,45.486710
366.833984,51.317284,45.147892,45.528625
348.780884,46.881157,45.451130,45.822056
332.991058,45.785576,45.602177,45.958096
317.583557,45.647839,45.279591,45.647800
306.874237,41.990486,45.203156,45.558018
304.064819,23.282225,45.440598,45.811714
313.910980,0.989836,45.449200,45.844017
282.243866,2.897383,45.742146,46.187939
262.405945,-1.952513,45.721664,46.271229
246.542435,-4.968714,45.768066,46.369408
229.580963,-12.904326,45.950161,46.539433
213.856995,-24.881344,46.162998,46.736362
192.180496,-27.975344,46.439800,47.029041
159.534821,-26.779078,46.395317,46.989014
135.111481,-30.013866,46.220348,46.805969
107.328644,-35.835785,46.134407,46.702675
92.551781,-26.558172,46.079567,46.632244
67.076515,-25.041143,46.386963,46.987026
46.839748,-17.019917,46.164875,46.745914
28.086048,-3.819318,46.163193,46.720024
57.196648,-16.013369,46.152145,46.631992
24.122705,-15.588174,45.806271,46.238796
39.380714,-8.928999,45.564030,46.057487
66.559143,-16.129576,45.635708,46.190514
92.794144,-13.986659,46.489708,47.105774
111.941147,-13.719676,45.610107,46.199017
131.399780,-17.802654,45.411366,45.959118
139.970200,-18.707844,45.582954,46.086269
162.512421,-15.174172,46.026432,46.459694
182.584595,-13.807094,45.733479,46.131458
210.870422,-9.273934,45.731945,46.184601
182.440201,-16.757240,45.545784,45.957737
2
0
0
0
0
1
306.658661,7.778797,294.367371,380.544678
321.609344,-14.897237,294.503937,380.726440
345.600586,-16.837795,294.641693,380.520813
363.418213,-29.222248,294.842896,380.914978
378.569031,-21.097185,294.829681,380.820648
392.211517,-15.252809,294.979706,380.936401
396.330139,-2.819847,295.002747,380.557373
419.949951,5.496393,294.815491,380.343658
415.281525,9.557907,294.925293,380.531708
420.109528,17.078230,295.343719,381.305634
411.538696,11.956456,295.349487,381.560883
405.642456,8.915380,294.898773,380.897156
383.240601,6.634608,295.199707,381.037872
360.260803,-5.217955,295.238312,381.024872
330.965942,-53.979805,295.079620,380.819153
295.653015,-74.875755,294.685455,379.985657
258.839630,-89.380035,294.391174,379.862915
223.913956,-85.378517,294.324677,379.563477
222.468140,-98.421219,294.609283,379.867798
195.358032,-96.970192,294.936920,380.356964
174.394226,-104.176636,295.163391,380.706787
195.682846,-128.234863,295.383545,381.595062
210.730408,-130.313812,295.520355,381.313385
215.579544,-128.548172,295.459381,381.125610
257.943512,-94.113525,295.569366,381.268921
245.506683,-107.359886,295.581299,380.981903
233.109604,-98.890900,295.628601,381.311127
217.002747,-90.646820,294.801361,380.600250
233.875595,-82.971725,294.598663,379.948212
233.948273,-77.721138,294.691467,379.739990
231.026428,-70.265587,294.753357,380.229706
246.759628,21.755308,294.706024,379.910370
283.081177,70.339859,294.541779,379.835297
233.901474,-43.724815,294.320312,379.375214
228.631668,-41.581066,294.042511,378.901550
225.915924,-32.572399,294.334778,379.509155
216.958496,-41.401672,294.255981,379.814392
150.548172,-30.005291,294.353638,380.040527
113.256554,57.871456,294.332275,380.368927
36.785240,74.503677,294.317230,380.301208
2
0
0
0
0
1
313.507507,192.661026,34.292950,38.932156
315.438324,193.096283,33.897610,38.445042
319.750580,193.853134,33.634727,38.146587
322.775238,194.625870,33.347130,37.835495
