1
492.000000,404.000000,48.000000,47.000000
492.000000,389.000000,48.000000,47.000000
495.000000,379.000000,48.000000,47.000000
495.000000,371.000000,48.000000,47.000000
496.000000,366.000000,47.000000,46.000000
497.000000,366.000000,47.000000,46.000000
499.000000,366.000000,47.000000,46.000000
499.000000,372.000000,48.000000,47.000000
500.000000,380.000000,47.000000,46.000000
501.000000,391.000000,47.000000,46.000000
506.000000,409.000000,47.000000,46.000000
506.000000,426.000000,47.000000,46.000000
507.000000,422.000000,46.000000,45.000000
513.000000,400.000000,46.000000,45.000000
509.000000,377.000000,46.000000,45.000000
510.000000,356.000000,45.000000,44.000000
511.000000,344.000000,45.000000,44.000000
516.000000,346.000000,45.000000,44.000000
518.000000,347.000000,45.000000,44.000000
502.000000,319.000000,46.000000,45.000000
509.000000,304.000000,46.000000,45.000000
509.000000,298.000000,45.000000,44.000000
510.000000,300.000000,45.000000,44.000000
511.000000,305.000000,45.000000,44.000000
511.000000,312.000000,45.000000,44.000000
512.000000,323.000000,45.000000,44.000000
511.000000,333.000000,44.000000,43.000000
512.000000,350.000000,44.000000,43.000000
498.000000,353.000000,44.000000,43.000000
2
0
0
0
0
1
523.000000,358.000000,48.000000,46.000000
527.000000,348.000000,47.000000,45.000000
529.000000,338.000000,47.000000,45.000000
531.000000,330.000000,47.000000,44.000000
535.000000,327.000000,47.000000,44.000000
536.000000,330.000000,46.000000,44.000000
539.000000,332.000000,47.000000,45.000000
545.000000,335.000000,47.000000,45.000000
546.000000,344.000000,48.000000,45.000000
549.000000,356.000000,47.000000,45.000000
552.000000,370.000000,47.000000,44.000000
555.000000,390.000000,46.000000,44.000000
555.000000,378.000000,46.000000,44.000000
544.000000,353.000000,47.000000,45.000000
537.000000,328.000000,47.000000,45.000000
536.000000,321.000000,47.000000,45.000000
510.000000,296.000000,47.000000,45.000000
520.000000,304.000000,47.000000,45.000000
2
0
0
0
0
1
465.000000,250.000000,49.000000,45.000000
457.000000,257.000000,49.000000,46.000000
449.000000,271.000000,49.000000,46.000000
440.000000,289.000000,49.000000,46.000000
439.000000,310.000000,49.000000,45.000000
431.000000,331.000000,49.000000,45.000000
417.000000,349.000000,49.000000,45.000000
2
0
0
0
0
1
397.000000,340.000000,51.000000,46.000000
394.000000,339.000000,51.000000,47.000000
396.000000,343.000000,51.000000,47.000000
393.000000,351.000000,50.000000,46.000000
387.000000,362.000000,50.000000,46.000000
388.000000,376.000000,50.000000,46.000000
386.000000,392.000000,50.000000,46.000000
387.000000,391.000000,50.000000,46.000000
2
0
0
0
0
1
385.000000,385.000000,51.000000,46.000000
384.000000,376.000000,50.000000,45.000000
385.000000,369.000000,49.000000,44.000000
385.000000,368.000000,49.000000,45.000000
384.000000,370.000000,49.000000,44.000000
391.000000,374.000000,49.000000,44.000000
390.000000,382.000000,49.000000,44.000000
392.000000,390.000000,49.000000,44.000000
391.000000,402.000000,49.000000,44.000000
393.000000,414.000000,49.000000,44.000000
398.000000,437.000000,49.000000,44.000000
398.000000,451.000000,49.000000,44.000000
403.000000,439.000000,49.000000,44.000000
408.000000,414.000000,49.000000,44.000000
414.000000,393.000000,48.000000,44.000000
419.000000,375.000000,48.000000,43.000000
426.000000,365.000000,48.000000,43.000000
433.000000,353.000000,49.000000,44.000000
