1
493.000000,404.000000,47.000000,46.000000
492.000000,391.000000,47.000000,46.000000
496.000000,380.000000,46.000000,45.000000
497.000000,371.000000,47.000000,46.000000
496.000000,367.000000,46.000000,45.000000
499.000000,367.000000,46.000000,45.000000
499.000000,367.000000,46.000000,45.000000
501.000000,372.000000,47.000000,46.000000
501.000000,380.000000,47.000000,46.000000
501.000000,390.000000,47.000000,46.000000
507.000000,408.000000,47.000000,46.000000
506.000000,422.000000,47.000000,46.000000
506.000000,420.000000,46.000000,45.000000
512.000000,398.000000,45.000000,44.000000
510.000000,378.000000,45.000000,44.000000
510.000000,357.000000,44.000000,44.000000
512.000000,347.000000,44.000000,43.000000
511.000000,337.000000,45.000000,44.000000
519.000000,347.000000,45.000000,44.000000
511.000000,345.000000,45.000000,44.000000
506.000000,341.000000,44.000000,43.000000
505.000000,337.000000,44.000000,43.000000
504.000000,338.000000,45.000000,44.000000
505.000000,341.000000,44.000000,43.000000
511.000000,346.000000,44.000000,43.000000
503.000000,335.000000,44.000000,44.000000
512.000000,338.000000,44.000000,43.000000
513.000000,336.000000,44.000000,43.000000
2
0
0
0
0
1
520.000000,366.000000,48.000000,46.000000
523.000000,356.000000,49.000000,46.000000
526.000000,345.000000,49.000000,46.000000
527.000000,336.000000,49.000000,46.000000
530.000000,328.000000,49.000000,46.000000
533.000000,326.000000,49.000000,47.000000
536.000000,328.000000,48.000000,46.000000
539.000000,330.000000,49.000000,46.000000
542.000000,332.000000,50.000000,47.000000
547.000000,343.000000,49.000000,46.000000
547.000000,354.000000,48.000000,46.000000
550.000000,371.000000,48.000000,46.000000
552.000000,389.000000,48.000000,46.000000
554.000000,374.000000,48.000000,46.000000
543.000000,347.000000,48.000000,46.000000
539.000000,325.000000,48.000000,46.000000
532.000000,326.000000,49.000000,46.000000
532.000000,326.000000,49.000000,46.000000
2
0
0
0
0
1
473.000000,242.000000,49.000000,45.000000
465.000000,248.000000,49.000000,45.000000
458.000000,257.000000,48.000000,45.000000
450.000000,269.000000,48.000000,44.000000
438.000000,290.000000,48.000000,44.000000
436.000000,306.000000,48.000000,44.000000
446.000000,299.000000,48.000000,44.000000
2
0
0
0
0
1
397.000000,345.000000,51.000000,47.000000
396.000000,338.000000,52.000000,48.000000
394.000000,337.000000,52.000000,48.000000
393.000000,338.000000,53.000000,49.000000
392.000000,348.000000,53.000000,49.000000
386.000000,357.000000,53.000000,49.000000
389.000000,349.000000,53.000000,49.000000
398.000000,353.000000,53.000000,49.000000
2
0
0
0
0
1
386.000000,396.000000,50.000000,45.000000
387.000000,386.000000,49.000000,45.000000
387.000000,376.000000,49.000000,45.000000
386.000000,370.000000,49.000000,44.000000
386.000000,367.000000,49.000000,45.000000
386.000000,370.000000,48.000000,44.000000
391.000000,373.000000,48.000000,44.000000
391.000000,381.000000,48.000000,44.000000
393.000000,390.000000,48.000000,44.000000
392.000000,402.000000,48.000000,43.000000
396.000000,413.000000,48.000000,43.000000
401.000000,428.000000,48.000000,43.000000
404.000000,439.000000,48.000000,43.000000
404.000000,433.000000,49.000000,44.000000
410.000000,413.000000,49.000000,45.000000
417.000000,392.000000,49.000000,45.000000
421.000000,379.000000,49.000000,44.000000
428.000000,367.000000,49.000000,44.000000
434.000000,360.000000,49.000000,44.000000
