1
145.000000,336.000000,142.000000,132.000000
152.000000,337.000000,142.000000,133.000000
149.000000,352.000000,142.000000,121.000000
145.000000,359.000000,142.000000,119.000000
139.000000,344.000000,140.000000,123.000000
133.000000,342.000000,140.000000,103.000000
127.000000,360.000000,138.000000,101.000000
120.000000,350.000000,142.000000,109.000000
2
0
0
0
0
1
320.000000,348.000000,123.000000,183.000000
312.000000,376.000000,183.000000,178.000000
329.000000,404.000000,186.000000,171.000000
346.000000,406.000000,186.000000,171.000000
359.000000,411.000000,186.000000,154.000000
371.000000,421.000000,186.000000,146.000000
379.000000,424.000000,186.000000,143.000000
378.000000,425.000000,186.000000,143.000000
356.000000,431.000000,186.000000,133.000000
343.000000,424.000000,186.000000,142.000000
331.000000,451.000000,186.000000,117.000000
315.000000,448.000000,186.000000,116.000000
2
0
0
0
0
1
464.000000,340.000000,215.000000,179.000000
440.000000,312.000000,221.000000,179.000000
416.000000,311.000000,207.000000,113.000000
400.000000,303.000000,209.000000,157.000000
2
0
0
0
0
1
570.000000,224.000000,284.000000,241.000000
563.000000,281.000000,255.000000,210.000000
513.000000,304.000000,284.000000,250.000000
475.000000,324.000000,284.000000,239.000000
443.000000,338.000000,285.000000,237.000000
414.000000,355.000000,273.000000,192.000000
383.000000,325.000000,282.000000,277.000000
350.000000,379.000000,273.000000,194.000000
2
0
0
0
0
1
516.000000,171.000000,235.000000,285.000000
514.000000,266.000000,212.000000,241.000000
527.000000,197.000000,200.000000,303.000000
461.000000,247.000000,228.000000,176.000000
445.000000,243.000000,228.000000,173.000000
434.000000,214.000000,231.000000,197.000000
417.000000,213.000000,223.000000,189.000000
405.000000,250.000000,262.000000,189.000000
373.000000,249.000000,282.000000,138.000000
357.000000,239.000000,297.000000,127.000000
395.000000,247.000000,273.000000,146.000000
2
0
0
0
0
1
634.000000,386.000000,246.000000,217.000000
615.000000,356.000000,266.000000,234.000000
604.000000,350.000000,270.000000,229.000000
600.000000,351.000000,270.000000,227.000000
596.000000,338.000000,270.000000,239.000000
594.000000,338.000000,270.000000,239.000000
586.000000,335.000000,269.000000,241.000000
584.000000,336.000000,252.000000,241.000000
582.000000,331.000000,252.000000,245.000000
578.000000,331.000000,256.000000,244.000000
576.000000,335.000000,257.000000,240.000000
574.000000,330.000000,257.000000,244.000000
573.000000,334.000000,258.000000,240.000000
574.000000,330.000000,227.000000,243.000000
574.000000,328.000000,227.000000,244.000000
575.000000,327.000000,227.000000,244.000000
575.000000,326.000000,226.000000,228.000000
574.000000,325.000000,197.000000,244.000000
545.000000,325.000000,222.000000,270.000000
544.000000,325.000000,223.000000,256.000000
544.000000,324.000000,226.000000,269.000000
551.000000,327.000000,220.000000,266.000000
543.000000,323.000000,224.000000,269.000000
543.000000,326.000000,225.000000,266.000000
554.000000,326.000000,214.000000,266.000000
554.000000,337.000000,221.000000,255.000000
556.000000,334.000000,212.000000,257.000000
557.000000,336.000000,210.000000,255.000000
2
0
0
0
0
1
768.000000,333.000000,188.000000,224.000000
728.000000,272.000000,232.000000,276.000000
727.000000,271.000000,230.000000,273.000000
725.000000,270.000000,231.000000,273.000000
722.000000,270.000000,237.000000,261.000000
719.000000,272.000000,233.000000,261.000000
717.000000,267.000000,287.000000,264.000000
715.000000,270.000000,235.000000,273.000000
714.000000,268.000000,234.000000,275.000000
741.000000,323.000000,207.000000,220.000000
