1
156.000000,330.000000,93.000000,138.000000
157.000000,330.000000,77.000000,129.000000
154.000000,305.000000,67.000000,127.000000
2
0
0
0
0
1
280.000000,334.000000,68.000000,165.000000
264.000000,335.000000,124.000000,161.000000
300.000000,355.000000,67.000000,137.000000
320.000000,353.000000,67.000000,110.000000
312.000000,359.000000,90.000000,141.000000
353.000000,365.000000,62.000000,105.000000
336.000000,355.000000,151.000000,145.000000
349.000000,401.000000,123.000000,73.000000
352.000000,406.000000,159.000000,106.000000
404.000000,406.000000,91.000000,117.000000
419.000000,415.000000,86.000000,63.000000
416.000000,405.000000,145.000000,77.000000
425.000000,416.000000,133.000000,60.000000
469.000000,410.000000,100.000000,71.000000
453.000000,404.000000,109.000000,73.000000
469.000000,404.000000,102.000000,76.000000
508.000000,391.000000,78.000000,90.000000
483.000000,400.000000,111.000000,91.000000
521.000000,384.000000,72.000000,120.000000
527.000000,404.000000,77.000000,83.000000
526.000000,393.000000,92.000000,102.000000
536.000000,408.000000,89.000000,88.000000
496.000000,407.000000,122.000000,88.000000
464.000000,400.000000,111.000000,102.000000
553.000000,352.000000,108.000000,114.000000
560.000000,350.000000,57.000000,60.000000
534.000000,351.000000,75.000000,69.000000
2
0
0
0
0
1
570.000000,224.000000,283.000000,241.000000
540.000000,276.000000,278.000000,215.000000
503.000000,269.000000,285.000000,280.000000
473.000000,324.000000,285.000000,239.000000
443.000000,338.000000,285.000000,237.000000
414.000000,354.000000,273.000000,193.000000
377.000000,365.000000,284.000000,240.000000
346.000000,379.000000,277.000000,239.000000
2
0
0
0
0
1
478.000000,171.000000,329.000000,284.000000
514.000000,266.000000,286.000000,205.000000
544.000000,264.000000,263.000000,273.000000
568.000000,252.000000,223.000000,240.000000
522.000000,302.000000,260.000000,234.000000
534.000000,308.000000,231.000000,221.000000
514.000000,288.000000,234.000000,229.000000
506.000000,276.000000,235.000000,236.000000
492.000000,268.000000,233.000000,232.000000
475.000000,259.000000,254.000000,233.000000
469.000000,251.000000,210.000000,237.000000
459.000000,243.000000,215.000000,236.000000
449.000000,235.000000,225.000000,237.000000
415.000000,230.000000,257.000000,235.000000
434.000000,222.000000,224.000000,228.000000
430.000000,216.000000,265.000000,201.000000
2
0
0
0
0
1
658.000000,411.000000,251.000000,245.000000
661.000000,405.000000,251.000000,245.000000
662.000000,402.000000,251.000000,222.000000
672.000000,376.000000,247.000000,224.000000
668.000000,373.000000,251.000000,210.000000
666.000000,357.000000,248.000000,224.000000
664.000000,372.000000,246.000000,205.000000
664.000000,376.000000,244.000000,203.000000
665.000000,380.000000,245.000000,188.000000
668.000000,384.000000,243.000000,180.000000
668.000000,383.000000,243.000000,195.000000
667.000000,383.000000,242.000000,178.000000
667.000000,382.000000,240.000000,178.000000
666.000000,381.000000,243.000000,178.000000
666.000000,359.000000,242.000000,199.000000
664.000000,359.000000,244.000000,198.000000
664.000000,358.000000,242.000000,199.000000
664.000000,378.000000,242.000000,190.000000
664.000000,353.000000,247.000000,203.000000
663.000000,362.000000,242.000000,188.000000
656.000000,338.000000,248.000000,214.000000
666.000000,351.000000,240.000000,204.000000
686.000000,344.000000,222.000000,207.000000
688.000000,349.000000,221.000000,200.000000
690.000000,343.000000,223.000000,208.000000
696.000000,342.000000,219.000000,208.000000
715.000000,344.000000,223.000000,206.000000
716.000000,343.000000,201.000000,207.000000
729.000000,335.000000,227.000000,215.000000
761.000000,333.000000,195.000000,216.000000
768.000000,332.000000,189.000000,216.000000
767.000000,330.000000,190.000000,217.000000
764.000000,330.000000,192.000000,213.000000
760.000000,329.000000,194.000000,214.000000
755.000000,327.000000,197.000000,216.000000
752.000000,326.000000,199.000000,218.000000
752.000000,327.000000,198.000000,216.000000
746.000000,323.000000,203.000000,220.000000
741.000000,323.000000,207.000000,220.000000
