1
647.79,415.06,647.21,267.06,680.21,266.94,680.79,414.94
648.86,418.08,648.14,270.08,681.14,269.92,681.86,417.92
651.77,420.06,651.24,272.06,684.23,271.94,684.76,419.94
651.53,421.01,651.47,273.01,684.47,272.99,684.53,420.99
646.40,424.98,646.60,276.98,679.60,277.02,679.40,425.02
638.45,427.99,638.55,279.99,671.55,280.01,671.45,428.01
637.52,429.00,637.48,281.00,670.48,281.00,670.52,429.00
642.87,430.08,642.13,282.08,675.13,281.92,675.87,429.92
642.86,431.08,642.14,283.08,675.14,282.92,675.86,430.92
638.80,432.07,638.20,284.07,671.20,283.93,671.80,431.93
632.58,436.02,632.42,288.02,665.42,287.98,665.58,435.98
629.25,442.94,629.75,294.95,662.75,295.06,662.25,443.05
626.11,451.91,626.89,303.91,659.89,304.09,659.11,452.09
620.33,457.96,620.67,309.96,653.67,310.04,653.33,458.04
618.25,457.94,618.75,309.94,651.75,310.06,651.25,458.06
622.32,455.96,622.68,307.96,655.68,308.04,655.32,456.04
629.36,451.97,629.64,303.97,662.64,304.03,662.36,452.03
635.52,447.00,635.48,299.00,668.48,299.00,668.52,447.00
636.51,444.00,636.49,296.00,669.49,296.00,669.51,444.00
631.56,443.01,631.44,295.01,664.44,294.99,664.56,442.99
624.56,445.01,624.44,297.01,657.44,296.99,657.56,444.99
627.63,444.03,627.37,296.03,660.37,295.97,660.63,443.97
640.66,441.04,640.34,293.04,673.34,292.96,673.66,440.96
643.55,442.01,643.45,294.01,676.45,293.99,676.55,441.99
641.52,441.00,641.48,293.00,674.48,293.00,674.52,441.00
642.61,440.02,642.39,292.02,675.39,291.98,675.61,439.98
645.77,439.06,645.23,291.06,678.23,290.94,678.77,438.94
648.07,436.13,646.93,288.13,679.93,287.87,681.07,435.87
651.29,431.17,649.71,283.18,682.71,282.83,684.29,430.82
654.24,426.16,652.76,278.17,685.76,277.84,687.24,425.83
655.27,423.17,653.74,275.17,686.73,274.83,688.26,422.83
658.52,418.22,656.48,270.23,689.48,269.78,691.52,417.77
662.87,412.29,660.14,264.32,693.13,263.71,695.86,411.68
662.11,408.34,658.90,260.38,691.89,259.66,695.10,407.62
654.19,405.36,650.81,257.40,683.81,256.64,687.19,404.60
649.15,403.35,645.86,255.38,678.85,254.65,682.14,402.62
645.09,400.34,641.92,252.37,674.91,251.66,678.08,399.63
644.64,397.24,642.37,249.26,675.36,248.76,677.63,396.74
643.33,394.18,641.67,246.19,674.67,245.82,676.33,393.81
638.97,393.10,638.04,245.11,671.03,244.90,671.96,392.89
633.66,392.04,633.34,244.04,666.34,243.96,666.66,391.96
625.34,393.96,625.66,245.96,658.66,246.04,658.34,394.04
618.19,393.93,618.81,245.93,651.81,246.07,651.19,394.07
622.06,388.90,622.94,240.90,655.94,241.10,655.06,389.10
632.06,381.90,632.94,233.90,665.94,234.10,665.06,382.10
633.02,378.89,633.98,230.90,666.98,231.11,666.02,379.10
629.33,377.96,629.67,229.96,662.67,230.04,662.33,378.04
626.30,376.46,626.70,229.46,659.70,229.54,659.30,376.54
628.37,377.47,628.63,230.47,661.63,230.53,661.37,377.53
634.10,377.41,634.90,230.41,667.90,230.59,667.10,377.59
637.01,377.39,637.99,230.39,670.99,230.61,670.01,377.61
637.96,376.38,639.04,229.38,672.04,229.62,670.96,376.62
637.53,375.28,639.47,228.29,672.47,228.72,670.53,375.71
636.47,375.26,638.53,228.28,671.53,228.74,669.47,375.72
637.28,374.21,639.73,227.24,672.72,227.79,670.27,374.76
641.30,374.22,643.71,227.24,676.70,227.78,674.29,374.76
647.28,374.22,649.73,227.24,682.72,227.78,680.27,374.76
650.47,372.26,652.54,225.27,685.53,225.74,683.46,372.73
652.75,371.33,654.25,224.34,687.25,224.67,685.75,371.66
655.94,371.37,657.06,224.38,690.06,224.63,688.94,371.62
662.04,371.40,662.96,224.40,695.96,224.60,695.04,371.60
667.25,371.44,667.75,224.44,700.75,224.56,700.25,371.56
670.30,370.46,670.70,223.46,703.70,223.54,703.30,370.54
674.28,368.45,674.72,221.45,707.72,221.55,707.28,368.55
677.43,368.48,677.57,221.48,710.57,221.52,710.43,368.52
681.68,367.54,681.32,220.54,714.32,220.46,714.68,367.46
686.90,365.59,686.10,218.59,719.10,218.41,719.90,365.41
690.97,363.60,690.03,216.61,723.03,216.40,723.97,363.39
692.94,361.60,692.06,214.60,725.06,214.40,725.94,361.40
693.80,360.57,693.20,213.57,726.20,213.43,726.80,360.43
691.68,357.54,691.32,210.54,724.32,210.46,724.68,357.46
689.46,354.49,689.54,207.49,722.54,207.51,722.46,354.51
691.59,349.52,691.41,202.52,724.41,202.48,724.59,349.48
693.77,345.56,693.23,198.56,726.23,198.44,726.77,345.44
694.34,342.46,694.66,195.46,727.66,195.54,727.34,342.54
695.03,340.39,695.97,193.40,728.97,193.61,728.03,340.60
693.95,336.37,695.05,189.38,728.05,189.63,726.95,336.62
694.77,332.33,696.23,185.34,729.23,185.67,727.77,332.66
697.74,332.33,699.26,185.33,732.26,185.67,730.74,332.67
705.71,337.82,707.29,185.83,740.29,186.18,738.71,338.17
722.68,334.82,724.32,182.83,757.32,183.18,755.68,335.17
738.66,329.81,740.34,177.82,773.34,178.19,771.66,330.18
743.49,324.77,745.51,172.79,778.51,173.23,776.49,325.21
731.24,329.72,733.76,177.74,766.76,178.28,764.24,330.26
728.38,337.75,730.63,185.76,763.62,186.25,761.37,338.24
734.46,344.77,736.55,192.78,769.54,193.23,767.45,345.22
741.59,347.80,743.41,195.81,776.41,196.20,774.59,348.19
736.39,352.75,738.61,200.77,771.61,201.25,769.39,353.23
734.51,356.78,736.50,204.79,769.49,205.22,767.50,357.21
735.37,356.75,737.63,204.76,770.63,205.25,768.37,357.24
730.04,356.67,732.96,204.70,765.96,205.33,763.04,357.30
728.06,360.67,730.95,208.70,763.94,209.33,761.05,361.30
727.09,363.68,729.91,211.71,762.91,212.32,760.09,364.29
725.96,361.65,729.05,209.68,762.04,210.35,758.95,362.32
729.95,358.65,733.06,206.68,766.05,207.35,762.94,359.32
727.95,354.65,731.06,202.68,764.05,203.35,760.94,355.32
718.02,351.66,720.98,199.69,753.98,200.34,751.02,352.31
719.08,349.68,721.93,197.70,754.92,198.32,752.07,350.30
724.67,345.58,728.34,193.62,761.33,194.42,757.66,346.38
728.39,343.51,732.63,191.57,765.61,192.49,761.37,344.43
730.10,339.44,734.92,187.52,767.90,188.56,763.08,340.48
729.99,334.41,735.02,182.50,768.01,183.59,762.98,335.50
727.72,330.34,733.31,178.44,766.28,179.66,760.69,331.56
733.07,329.74,743.00,176.06,776.93,178.26,767.00,331.94
741.29,327.17,751.79,176.53,784.71,178.83,774.21,329.47
742.14,328.13,752.94,177.51,785.86,179.87,775.06,330.49
741.01,328.09,752.07,177.49,784.99,179.91,773.93,330.51
740.17,325.13,750.91,174.52,783.83,176.87,773.09,327.48
744.45,325.22,754.62,174.56,787.55,176.78,777.38,327.44
749.64,326.27,759.43,175.59,792.36,177.73,782.57,328.41
751.78,328.31,761.28,177.61,794.22,179.69,784.72,330.39
751.06,333.23,761.02,180.56,794.94,182.77,784.98,335.44
751.84,337.17,762.24,184.52,796.16,186.83,785.76,339.48
755.73,337.13,766.36,184.50,800.27,186.87,789.64,339.50
757.13,334.25,766.94,181.57,800.87,183.75,791.06,336.43
753.18,332.82,758.85,179.92,792.82,181.18,787.15,334.08
749.42,332.88,754.60,179.97,788.58,181.12,783.40,334.03
749.70,339.46,754.31,183.53,788.30,184.54,783.69,340.47
748.79,342.49,753.22,186.55,787.21,187.51,782.78,343.45
746.35,341.49,750.66,183.55,785.65,184.51,781.34,342.45
748.56,336.55,752.45,178.59,787.44,179.45,783.55,337.41
753.85,332.62,757.15,174.65,792.15,175.38,788.85,333.35
758.96,335.10,758.04,177.10,793.04,176.90,793.96,334.90
758.08,340.12,756.92,180.13,791.92,179.88,793.08,339.87
753.03,342.66,755.98,182.69,790.97,183.34,788.02,343.31
754.23,346.59,757.78,182.63,793.77,183.41,790.22,347.37
756.68,347.57,760.33,181.61,797.32,182.43,793.67,348.39
755.78,350.10,759.23,181.14,796.22,181.90,792.77,350.86
755.31,353.11,758.70,182.14,796.69,182.89,793.30,353.86
758.17,356.07,761.84,185.11,799.83,185.93,796.16,356.89
762.09,356.05,765.92,185.10,803.91,185.95,800.08,356.90
761.67,353.95,766.34,183.01,804.33,184.05,799.66,354.99
764.50,352.91,769.52,181.98,807.50,183.09,802.48,354.02
770.04,353.91,774.98,178.98,813.96,180.09,809.02,355.02
779.10,351.44,783.92,173.50,822.90,174.56,818.08,352.50
790.67,351.46,795.34,169.52,835.33,170.54,830.66,352.48
801.87,346.00,806.14,167.05,846.13,168.00,841.86,346.95
809.42,347.35,818.64,168.59,858.58,170.65,849.36,349.41
817.03,349.40,826.02,172.62,864.97,174.60,855.98,351.38
826.91,350.36,836.15,173.60,875.09,175.64,865.85,352.40
842.87,344.35,852.19,167.60,891.13,169.65,881.81,346.40
856.88,337.35,866.17,160.60,905.12,162.65,895.83,339.40
868.35,334.00,872.66,157.05,911.65,158.00,907.34,334.95
873.38,332.01,877.63,155.06,916.62,155.99,912.37,332.94
871.48,333.03,875.53,156.08,914.52,156.97,910.47,333.92
864.41,332.50,868.60,158.56,907.59,159.50,903.40,333.44
858.46,332.52,862.55,158.57,901.54,159.48,897.45,333.43
853.51,333.53,857.50,159.58,896.49,160.47,892.50,334.42
852.77,333.10,856.24,156.14,895.23,156.90,891.76,333.86
857.06,331.62,855.94,154.63,894.94,154.38,896.06,331.37
857.85,329.09,852.17,150.18,892.15,148.91,897.83,327.82
855.77,329.75,842.35,151.25,882.23,148.25,895.65,326.75
858.01,331.05,840.19,152.94,879.99,148.95,897.81,327.06
864.40,329.30,841.92,151.72,881.60,146.70,904.08,324.28
869.95,329.49,842.51,150.58,882.05,144.51,909.49,323.42
871.27,332.51,843.22,153.69,882.73,147.49,910.78,326.31
869.36,341.51,841.13,162.73,880.64,156.49,908.87,335.27
864.39,353.60,835.14,172.95,875.61,166.40,904.86,347.05
867.91,367.64,818.61,191.40,858.09,180.36,907.39,356.60
866.91,368.64,817.61,192.41,857.09,181.36,906.39,357.59
868.62,369.56,817.91,189.56,857.38,178.44,908.09,358.44
886.39,372.31,815.65,199.20,853.61,183.69,924.35,356.80
886.25,380.74,812.93,203.30,851.75,187.26,925.07,364.70
903.29,376.74,829.90,199.32,868.71,183.26,942.10,360.68
922.23,374.75,848.95,197.29,887.77,181.25,961.05,358.71
933.26,375.74,859.92,198.30,898.74,182.26,972.08,359.70
938.35,376.73,864.85,199.35,903.65,183.27,977.15,360.65
953.44,375.71,879.78,198.40,918.56,182.29,992.22,359.60
964.46,373.71,890.76,196.41,929.54,180.29,1003.24,357.59
968.44,372.71,894.77,195.41,933.56,179.29,1007.23,356.59
969.37,374.72,895.83,197.36,934.63,181.28,1008.17,358.64
2
0
0
0
0
1
771.49,428.41,770.51,204.41,956.51,203.59,957.49,427.59
801.08,425.89,798.92,201.90,984.92,200.11,987.08,424.10
831.40,422.15,828.61,198.17,1014.60,195.85,1017.39,419.83
860.69,421.38,857.33,197.41,1043.31,194.62,1046.67,418.59
888.75,420.43,885.27,196.46,1071.25,193.57,1074.73,417.54
913.06,416.68,908.97,192.72,1094.94,189.32,1099.03,413.28
942.27,412.85,937.77,188.89,1123.73,185.15,1128.23,409.11
974.40,410.95,969.64,187.00,1155.60,183.05,1160.36,407.00
2
0
0
0
0
1
709.59,418.19,709.41,288.19,984.41,287.81,984.59,417.81
720.53,425.07,720.47,295.07,995.47,294.93,995.53,424.93
729.65,434.31,729.35,304.31,1004.35,303.69,1004.65,433.69
735.64,442.30,735.36,312.30,1010.36,311.70,1010.64,441.70
737.77,448.58,737.23,318.58,1012.23,317.42,1012.77,447.42
738.81,453.64,738.20,323.65,1013.19,322.36,1013.80,452.35
743.88,458.81,743.12,328.81,1018.12,327.19,1018.88,457.19
751.93,464.91,751.07,334.91,1026.07,333.09,1026.93,463.09
762.14,471.34,760.87,341.35,1035.86,338.66,1037.13,468.65
770.34,477.75,768.68,347.76,1043.66,344.25,1045.32,474.24
2
0
0
0
0
1
549.16,454.37,547.84,66.37,764.84,65.63,766.16,453.63
573.09,459.88,569.91,71.90,786.91,70.12,790.09,458.10
591.02,465.39,586.00,77.42,802.98,74.61,808.00,462.58
608.71,467.76,602.32,79.81,819.29,76.24,825.68,464.19
625.90,467.40,617.15,79.50,834.10,74.60,842.85,462.50
642.17,470.06,630.92,82.23,847.83,75.94,859.08,463.77
664.03,462.99,653.06,75.14,869.97,69.01,880.94,456.86
685.53,451.25,673.57,63.43,890.47,56.75,902.43,444.57
705.91,430.45,693.21,42.65,910.09,35.55,922.79,423.35
737.14,394.57,723.99,6.79,940.86,-0.57,954.01,387.21
764.34,391.67,750.79,3.91,967.66,-3.67,981.21,384.09
788.39,391.69,774.75,3.93,991.61,-3.69,1005.25,384.07
2
0
0
0
0
1
625.41,525.97,625.59,169.97,736.59,170.03,736.41,526.03
630.81,533.10,630.19,177.10,741.19,176.90,741.81,532.90
633.99,539.15,633.01,183.15,744.01,182.85,744.99,538.85
644.45,539.98,644.55,183.98,755.55,184.02,755.45,540.02
654.04,542.86,654.96,186.86,765.96,187.14,765.04,543.14
655.99,548.84,657.01,192.84,768.01,193.16,766.99,549.16
663.76,555.77,665.24,199.77,776.24,200.23,774.76,556.23
672.59,559.71,674.41,203.72,785.41,204.29,783.59,560.28
681.47,563.68,683.53,207.68,794.53,208.32,792.47,564.32
690.33,565.13,692.68,210.14,803.67,210.87,801.32,565.86
2
0
0
0
