2.8063,2.6615,2.6305,0,0,0,0,0,0,0,0,0,0,0,0
2.8063,2.6615,2.6305,0,0,0,0,0,0,0,0,0,0,0,0
2.8063,2.6615,2.6305,0,0,0,0,0,0,0,0,0,0,0,0
2.8063,2.6615,2.6305,0,0,0,0,0,0,0,0,0,0,0,0
2.8063,2.6615,2.6305,0,0,0,0,0,0,0,0,0,0,0,0
2.8063,2.6615,2.6305,0,0,0,0,0,0,0,0,0,0,0,0
2.8063,2.6615,2.6305,0,0,0,0,0,0,0,0,0,0,0,0
2.8063,2.6615,2.6305,0,0,0,0,0,0,0,0,0,0,0,0
2.8063,2.6615,2.6305,0,0,0,0,0,0,0,0,0,0,0,0
2.8063,2.6615,2.6305,0,0,0,0,0,0,0,0,0,0,0,0
2.8063,2.6615,2.6305,0,0,0,0,0,0,0,0,0,0,0,0
2.8063,2.6615,2.6305,0,0,0,0,0,0,0,0,0,0,0,0
2.8063,2.6615,2.6305,0,0,0,0,0,0,0,0,0,0,0,0
2.8063,2.6615,2.6305,0,0,0,0,0,0,0,0,0,0,0,0
2.8063,2.6615,2.6305,0,0,0,0,0,0,0,0,0,0,0,0
2.8063,2.6615,2.6305,0,0,0,0,0,0,0,0,0,0,0,0
2.8063,2.6615,2.6305,0,0,0,0,0,0,0,0,0,0,0,0
2.8063,2.6615,2.6305,0,0,0,0,0,0,0,0,0,0,0,0
2.8063,2.6615,2.6305,0,0,0,0,0,0,0,0,0,0,0,0
2.8063,2.6615,2.6305,0,0,0,0,0,0,0,0,0,0,0,0
2.8063,2.6615,2.6305,0,0,0,0,0,0,0,0,0,0,0,0
2.8063,2.6615,2.6305,0,0,0,0,0,0,0,0,0,0,0,0
2.8063,2.6615,2.6305,0,0,0,0,0,0,0,0,0,0,0,0
2.8063,2.6615,2.6305,0,0,0,0,0,0,0,0,0,0,0,0
2.8063,2.6615,2.6305,0,0,0,0,0,0,0,0,0,0,0,0
2.8063,2.6615,2.6305,0,0,0,0,0,0,0,0,0,0,0,0
2.8063,2.6615,2.6305,0,0,0,0,0,0,0,0,0,0,0,0
2.8063,2.6615,2.6305,0,0,0,0,0,0,0,0,0,0,0,0
2.8063,2.6615,2.6305,0,0,0,0,0,0,0,0,0,0,0,0
2.8063,2.6615,2.6305,0,0,0,0,0,0,0,0,0,0,0,0
2.8063,2.6615,2.6305,0,0,0,0,0,0,0,0,0,0,0,0
2.8063,2.6615,2.6305,0,0,0,0,0,0,0,0,0,0,0,0
2.8063,2.6615,2.6305,0,0,0,0,0,0,0,0,0,0,0,0
2.8063,2.6615,2.6305,0,0,0,0,0,0,0,0,0,0,0,0
2.8063,2.6615,2.6305,0,0,0,0,0,0,0,0,0,0,0,0
2.8063,2.6615,2.6305,0,0,0,0,0,0,0,0,0,0,0,0
2.8063,2.6615,2.6305,0,0,0,0,0,0,0,0,0,0,0,0
2.8063,2.6615,2.6305,0,0,0,0,0,0,0,0,0,0,0,0
2.8063,2.6615,2.6305,0,0,0,0,0,0,0,0,0,0,0,0
2.8063,2.6615,2.6305,0,0,0,0,0,0,0,0,0,0,0,0
2.8063,2.6615,2.6305,0,0,0,0,0,0,0,0,0,0,0,0
