1
520.179993,71.360001,66.640015,40.279999
518.339966,76.199997,63.974415,38.668800
512.339966,75.199997,66.640015,40.279999
508.339996,79.199997,66.640015,40.279999
503.179993,79.199997,69.305618,41.891197
493.539978,82.520004,71.971214,43.502399
490.539978,80.520004,77.302414,46.724800
490.380005,87.680000,69.305618,41.891197
482.899994,85.680000,74.636818,45.113598
477.259979,84.680000,77.302414,46.724800
473.779999,90.160004,74.636818,45.113598
468.139984,89.160004,77.302414,46.724800
463.500000,89.160004,77.302414,46.724800
455.539978,93.120003,82.633621,49.947197
452.739990,93.120003,79.968018,48.335999
453.739990,94.120003,77.302414,46.724800
447.940002,97.919998,79.968018,48.335999
444.299988,98.919998,77.302414,46.724800
438.500000,102.720001,79.968018,48.335999
431.539978,102.720001,82.633621,49.947197
431.539978,107.680000,82.633621,49.947197
426.579987,107.680000,82.633621,49.947197
421.619995,112.639999,82.633621,49.947197
421.619995,112.639999,82.633621,49.947197
421.619995,117.599998,82.633621,49.947197
416.660004,122.559998,82.633621,49.947197
416.660004,122.559998,82.633621,49.947197
411.699982,127.520004,82.633621,49.947197
416.660004,127.520004,82.633621,49.947197
416.660004,132.479996,82.633621,49.947197
416.660004,132.479996,82.633621,49.947197
416.660004,137.440002,82.633621,49.947197
416.660004,137.440002,82.633621,49.947197
421.619995,137.440002,82.633621,49.947197
416.660004,142.399994,82.633621,49.947197
416.660004,147.360001,82.633621,49.947197
416.660004,152.320007,82.633621,49.947197
416.660004,157.279999,82.633621,49.947197
418.660004,162.080002,79.968018,48.335999
416.660004,162.080002,82.633621,49.947197
421.619995,167.039993,82.633621,49.947197
421.619995,172.000000,82.633621,49.947197
416.660004,176.960007,82.633621,49.947197
416.660004,181.919998,82.633621,49.947197
421.619995,186.880005,82.633621,49.947197
421.619995,186.880005,82.633621,49.947197
421.619995,191.839996,82.633621,49.947197
421.619995,196.800003,82.633621,49.947197
416.660004,201.759995,82.633621,49.947197
416.660004,206.720001,82.633621,49.947197
416.660004,206.720001,82.633621,49.947197
411.699982,211.680008,82.633621,49.947197
406.739990,216.639999,82.633621,49.947197
406.739990,221.600006,82.633621,49.947197
403.940002,226.399994,79.968018,48.335999
401.940002,226.399994,82.633621,49.947197
396.979980,231.360001,82.633621,49.947197
392.019989,236.320007,82.633621,49.947197
387.059998,241.279999,82.633621,49.947197
387.059998,241.279999,82.633621,49.947197
382.100006,246.240005,82.633621,49.947197
377.139984,251.199997,82.633621,49.947197
377.139984,251.199997,82.633621,49.947197
372.179993,256.160004,82.633621,49.947197
370.539978,257.160004,77.302414,46.724800
367.539978,261.119995,82.633621,49.947197
364.739990,261.119995,79.968018,48.335999
357.779999,266.079987,82.633621,49.947197
354.979980,266.079987,79.968018,48.335999
355.979980,267.079987,77.302414,46.724800
348.019989,266.079987,82.633621,49.947197
343.059998,266.079987,82.633621,49.947197
340.259979,266.079987,79.968018,48.335999
336.619995,267.079987,77.302414,46.724800
331.979980,267.079987,77.302414,46.724800
327.339996,267.079987,77.302414,46.724800
319.380005,268.079987,74.636818,45.113598
318.220001,270.079987,69.305618,41.891197
310.739990,268.079987,74.636818,45.113598
310.739990,266.079987,66.640015,40.279999
304.419983,265.079987,71.971214,43.502399
298.419983,266.079987,66.640015,40.279999
294.419983,262.079987,66.640015,40.279999
289.259979,262.079987,69.305618,41.891197
286.259979,258.079987,66.640015,40.279999
280.579987,259.079987,63.974415,38.668800
276.739990,259.079987,63.974415,38.668800
272.899994,255.240005,63.974415,38.668800
269.059998,255.240005,63.974415,38.668800
267.539978,257.239990,58.643211,35.446400
264.019989,253.720001,58.643211,35.446400
260.500000,253.720001,58.643211,35.446400
259.139984,251.360001,55.977612,33.835197
255.779999,251.360001,55.977612,33.835197
256.779999,248.160004,53.312012,32.223999
254.739990,246.119995,50.646412,30.612799
251.699997,243.080002,50.646412,30.612799
251.699997,240.039993,50.646412,30.612799
251.699997,237.000000,50.646412,30.612799
251.699997,237.000000,50.646412,30.612799
251.699997,233.960007,50.646412,30.612799
251.699997,230.919998,50.646412,30.612799
254.739990,230.919998,50.646412,30.612799
254.739990,227.880005,50.646412,30.612799
257.779999,224.839996,50.646412,30.612799
257.779999,221.800003,50.646412,30.612799
260.820007,218.759995,50.646412,30.612799
263.859985,218.759995,50.646412,30.612799
266.899994,215.720001,50.646412,30.612799
269.940002,212.680008,50.646412,30.612799
272.979980,209.639999,50.646412,30.612799
276.019989,209.639999,50.646412,30.612799
279.059998,206.600006,50.646412,30.612799
282.100006,203.559998,50.646412,30.612799
285.139984,203.559998,50.646412,30.612799
288.179993,200.520004,50.646412,30.612799
272.179993,191.520004,66.640015,40.279999
278.859985,189.839996,61.308815,37.057598
285.220001,191.839996,55.977612,33.835197
293.299988,192.839996,50.646412,30.612799
296.339996,192.839996,50.646412,30.612799
298.539978,188.639999,53.312012,32.223999
302.579987,189.639999,50.646412,30.612799
305.619995,186.600006,50.646412,30.612799
308.660004,186.600006,50.646412,30.612799
311.699982,183.559998,50.646412,30.612799
314.739990,183.559998,50.646412,30.612799
314.739990,183.559998,50.646412,30.612799
317.779999,180.520004,50.646412,30.612799
320.820007,180.520004,50.646412,30.612799
320.820007,180.520004,50.646412,30.612799
323.859985,180.520004,50.646412,30.612799
326.899994,177.479996,50.646412,30.612799
326.899994,177.479996,50.646412,30.612799
329.940002,177.479996,50.646412,30.612799
329.940002,177.479996,50.646412,30.612799
332.979980,177.479996,50.646412,30.612799
336.019989,177.479996,50.646412,30.612799
336.019989,177.479996,50.646412,30.612799
339.059998,174.440002,50.646412,30.612799
339.059998,174.440002,50.646412,30.612799
342.100006,174.440002,50.646412,30.612799
342.100006,174.440002,50.646412,30.612799
345.139984,174.440002,50.646412,30.612799
345.139984,174.440002,50.646412,30.612799
345.139984,174.440002,50.646412,30.612799
348.179993,171.399994,50.646412,30.612799
348.179993,171.399994,50.646412,30.612799
348.179993,171.399994,50.646412,30.612799
351.220001,171.399994,50.646412,30.612799
348.179993,168.360001,50.646412,30.612799
348.179993,168.360001,50.646412,30.612799
348.179993,165.320007,50.646412,30.612799
345.139984,162.279999,50.646412,30.612799
345.139984,162.279999,50.646412,30.612799
