1
139.055557,338.861115,56.000000,99.000000
126.138885,337.138885,56.000000,99.000000
114.513885,307.430542,56.000000,99.000000
107.194443,308.722229,56.000000,99.000000
111.500000,319.055542,56.000000,99.000000
118.819443,320.347229,56.000000,99.000000
124.416664,308.722229,56.000000,99.000000
117.527779,282.888885,56.000000,99.000000
114.944443,266.958344,56.000000,99.000000
117.958336,250.597229,56.000000,99.000000
126.569443,241.555557,56.000000,99.000000
133.027771,226.486115,56.000000,99.000000
139.055557,209.694443,56.000000,99.000000
131.305557,209.263885,56.000000,99.000000
128.291672,213.138885,56.000000,99.000000
124.416664,228.638885,56.000000,99.000000
135.611115,238.111115,56.000000,99.000000
158.430557,221.750000,56.000000,99.000000
161.875000,203.666672,56.000000,99.000000
161.875000,188.597229,56.000000,99.000000
142.069443,176.972229,56.000000,99.000000
133.458328,150.277771,56.000000,99.000000
139.486115,130.472229,56.000000,99.000000
150.680557,117.986115,56.000000,99.000000
162.736115,114.541664,56.000000,99.000000
173.500000,116.694443,56.000000,99.000000
173.500000,109.805557,56.000000,99.000000
171.777771,121.861115,56.000000,99.000000
181.250000,124.013885,56.000000,99.000000
192.444443,108.083336,56.000000,99.000000
184.263885,111.097221,56.000000,99.000000
179.097229,111.097221,56.000000,99.000000
174.791672,108.944443,56.000000,99.000000
171.347229,106.791664,56.000000,99.000000
168.763885,106.361115,56.000000,99.000000
166.611115,111.527779,56.000000,99.000000
166.611115,119.708336,56.000000,99.000000
167.041672,130.472229,56.000000,99.000000
169.625000,148.986115,56.000000,99.000000
178.236115,159.750000,56.000000,99.000000
201.486115,148.125000,56.000000,99.000000
210.958328,136.500000,56.000000,99.000000
209.236115,132.194443,56.000000,99.000000
201.916672,114.541664,56.000000,99.000000
193.305557,89.138885,56.000000,99.000000
199.763885,62.013889,56.000000,99.000000
218.708328,38.333332,56.000000,99.000000
239.805557,33.166668,56.000000,99.000000
253.583328,34.027779,56.000000,99.000000
229.041672,31.444445,56.000000,99.000000
207.944443,49.958332,56.000000,99.000000
212.250000,71.916664,56.000000,99.000000
242.388885,84.833336,56.000000,99.000000
263.486115,54.263889,56.000000,99.000000
264.777771,34.027779,56.000000,99.000000
270.375000,14.652778,56.000000,99.000000
263.055542,9.916667,56.000000,99.000000
253.583328,-10.319444,56.000000,99.000000
271.666656,6.902778,56.000000,99.000000
280.277771,14.652778,56.000000,99.000000
302.666656,28.000000,56.000000,99.000000
319.888885,33.166668,56.000000,99.000000
2
0
0
0
0
1
261.861115,3.488889,49.000000,73.000000
262.877777,9.588889,49.000000,73.000000
263.216675,15.350000,49.000000,73.000000
263.555542,17.383333,49.000000,73.000000
263.216675,21.450001,49.000000,73.000000
262.877777,23.483334,49.000000,73.000000
262.877777,26.533333,49.000000,73.000000
261.183319,28.566668,49.000000,73.000000
260.844452,30.938889,49.000000,73.000000
260.844452,33.650002,49.000000,73.000000
260.505554,36.700001,49.000000,73.000000
260.166656,38.733334,49.000000,73.000000
259.827789,39.411110,49.000000,73.000000
259.827789,40.766666,49.000000,73.000000
259.149994,40.766666,49.000000,73.000000
258.811096,40.427776,49.000000,73.000000
258.811096,40.427776,49.000000,73.000000
258.133331,40.427776,49.000000,73.000000
258.811096,40.766666,49.000000,73.000000
258.133331,38.733334,49.000000,73.000000
258.472229,36.022221,49.000000,73.000000
263.216675,36.022221,49.000000,73.000000
266.605560,34.666668,49.000000,73.000000
267.961121,33.650002,49.000000,73.000000
268.299988,31.955557,49.000000,73.000000
267.961121,28.566668,49.000000,73.000000
268.299988,23.483334,49.000000,73.000000
269.316681,18.400000,49.000000,73.000000
271.350006,15.011111,49.000000,73.000000
271.688904,13.316667,49.000000,73.000000
272.366669,9.250000,49.000000,73.000000
272.027771,6.200000,49.000000,73.000000
271.011108,5.183333,49.000000,73.000000
271.350006,3.827778,49.000000,73.000000
273.044434,3.150000,49.000000,73.000000
273.722229,3.488889,49.000000,73.000000
274.738892,3.488889,49.000000,73.000000
274.738892,2.811111,49.000000,73.000000
274.738892,3.488889,49.000000,73.000000
275.416656,3.827778,49.000000,73.000000
276.772217,4.844444,49.000000,73.000000
275.755554,6.200000,49.000000,73.000000
276.433319,8.572222,49.000000,73.000000
276.094452,11.961111,49.000000,73.000000
276.094452,13.655556,49.000000,73.000000
271.350006,12.977778,49.000000,73.000000
271.350006,14.672222,49.000000,73.000000
271.011108,21.788889,49.000000,73.000000
270.672211,26.872223,49.000000,73.000000
271.688904,32.294445,49.000000,73.000000
274.399994,40.427776,49.000000,73.000000
275.077789,46.866669,49.000000,73.000000
274.738892,52.966667,49.000000,73.000000
272.705566,59.066666,49.000000,73.000000
270.672211,65.166664,49.000000,73.000000
269.655548,70.588890,49.000000,73.000000
267.961121,76.011108,49.000000,73.000000
267.961121,80.416664,49.000000,73.000000
268.977783,84.483330,49.000000,73.000000
268.299988,88.550003,49.000000,73.000000
268.299988,91.599998,49.000000,73.000000
271.011108,95.666664,49.000000,73.000000
272.705566,100.072220,49.000000,73.000000
274.399994,103.800003,49.000000,73.000000
278.127777,107.188889,49.000000,73.000000
280.161102,110.238892,49.000000,73.000000
288.294434,112.272224,49.000000,73.000000
294.733337,112.611115,49.000000,73.000000
302.188904,113.966667,49.000000,73.000000
300.494446,125.827782,49.000000,73.000000
302.527771,120.744446,49.000000,73.000000
306.933319,118.372223,49.000000,73.000000
322.861115,141.416672,49.000000,73.000000
323.200012,157.005554,49.000000,73.000000
325.572235,168.527771,49.000000,73.000000
326.927765,176.661118,49.000000,73.000000
327.605560,182.083328,49.000000,73.000000
329.299988,187.844437,49.000000,73.000000
330.994446,191.572220,49.000000,73.000000
333.027771,193.944443,49.000000,73.000000
334.044434,194.961105,49.000000,73.000000
337.094452,195.977783,49.000000,73.000000
