1
142.069443,350.486115,56.000000,99.000000
126.138885,328.527771,56.000000,99.000000
117.527779,317.333344,56.000000,99.000000
108.055557,301.402771,56.000000,99.000000
118.388885,306.569458,56.000000,99.000000
122.263885,306.138885,56.000000,99.000000
127.861115,298.388885,56.000000,99.000000
124.416664,277.291656,56.000000,99.000000
114.513885,259.208344,56.000000,99.000000
123.125000,243.708328,56.000000,99.000000
122.694443,243.277771,56.000000,99.000000
127.861115,232.083328,56.000000,99.000000
140.347229,214.430557,56.000000,99.000000
130.444443,213.138885,56.000000,99.000000
128.291672,215.291672,56.000000,99.000000
125.277779,229.930557,56.000000,99.000000
141.638885,222.611115,56.000000,99.000000
160.152771,212.277771,56.000000,99.000000
163.166672,194.625000,56.000000,99.000000
163.597229,178.263885,56.000000,99.000000
143.361115,168.361115,56.000000,99.000000
136.472229,145.541672,56.000000,99.000000
140.347229,130.472229,56.000000,99.000000
151.972229,118.847221,56.000000,99.000000
162.736115,117.125000,56.000000,99.000000
173.500000,142.527771,56.000000,99.000000
169.625000,135.638885,56.000000,99.000000
169.625000,136.930557,56.000000,99.000000
168.763885,142.097229,56.000000,99.000000
192.444443,120.138885,56.000000,99.000000
182.541672,121.000000,56.000000,99.000000
177.375000,121.000000,56.000000,99.000000
173.500000,120.138885,56.000000,99.000000
170.055557,118.416664,56.000000,99.000000
167.472229,117.125000,56.000000,99.000000
165.750000,121.000000,56.000000,99.000000
165.750000,127.888885,56.000000,99.000000
166.180557,135.638885,56.000000,99.000000
168.763885,150.708328,56.000000,99.000000
177.375000,155.444443,56.000000,99.000000
202.777771,141.236115,56.000000,99.000000
213.972229,126.597221,56.000000,99.000000
211.388885,125.305557,56.000000,99.000000
204.500000,108.083336,56.000000,99.000000
196.750000,83.972221,56.000000,99.000000
200.625000,65.027779,56.000000,99.000000
219.569443,49.527779,56.000000,99.000000
239.375000,44.361111,56.000000,99.000000
251.430557,42.638889,56.000000,99.000000
226.027771,39.194443,56.000000,99.000000
204.069443,52.541668,56.000000,99.000000
200.625000,79.666664,56.000000,99.000000
245.402771,77.083336,56.000000,99.000000
260.902771,47.805557,56.000000,99.000000
269.083344,34.027779,56.000000,99.000000
271.236115,13.791667,56.000000,99.000000
266.069458,4.750000,56.000000,99.000000
258.750000,-9.027778,56.000000,99.000000
256.166656,-7.736111,56.000000,99.000000
259.611115,-14.194444,56.000000,99.000000
286.736115,-5.583333,56.000000,99.000000
283.291656,6.902778,56.000000,99.000000
280.277771,5.180556,56.000000,99.000000
277.263885,3.458333,56.000000,99.000000
265.638885,-5.583333,56.000000,99.000000
257.458344,-4.291667,56.000000,99.000000
254.875000,2.597222,56.000000,99.000000
255.736115,8.194444,56.000000,99.000000
251.430557,-6.013889,56.000000,99.000000
247.555557,-5.152778,56.000000,99.000000
246.263885,-3.861111,56.000000,99.000000
248.847229,3.027778,56.000000,99.000000
249.277771,5.611111,56.000000,99.000000
245.833328,-5.152778,56.000000,99.000000
241.958328,-11.611111,56.000000,99.000000
239.375000,-12.041667,56.000000,99.000000
237.222229,-11.611111,56.000000,99.000000
237.222229,-10.750000,56.000000,99.000000
237.222229,-9.027778,56.000000,99.000000
236.361115,-8.166667,56.000000,99.000000
234.208328,-8.597222,56.000000,99.000000
232.486115,-7.305556,56.000000,99.000000
230.333328,-6.013889,56.000000,99.000000
227.319443,-4.722222,56.000000,99.000000
225.166672,-2.569444,56.000000,99.000000
221.291672,0.875000,56.000000,99.000000
218.277771,5.180556,56.000000,99.000000
213.541672,5.180556,56.000000,99.000000
212.680557,9.486111,56.000000,99.000000
209.236115,11.638889,56.000000,99.000000
214.833328,15.513889,56.000000,99.000000
222.583328,18.527779,56.000000,99.000000
231.625000,15.513889,56.000000,99.000000
234.208328,11.638889,56.000000,99.000000
238.944443,4.319444,56.000000,99.000000
238.513885,0.444444,56.000000,99.000000
235.069443,-1.708333,56.000000,99.000000
225.166672,-5.152778,56.000000,99.000000
230.763885,-9.458333,56.000000,99.000000
242.388885,-14.625000,56.000000,99.000000
251.000000,-13.763889,56.000000,99.000000
249.708328,-15.055556,56.000000,99.000000
254.013885,-15.486111,56.000000,99.000000
255.305557,-10.319444,56.000000,99.000000
257.888885,-10.319444,56.000000,99.000000
260.902771,-8.166667,56.000000,99.000000
263.055542,-10.319444,56.000000,99.000000
263.486115,-11.611111,56.000000,99.000000
262.194458,-15.055556,56.000000,99.000000
263.055542,-15.055556,56.000000,99.000000
262.625000,-15.055556,56.000000,99.000000
262.625000,-13.333333,56.000000,99.000000
263.486115,-13.333333,56.000000,99.000000
263.055542,-13.333333,56.000000,99.000000
266.500000,-11.611111,56.000000,99.000000
266.500000,-11.180556,56.000000,99.000000
266.500000,-10.319444,56.000000,99.000000
268.652771,-9.027778,56.000000,99.000000
269.513885,-6.013889,56.000000,99.000000
269.944458,-5.583333,56.000000,99.000000
266.069458,-1.277778,56.000000,99.000000
264.347229,2.597222,56.000000,99.000000
263.055542,4.750000,56.000000,99.000000
262.625000,9.055556,56.000000,99.000000
263.055542,10.777778,56.000000,99.000000
263.055542,15.513889,56.000000,99.000000
261.333344,18.958332,56.000000,99.000000
259.611115,24.555555,56.000000,99.000000
257.888885,29.291668,56.000000,99.000000
257.458344,34.888889,56.000000,99.000000
257.458344,42.208332,56.000000,99.000000
251.430557,48.236111,56.000000,99.000000
244.972229,62.444443,56.000000,99.000000
244.111115,73.638885,56.000000,99.000000
252.722229,70.194443,56.000000,99.000000
268.222229,56.847221,56.000000,99.000000
293.625000,52.541668,56.000000,99.000000
309.986115,26.708332,56.000000,99.000000
316.013885,33.166668,56.000000,99.000000
316.013885,38.763889,56.000000,99.000000
311.708344,51.250000,56.000000,99.000000
315.583344,90.000000,56.000000,99.000000
307.833344,106.791664,56.000000,99.000000
306.972229,119.708336,56.000000,99.000000
306.541656,127.458336,56.000000,99.000000
306.111115,132.625000,56.000000,99.000000
308.263885,134.347229,56.000000,99.000000
311.277771,137.791672,56.000000,99.000000
313.861115,139.944443,56.000000,99.000000
316.444458,138.222229,56.000000,99.000000
