1
327.66,337.46,348.32,338.96,350.43,309.85,329.77,308.35
327.92,334.14,347.76,335.94,350.30,307.98,330.46,306.18
328.24,336.07,350.46,335.73,349.99,304.42,327.77,304.76
325.13,340.81,347.91,341.27,348.55,309.17,325.77,308.72
323.66,342.51,347.17,342.08,346.57,308.96,323.06,309.39
323.92,339.17,347.94,337.80,346.02,303.95,321.99,305.31
324.11,337.99,348.17,336.76,346.45,302.86,322.38,304.08
324.39,338.16,348.51,336.68,346.42,302.70,322.30,304.18
321.89,339.35,346.05,337.76,343.81,303.72,319.65,305.31
317.65,339.97,342.23,338.38,339.98,303.75,315.40,305.34
320.35,337.40,344.95,334.91,341.45,300.26,316.85,302.74
320.67,333.42,343.30,333.75,343.77,301.86,321.13,301.53
321.26,337.67,344.52,337.69,344.54,304.92,321.29,304.90
323.59,343.64,347.16,343.34,346.72,310.13,323.16,310.43
322.51,341.98,346.60,342.05,346.69,308.11,322.60,308.04
321.82,342.43,345.47,342.48,345.55,309.16,321.90,309.10
329.41,340.65,349.82,339.18,347.75,310.42,327.34,311.89
327.32,339.62,351.66,338.86,350.59,304.56,326.25,305.32
329.18,342.63,352.57,342.01,351.70,309.05,328.31,309.67
329.90,347.10,353.36,345.57,351.21,312.51,327.75,314.04
329.10,348.15,353.02,347.00,351.40,313.29,327.48,314.45
330.83,347.81,355.78,347.34,355.12,312.18,330.16,312.66
329.97,347.72,355.88,346.46,354.11,309.95,328.20,311.21
324.38,343.22,350.68,346.41,355.17,309.36,328.88,306.17
323.45,344.11,349.45,347.04,353.59,310.39,327.58,307.46
321.26,343.89,347.50,346.19,350.75,309.22,324.51,306.91
319.31,343.74,346.23,346.34,349.90,308.40,322.97,305.80
319.68,345.60,346.53,348.21,350.21,310.38,323.36,307.76
318.48,345.01,346.20,347.48,349.68,308.42,321.96,305.95
316.59,346.37,343.95,349.32,348.11,310.77,320.75,307.82
316.82,345.76,343.61,347.04,345.41,309.30,318.63,308.01
315.01,344.42,342.19,346.65,345.34,308.34,318.15,306.11
314.47,346.16,341.71,348.90,345.58,310.51,318.33,307.77
319.20,346.46,347.37,346.24,347.06,306.55,318.89,306.77
325.82,349.51,351.77,345.83,346.58,309.26,320.63,312.94
325.60,351.86,352.17,349.12,348.31,311.69,321.74,314.43
324.17,355.91,351.28,355.30,350.43,317.11,323.32,317.71
325.47,352.17,353.05,349.91,349.87,311.04,322.28,313.30
325.49,351.25,352.96,349.00,349.79,310.29,322.32,312.54
327.00,351.95,355.30,349.13,351.34,309.25,323.04,312.07
327.13,352.03,356.08,349.05,351.88,308.27,322.94,311.24
326.64,351.32,355.73,347.58,350.47,306.59,321.38,310.33
322.66,354.10,352.67,349.10,345.63,306.81,315.62,311.81
319.59,358.07,349.25,354.10,343.66,312.32,314.00,316.29
320.82,359.37,351.05,354.84,344.66,312.24,314.43,316.77
320.39,359.74,350.83,355.13,344.33,312.25,313.90,316.86
313.90,358.50,342.82,366.13,353.57,325.37,324.64,317.74
314.43,359.38,342.80,361.14,345.28,321.16,316.91,319.40
313.66,357.44,342.11,359.34,344.78,319.26,316.34,317.36
315.41,353.32,343.77,354.44,345.34,314.48,316.98,313.36
316.89,349.18,345.24,350.36,346.91,310.42,318.56,309.24
317.78,349.71,346.05,349.31,345.49,309.47,317.21,309.87
321.50,351.51,346.81,355.33,352.19,319.68,326.89,315.86
321.49,355.66,346.68,355.41,346.33,319.91,321.14,320.16
317.28,352.55,341.24,354.61,344.14,320.86,320.19,318.79
318.88,352.08,341.73,354.36,344.94,322.17,322.10,319.89
319.89,353.79,342.26,356.33,345.83,324.82,323.47,322.28
321.95,355.75,344.02,358.14,347.39,327.05,325.33,324.66
323.25,353.92,345.64,356.94,349.89,325.39,327.50,322.37
324.52,349.41,346.80,353.31,352.29,321.92,330.02,318.03
325.08,346.83,347.73,350.27,352.56,318.36,329.92,314.92
325.43,349.19,347.44,353.69,353.78,322.67,331.77,318.17
337.16,347.37,358.45,337.96,345.19,307.96,323.90,317.37
334.89,345.43,357.02,335.69,343.30,304.51,321.17,314.25
333.08,343.98,354.57,334.67,341.45,304.39,319.96,313.70
326.10,334.23,347.40,334.91,348.36,304.90,327.06,304.22
327.37,337.43,349.84,337.32,349.69,305.66,327.22,305.76
326.84,346.62,349.10,347.41,350.22,316.04,327.95,315.25
328.86,347.02,353.37,347.38,353.87,312.84,329.37,312.49
325.95,343.87,350.87,343.61,350.50,308.49,325.58,308.75
328.21,344.13,352.59,344.16,352.64,309.80,328.26,309.77
326.91,346.03,350.21,347.26,351.94,314.44,328.65,313.21
327.46,350.19,351.36,345.09,344.17,311.42,320.28,316.52
327.02,345.53,351.26,340.83,344.64,306.67,320.40,311.37
324.40,340.33,348.15,334.22,339.55,300.75,315.80,306.86
321.40,340.95,344.93,335.51,337.26,302.36,313.73,307.80
319.29,345.06,342.71,339.92,335.47,306.93,312.05,312.07
317.38,346.12,340.49,340.67,332.81,308.10,309.70,313.55
317.78,342.63,341.22,336.63,332.75,303.61,309.32,309.61
316.98,343.37,341.17,337.89,333.46,303.80,309.26,309.27
317.97,343.07,342.05,337.99,334.90,304.06,310.81,309.13
320.23,341.07,344.55,336.47,338.06,302.21,313.74,306.81
322.01,339.65,345.06,335.12,338.68,302.64,315.62,307.17
320.32,338.71,344.39,333.97,337.70,300.06,313.64,304.80
317.10,339.84,341.04,334.86,334.02,301.12,310.08,306.10
312.54,344.82,338.28,338.90,329.94,302.64,304.21,308.55
306.26,342.79,331.11,341.34,329.06,306.34,304.22,307.79
309.40,346.56,332.38,339.50,322.43,307.11,299.44,314.18
307.24,348.00,331.56,339.80,320.01,305.53,295.69,313.73
307.07,346.06,331.47,338.73,321.14,304.35,296.75,311.68
307.43,343.14,331.37,336.00,321.31,302.27,297.37,309.41
311.26,339.86,334.67,332.80,324.73,299.82,301.32,306.87
312.65,341.53,336.59,334.22,326.29,300.48,302.35,307.79
313.75,341.71,337.84,335.17,328.63,301.22,304.54,307.76
315.14,344.00,339.51,337.47,330.31,303.13,305.94,309.66
317.90,347.67,343.91,339.85,332.89,303.19,306.88,311.02
310.60,346.17,336.82,348.83,340.57,311.89,314.35,309.22
309.99,345.27,335.26,349.63,341.40,314.01,316.12,309.66
310.92,341.87,336.77,346.41,343.17,309.97,317.31,305.43
311.31,341.72,335.82,345.16,340.66,310.62,316.16,307.19
311.61,345.12,336.40,347.23,339.38,312.30,314.59,310.18
311.77,350.04,336.30,352.12,339.24,317.55,314.71,315.47
307.97,349.27,334.54,351.14,337.18,313.71,310.61,311.84
303.19,343.41,329.26,349.95,338.48,313.22,312.41,306.67
304.05,343.08,329.57,350.46,339.96,314.51,314.45,307.13
301.54,342.78,327.37,349.77,337.22,313.38,311.40,306.39
297.80,341.63,323.93,349.14,334.52,312.31,308.38,304.80
298.94,336.74,324.44,345.04,336.13,309.12,310.64,300.82
300.88,335.68,326.08,343.56,337.18,308.05,311.98,300.17
300.86,341.11,326.82,350.20,339.63,313.61,313.67,304.52
302.38,345.68,329.12,354.26,341.20,316.59,314.47,308.01
301.85,344.35,328.34,353.40,341.09,316.07,314.59,307.02
301.20,342.45,327.42,351.47,340.13,314.52,313.91,305.51
299.98,342.88,326.22,351.38,338.20,314.41,311.96,305.90
298.81,342.36,324.75,351.65,337.85,315.10,311.91,305.81
297.75,342.77,324.66,351.83,337.43,313.91,310.52,304.85
295.40,340.32,321.30,349.27,333.91,312.77,308.01,303.83
295.45,342.95,321.08,352.37,334.34,316.26,308.72,306.85
295.00,345.73,321.65,355.39,335.25,317.83,308.60,308.18
294.76,346.15,321.04,356.31,335.36,319.27,309.07,309.11
292.14,343.74,317.62,353.95,332.02,318.04,306.53,307.83
307.39,345.72,334.88,336.76,322.25,298.02,294.75,306.98
304.42,337.41,334.11,333.03,327.93,291.18,298.23,295.57
302.24,337.96,331.57,338.30,332.04,296.97,302.71,296.63
301.30,343.99,331.55,343.93,331.46,301.30,301.21,301.36
300.45,349.10,330.56,348.95,330.36,306.52,300.25,306.67
301.35,348.99,332.12,345.89,327.75,302.53,296.98,305.63
300.85,348.55,331.69,344.23,325.61,300.77,294.77,305.09
302.92,349.37,333.72,346.32,329.41,302.93,298.62,305.98
306.45,353.99,337.28,350.45,332.29,307.00,301.46,310.54
305.11,354.23,336.27,350.20,330.60,306.30,299.44,310.32
302.43,354.18,336.76,352.39,334.23,304.01,299.90,305.80
304.35,354.27,338.79,351.73,335.21,303.21,300.78,305.75
302.81,352.52,338.59,350.15,335.25,299.74,299.47,302.11
301.86,355.17,338.54,352.21,334.36,300.51,297.67,303.48
300.73,354.93,338.80,353.17,336.31,299.52,298.25,301.29
301.45,354.99,340.63,353.39,338.37,298.19,299.20,299.79
301.78,354.52,340.67,352.40,337.68,297.61,298.80,299.73
298.85,355.88,338.34,353.58,335.09,297.94,295.61,300.24
297.08,355.43,336.63,353.15,333.40,297.43,293.86,299.71
295.15,357.11,334.78,354.95,331.75,299.10,292.11,301.26
301.74,355.11,332.81,353.34,330.33,309.56,299.26,311.32
302.93,354.43,333.14,353.09,331.25,310.52,301.04,311.86
303.42,356.71,333.77,355.11,331.51,312.35,301.17,313.95
299.95,358.37,334.39,359.04,335.32,310.52,300.89,309.85
315.75,362.62,346.68,344.32,320.90,300.75,289.97,319.04
315.83,361.19,346.49,342.62,320.32,299.43,289.67,318.00
324.51,367.49,353.66,342.14,317.93,301.07,288.78,326.42
322.70,365.67,351.82,340.18,315.90,299.15,286.78,324.64
323.52,364.41,352.65,339.00,316.85,297.95,287.72,323.36
321.43,364.90,350.21,341.07,316.63,300.52,287.85,324.35
322.60,367.13,352.23,341.72,316.41,299.97,286.79,325.39
323.18,365.56,352.17,339.88,315.99,299.04,287.00,324.71
320.03,367.66,349.09,341.64,312.42,300.69,283.36,326.71
318.57,368.42,348.62,342.32,311.84,299.97,281.79,326.07
319.06,368.41,349.21,342.23,312.32,299.76,282.18,325.94
319.97,368.17,351.77,341.68,314.44,296.87,282.65,323.36
318.18,366.90,350.31,341.22,314.13,295.93,281.99,321.61
317.24,364.74,349.20,339.18,313.18,294.15,281.22,319.71
315.15,366.09,348.12,339.88,311.19,293.42,278.22,319.63
314.36,363.92,345.96,338.82,310.59,294.29,278.99,319.39
312.94,362.20,344.29,337.27,309.16,293.09,277.80,318.02
311.23,368.05,342.85,343.77,308.63,299.21,277.01,323.49
311.86,373.56,344.68,348.05,308.73,301.81,275.91,327.33
312.16,374.75,344.48,349.15,308.40,303.61,276.08,329.21
310.67,373.48,343.30,348.26,307.76,302.29,275.13,327.51
310.96,373.04,343.61,348.19,308.59,302.19,275.95,327.03
311.89,372.57,344.11,347.93,309.38,302.53,277.17,327.18
312.03,372.81,345.04,346.86,308.48,300.35,275.47,326.29
311.17,372.72,344.70,346.60,307.90,299.35,274.37,325.47
310.58,371.41,344.30,344.91,306.96,297.39,273.24,323.89
310.47,372.55,346.01,345.27,307.57,295.20,272.04,322.48
310.05,371.92,346.12,344.46,307.42,293.63,271.35,321.10
309.97,374.97,347.85,347.11,308.59,293.74,270.72,321.59
310.40,376.61,347.98,348.25,308.02,295.30,270.44,323.66
309.89,381.60,349.38,351.57,307.07,295.94,267.59,325.96
310.96,379.71,350.20,348.63,306.39,293.33,267.15,324.42
310.74,375.39,350.59,344.61,307.21,288.45,267.36,319.24
310.53,377.18,351.13,346.84,308.38,289.63,267.78,319.97
312.89,379.67,354.55,348.12,310.09,289.42,268.43,320.97
313.24,379.75,353.69,349.14,310.56,292.14,270.11,322.75
314.62,380.83,355.45,350.77,313.10,293.25,272.27,323.30
315.77,380.06,357.44,349.15,313.88,290.43,272.21,321.34
315.87,378.01,357.98,347.75,315.35,288.42,273.24,318.67
316.55,378.53,359.02,347.99,316.00,288.14,273.52,318.68
316.87,376.57,358.66,345.81,315.31,286.93,273.52,317.69
316.63,376.58,357.59,345.39,313.65,287.67,272.69,318.86
317.59,375.05,358.33,344.65,315.49,287.24,274.74,317.64
317.78,376.85,358.65,347.27,316.97,289.68,276.10,319.26
317.22,381.40,359.23,351.96,317.75,292.77,275.74,322.20
314.99,381.35,357.86,351.45,315.73,291.04,272.86,320.94
313.25,383.97,357.67,354.42,316.03,291.82,271.61,321.37
315.25,386.72,359.61,356.58,317.14,294.07,272.78,324.21
317.19,385.76,361.47,355.18,318.39,292.79,274.11,323.36
318.27,384.76,362.26,352.75,317.16,290.77,273.17,322.77
319.68,385.08,364.32,351.33,316.75,288.42,272.11,322.18
319.45,386.07,364.84,351.91,316.70,287.95,271.32,322.11
318.24,384.53,362.86,350.67,315.14,287.80,270.53,321.66
317.55,383.59,361.97,350.23,314.96,287.63,270.54,321.00
316.85,386.05,361.59,351.91,313.48,288.87,268.74,323.01
316.11,389.19,359.75,354.33,310.63,292.83,266.99,327.69
315.50,394.23,358.58,359.25,309.28,298.55,266.21,333.54
317.51,390.52,359.93,354.90,309.74,295.13,267.32,330.75
319.52,386.07,360.14,351.42,311.32,294.17,270.69,328.82
321.40,386.24,360.96,351.24,311.64,295.49,272.08,330.49
323.57,393.14,363.69,355.95,311.30,299.42,271.18,336.60
326.43,393.40,365.05,356.09,312.48,301.67,273.86,338.98
324.55,394.81,364.20,357.62,311.79,301.74,272.14,338.93
323.98,388.77,363.03,351.38,310.35,296.36,271.30,333.75
324.07,387.85,363.30,350.10,310.12,294.82,270.89,332.57
326.79,389.44,366.81,351.48,313.33,295.10,273.31,333.05
327.23,388.93,367.33,350.64,313.38,294.13,273.28,332.42
327.50,388.33,367.83,349.41,312.99,292.58,272.66,331.50
309.60,356.85,353.36,357.26,353.94,295.60,310.18,295.19
313.30,360.29,352.26,361.65,354.18,306.75,315.21,305.39
312.31,361.18,351.07,362.75,353.28,308.15,314.53,306.57
312.00,355.41,350.43,357.47,353.33,303.32,314.90,301.26
311.25,355.06,350.12,357.05,352.92,302.29,314.06,300.30
311.27,355.82,350.18,358.14,353.45,303.33,314.55,301.00
312.32,357.64,351.58,359.83,354.66,304.50,315.40,302.31
313.42,356.94,352.49,358.77,355.07,303.71,316.00,301.88
315.55,356.03,354.31,357.65,356.59,303.03,317.83,301.41
316.53,355.51,354.79,357.42,357.48,303.50,319.21,301.60
316.69,357.44,356.00,358.58,357.61,303.18,318.30,302.04
316.76,356.88,356.37,357.39,357.09,301.57,317.48,301.06
317.14,357.56,355.93,358.11,356.71,303.46,317.92,302.91
318.56,358.81,357.46,358.84,357.51,304.03,318.61,304.00
319.92,355.87,356.37,357.75,359.01,306.38,322.56,304.51
319.79,355.78,356.18,357.96,359.25,306.68,322.86,304.50
316.84,353.22,353.83,356.77,358.82,304.65,321.83,301.11
319.16,353.76,354.89,355.66,357.57,305.31,321.84,303.41
318.65,355.60,355.31,356.87,357.10,305.21,320.44,303.95
317.37,358.05,355.06,359.58,357.21,306.47,319.53,304.95
316.93,359.44,354.59,360.21,355.67,307.14,318.01,306.37
315.88,358.66,353.42,359.44,354.51,306.55,316.98,305.78
313.81,358.29,351.03,359.52,352.76,307.07,315.54,305.84
313.32,360.16,350.23,361.36,351.93,309.36,315.02,308.15
313.43,358.40,349.04,360.64,352.19,310.46,316.58,308.22
313.07,357.04,347.49,359.39,350.81,310.89,316.39,308.54
314.45,355.71,349.24,357.57,351.87,308.54,317.07,306.68
316.67,354.37,349.88,354.71,350.37,307.93,317.16,307.58
320.60,353.85,352.43,353.99,352.63,309.13,320.79,308.99
317.20,357.64,350.85,359.06,352.86,311.64,319.20,310.22
317.48,358.10,350.29,359.76,352.63,313.54,319.83,311.88
316.37,356.52,347.92,358.47,350.66,314.01,319.11,312.07
312.32,357.32,343.57,359.92,347.23,315.87,315.97,313.28
310.79,360.66,342.12,363.20,345.70,319.06,314.37,316.51
311.55,357.86,341.96,361.18,346.63,318.33,316.23,315.01
309.33,356.28,341.24,359.51,345.80,314.54,313.88,311.31
311.78,355.60,342.80,356.76,344.45,313.05,313.42,311.88
313.66,356.37,343.53,357.44,345.05,315.34,315.17,314.27
313.64,351.99,344.08,353.24,345.86,310.35,315.41,309.09
312.31,350.96,343.32,352.84,345.96,309.14,314.95,307.27
314.09,353.05,344.43,353.64,345.27,310.89,314.93,310.30
313.92,355.20,345.49,356.98,348.00,312.50,316.43,310.72
314.94,355.91,346.60,356.52,347.47,311.91,315.81,311.30
312.39,354.63,345.10,355.33,346.08,309.24,313.37,308.55
311.74,355.00,344.22,355.61,345.08,309.84,312.59,309.23
313.14,354.07,345.75,354.64,346.55,308.69,313.94,308.12
313.73,355.05,346.28,355.73,347.25,309.87,314.70,309.18
313.25,355.29,345.21,356.05,346.29,311.02,314.33,310.26
312.53,353.97,343.43,355.82,346.03,312.29,315.14,310.44
313.59,354.55,344.68,356.25,347.08,312.45,315.99,310.74
315.17,351.65,345.85,352.75,347.40,309.52,316.73,308.42
315.47,352.77,346.07,353.89,347.66,310.76,317.05,309.63
316.50,353.71,347.15,354.98,348.94,311.81,318.30,310.53
317.63,355.90,347.99,357.01,349.55,314.22,319.19,313.12
317.81,350.77,348.03,352.07,349.85,309.48,319.63,308.19
317.87,347.17,346.83,348.75,349.05,307.94,320.09,306.36
316.93,347.76,346.44,349.94,349.53,308.35,320.01,306.17
316.37,348.41,345.58,350.16,348.05,308.99,318.84,307.24
317.34,348.97,345.28,349.41,345.89,310.04,317.95,309.60
317.29,348.38,342.80,350.29,345.50,314.34,319.99,312.43
317.77,350.00,341.58,352.04,344.45,318.47,320.63,316.44
320.07,347.76,342.51,349.43,344.87,317.81,322.43,316.14
315.61,347.12,341.47,348.33,343.18,311.88,317.31,310.67
315.02,346.61,341.22,347.83,342.93,310.91,316.73,309.69
315.39,346.53,341.34,347.34,342.48,310.77,316.53,309.96
315.15,350.07,341.23,350.79,342.25,314.03,316.16,313.31
315.71,351.11,341.23,351.25,341.43,315.29,315.91,315.15
315.02,351.24,340.38,350.94,339.96,315.20,314.60,315.50
315.24,352.35,341.12,352.02,340.66,315.55,314.77,315.88
314.78,350.29,340.96,350.80,341.68,313.90,315.49,313.39
316.05,351.15,342.19,351.79,343.09,314.96,316.95,314.32
315.90,348.91,341.89,349.91,343.31,313.29,317.32,312.29
316.14,347.90,341.97,348.25,342.46,311.86,316.63,311.51
317.51,348.38,342.57,348.70,343.02,313.39,317.96,313.07
320.10,352.00,345.07,352.88,346.30,317.70,321.34,316.83
321.67,357.22,346.72,357.81,347.54,322.51,322.49,321.93
323.71,353.40,348.85,354.47,350.35,319.04,325.21,317.98
322.95,345.30,347.95,347.20,350.63,311.97,325.63,310.07
323.30,346.27,347.70,346.47,347.99,312.08,323.59,311.88
324.06,345.08,348.29,345.63,349.07,311.48,324.84,310.93
330.12,345.66,349.19,345.65,349.18,318.78,330.11,318.79
325.35,344.24,346.99,345.15,348.27,314.66,326.63,313.76
324.25,345.13,345.42,346.60,347.50,316.76,326.33,315.29
323.34,346.02,345.95,347.58,348.15,315.72,325.54,314.16
323.12,344.39,345.83,346.24,348.43,314.25,325.73,312.40
323.08,345.60,345.79,347.49,348.46,315.49,325.75,313.60
322.53,348.59,345.83,349.33,346.88,316.49,323.57,315.75
320.91,345.81,344.51,346.17,345.01,312.91,321.42,312.55
324.73,345.98,344.17,346.01,344.22,318.63,324.79,318.60
323.30,347.73,343.66,348.51,344.75,319.82,324.40,319.05
321.69,348.36,345.18,347.27,343.64,314.15,320.14,315.25
320.14,346.09,344.85,345.09,343.45,310.27,318.73,311.26
328.44,350.29,351.85,345.96,345.74,312.97,322.33,317.30
328.40,350.83,351.67,346.95,346.20,314.16,322.93,318.04
327.61,343.48,348.43,338.60,341.56,309.26,320.74,314.14
330.95,345.69,351.62,340.18,343.85,311.05,323.18,316.56
328.67,354.42,349.81,349.99,343.56,320.20,322.42,324.63
321.29,352.00,342.05,352.75,343.10,323.50,322.34,322.75
