1
525.000000,55.000000,20.000000,21.000000
525.000000,63.000000,20.000000,21.000000
524.000000,64.000000,20.000000,21.000000
2
0
0
0
0
1
510.000000,155.000000,17.000000,16.000000
2
0
0
0
0
1
583.000000,223.000000,16.000000,16.000000
579.000000,224.000000,16.000000,16.000000
2
0
0
0
0
1
625.000000,267.000000,15.000000,14.000000
628.000000,267.000000,15.000000,14.000000
631.000000,268.000000,15.000000,14.000000
634.000000,271.000000,15.000000,14.000000
631.000000,269.000000,15.000000,14.000000
637.000000,270.000000,15.000000,14.000000
635.000000,267.000000,15.000000,14.000000
640.000000,267.000000,15.000000,14.000000
644.000000,268.000000,15.000000,14.000000
642.000000,268.000000,15.000000,14.000000
645.000000,272.000000,15.000000,14.000000
645.000000,275.000000,15.000000,14.000000
646.000000,278.000000,15.000000,14.000000
648.000000,276.000000,15.000000,14.000000
650.000000,278.000000,15.000000,14.000000
654.000000,278.000000,15.000000,14.000000
