0.23157,0.2316,0.23142,0,0,0,0,0,0,0,0,0,0,0,0
0.23157,0.2316,0.23142,0,0,0,0,0,0,0,0,0,0,0,0
0.23157,0.2316,0.23142,0,0,0,0,0,0,0,0,0,0,0,0
0.23157,0.2316,0.23142,0,0,0,0,0,0,0,0,0,0,0,0
0.23157,0.2316,0.23142,0,0,0,0,0,0,0,0,0,0,0,0
0.23157,0.2316,0.23142,0,0,0,0,0,0,0,0,0,0,0,0
0.23157,0.2316,0.23142,0,0,0,0,0,0,0,0,0,0,0,0
0.23157,0.2316,0.23142,0,0,0,0,0,0,0,0,0,0,0,0
0.23157,0.2316,0.23142,0,0,0,0,0,0,0,0,0,0,0,0
0.23157,0.2316,0.23142,0,0,0,0,0,0,0,0,0,0,0,0
0.23157,0.2316,0.23142,0,0,0,0,0,0,0,0,0,0,0,0
0.23157,0.2316,0.23142,0,0,0,0,0,0,0,0,0,0,0,0
0.23157,0.2316,0.23142,0,0,0,0,0,0,0,0,0,0,0,0
0.23157,0.2316,0.23142,0,0,0,0,0,0,0,0,0,0,0,0
0.23157,0.2316,0.23142,0,0,0,0,0,0,0,0,0,0,0,0
0.23157,0.2316,0.23142,0,0,0,0,0,0,0,0,0,0,0,0
0.23157,0.2316,0.23142,0,0,0,0,0,0,0,0,0,0,0,0
0.23157,0.2316,0.23142,0,0,0,0,0,0,0,0,0,0,0,0
0.23157,0.2316,0.23142,0,0,0,0,0,0,0,0,0,0,0,0
0.23157,0.2316,0.23142,0,0,0,0,0,0,0,0,0,0,0,0
0.23157,0.2316,0.23142,0,0,0,0,0,0,0,0,0,0,0,0
0.23157,0.2316,0.23142,0,0,0,0,0,0,0,0,0,0,0,0
0.23157,0.2316,0.23142,0,0,0,0,0,0,0,0,0,0,0,0
0.23157,0.2316,0.23142,0,0,0,0,0,0,0,0,0,0,0,0
0.23157,0.2316,0.23142,0,0,0,0,0,0,0,0,0,0,0,0
0.23157,0.2316,0.23142,0,0,0,0,0,0,0,0,0,0,0,0
0.23157,0.2316,0.23142,0,0,0,0,0,0,0,0,0,0,0,0
0.23157,0.2316,0.23142,0,0,0,0,0,0,0,0,0,0,0,0
0.23157,0.2316,0.23142,0,0,0,0,0,0,0,0,0,0,0,0
0.23157,0.2316,0.23142,0,0,0,0,0,0,0,0,0,0,0,0
0.23157,0.2316,0.23142,0,0,0,0,0,0,0,0,0,0,0,0
0.23157,0.2316,0.23142,0,0,0,0,0,0,0,0,0,0,0,0
0.23157,0.2316,0.23142,0,0,0,0,0,0,0,0,0,0,0,0
0.23157,0.2316,0.23142,0,0,0,0,0,0,0,0,0,0,0,0
0.23157,0.2316,0.23142,0,0,0,0,0,0,0,0,0,0,0,0
0.23157,0.2316,0.23142,0,0,0,0,0,0,0,0,0,0,0,0
0.23157,0.2316,0.23142,0,0,0,0,0,0,0,0,0,0,0,0
0.23157,0.2316,0.23142,0,0,0,0,0,0,0,0,0,0,0,0
0.23157,0.2316,0.23142,0,0,0,0,0,0,0,0,0,0,0,0
0.23157,0.2316,0.23142,0,0,0,0,0,0,0,0,0,0,0,0
0.23157,0.2316,0.23142,0,0,0,0,0,0,0,0,0,0,0,0
0.23157,0.2316,0.23142,0,0,0,0,0,0,0,0,0,0,0,0
0.23157,0.2316,0.23142,0,0,0,0,0,0,0,0,0,0,0,0
0.23157,0.2316,0.23142,0,0,0,0,0,0,0,0,0,0,0,0
0.23157,0.2316,0.23142,0,0,0,0,0,0,0,0,0,0,0,0
0.23157,0.2316,0.23142,0,0,0,0,0,0,0,0,0,0,0,0
0.23157,0.2316,0.23142,0,0,0,0,0,0,0,0,0,0,0,0
0.23157,0.2316,0.23142,0,0,0,0,0,0,0,0,0,0,0,0
0.23157,0.2316,0.23142,0,0,0,0,0,0,0,0,0,0,0,0
0.23157,0.2316,0.23142,0,0,0,0,0,0,0,0,0,0,0,0
0.23157,0.2316,0.23142,0,0,0,0,0,0,0,0,0,0,0,0
0.23157,0.2316,0.23142,0,0,0,0,0,0,0,0,0,0,0,0
0.23157,0.2316,0.23142,0,0,0,0,0,0,0,0,0,0,0,0
0.23157,0.2316,0.23142,0,0,0,0,0,0,0,0,0,0,0,0
0.23157,0.2316,0.23142,0,0,0,0,0,0,0,0,0,0,0,0
0.23157,0.2316,0.23142,0,0,0,0,0,0,0,0,0,0,0,0
0.23157,0.2316,0.23142,0,0,0,0,0,0,0,0,0,0,0,0
0.23157,0.2316,0.23142,0,0,0,0,0,0,0,0,0,0,0,0
0.23157,0.2316,0.23142,0,0,0,0,0,0,0,0,0,0,0,0
0.23157,0.2316,0.23142,0,0,0,0,0,0,0,0,0,0,0,0
0.23157,0.2316,0.23142,0,0,0,0,0,0,0,0,0,0,0,0
