1
92.250000,56.500000,130.000000,125.000000
88.708336,52.250000,130.000000,125.000000
88.708336,48.000000,130.000000,125.000000
88.708336,43.750000,130.000000,125.000000
89.416664,40.208332,130.000000,125.000000
95.791664,38.791668,130.000000,125.000000
102.875000,38.083332,130.000000,125.000000
109.250000,38.083332,130.000000,125.000000
117.750000,38.083332,130.000000,125.000000
126.958336,38.083332,130.000000,125.000000
132.625000,38.083332,130.000000,125.000000
140.416672,39.500000,130.000000,125.000000
146.791672,42.333332,130.000000,125.000000
151.041672,45.875000,130.000000,125.000000
153.875000,48.000000,130.000000,125.000000
156.708328,52.250000,130.000000,125.000000
159.541672,53.666668,130.000000,125.000000
162.375000,56.500000,130.000000,125.000000
168.041672,57.916668,130.000000,125.000000
173.000000,60.750000,130.000000,125.000000
173.708328,62.166668,130.000000,125.000000
175.125000,62.875000,130.000000,125.000000
177.958328,64.291664,130.000000,125.000000
178.666672,71.375000,130.000000,125.000000
177.958328,77.750000,130.000000,125.000000
180.791672,86.250000,130.000000,125.000000
177.958328,82.708336,130.000000,125.000000
168.750000,86.250000,130.000000,125.000000
163.083328,86.958336,130.000000,125.000000
159.541672,82.708336,130.000000,125.000000
151.041672,77.041664,130.000000,125.000000
156.708328,82.000000,130.000000,125.000000
151.750000,78.458336,130.000000,125.000000
148.208328,74.916664,130.000000,125.000000
145.375000,68.541664,130.000000,125.000000
147.500000,65.708336,130.000000,125.000000
148.916672,72.083336,130.000000,125.000000
142.541672,77.750000,130.000000,125.000000
134.750000,73.500000,130.000000,125.000000
129.791672,64.291664,130.000000,125.000000
104.291664,67.125000,130.000000,125.000000
75.958336,69.250000,130.000000,125.000000
2
0
0
0
0
1
192.205887,175.064117,77.790001,76.849998
195.642334,184.084778,77.790001,76.849998
197.360550,193.964554,77.790001,76.849998
200.796997,202.126114,77.790001,76.849998
204.662994,209.858109,77.790001,76.849998
209.817673,215.442337,77.790001,76.849998
214.972336,223.174332,77.790001,76.849998
220.126999,229.188110,77.790001,76.849998
226.140778,234.342773,77.790001,76.849998
233.013672,240.786118,77.790001,76.849998
239.027451,243.792999,77.790001,76.849998
246.759445,245.940781,77.790001,76.849998
256.639221,246.799896,77.790001,76.849998
267.807678,247.229446,77.790001,76.849998
277.257904,246.370331,77.790001,76.849998
285.848999,242.074783,77.790001,76.849998
293.580994,236.490555,77.790001,76.849998
303.890320,224.892563,77.790001,76.849998
312.481445,209.858109,77.790001,76.849998
321.072571,193.535004,77.790001,76.849998
327.086334,176.782333,77.790001,76.849998
330.522766,169.050339,77.790001,76.849998
342.550323,146.283890,77.790001,76.849998
355.007446,129.960785,77.790001,76.849998
380.780792,119.221886,77.790001,76.849998
371.760101,114.067223,77.790001,76.849998
389.371887,96.885002,77.790001,76.849998
404.406342,83.998337,77.790001,76.849998
422.447662,78.843666,77.790001,76.849998
380.351227,74.977669,77.790001,76.849998
395.385681,50.493000,77.790001,76.849998
443.925446,28.156111,77.790001,76.849998
407.413208,35.028999,77.790001,76.849998
399.251678,28.585667,77.790001,76.849998
394.526550,25.578777,77.790001,76.849998
388.512787,24.290112,77.790001,76.849998
380.780792,24.290112,77.790001,76.849998
374.766998,26.008333,77.790001,76.849998
364.457672,29.015223,77.790001,76.849998
355.437012,34.169888,77.790001,76.849998
345.986786,38.035889,77.790001,76.849998
336.966125,43.620110,77.790001,76.849998
327.086334,48.774776,77.790001,76.849998
314.629211,54.788555,77.790001,76.849998
301.742554,61.231888,77.790001,76.849998
291.862793,65.097893,77.790001,76.849998
283.271667,68.104774,77.790001,76.849998
274.680542,68.963890,77.790001,76.849998
268.666779,70.252556,77.790001,76.849998
266.089447,69.393440,77.790001,76.849998
262.223450,69.393440,77.790001,76.849998
257.498322,68.534332,77.790001,76.849998
252.343674,67.245667,77.790001,76.849998
246.759445,66.386559,77.790001,76.849998
245.900330,64.238777,77.790001,76.849998
240.745667,63.379665,77.790001,76.849998
236.450104,62.091000,77.790001,76.849998
222.704330,62.091000,77.790001,76.849998
231.295441,68.963890,77.790001,76.849998
224.422562,69.393440,77.790001,76.849998
216.261002,68.963890,77.790001,76.849998
210.676773,70.682114,77.790001,76.849998
205.522110,70.252556,77.790001,76.849998
198.219666,71.970779,77.790001,76.849998
190.058105,74.548111,77.790001,76.849998
177.600998,77.984558,77.790001,76.849998
162.566559,90.441666,77.790001,76.849998
147.532104,111.489891,77.790001,76.849998
145.384338,117.503670,77.790001,76.849998
126.483887,171.627670,77.790001,76.849998
109.301666,175.923218,77.790001,76.849998
108.872108,166.902557,77.790001,76.849998
85.676109,150.579437,77.790001,76.849998
80.950996,158.740997,77.790001,76.849998
80.521446,165.184326,77.790001,76.849998
70.641670,180.648331,77.790001,76.849998
77.084999,170.768555,77.790001,76.849998
84.817001,159.600113,77.790001,76.849998
90.830780,148.431671,77.790001,76.849998
97.703667,137.692780,77.790001,76.849998
105.006111,129.531219,77.790001,76.849998
116.604111,122.658333,77.790001,76.849998
128.631668,114.926331,77.790001,76.849998
141.518326,106.335220,77.790001,76.849998
151.827667,98.603226,77.790001,76.849998
162.566559,93.878113,77.790001,76.849998
171.157669,90.871223,77.790001,76.849998
180.178329,90.441666,77.790001,76.849998
187.480774,93.018997,77.790001,76.849998
191.346771,98.173668,77.790001,76.849998
192.205887,105.476112,77.790001,76.849998
193.924118,111.919441,77.790001,76.849998
194.783218,119.651443,77.790001,76.849998
196.931000,125.665222,77.790001,76.849998
199.508331,134.256332,77.790001,76.849998
199.937881,138.122330,77.790001,76.849998
199.078781,140.270111,77.790001,76.849998
197.360550,142.847443,77.790001,76.849998
196.931000,146.283890,77.790001,76.849998
197.790115,151.438553,77.790001,76.849998
199.937881,157.452332,77.790001,76.849998
201.656113,161.747894,77.790001,76.849998
201.656113,166.473007,77.790001,76.849998
203.374329,170.339005,77.790001,76.849998
202.515228,172.916336,77.790001,76.849998
202.515228,175.064117,77.790001,76.849998
202.944778,175.493668,77.790001,76.849998
207.240326,178.500549,77.790001,76.849998
209.817673,181.077896,77.790001,76.849998
214.972336,183.655228,77.790001,76.849998
214.972336,182.796112,77.790001,76.849998
214.542770,181.507446,77.790001,76.849998
213.254105,178.930115,77.790001,76.849998
215.831451,177.641449,77.790001,76.849998
218.408783,177.641449,77.790001,76.849998
