1
578.000000,477.000000,103.000000,111.000000
576.000000,478.000000,104.000000,111.000000
575.000000,477.000000,104.000000,111.000000
573.000000,477.000000,104.000000,111.000000
572.000000,479.000000,104.000000,110.000000
569.000000,479.000000,102.000000,111.000000
564.000000,480.000000,104.000000,108.000000
563.000000,480.000000,106.000000,109.000000
562.000000,480.000000,104.000000,109.000000
561.000000,480.000000,110.000000,108.000000
561.000000,479.000000,109.000000,108.000000
561.000000,479.000000,104.000000,108.000000
559.000000,479.000000,105.000000,107.000000
559.000000,479.000000,103.000000,107.000000
558.000000,479.000000,100.000000,107.000000
558.000000,479.000000,100.000000,107.000000
557.000000,479.000000,100.000000,108.000000
558.000000,479.000000,99.000000,107.000000
557.000000,479.000000,100.000000,107.000000
557.000000,479.000000,101.000000,108.000000
557.000000,479.000000,101.000000,108.000000
557.000000,484.000000,102.000000,103.000000
557.000000,483.000000,103.000000,104.000000
556.000000,483.000000,105.000000,104.000000
555.000000,483.000000,104.000000,100.000000
554.000000,484.000000,104.000000,104.000000
554.000000,484.000000,109.000000,104.000000
554.000000,484.000000,110.000000,106.000000
554.000000,485.000000,103.000000,101.000000
553.000000,485.000000,105.000000,104.000000
553.000000,485.000000,108.000000,108.000000
554.000000,484.000000,109.000000,109.000000
555.000000,484.000000,110.000000,111.000000
555.000000,484.000000,111.000000,109.000000
558.000000,485.000000,110.000000,111.000000
558.000000,485.000000,111.000000,111.000000
560.000000,487.000000,111.000000,111.000000
560.000000,487.000000,96.000000,111.000000
559.000000,488.000000,98.000000,111.000000
555.000000,489.000000,98.000000,111.000000
554.000000,489.000000,96.000000,111.000000
552.000000,489.000000,97.000000,111.000000
554.000000,489.000000,95.000000,111.000000
552.000000,489.000000,95.000000,111.000000
553.000000,490.000000,94.000000,110.000000
553.000000,489.000000,95.000000,111.000000
554.000000,489.000000,101.000000,111.000000
554.000000,489.000000,97.000000,111.000000
554.000000,489.000000,96.000000,111.000000
554.000000,489.000000,94.000000,111.000000
553.000000,489.000000,102.000000,111.000000
552.000000,489.000000,104.000000,107.000000
552.000000,489.000000,109.000000,110.000000
552.000000,490.000000,104.000000,110.000000
552.000000,489.000000,103.000000,110.000000
552.000000,492.000000,100.000000,105.000000
552.000000,492.000000,82.000000,105.000000
552.000000,489.000000,88.000000,102.000000
2
0
0
0
0
1
572.000000,586.000000,103.000000,107.000000
572.000000,587.000000,101.000000,106.000000
573.000000,588.000000,99.000000,105.000000
572.000000,590.000000,100.000000,102.000000
572.000000,590.000000,101.000000,102.000000
572.000000,590.000000,100.000000,102.000000
572.000000,591.000000,100.000000,101.000000
572.000000,593.000000,101.000000,99.000000
571.000000,593.000000,97.000000,99.000000
571.000000,593.000000,89.000000,98.000000
571.000000,592.000000,97.000000,100.000000
570.000000,592.000000,91.000000,99.000000
566.000000,591.000000,93.000000,97.000000
2
0
0
0
0
1
714.000000,537.000000,96.000000,101.000000
724.000000,542.000000,93.000000,94.000000
730.000000,541.000000,95.000000,93.000000
736.000000,539.000000,97.000000,93.000000
743.000000,537.000000,94.000000,92.000000
742.000000,535.000000,101.000000,95.000000
752.000000,534.000000,94.000000,92.000000
750.000000,533.000000,95.000000,91.000000
754.000000,532.000000,101.000000,92.000000
760.000000,532.000000,101.000000,93.000000
764.000000,532.000000,101.000000,91.000000
769.000000,534.000000,99.000000,89.000000
774.000000,534.000000,99.000000,87.000000
783.000000,536.000000,97.000000,91.000000
793.000000,554.000000,81.000000,66.000000
802.000000,547.000000,86.000000,78.000000
804.000000,549.000000,89.000000,72.000000
815.000000,564.000000,79.000000,71.000000
822.000000,572.000000,74.000000,51.000000
822.000000,559.000000,87.000000,80.000000
835.000000,556.000000,78.000000,70.000000
841.000000,560.000000,75.000000,74.000000
842.000000,559.000000,75.000000,65.000000
845.000000,551.000000,75.000000,73.000000
847.000000,553.000000,69.000000,71.000000
846.000000,552.000000,70.000000,72.000000
850.000000,552.000000,66.000000,74.000000
850.000000,553.000000,67.000000,75.000000
848.000000,546.000000,69.000000,84.000000
849.000000,544.000000,67.000000,87.000000
847.000000,544.000000,67.000000,87.000000
849.000000,539.000000,65.000000,90.000000
848.000000,537.000000,67.000000,91.000000
848.000000,535.000000,75.000000,90.000000
850.000000,531.000000,73.000000,91.000000
844.000000,538.000000,53.000000,79.000000
846.000000,540.000000,50.000000,85.000000
832.000000,545.000000,54.000000,70.000000
824.000000,538.000000,63.000000,70.000000
822.000000,562.000000,47.000000,49.000000
808.000000,563.000000,45.000000,61.000000
801.000000,549.000000,39.000000,65.000000
795.000000,553.000000,49.000000,61.000000
781.000000,524.000000,33.000000,35.000000
784.000000,486.000000,15.000000,49.000000
798.000000,540.000000,21.000000,39.000000
807.000000,521.000000,15.000000,7.000000
794.000000,548.000000,29.000000,17.000000
779.000000,498.000000,6.000000,19.000000
821.000000,532.000000,2.000000,2.000000
774.000000,487.000000,2.000000,2.000000
2
0
0
