1
578.000000,478.000000,107.000000,110.000000
573.000000,477.000000,106.000000,110.000000
571.000000,476.000000,107.000000,110.000000
571.000000,476.000000,107.000000,110.000000
571.000000,479.000000,107.000000,107.000000
571.000000,479.000000,107.000000,108.000000
569.000000,480.000000,104.000000,107.000000
568.000000,480.000000,103.000000,107.000000
566.000000,480.000000,104.000000,107.000000
566.000000,480.000000,106.000000,107.000000
563.000000,479.000000,107.000000,106.000000
561.000000,479.000000,104.000000,106.000000
562.000000,479.000000,102.000000,106.000000
561.000000,479.000000,101.000000,107.000000
560.000000,479.000000,102.000000,106.000000
560.000000,479.000000,100.000000,107.000000
559.000000,479.000000,104.000000,107.000000
559.000000,479.000000,100.000000,107.000000
559.000000,479.000000,98.000000,107.000000
559.000000,479.000000,99.000000,107.000000
558.000000,479.000000,100.000000,107.000000
558.000000,481.000000,101.000000,105.000000
558.000000,482.000000,102.000000,104.000000
557.000000,479.000000,104.000000,107.000000
557.000000,483.000000,100.000000,102.000000
557.000000,484.000000,101.000000,101.000000
556.000000,484.000000,107.000000,102.000000
557.000000,485.000000,103.000000,102.000000
557.000000,485.000000,103.000000,101.000000
556.000000,485.000000,104.000000,104.000000
556.000000,485.000000,105.000000,106.000000
556.000000,484.000000,108.000000,109.000000
556.000000,483.000000,109.000000,110.000000
557.000000,484.000000,110.000000,109.000000
558.000000,484.000000,110.000000,109.000000
558.000000,485.000000,111.000000,110.000000
559.000000,485.000000,104.000000,110.000000
558.000000,486.000000,108.000000,109.000000
558.000000,487.000000,97.000000,108.000000
555.000000,488.000000,93.000000,111.000000
557.000000,496.000000,92.000000,104.000000
559.000000,496.000000,106.000000,104.000000
563.000000,498.000000,98.000000,102.000000
561.000000,499.000000,87.000000,101.000000
564.000000,500.000000,84.000000,100.000000
565.000000,503.000000,80.000000,97.000000
565.000000,502.000000,91.000000,98.000000
565.000000,506.000000,86.000000,94.000000
565.000000,506.000000,85.000000,95.000000
565.000000,506.000000,83.000000,95.000000
562.000000,506.000000,93.000000,95.000000
564.000000,508.000000,92.000000,92.000000
564.000000,509.000000,97.000000,91.000000
564.000000,511.000000,92.000000,89.000000
556.000000,503.000000,94.000000,89.000000
564.000000,511.000000,90.000000,83.000000
569.000000,512.000000,75.000000,75.000000
2
0
0
0
0
1
573.000000,585.000000,100.000000,104.000000
572.000000,586.000000,103.000000,103.000000
572.000000,587.000000,101.000000,102.000000
573.000000,588.000000,99.000000,101.000000
573.000000,588.000000,99.000000,100.000000
573.000000,589.000000,100.000000,99.000000
573.000000,590.000000,99.000000,99.000000
573.000000,592.000000,99.000000,97.000000
573.000000,593.000000,100.000000,95.000000
572.000000,593.000000,99.000000,99.000000
572.000000,593.000000,102.000000,99.000000
572.000000,592.000000,96.000000,100.000000
572.000000,592.000000,93.000000,97.000000
572.000000,592.000000,93.000000,97.000000
2
0
0
0
0
1
714.000000,537.000000,96.000000,101.000000
724.000000,544.000000,91.000000,92.000000
728.000000,542.000000,90.000000,92.000000
736.000000,540.000000,85.000000,95.000000
736.000000,542.000000,91.000000,87.000000
742.000000,538.000000,90.000000,90.000000
739.000000,538.000000,97.000000,88.000000
743.000000,534.000000,97.000000,90.000000
749.000000,533.000000,96.000000,91.000000
754.000000,531.000000,94.000000,94.000000
759.000000,532.000000,97.000000,91.000000
764.000000,528.000000,97.000000,95.000000
770.000000,529.000000,94.000000,94.000000
775.000000,528.000000,93.000000,91.000000
780.000000,527.000000,94.000000,93.000000
789.000000,532.000000,97.000000,93.000000
802.000000,538.000000,86.000000,83.000000
812.000000,548.000000,70.000000,75.000000
823.000000,549.000000,67.000000,83.000000
821.000000,557.000000,68.000000,71.000000
832.000000,568.000000,63.000000,71.000000
834.000000,572.000000,65.000000,62.000000
839.000000,568.000000,61.000000,66.000000
837.000000,575.000000,64.000000,48.000000
840.000000,572.000000,67.000000,52.000000
840.000000,568.000000,66.000000,56.000000
841.000000,569.000000,66.000000,57.000000
843.000000,570.000000,65.000000,74.000000
848.000000,566.000000,69.000000,64.000000
856.000000,575.000000,52.000000,56.000000
854.000000,565.000000,60.000000,66.000000
849.000000,560.000000,63.000000,69.000000
848.000000,563.000000,63.000000,65.000000
849.000000,559.000000,74.000000,66.000000
850.000000,559.000000,73.000000,62.000000
847.000000,567.000000,49.000000,50.000000
839.000000,567.000000,55.000000,48.000000
837.000000,567.000000,41.000000,36.000000
831.000000,563.000000,39.000000,41.000000
817.000000,563.000000,35.000000,35.000000
812.000000,552.000000,23.000000,41.000000
803.000000,554.000000,41.000000,31.000000
782.000000,502.000000,6.000000,23.000000
780.000000,513.000000,37.000000,15.000000
783.000000,544.000000,8.000000,3.000000
739.000000,509.000000,31.000000,14.000000
2
0
0
0
0
1
711.000000,419.000000,149.000000,149.000000
718.000000,411.000000,142.000000,149.000000
