1
185.00,21.00,185.00,59.00,237.00,59.00,237.00,21.00
185.00,23.00,185.00,61.00,237.00,61.00,237.00,23.00
185.00,24.00,185.00,62.00,237.00,62.00,237.00,24.00
185.00,26.00,185.00,64.00,237.00,64.00,237.00,26.00
185.00,27.00,185.00,65.00,237.00,65.00,237.00,27.00
183.00,29.00,183.00,66.00,233.00,66.00,233.00,29.00
182.00,31.00,182.00,68.00,232.00,68.00,232.00,31.00
181.00,31.00,181.00,69.00,232.00,69.00,232.00,31.00
180.00,33.00,180.00,71.00,231.00,71.00,231.00,33.00
181.00,35.00,181.00,73.00,232.00,73.00,232.00,35.00
180.00,37.00,180.00,75.00,231.00,75.00,231.00,37.00
180.00,39.00,180.00,76.00,230.00,76.00,230.00,39.00
180.00,40.00,180.00,77.00,230.00,77.00,230.00,40.00
181.00,42.00,181.00,78.00,229.00,78.00,229.00,42.00
181.00,43.00,181.00,79.00,229.00,79.00,229.00,43.00
179.00,43.00,179.00,82.00,231.00,82.00,231.00,43.00
179.00,44.00,179.00,83.00,231.00,83.00,231.00,44.00
180.00,46.00,180.00,84.00,231.00,84.00,231.00,46.00
180.00,47.00,180.00,85.00,231.00,85.00,231.00,47.00
179.00,47.00,179.00,86.00,231.00,86.00,231.00,47.00
179.00,49.00,179.00,88.00,231.00,88.00,231.00,49.00
178.00,51.00,178.00,91.00,231.00,91.00,231.00,51.00
177.00,52.00,177.00,92.00,230.00,92.00,230.00,52.00
177.00,52.00,177.00,91.00,230.00,91.00,230.00,52.00
177.00,54.00,177.00,93.00,230.00,93.00,230.00,54.00
177.00,56.00,177.00,96.00,230.00,96.00,230.00,56.00
177.00,57.00,177.00,97.00,230.00,97.00,230.00,57.00
175.00,57.00,175.00,97.00,229.00,97.00,229.00,57.00
176.00,58.00,176.00,98.00,230.00,98.00,230.00,58.00
176.00,59.00,176.00,99.00,230.00,99.00,230.00,59.00
176.00,59.00,176.00,99.00,230.00,99.00,230.00,59.00
176.00,59.00,176.00,100.00,231.00,100.00,231.00,59.00
176.00,59.00,176.00,100.00,231.00,100.00,231.00,59.00
178.00,61.00,178.00,100.00,230.00,100.00,230.00,61.00
177.00,61.00,177.00,100.00,229.00,100.00,229.00,61.00
176.00,59.00,176.00,100.00,232.00,100.00,232.00,59.00
176.00,60.00,176.00,101.00,232.00,101.00,232.00,60.00
179.00,61.00,179.00,99.00,230.00,99.00,230.00,61.00
179.00,60.00,179.00,98.00,230.00,98.00,230.00,60.00
178.00,59.00,178.00,98.00,231.00,98.00,231.00,59.00
179.00,59.00,179.00,98.00,232.00,98.00,232.00,59.00
180.00,60.00,180.00,99.00,232.00,99.00,232.00,60.00
181.00,60.00,181.00,99.00,233.00,99.00,233.00,60.00
182.00,60.00,182.00,98.00,233.00,98.00,233.00,60.00
182.00,61.00,182.00,99.00,233.00,99.00,233.00,61.00
183.00,62.00,183.00,98.00,232.00,98.00,232.00,62.00
184.00,62.00,184.00,98.00,233.00,98.00,233.00,62.00
186.00,63.00,186.00,98.00,233.00,98.00,233.00,63.00
187.00,63.00,187.00,98.00,234.00,98.00,234.00,63.00
189.00,64.00,189.00,98.00,235.00,98.00,235.00,64.00
189.00,63.00,189.00,97.00,235.00,97.00,235.00,63.00
192.00,64.00,192.00,97.00,236.00,97.00,236.00,64.00
192.00,63.00,192.00,96.00,236.00,96.00,236.00,63.00
194.00,63.00,194.00,95.00,236.00,95.00,236.00,63.00
195.00,63.00,195.00,95.00,237.00,95.00,237.00,63.00
196.00,62.00,196.00,93.00,237.00,93.00,237.00,62.00
198.00,61.00,198.00,92.00,239.00,92.00,239.00,61.00
201.00,61.00,201.00,91.00,241.00,91.00,241.00,61.00
201.00,61.00,201.00,91.00,241.00,91.00,241.00,61.00
203.00,60.00,203.00,89.00,241.00,89.00,241.00,60.00
204.00,60.00,204.00,89.00,242.00,89.00,242.00,60.00
205.00,60.00,205.00,88.00,242.00,88.00,242.00,60.00
206.00,60.00,206.00,88.00,243.00,88.00,243.00,60.00
208.00,59.00,208.00,86.00,244.00,86.00,244.00,59.00
207.00,59.00,207.00,86.00,243.00,86.00,243.00,59.00
209.00,60.00,209.00,85.00,242.00,85.00,242.00,60.00
208.00,60.00,208.00,85.00,241.00,85.00,241.00,60.00
209.00,61.00,209.00,85.00,241.00,85.00,241.00,61.00
210.00,61.00,210.00,85.00,242.00,85.00,242.00,61.00
211.00,62.00,211.00,85.00,241.00,85.00,241.00,62.00
211.00,61.00,211.00,84.00,241.00,84.00,241.00,61.00
208.00,60.00,208.00,85.00,242.00,85.00,242.00,60.00
209.00,60.00,209.00,85.00,243.00,85.00,243.00,60.00
211.00,60.00,211.00,84.00,244.00,84.00,244.00,60.00
211.00,60.00,211.00,84.00,244.00,84.00,244.00,60.00
213.00,61.00,213.00,85.00,245.00,85.00,245.00,61.00
214.00,62.00,214.00,86.00,246.00,86.00,246.00,62.00
215.00,62.00,215.00,85.00,246.00,85.00,246.00,62.00
215.00,62.00,215.00,85.00,246.00,85.00,246.00,62.00
215.00,61.00,215.00,86.00,249.00,86.00,249.00,61.00
216.00,61.00,216.00,86.00,250.00,86.00,250.00,61.00
218.00,61.00,218.00,85.00,251.00,85.00,251.00,61.00
219.00,60.00,219.00,84.00,252.00,84.00,252.00,60.00
221.00,61.00,221.00,85.00,253.00,85.00,253.00,61.00
222.00,60.00,222.00,84.00,254.00,84.00,254.00,60.00
224.00,60.00,224.00,83.00,254.00,83.00,254.00,60.00
225.00,60.00,225.00,83.00,255.00,83.00,255.00,60.00
226.00,60.00,226.00,82.00,255.00,82.00,255.00,60.00
227.00,60.00,227.00,82.00,256.00,82.00,256.00,60.00
225.00,58.00,225.00,82.00,258.00,82.00,258.00,58.00
225.00,57.00,225.00,81.00,258.00,81.00,258.00,57.00
224.00,56.00,224.00,84.00,261.00,84.00,261.00,56.00
225.00,55.00,225.00,83.00,262.00,83.00,262.00,55.00
224.00,52.00,224.00,83.00,266.00,83.00,266.00,52.00
225.00,51.00,225.00,82.00,267.00,82.00,267.00,51.00
225.00,50.00,225.00,80.00,265.00,80.00,265.00,50.00
224.00,49.00,224.00,79.00,264.00,79.00,264.00,49.00
224.00,48.00,224.00,77.00,263.00,77.00,263.00,48.00
223.00,47.00,223.00,76.00,262.00,76.00,262.00,47.00
220.00,45.00,220.00,77.00,263.00,77.00,263.00,45.00
219.00,43.00,219.00,75.00,262.00,75.00,262.00,43.00
220.00,43.00,220.00,72.00,259.00,72.00,259.00,43.00
218.00,42.00,218.00,71.00,257.00,71.00,257.00,42.00
216.00,40.00,216.00,68.00,254.00,68.00,254.00,40.00
212.00,39.00,212.00,67.00,250.00,67.00,250.00,39.00
210.00,37.00,210.00,64.00,246.00,64.00,246.00,37.00
208.00,35.00,208.00,62.00,244.00,62.00,244.00,35.00
206.00,34.00,206.00,60.00,241.00,60.00,241.00,34.00
205.00,32.00,205.00,58.00,240.00,58.00,240.00,32.00
202.00,28.00,202.00,58.00,242.00,58.00,242.00,28.00
197.00,29.00,197.00,59.00,237.00,59.00,237.00,29.00
194.00,26.00,194.00,60.00,240.00,60.00,240.00,26.00
194.00,25.00,194.00,59.00,240.00,59.00,240.00,25.00
193.00,23.00,193.00,60.00,242.00,60.00,242.00,23.00
194.00,21.00,194.00,58.00,243.00,58.00,243.00,21.00
194.00,21.00,194.00,58.00,244.00,58.00,244.00,21.00
194.00,19.00,194.00,56.00,244.00,56.00,244.00,19.00
195.00,18.00,195.00,54.00,243.00,54.00,243.00,18.00
196.00,17.00,196.00,53.00,244.00,53.00,244.00,17.00
193.00,12.00,193.00,51.00,246.00,51.00,246.00,12.00
194.00,10.00,194.00,49.00,247.00,49.00,247.00,10.00
196.00,9.00,196.00,47.00,247.00,47.00,247.00,9.00
196.00,7.00,196.00,45.00,247.00,45.00,247.00,7.00
196.00,7.00,196.00,45.00,247.00,45.00,247.00,7.00
197.00,4.00,197.00,42.00,248.00,42.00,248.00,4.00
199.00,2.00,199.00,39.00,249.00,39.00,249.00,2.00
200.00,1.00,200.00,38.00,250.00,38.00,250.00,1.00
198.00,0.00,198.00,39.00,253.00,39.00,253.00,0.00
200.00,0.00,200.00,37.00,255.00,37.00,255.00,0.00
200.00,0.00,200.00,37.00,255.00,37.00,255.00,0.00
201.00,0.00,201.00,35.00,256.00,35.00,256.00,0.00
202.00,0.00,202.00,35.00,258.00,35.00,258.00,0.00
204.00,0.00,204.00,34.00,260.00,34.00,260.00,0.00
203.00,0.00,203.00,33.00,261.00,33.00,261.00,0.00
205.00,0.00,205.00,33.00,263.00,33.00,263.00,0.00
206.00,0.00,206.00,33.00,266.00,33.00,266.00,0.00
207.00,0.00,207.00,32.00,267.00,32.00,267.00,0.00
206.00,0.00,206.00,33.00,268.00,33.00,268.00,0.00
208.00,0.00,208.00,32.00,270.00,32.00,270.00,0.00
208.00,0.00,208.00,33.00,272.00,33.00,272.00,0.00
209.00,0.00,209.00,33.00,273.00,33.00,273.00,0.00
213.00,0.00,213.00,30.00,273.00,30.00,273.00,0.00
213.00,0.00,213.00,30.00,273.00,30.00,273.00,0.00
2
0
0
0
0
1
246.00,51.00,246.00,121.00,262.00,121.00,262.00,51.00
247.00,49.00,247.00,119.00,263.00,119.00,263.00,49.00
247.00,48.00,247.00,118.00,263.00,118.00,263.00,48.00
247.00,47.00,247.00,117.00,263.00,117.00,263.00,47.00
247.00,46.00,247.00,116.00,263.00,116.00,263.00,46.00
245.00,42.00,245.00,118.00,262.00,118.00,262.00,42.00
245.00,42.00,245.00,118.00,262.00,118.00,262.00,42.00
245.00,40.00,245.00,118.00,263.00,118.00,263.00,40.00
245.00,40.00,245.00,118.00,263.00,118.00,263.00,40.00
245.00,43.00,245.00,113.00,261.00,113.00,261.00,43.00
245.00,41.00,245.00,111.00,261.00,111.00,261.00,41.00
244.00,40.00,244.00,111.00,260.00,111.00,260.00,40.00
243.00,41.00,243.00,112.00,259.00,112.00,259.00,41.00
240.00,38.00,240.00,114.00,257.00,114.00,257.00,38.00
240.00,40.00,240.00,116.00,257.00,116.00,257.00,40.00
2
0
0
0
0
1
235.00,130.00,235.00,192.00,255.00,192.00,255.00,130.00
233.00,131.00,233.00,193.00,253.00,193.00,253.00,131.00
231.00,132.00,231.00,194.00,251.00,194.00,251.00,132.00
230.00,132.00,230.00,194.00,250.00,194.00,250.00,132.00
228.00,133.00,228.00,195.00,248.00,195.00,248.00,133.00
226.00,128.00,226.00,198.00,248.00,198.00,248.00,128.00
225.00,130.00,225.00,200.00,247.00,200.00,247.00,130.00
223.00,130.00,223.00,203.00,246.00,203.00,246.00,130.00
222.00,131.00,222.00,204.00,245.00,204.00,245.00,131.00
221.00,131.00,221.00,206.00,245.00,206.00,245.00,131.00
220.00,133.00,220.00,208.00,244.00,208.00,244.00,133.00
219.00,134.00,219.00,212.00,244.00,212.00,244.00,134.00
218.00,136.00,218.00,214.00,243.00,214.00,243.00,136.00
217.00,136.00,217.00,217.00,243.00,217.00,243.00,136.00
216.00,138.00,216.00,219.00,242.00,219.00,242.00,138.00
215.00,139.00,215.00,222.00,242.00,222.00,242.00,139.00
213.00,142.00,213.00,225.00,240.00,225.00,240.00,142.00
212.00,143.00,212.00,229.00,240.00,229.00,240.00,143.00
212.00,146.00,212.00,232.00,240.00,232.00,240.00,146.00
210.00,146.00,210.00,236.00,238.00,236.00,238.00,146.00
209.00,148.00,209.00,238.00,237.00,238.00,237.00,148.00
208.00,149.00,208.00,239.00,237.00,239.00,237.00,149.00
207.00,150.00,207.00,240.00,236.00,240.00,236.00,150.00
206.00,151.00,206.00,241.00,234.00,241.00,234.00,151.00
205.00,151.00,205.00,241.00,233.00,241.00,233.00,151.00
204.00,150.00,204.00,242.00,234.00,242.00,234.00,150.00
201.00,150.00,201.00,242.00,231.00,242.00,231.00,150.00
200.00,151.00,200.00,242.00,229.00,242.00,229.00,151.00
198.00,152.00,198.00,243.00,227.00,243.00,227.00,152.00
196.00,151.00,196.00,243.00,226.00,243.00,226.00,151.00
193.00,151.00,193.00,243.00,223.00,243.00,223.00,151.00
190.00,151.00,190.00,242.00,219.00,242.00,219.00,151.00
188.00,152.00,188.00,243.00,217.00,243.00,217.00,152.00
186.00,156.00,186.00,241.00,213.00,241.00,213.00,156.00
184.00,157.00,184.00,242.00,211.00,242.00,211.00,157.00
181.00,157.00,181.00,245.00,209.00,245.00,209.00,157.00
178.00,159.00,178.00,247.00,206.00,247.00,206.00,159.00
176.00,161.00,176.00,247.00,204.00,247.00,204.00,161.00
173.00,162.00,173.00,248.00,201.00,248.00,201.00,162.00
169.00,164.00,169.00,253.00,197.00,253.00,197.00,164.00
167.00,165.00,167.00,254.00,195.00,254.00,195.00,165.00
165.00,167.00,165.00,256.00,193.00,256.00,193.00,167.00
163.00,167.00,163.00,256.00,191.00,256.00,191.00,167.00
161.00,169.00,161.00,257.00,189.00,257.00,189.00,169.00
159.00,171.00,159.00,259.00,187.00,259.00,187.00,171.00
156.00,170.00,156.00,261.00,185.00,261.00,185.00,170.00
154.00,172.00,154.00,263.00,183.00,263.00,183.00,172.00
151.00,171.00,151.00,265.00,181.00,265.00,181.00,171.00
148.00,173.00,148.00,267.00,178.00,267.00,178.00,173.00
146.00,174.00,146.00,266.00,175.00,266.00,175.00,174.00
144.00,175.00,144.00,267.00,173.00,267.00,173.00,175.00
143.00,176.00,143.00,268.00,172.00,268.00,172.00,176.00
142.00,176.00,142.00,268.00,171.00,268.00,171.00,176.00
141.00,175.00,141.00,270.00,171.00,270.00,171.00,175.00
140.00,176.00,140.00,271.00,170.00,271.00,170.00,176.00
139.00,178.00,139.00,271.00,169.00,271.00,169.00,178.00
138.00,180.00,138.00,273.00,168.00,273.00,168.00,180.00
136.00,179.00,136.00,275.00,167.00,275.00,167.00,179.00
133.00,182.00,133.00,278.00,164.00,278.00,164.00,182.00
130.00,184.00,130.00,278.00,160.00,278.00,160.00,184.00
127.00,187.00,127.00,281.00,157.00,281.00,157.00,187.00
123.00,188.00,123.00,282.00,153.00,282.00,153.00,188.00
120.00,189.00,120.00,283.00,150.00,283.00,150.00,189.00
116.00,188.00,116.00,285.00,147.00,285.00,147.00,188.00
113.00,189.00,113.00,286.00,144.00,286.00,144.00,189.00
112.00,190.00,112.00,286.00,143.00,286.00,143.00,190.00
110.00,189.00,110.00,285.00,141.00,285.00,141.00,189.00
109.00,188.00,109.00,284.00,140.00,284.00,140.00,188.00
108.00,188.00,108.00,284.00,139.00,284.00,139.00,188.00
107.00,188.00,107.00,283.00,137.00,283.00,137.00,188.00
106.00,188.00,106.00,283.00,136.00,283.00,136.00,188.00
105.00,189.00,105.00,283.00,135.00,283.00,135.00,189.00
103.00,189.00,103.00,283.00,133.00,283.00,133.00,189.00
103.00,191.00,103.00,279.00,131.00,279.00,131.00,191.00
102.00,189.00,102.00,277.00,130.00,277.00,130.00,189.00
102.00,190.00,102.00,275.00,129.00,275.00,129.00,190.00
102.00,188.00,102.00,273.00,129.00,273.00,129.00,188.00
101.00,186.00,101.00,272.00,129.00,272.00,129.00,186.00
100.00,186.00,100.00,272.00,128.00,272.00,128.00,186.00
98.00,186.00,98.00,271.00,125.00,271.00,125.00,186.00
96.00,187.00,96.00,272.00,123.00,272.00,123.00,187.00
93.00,187.00,93.00,271.00,120.00,271.00,120.00,187.00
91.00,187.00,91.00,271.00,118.00,271.00,118.00,187.00
89.00,190.00,89.00,268.00,114.00,268.00,114.00,190.00
87.00,191.00,87.00,269.00,112.00,269.00,112.00,191.00
85.00,189.00,85.00,270.00,111.00,270.00,111.00,189.00
83.00,190.00,83.00,271.00,109.00,271.00,109.00,190.00
82.00,190.00,82.00,273.00,109.00,273.00,109.00,190.00
80.00,191.00,80.00,274.00,107.00,274.00,107.00,191.00
80.00,191.00,80.00,275.00,107.00,275.00,107.00,191.00
83.00,191.00,83.00,275.00,110.00,275.00,110.00,191.00
86.00,197.00,86.00,275.00,111.00,275.00,111.00,197.00
88.00,200.00,88.00,278.00,113.00,278.00,113.00,200.00
91.00,201.00,91.00,279.00,116.00,279.00,116.00,201.00
94.00,201.00,94.00,279.00,119.00,279.00,119.00,201.00
100.00,201.00,100.00,277.00,124.00,277.00,124.00,201.00
105.00,201.00,105.00,277.00,129.00,277.00,129.00,201.00
110.00,201.00,110.00,276.00,134.00,276.00,134.00,201.00
112.00,201.00,112.00,276.00,136.00,276.00,136.00,201.00
116.00,201.00,116.00,274.00,139.00,274.00,139.00,201.00
121.00,202.00,121.00,275.00,144.00,275.00,144.00,202.00
124.00,201.00,124.00,277.00,148.00,277.00,148.00,201.00
125.00,199.00,125.00,275.00,149.00,275.00,149.00,199.00
124.00,195.00,124.00,277.00,150.00,277.00,150.00,195.00
123.00,194.00,123.00,276.00,149.00,276.00,149.00,194.00
123.00,193.00,123.00,275.00,149.00,275.00,149.00,193.00
123.00,192.00,123.00,274.00,149.00,274.00,149.00,192.00
122.00,191.00,122.00,276.00,149.00,276.00,149.00,191.00
120.00,191.00,120.00,276.00,147.00,276.00,147.00,191.00
2
0
0
0
0
1
155.00,206.00,155.00,258.00,219.00,258.00,219.00,206.00
153.00,205.00,153.00,257.00,217.00,257.00,217.00,205.00
152.00,205.00,152.00,257.00,216.00,257.00,216.00,205.00
150.00,205.00,150.00,257.00,214.00,257.00,214.00,205.00
149.00,205.00,149.00,257.00,213.00,257.00,213.00,205.00
146.00,202.00,146.00,258.00,216.00,258.00,216.00,202.00
145.00,202.00,145.00,258.00,215.00,258.00,215.00,202.00
147.00,205.00,147.00,255.00,210.00,255.00,210.00,205.00
146.00,206.00,146.00,256.00,209.00,256.00,209.00,206.00
144.00,205.00,144.00,257.00,209.00,257.00,209.00,205.00
144.00,206.00,144.00,258.00,209.00,258.00,209.00,206.00
143.00,205.00,143.00,259.00,210.00,259.00,210.00,205.00
143.00,205.00,143.00,259.00,210.00,259.00,210.00,205.00
139.00,202.00,139.00,261.00,213.00,261.00,213.00,202.00
141.00,203.00,141.00,262.00,215.00,262.00,215.00,203.00
140.00,202.00,140.00,263.00,216.00,263.00,216.00,202.00
141.00,203.00,141.00,264.00,217.00,264.00,217.00,203.00
140.00,201.00,140.00,264.00,219.00,264.00,219.00,201.00
140.00,202.00,140.00,265.00,219.00,265.00,219.00,202.00
146.00,208.00,146.00,263.00,215.00,263.00,215.00,208.00
144.00,208.00,144.00,263.00,213.00,263.00,213.00,208.00
144.00,208.00,144.00,265.00,216.00,265.00,216.00,208.00
145.00,209.00,145.00,266.00,217.00,266.00,217.00,209.00
144.00,207.00,144.00,266.00,218.00,266.00,218.00,207.00
144.00,208.00,144.00,267.00,218.00,267.00,218.00,208.00
143.00,207.00,143.00,268.00,219.00,268.00,219.00,207.00
143.00,208.00,143.00,269.00,219.00,269.00,219.00,208.00
148.00,211.00,148.00,267.00,217.00,267.00,217.00,211.00
148.00,210.00,148.00,266.00,217.00,266.00,217.00,210.00
147.00,209.00,147.00,267.00,219.00,267.00,219.00,209.00
147.00,209.00,147.00,267.00,219.00,267.00,219.00,209.00
146.00,209.00,146.00,269.00,220.00,269.00,220.00,209.00
146.00,210.00,146.00,270.00,220.00,270.00,220.00,210.00
2
0
0
0
0
1
253.00,188.00,253.00,224.00,299.00,224.00,299.00,188.00
255.00,188.00,255.00,224.00,301.00,224.00,301.00,188.00
256.00,188.00,256.00,224.00,302.00,224.00,302.00,188.00
259.00,186.00,259.00,222.00,305.00,222.00,305.00,186.00
263.00,184.00,263.00,220.00,309.00,220.00,309.00,184.00
267.00,178.00,267.00,218.00,319.00,218.00,319.00,178.00
271.00,175.00,271.00,215.00,323.00,215.00,323.00,175.00
273.00,172.00,273.00,214.00,327.00,214.00,327.00,172.00
278.00,169.00,278.00,211.00,332.00,211.00,332.00,169.00
283.00,165.00,283.00,208.00,338.00,208.00,338.00,165.00
288.00,159.00,288.00,202.00,343.00,202.00,343.00,159.00
290.00,156.00,290.00,201.00,347.00,201.00,347.00,156.00
292.00,155.00,292.00,200.00,349.00,200.00,349.00,155.00
295.00,155.00,295.00,201.00,354.00,201.00,354.00,155.00
316.00,142.00,316.00,188.00,375.00,188.00,375.00,142.00
321.00,139.00,321.00,187.00,382.00,187.00,382.00,139.00
327.00,137.00,327.00,185.00,388.00,185.00,388.00,137.00
332.00,134.00,332.00,184.00,396.00,184.00,396.00,134.00
337.00,131.00,337.00,181.00,401.00,181.00,401.00,131.00
351.00,133.00,351.00,177.00,407.00,177.00,407.00,133.00
355.00,131.00,355.00,175.00,411.00,175.00,411.00,131.00
356.00,129.00,356.00,174.00,414.00,174.00,414.00,129.00
360.00,128.00,360.00,173.00,418.00,173.00,418.00,128.00
362.00,127.00,362.00,174.00,422.00,174.00,422.00,127.00
364.00,127.00,364.00,174.00,424.00,174.00,424.00,127.00
364.00,126.00,364.00,174.00,426.00,174.00,426.00,126.00
366.00,126.00,366.00,174.00,428.00,174.00,428.00,126.00
370.00,128.00,370.00,172.00,427.00,172.00,427.00,128.00
370.00,129.00,370.00,173.00,427.00,173.00,427.00,129.00
375.00,129.00,375.00,170.00,427.00,170.00,427.00,129.00
374.00,129.00,374.00,170.00,426.00,170.00,426.00,129.00
376.00,126.00,376.00,168.00,430.00,168.00,430.00,126.00
378.00,124.00,378.00,166.00,432.00,166.00,432.00,124.00
377.00,122.00,377.00,166.00,433.00,166.00,433.00,122.00
377.00,122.00,377.00,166.00,433.00,166.00,433.00,122.00
376.00,120.00,376.00,165.00,434.00,165.00,434.00,120.00
373.00,120.00,373.00,165.00,431.00,165.00,431.00,120.00
372.00,119.00,372.00,166.00,432.00,166.00,432.00,119.00
371.00,118.00,371.00,165.00,431.00,165.00,431.00,118.00
369.00,116.00,369.00,164.00,431.00,164.00,431.00,116.00
368.00,116.00,368.00,164.00,430.00,164.00,430.00,116.00
