1
729.00,341.00,922.00,341.00,922.00,228.00,729.00,228.00
729.00,341.00,922.00,341.00,922.00,228.00,729.00,228.00
727.02,320.08,920.02,320.08,920.02,207.08,727.02,207.08
709.08,301.52,902.08,301.52,902.08,188.52,709.08,188.52
714.98,302.63,907.98,302.63,907.98,189.63,714.98,189.63
743.56,297.22,936.56,297.22,936.56,184.22,743.56,184.22
767.00,273.87,960.00,273.87,960.00,160.87,767.00,160.87
712.68,295.14,905.68,295.14,905.68,182.14,712.68,182.14
705.53,298.40,898.53,298.40,898.53,185.40,705.53,185.40
704.76,299.49,897.76,299.49,897.76,186.49,704.76,186.49
706.80,302.56,899.80,302.56,899.80,189.56,706.80,189.56
698.29,306.34,891.29,306.34,891.29,193.34,698.29,193.34
693.09,307.53,886.09,307.53,886.09,194.53,693.09,194.53
687.64,312.03,880.64,312.03,880.64,199.03,687.64,199.03
690.20,314.35,883.20,314.35,883.20,201.35,690.20,201.35
690.24,313.25,883.24,313.25,883.24,200.25,690.24,200.25
691.56,311.71,884.56,311.71,884.56,198.71,691.56,198.71
691.09,314.90,884.09,314.90,884.09,201.90,691.09,201.90
694.57,314.57,887.57,314.57,887.57,201.57,694.57,201.57
693.08,317.19,886.08,317.19,886.08,204.19,693.08,204.19
689.07,318.99,882.07,318.99,882.07,205.99,689.07,205.99
690.89,313.72,883.89,313.72,883.89,200.72,690.89,200.72
691.77,323.87,884.77,323.87,884.77,210.87,691.77,210.87
697.37,319.56,890.37,319.56,890.37,206.56,697.37,206.56
697.06,323.33,890.06,323.33,890.06,210.34,697.06,210.34
691.45,317.53,884.45,317.53,884.45,204.53,691.45,204.53
695.28,314.46,888.28,314.46,888.28,201.46,695.28,201.46
697.07,315.02,890.07,315.02,890.07,202.02,697.07,202.02
692.45,314.76,885.45,314.76,885.45,201.76,692.45,201.76
698.52,317.90,891.52,317.90,891.52,204.90,698.52,204.90
686.77,315.68,879.77,315.68,879.77,202.68,686.77,202.68
694.27,315.72,887.27,315.72,887.27,202.72,694.27,202.72
694.20,310.36,887.20,310.36,887.20,197.36,694.20,197.36
692.90,312.99,885.90,312.99,885.90,199.99,692.90,199.99
694.98,308.20,887.98,308.20,887.98,195.20,694.98,195.20
700.69,321.69,893.69,321.69,893.69,208.69,700.69,208.69
706.67,320.06,899.67,320.06,899.67,207.06,706.67,207.06
698.19,314.28,891.19,314.28,891.19,201.28,698.19,201.28
696.77,315.41,889.77,315.41,889.77,202.41,696.77,202.41
704.33,311.46,897.33,311.46,897.33,198.46,704.33,198.46
701.57,306.17,894.57,306.17,894.57,193.18,701.57,193.18
697.52,314.82,890.52,314.82,890.52,201.82,697.52,201.82
690.92,317.94,883.92,317.94,883.92,204.94,690.92,204.94
687.66,318.61,880.66,318.61,880.66,205.61,687.66,205.61
689.30,315.53,882.30,315.53,882.30,202.53,689.30,202.53
696.55,306.57,889.55,306.57,889.55,193.57,696.55,193.57
696.85,307.74,889.85,307.74,889.85,194.74,696.85,194.74
690.97,308.86,883.97,308.86,883.97,195.86,690.97,195.86
696.32,314.83,889.32,314.83,889.32,201.83,696.32,201.83
699.00,315.56,892.00,315.56,892.00,202.56,699.00,202.56
698.34,316.06,891.34,316.06,891.34,203.06,698.34,203.06
705.68,313.18,898.68,313.18,898.68,200.18,705.68,200.18
705.35,319.82,898.35,319.82,898.35,206.82,705.35,206.82
700.16,310.37,893.16,310.37,893.16,197.37,700.16,197.37
697.60,308.80,890.60,308.80,890.60,195.80,697.60,195.80
2
0
0
0
0
1
891.00,201.00,957.00,201.00,957.00,312.00,891.00,312.00
891.00,201.00,957.00,201.00,957.00,312.00,891.00,312.00
873.84,222.17,939.84,222.17,939.84,333.17,873.84,333.17
874.67,223.94,940.67,223.94,940.67,334.94,874.67,334.94
873.54,222.71,939.54,222.71,939.54,333.71,873.54,333.71
880.80,231.99,946.80,231.99,946.80,342.99,880.80,342.99
875.12,223.06,941.12,223.06,941.12,334.06,875.12,334.06
871.81,224.38,937.81,224.38,937.81,335.38,871.81,335.38
873.04,226.70,939.04,226.70,939.04,337.70,873.04,337.70
871.57,225.05,937.57,225.05,937.57,336.05,871.57,336.05
872.19,225.84,938.19,225.84,938.19,336.84,872.19,336.84
872.17,224.98,938.17,224.98,938.17,335.98,872.17,335.98
871.64,226.02,937.64,226.02,937.64,337.02,871.64,337.02
870.74,225.93,936.74,225.93,936.74,336.93,870.74,336.93
871.19,224.19,937.19,224.19,937.19,335.19,871.19,335.19
870.23,226.18,936.23,226.18,936.23,337.18,870.23,337.18
872.12,226.80,938.12,226.80,938.12,337.80,872.12,337.80
870.45,226.56,936.45,226.56,936.45,337.56,870.45,337.56
869.09,222.86,935.09,222.86,935.09,333.86,869.09,333.86
858.51,216.79,924.51,216.79,924.51,327.79,858.51,327.79
862.66,225.99,928.66,225.99,928.66,336.99,862.66,336.99
861.07,221.64,927.07,221.64,927.07,332.64,861.07,332.64
894.00,182.16,960.00,182.16,960.00,293.17,894.00,293.17
860.53,222.41,926.53,222.41,926.53,333.41,860.53,333.41
889.01,204.60,955.01,204.60,955.01,315.61,889.01,315.61
891.53,192.53,957.53,192.53,957.53,303.53,891.53,303.53
891.21,192.30,957.21,192.30,957.21,303.30,891.21,303.30
865.63,215.95,931.63,215.95,931.63,326.95,865.63,326.95
894.00,186.60,960.00,186.60,960.00,297.60,894.00,297.60
887.15,206.93,953.15,206.93,953.15,317.93,887.15,317.93
863.68,223.74,929.68,223.74,929.68,334.74,863.68,334.74
862.29,223.66,928.29,223.66,928.29,334.66,862.29,334.66
864.28,224.87,930.28,224.87,930.28,335.87,864.28,335.87
864.47,224.60,930.47,224.60,930.47,335.60,864.47,335.60
865.50,226.60,931.50,226.60,931.50,337.60,865.50,337.60
864.34,225.44,930.34,225.44,930.34,336.44,864.34,336.44
862.48,223.33,928.48,223.33,928.48,334.33,862.48,334.33
861.98,225.49,927.98,225.49,927.98,336.49,861.98,336.49
862.75,224.29,928.75,224.29,928.75,335.29,862.75,335.29
862.31,224.98,928.31,224.98,928.31,335.98,862.31,335.98
873.83,217.43,939.83,217.43,939.83,328.42,873.83,328.42
886.53,202.57,952.53,202.57,952.53,313.57,886.53,313.57
888.81,205.49,954.81,205.49,954.81,316.49,888.81,316.49
885.43,202.89,951.43,202.89,951.43,313.89,885.43,313.89
885.68,198.45,951.68,198.45,951.68,309.45,885.68,309.45
881.84,203.38,947.84,203.38,947.84,314.38,881.84,314.38
886.85,203.06,952.85,203.06,952.85,314.06,886.85,314.06
886.39,198.31,952.39,198.31,952.39,309.31,886.39,309.31
887.85,196.42,953.85,196.42,953.85,307.42,887.85,307.42
884.05,202.35,950.05,202.35,950.05,313.35,884.05,313.35
882.65,201.22,948.65,201.22,948.65,312.22,882.65,312.22
890.83,199.06,956.83,199.06,956.83,310.06,890.83,310.06
884.63,205.66,950.63,205.66,950.63,316.66,884.63,316.66
883.16,210.25,949.16,210.25,949.16,321.25,883.16,321.25
888.89,203.32,954.89,203.32,954.89,314.32,888.89,314.32
894.00,198.45,960.00,198.45,960.00,309.45,894.00,309.45
893.46,198.71,959.46,198.71,959.46,309.71,893.46,309.71
891.84,191.41,957.84,191.41,957.84,302.41,891.84,302.41
894.00,200.84,960.00,200.84,960.00,311.84,894.00,311.84
881.16,201.00,947.16,201.00,947.16,312.00,881.16,312.00
892.50,201.43,958.50,201.43,958.50,312.42,892.50,312.42
894.00,194.41,960.00,194.41,960.00,305.41,894.00,305.41
888.23,200.17,954.23,200.17,954.23,311.17,888.23,311.17
882.18,203.88,948.18,203.88,948.18,314.88,882.18,314.88
883.89,202.13,949.89,202.13,949.89,313.13,883.89,313.13
882.50,197.00,948.50,197.00,948.50,308.00,882.50,308.00
882.79,198.41,948.79,198.41,948.79,309.41,882.79,309.41
885.88,193.05,951.88,193.05,951.88,304.05,885.88,304.05
887.75,192.92,953.75,192.92,953.75,303.92,887.75,303.92
892.92,188.15,958.92,188.15,958.92,299.15,892.92,299.15
858.12,223.26,924.12,223.26,924.12,334.27,858.12,334.27
858.72,221.43,924.72,221.43,924.72,332.43,858.72,332.43
877.91,196.08,943.91,196.08,943.91,307.08,877.91,307.08
858.30,222.92,924.30,222.92,924.30,333.92,858.30,333.92
859.47,221.35,925.47,221.35,925.47,332.36,859.47,332.36
861.35,223.79,927.35,223.79,927.35,334.79,861.35,334.79
860.40,222.58,926.40,222.58,926.40,333.58,860.40,333.58
861.48,223.13,927.48,223.13,927.48,334.13,861.48,334.13
860.08,222.18,926.08,222.18,926.08,333.18,860.08,333.18
859.86,221.27,925.86,221.27,925.86,332.27,859.86,332.27
859.98,222.94,925.98,222.94,925.98,333.94,859.98,333.94
859.48,222.35,925.48,222.35,925.48,333.35,859.48,333.35
860.41,221.84,926.41,221.84,926.41,332.84,860.41,332.84
861.52,223.47,927.52,223.47,927.52,334.47,861.52,334.47
861.22,222.99,927.22,222.99,927.22,333.99,861.22,333.99
861.41,223.47,927.41,223.47,927.41,334.47,861.41,334.47
862.56,224.47,928.56,224.47,928.56,335.47,862.56,335.47
861.86,223.23,927.86,223.23,927.86,334.23,861.86,334.23
861.97,223.29,927.97,223.29,927.97,334.29,861.97,334.29
861.74,223.10,927.74,223.10,927.74,334.10,861.74,334.10
863.62,224.82,929.62,224.82,929.62,335.82,863.62,335.82
863.34,225.95,929.34,225.95,929.34,336.95,863.34,336.95
862.44,223.54,928.44,223.54,928.44,334.54,862.44,334.54
862.71,223.65,928.71,223.65,928.71,334.65,862.71,334.65
862.65,222.82,928.65,222.82,928.65,333.82,862.65,333.82
864.19,224.13,930.19,224.13,930.19,335.13,864.19,335.13
863.54,223.82,929.54,223.82,929.54,334.82,863.54,334.82
864.63,224.75,930.63,224.75,930.63,335.75,864.63,335.75
864.46,224.46,930.46,224.46,930.46,335.46,864.46,335.46
864.00,224.29,930.00,224.29,930.00,335.29,864.00,335.29
864.91,224.61,930.91,224.61,930.91,335.61,864.91,335.61
864.08,224.31,930.08,224.31,930.08,335.31,864.08,335.31
863.52,224.02,929.52,224.02,929.52,335.02,863.52,335.02
863.24,223.86,929.24,223.86,929.24,334.86,863.24,334.86
864.80,227.64,930.80,227.64,930.80,338.64,864.80,338.64
864.77,226.67,930.77,226.67,930.77,337.67,864.77,337.67
865.48,228.06,931.48,228.06,931.48,339.06,865.48,339.06
865.13,228.15,931.13,228.15,931.13,339.15,865.13,339.15
864.48,228.05,930.48,228.05,930.48,339.05,864.48,339.05
862.77,229.65,928.77,229.65,928.77,340.65,862.77,340.65
884.17,204.28,950.17,204.28,950.17,315.28,884.17,315.28
884.41,204.29,950.41,204.29,950.41,315.29,884.41,315.29
883.29,201.43,949.29,201.43,949.29,312.43,883.29,312.43
884.75,202.27,950.75,202.27,950.75,313.27,884.75,313.27
885.97,197.06,951.97,197.06,951.97,308.06,885.97,308.06
885.36,199.14,951.36,199.14,951.36,310.14,885.36,310.14
885.97,197.69,951.97,197.69,951.97,308.69,885.97,308.69
885.17,196.90,951.17,196.90,951.17,307.90,885.17,307.90
882.30,199.61,948.30,199.61,948.30,310.61,882.30,310.61
883.58,200.13,949.58,200.13,949.58,311.13,883.58,311.13
887.84,196.77,953.84,196.77,953.84,307.77,887.84,307.77
888.94,199.03,954.94,199.03,954.94,310.03,888.94,310.03
890.83,197.99,956.83,197.99,956.83,308.99,890.83,308.99
892.50,198.29,958.50,198.29,958.50,309.29,892.50,309.29
893.08,193.93,959.08,193.93,959.08,304.93,893.08,304.93
886.03,202.43,952.03,202.43,952.03,313.43,886.03,313.43
883.11,197.04,949.11,197.04,949.11,308.04,883.11,308.04
881.50,201.50,947.50,201.50,947.50,312.50,881.50,312.50
878.44,205.80,944.44,205.80,944.44,316.80,878.44,316.80
877.60,200.22,943.60,200.22,943.60,311.22,877.60,311.22
867.39,211.31,933.39,211.31,933.39,322.31,867.39,322.31
864.29,214.53,930.29,214.53,930.29,325.53,864.29,325.53
859.20,213.87,925.20,213.87,925.20,324.87,859.20,324.87
857.55,215.02,923.55,215.02,923.55,326.02,857.55,326.02
853.57,215.71,919.57,215.71,919.57,326.71,853.57,326.71
847.06,216.78,913.06,216.78,913.06,327.78,847.06,327.78
835.10,225.34,901.10,225.34,901.10,336.34,835.10,336.34
793.72,235.32,859.72,235.32,859.72,346.32,793.72,346.32
777.10,235.90,843.10,235.90,843.10,346.90,777.10,346.90
776.05,237.28,842.05,237.28,842.05,348.28,776.05,348.28
769.38,235.55,835.38,235.55,835.38,346.55,769.38,346.55
770.38,239.73,836.38,239.73,836.38,350.73,770.38,350.73
769.79,238.02,835.79,238.02,835.79,349.02,769.79,349.02
763.28,235.24,829.28,235.24,829.28,346.24,763.28,346.24
769.92,237.08,835.92,237.08,835.92,348.08,769.92,348.08
778.55,237.19,844.55,237.19,844.55,348.19,778.55,348.19
775.32,243.92,841.32,243.92,841.32,354.92,775.32,354.92
770.11,240.85,836.11,240.85,836.11,351.85,770.11,351.85
771.97,233.73,837.97,233.73,837.97,344.73,771.97,344.73
770.22,230.91,836.22,230.91,836.22,341.91,770.22,341.91
765.35,230.46,831.35,230.46,831.35,341.46,765.35,341.46
763.75,232.14,829.75,232.14,829.75,343.14,763.75,343.14
764.39,231.99,830.39,231.99,830.39,342.99,764.39,342.99
764.60,226.67,830.60,226.67,830.60,337.67,764.60,337.67
762.12,225.40,828.12,225.40,828.12,336.40,762.12,336.40
760.09,225.77,826.09,225.77,826.09,336.77,760.09,336.77
758.24,231.84,824.24,231.84,824.24,342.84,758.24,342.84
757.96,224.31,823.96,224.31,823.96,335.31,757.96,335.31
755.69,228.45,821.69,228.45,821.69,339.45,755.69,339.45
756.76,231.66,822.76,231.66,822.76,342.66,756.76,342.66
744.58,237.41,810.58,237.41,810.58,348.41,744.58,348.41
760.46,227.36,826.46,227.36,826.46,338.36,760.46,338.36
753.21,222.31,819.21,222.31,819.21,333.31,753.21,333.31
752.17,217.87,818.17,217.87,818.17,328.87,752.17,328.87
750.55,216.86,816.55,216.86,816.55,327.86,750.55,327.86
752.01,193.16,818.01,193.16,818.01,304.16,752.01,304.16
755.11,199.15,821.11,199.15,821.11,310.15,755.11,310.15
751.96,195.62,817.96,195.62,817.96,306.62,751.96,306.62
756.33,188.43,822.33,188.43,822.33,299.43,756.33,299.43
751.86,191.18,817.86,191.18,817.86,302.18,751.86,302.18
729.19,193.60,795.19,193.60,795.19,304.60,729.19,304.60
718.26,202.73,784.26,202.73,784.26,313.73,718.26,313.73
718.59,199.39,784.59,199.39,784.59,310.39,718.59,310.39
708.28,203.49,774.28,203.49,774.28,314.49,708.28,314.49
707.00,196.91,773.00,196.91,773.00,307.91,707.00,307.91
702.60,188.82,768.60,188.82,768.60,299.82,702.60,299.82
712.91,192.26,778.91,192.26,778.91,303.26,712.91,303.26
690.65,191.20,756.65,191.20,756.65,302.20,690.65,302.20
693.41,187.11,759.41,187.11,759.41,298.11,693.41,298.11
679.03,183.12,745.03,183.12,745.03,294.12,679.03,294.12
667.93,179.11,733.93,179.11,733.93,290.11,667.93,290.11
680.35,175.97,746.35,175.97,746.35,286.97,680.35,286.97
672.04,165.95,738.04,165.95,738.04,276.95,672.04,276.95
665.44,152.50,731.44,152.50,731.44,263.50,665.44,263.50
667.61,136.66,733.61,136.66,733.61,247.66,667.61,247.66
662.11,144.67,728.11,144.67,728.11,255.67,662.11,255.67
669.70,142.23,735.70,142.23,735.70,253.23,669.70,253.23
2
0
0
0
0
1
428.00,309.00,630.00,309.00,630.00,198.00,428.00,198.00
428.00,309.00,630.00,309.00,630.00,198.00,428.00,198.00
360.36,263.99,562.36,263.99,562.36,152.99,360.36,152.99
352.77,261.53,554.77,261.53,554.77,150.53,352.77,150.53
355.09,261.24,557.09,261.24,557.09,150.24,355.09,150.24
358.81,267.91,560.81,267.91,560.81,156.91,358.81,156.91
350.87,271.86,552.87,271.86,552.87,160.86,350.87,160.86
389.40,274.48,591.40,274.48,591.40,163.48,389.40,163.48
383.74,270.07,585.74,270.07,585.74,159.06,383.74,159.06
377.18,269.33,579.18,269.33,579.18,158.33,377.18,158.33
377.47,266.63,579.47,266.63,579.47,155.63,377.47,155.63
369.13,266.05,571.13,266.05,571.13,155.05,369.13,155.05
369.44,269.98,571.44,269.98,571.44,158.98,369.44,158.98
389.93,263.23,591.93,263.23,591.93,152.23,389.93,152.23
381.26,275.31,583.26,275.31,583.26,164.31,381.26,164.31
394.20,263.00,596.20,263.00,596.20,152.00,394.20,152.00
391.53,267.21,593.53,267.21,593.53,156.21,391.53,156.21
414.73,262.79,616.72,262.79,616.72,151.79,414.73,151.79
417.84,265.33,619.84,265.33,619.84,154.33,417.84,154.33
415.21,264.77,617.21,264.77,617.21,153.77,415.21,153.77
407.49,269.44,609.49,269.44,609.49,158.44,407.49,158.44
408.64,265.22,610.64,265.22,610.64,154.22,408.64,154.22
405.82,266.46,607.82,266.46,607.82,155.46,405.82,155.46
440.56,250.52,642.56,250.52,642.56,139.52,440.56,139.52
426.96,256.70,628.96,256.70,628.96,145.70,426.96,145.70
431.01,263.43,633.01,263.43,633.01,152.43,431.01,152.43
423.00,260.31,625.00,260.31,625.00,149.31,423.00,149.31
407.73,262.07,609.73,262.07,609.73,151.07,407.73,151.07
414.73,265.95,616.73,265.95,616.73,154.95,414.73,154.95
415.30,265.80,617.30,265.80,617.30,154.80,415.30,154.80
454.31,260.59,656.31,260.59,656.31,149.59,454.31,149.59
458.48,263.97,660.48,263.97,660.48,152.97,458.48,152.97
473.27,253.35,675.27,253.35,675.27,142.35,473.27,142.35
447.95,250.19,649.96,250.19,649.96,139.19,447.95,139.19
482.14,257.81,684.14,257.81,684.14,146.81,482.14,146.81
535.30,246.27,737.30,246.27,737.30,135.27,535.30,135.27
522.17,238.34,724.17,238.34,724.17,127.34,522.17,127.34
522.52,238.33,724.52,238.33,724.52,127.33,522.52,127.33
522.94,244.57,724.94,244.57,724.94,133.57,522.94,133.57
404.39,264.78,606.39,264.78,606.39,153.78,404.39,153.78
397.36,266.04,599.36,266.04,599.36,155.04,397.36,155.04
435.33,262.95,637.33,262.95,637.33,151.95,435.33,151.95
416.26,261.42,618.26,261.42,618.26,150.42,416.26,150.42
389.76,264.38,591.76,264.38,591.76,153.38,389.76,153.38
411.91,257.69,613.91,257.69,613.91,146.69,411.91,146.69
472.40,234.60,674.40,234.60,674.40,123.60,472.40,123.60
431.94,245.07,633.94,245.07,633.94,134.07,431.94,134.07
370.60,249.90,572.60,249.90,572.60,138.90,370.60,138.90
386.40,265.14,588.40,265.14,588.40,154.14,386.40,154.14
450.23,238.04,652.23,238.04,652.23,127.04,450.23,127.04
402.44,253.80,604.44,253.80,604.44,142.80,402.44,142.80
390.43,258.64,592.43,258.64,592.43,147.64,390.43,147.64
391.59,265.27,593.59,265.27,593.59,154.27,391.59,154.27
388.68,266.43,590.68,266.43,590.68,155.43,388.68,155.43
382.65,262.17,584.65,262.17,584.65,151.17,382.65,151.17
400.23,259.54,602.23,259.54,602.23,148.54,400.23,148.54
384.62,264.93,586.62,264.93,586.62,153.93,384.62,153.93
375.40,250.94,577.40,250.94,577.40,139.94,375.40,139.94
386.97,263.20,588.97,263.20,588.97,152.20,386.97,152.20
465.83,228.26,667.83,228.26,667.83,117.25,465.83,117.25
450.24,235.91,652.24,235.91,652.24,124.92,450.24,124.92
424.86,245.92,626.86,245.92,626.86,134.92,424.86,134.92
417.11,249.66,619.11,249.66,619.11,138.66,417.11,138.66
384.61,265.52,586.61,265.52,586.61,154.52,384.61,154.52
384.63,265.20,586.63,265.20,586.63,154.20,384.63,154.20
388.83,266.00,590.83,266.00,590.83,155.00,388.83,155.00
414.83,262.77,616.83,262.77,616.83,151.77,414.83,151.77
439.80,246.38,641.79,246.38,641.79,135.38,439.80,135.38
441.45,245.64,643.45,245.64,643.45,134.64,441.45,134.64
2
0
0
0
0
1
362.00,320.00,495.00,320.00,495.00,219.00,362.00,219.00
362.00,320.00,495.00,320.00,495.00,219.00,362.00,219.00
343.16,328.39,476.16,328.39,476.16,227.40,343.16,227.40
396.00,362.00,529.00,362.00,529.00,261.00,396.00,261.00
339.92,331.95,472.92,331.95,472.92,230.95,339.92,230.95
394.09,363.19,527.09,363.19,527.09,262.19,394.09,262.19
394.66,364.33,527.66,364.33,527.66,263.33,394.66,263.33
365.00,365.99,498.00,365.99,498.00,264.99,365.00,264.99
353.09,317.78,486.09,317.78,486.09,216.78,353.09,216.78
340.97,321.13,473.97,321.13,473.97,220.13,340.97,220.13
348.11,318.86,481.11,318.86,481.11,217.87,348.11,217.87
339.55,319.05,472.55,319.05,472.55,218.05,339.55,218.05
327.23,315.25,460.23,315.25,460.23,214.25,327.23,214.25
346.81,327.52,479.81,327.52,479.81,226.52,346.81,226.52
339.90,312.05,472.90,312.05,472.90,211.05,339.90,211.05
369.56,304.93,502.56,304.93,502.56,203.93,369.56,203.93
342.32,309.08,475.32,309.08,475.32,208.08,342.32,208.08
360.13,311.68,493.13,311.68,493.13,210.68,360.13,210.68
335.84,309.60,468.84,309.60,468.84,208.60,335.84,208.60
329.98,309.92,462.98,309.92,462.98,208.93,329.98,208.93
339.63,306.93,472.63,306.93,472.63,205.93,339.63,205.93
343.12,302.86,476.12,302.86,476.12,201.87,343.12,201.87
370.77,297.42,503.77,297.42,503.77,196.42,370.77,196.42
387.97,282.77,520.97,282.77,520.97,181.77,387.97,181.77
353.39,295.75,486.39,295.75,486.39,194.75,353.39,194.75
341.14,298.82,474.14,298.82,474.14,197.82,341.14,197.82
346.83,303.46,479.83,303.46,479.83,202.46,346.83,202.46
326.74,303.40,459.74,303.40,459.74,202.40,326.74,202.40
312.66,309.21,445.66,309.21,445.66,208.21,312.66,208.21
331.33,305.38,464.33,305.38,464.33,204.38,331.33,204.38
342.01,297.99,475.01,297.99,475.01,196.99,342.01,196.99
321.63,306.08,454.63,306.08,454.63,205.08,321.63,205.08
297.68,312.65,430.68,312.65,430.68,211.65,297.68,211.65
306.34,314.32,439.34,314.32,439.34,213.32,306.34,213.32
316.31,308.38,449.31,308.38,449.31,207.38,316.31,207.38
311.31,313.13,444.31,313.13,444.31,212.13,311.31,212.13
310.06,312.41,443.06,312.41,443.06,211.41,310.06,211.41
315.75,319.06,448.75,319.06,448.75,218.06,315.75,218.06
352.07,313.06,485.07,313.06,485.07,212.06,352.07,212.06
304.99,323.65,437.99,323.65,437.99,222.65,304.99,222.65
288.01,321.18,421.01,321.18,421.01,220.18,288.01,220.18
288.90,317.09,421.90,317.09,421.90,216.09,288.90,216.09
280.07,318.85,413.07,318.85,413.07,217.85,280.07,217.85
277.50,323.38,410.50,323.38,410.50,222.38,277.50,222.38
275.54,320.55,408.54,320.55,408.54,219.55,275.54,219.55
281.67,322.05,414.67,322.05,414.67,221.05,281.67,221.05
295.96,315.26,428.96,315.26,428.96,214.26,295.96,214.26
271.22,317.58,404.22,317.58,404.22,216.57,271.22,216.57
311.14,317.81,444.14,317.81,444.14,216.81,311.14,216.81
291.30,324.49,424.30,324.49,424.30,223.49,291.30,223.49
288.22,321.78,421.22,321.78,421.22,220.78,288.22,220.78
294.75,318.29,427.75,318.29,427.75,217.29,294.75,217.29
294.50,316.05,427.50,316.05,427.50,215.04,294.50,215.04
289.13,320.30,422.13,320.30,422.13,219.30,289.13,219.30
287.25,314.41,420.25,314.41,420.25,213.41,287.25,213.41
282.85,312.71,415.85,312.71,415.85,211.71,282.85,211.71
274.69,312.40,407.69,312.40,407.69,211.40,274.69,211.40
265.64,309.86,398.64,309.86,398.64,208.86,265.64,208.86
269.93,308.68,402.93,308.68,402.93,207.68,269.93,207.68
242.87,305.81,375.87,305.81,375.87,204.81,242.87,204.81
245.16,311.99,378.16,311.99,378.16,210.99,245.16,210.99
260.73,311.36,393.73,311.36,393.73,210.36,260.73,210.36
286.66,318.37,419.66,318.37,419.66,217.37,286.66,217.37
291.02,313.12,424.02,313.12,424.02,212.12,291.02,212.12
281.07,314.46,414.07,314.46,414.07,213.46,281.07,213.46
274.79,310.32,407.79,310.32,407.79,209.32,274.79,209.32
287.76,314.85,420.76,314.85,420.76,213.85,287.76,213.85
289.43,315.19,422.43,315.19,422.43,214.19,289.43,214.19
285.39,311.02,418.39,311.02,418.39,210.02,285.39,210.02
282.07,308.99,415.07,308.99,415.07,207.99,282.07,207.99
279.30,309.54,412.30,309.54,412.30,208.54,279.30,208.54
270.50,308.58,403.50,308.58,403.50,207.58,270.50,207.58
264.76,311.28,397.76,311.28,397.76,210.28,264.76,210.28
262.95,308.10,395.95,308.10,395.95,207.10,262.95,207.10
251.90,304.48,384.90,304.48,384.90,203.48,251.90,203.48
265.11,305.97,398.11,305.97,398.11,204.97,265.11,204.97
259.19,307.13,392.19,307.13,392.19,206.13,259.19,206.13
259.97,307.44,392.97,307.44,392.97,206.44,259.97,206.44
258.12,306.88,391.12,306.88,391.12,205.88,258.12,205.88
251.57,303.85,384.57,303.85,384.57,202.85,251.57,202.85
252.87,303.99,385.86,303.99,385.86,202.99,252.87,202.99
215.91,312.88,348.91,312.88,348.91,211.88,215.91,211.88
170.68,324.55,303.68,324.55,303.68,223.55,170.68,223.55
146.93,330.57,279.93,330.57,279.93,229.57,146.93,229.57
147.11,324.42,280.11,324.42,280.11,223.42,147.11,223.42
144.40,329.24,277.40,329.24,277.40,228.24,144.40,228.24
145.60,324.41,278.60,324.41,278.60,223.41,145.60,223.41
142.17,319.83,275.17,319.83,275.17,218.83,142.17,218.83
143.62,325.88,276.61,325.88,276.61,224.88,143.62,224.88
153.06,321.09,286.06,321.09,286.06,220.09,153.06,220.09
142.84,321.63,275.84,321.63,275.84,220.63,142.84,220.63
145.75,324.44,278.75,324.44,278.75,223.44,145.75,223.44
145.88,315.48,278.88,315.48,278.88,214.48,145.88,214.48
143.54,321.73,276.54,321.73,276.54,220.73,143.54,220.73
140.88,321.69,273.88,321.69,273.88,220.69,140.88,220.69
145.48,314.26,278.48,314.26,278.48,213.26,145.48,213.26
152.24,315.56,285.24,315.56,285.24,214.56,152.24,214.56
148.50,317.54,281.50,317.54,281.50,216.54,148.50,216.54
143.98,315.80,276.98,315.80,276.98,214.80,143.98,214.80
137.16,321.32,270.16,321.32,270.16,220.32,137.16,220.32
136.63,321.57,269.63,321.57,269.63,220.57,136.63,220.57
141.30,320.13,274.30,320.13,274.30,219.13,141.30,219.13
140.95,320.21,273.95,320.21,273.95,219.21,140.95,219.21
140.93,319.61,273.93,319.61,273.93,218.61,140.93,218.61
148.05,315.03,281.05,315.03,281.05,214.03,148.05,214.03
164.68,315.22,297.68,315.22,297.68,214.22,164.68,214.22
161.83,308.70,294.83,308.70,294.83,207.70,161.83,207.70
134.32,317.12,267.32,317.12,267.32,216.12,134.32,216.12
155.85,308.83,288.85,308.83,288.85,207.82,155.85,207.82
155.70,312.49,288.70,312.49,288.70,211.49,155.70,211.49
160.17,311.95,293.17,311.95,293.17,210.95,160.17,210.95
166.52,312.46,299.52,312.46,299.52,211.46,166.52,211.46
170.76,312.80,303.76,312.80,303.76,211.79,170.76,211.79
162.61,311.62,295.61,311.62,295.61,210.62,162.61,210.62
158.35,313.53,291.35,313.53,291.35,212.53,158.35,212.53
152.73,314.20,285.73,314.20,285.73,213.20,152.73,213.20
158.12,316.94,291.11,316.94,291.11,215.94,158.12,215.94
149.49,319.06,282.49,319.06,282.49,218.06,149.49,218.06
143.96,317.61,276.96,317.61,276.96,216.61,143.96,216.61
139.35,323.99,272.35,323.99,272.35,222.99,139.35,222.99
140.22,320.76,273.22,320.76,273.22,219.76,140.22,219.76
133.97,321.84,266.97,321.84,266.97,220.84,133.97,220.84
139.85,324.75,272.85,324.75,272.85,223.75,139.85,223.75
139.11,321.12,272.11,321.12,272.11,220.12,139.11,220.12
137.86,319.54,270.86,319.54,270.86,218.54,137.86,218.54
131.51,318.20,264.51,318.20,264.51,217.20,131.51,217.20
127.95,318.98,260.95,318.98,260.95,217.98,127.95,217.98
130.99,314.93,263.99,314.93,263.99,213.93,130.99,213.93
104.29,318.40,237.29,318.40,237.29,217.40,104.29,217.40
109.88,317.30,242.88,317.30,242.88,216.30,109.88,216.30
116.64,317.67,249.64,317.67,249.64,216.66,116.64,216.66
111.32,316.89,244.32,316.89,244.32,215.89,111.32,215.89
108.53,320.92,241.53,320.92,241.53,219.92,108.53,219.92
111.44,317.30,244.44,317.30,244.44,216.30,111.44,216.30
105.01,316.58,238.01,316.58,238.01,215.58,105.01,215.58
94.42,318.26,227.42,318.26,227.42,217.26,94.42,217.26
97.04,318.80,230.04,318.80,230.04,217.79,97.04,217.79
94.09,318.16,227.09,318.16,227.09,217.16,94.09,217.16
103.76,318.26,236.76,318.26,236.76,217.26,103.76,217.26
98.73,316.26,231.73,316.26,231.73,215.26,98.73,215.26
102.73,317.59,235.73,317.59,235.73,216.59,102.73,216.59
102.70,317.06,235.70,317.06,235.70,216.06,102.70,216.06
94.53,318.35,227.53,318.35,227.53,217.35,94.53,217.35
101.77,320.18,234.77,320.18,234.77,219.18,101.77,219.18
96.02,318.14,229.02,318.14,229.02,217.14,96.02,217.14
86.18,316.94,219.18,316.94,219.18,215.94,86.18,215.94
87.40,315.21,220.40,315.21,220.40,214.21,87.40,214.21
90.87,319.10,223.87,319.10,223.87,218.10,90.87,218.10
88.90,317.72,221.90,317.72,221.90,216.72,88.90,216.72
88.18,317.01,221.18,317.01,221.18,216.01,88.18,216.01
92.98,316.42,225.98,316.42,225.98,215.42,92.98,215.42
93.05,313.19,226.05,313.19,226.05,212.19,93.05,212.19
83.71,312.28,216.71,312.28,216.71,211.28,83.71,211.28
90.85,310.94,223.85,310.94,223.85,209.94,90.85,209.94
95.27,309.42,228.27,309.42,228.27,208.42,95.27,208.42
85.35,306.37,218.35,306.37,218.35,205.37,85.35,205.37
76.86,304.46,209.86,304.46,209.86,203.46,76.86,203.46
73.36,302.37,206.36,302.37,206.36,201.37,73.36,201.37
73.09,305.14,206.09,305.14,206.09,204.14,73.09,204.14
75.37,302.07,208.37,302.07,208.37,201.07,75.37,201.07
76.03,301.79,209.03,301.79,209.03,200.79,76.03,200.79
75.66,300.72,208.66,300.72,208.66,199.72,75.66,199.72
75.26,299.60,208.26,299.60,208.26,198.60,75.26,198.60
75.63,306.18,208.63,306.18,208.63,205.18,75.63,205.18
79.16,306.75,212.16,306.75,212.16,205.75,79.16,205.75
101.33,310.73,234.33,310.73,234.33,209.73,101.33,209.73
94.67,317.02,227.67,317.02,227.67,216.02,94.67,216.02
80.82,335.77,213.82,335.77,213.82,234.77,80.82,234.77
81.94,333.93,214.95,333.93,214.95,232.93,81.94,232.93
78.22,334.21,211.22,334.21,211.22,233.21,78.22,233.21
76.46,315.82,209.46,315.82,209.46,214.82,76.46,214.82
80.05,322.08,213.05,322.08,213.05,221.08,80.05,221.08
79.80,320.29,212.80,320.29,212.80,219.29,79.80,219.29
76.64,317.71,209.64,317.71,209.64,216.71,76.64,216.71
169.69,388.50,302.69,388.50,302.69,287.50,169.69,287.50
169.14,387.68,302.14,387.68,302.14,286.68,169.14,286.68
171.56,389.00,304.56,389.00,304.56,288.00,171.56,288.00
168.86,388.57,301.86,388.57,301.86,287.57,168.86,287.57
169.88,387.50,302.88,387.50,302.88,286.50,169.88,286.50
171.79,388.07,304.79,388.07,304.79,287.07,171.79,287.07
173.90,388.50,306.90,388.50,306.90,287.50,173.90,287.50
169.71,387.86,302.71,387.86,302.71,286.86,169.71,286.86
177.17,389.75,310.17,389.75,310.17,288.75,177.17,288.75
177.46,389.00,310.46,389.00,310.46,288.00,177.46,288.00
171.42,387.92,304.42,387.92,304.42,286.92,171.42,286.92
177.72,391.86,310.72,391.86,310.72,290.86,177.72,290.86
185.94,393.69,318.94,393.69,318.94,292.69,185.94,292.69
171.50,389.50,304.50,389.50,304.50,288.50,171.50,288.50
181.00,389.57,314.00,389.57,314.00,288.57,181.00,288.57
178.25,390.38,311.25,390.38,311.25,289.38,178.25,289.38
170.75,389.25,303.75,389.25,303.75,288.25,170.75,288.25
189.18,395.27,322.18,395.27,322.18,294.27,189.18,294.27
181.25,388.17,314.25,388.17,314.25,287.17,181.25,287.17
174.36,387.27,307.36,387.27,307.36,286.27,174.36,286.27
177.20,387.20,310.20,387.20,310.20,286.20,177.20,286.20
173.00,390.00,306.00,390.00,306.00,289.00,173.00,289.00
180.00,390.00,313.00,390.00,313.00,289.00,180.00,289.00
175.00,388.67,308.00,388.67,308.00,287.67,175.00,287.67
176.50,388.00,309.50,388.00,309.50,287.00,176.50,287.00
178.00,388.25,311.00,388.25,311.00,287.25,178.00,287.25
180.25,387.50,313.25,387.50,313.25,286.50,180.25,286.50
179.00,387.33,312.00,387.33,312.00,286.33,179.00,286.33
173.00,390.00,306.00,390.00,306.00,289.00,173.00,289.00
174.67,388.50,307.67,388.50,307.67,287.50,174.67,287.50
183.91,391.82,316.91,391.82,316.91,290.82,183.91,290.82
183.15,391.29,316.14,391.29,316.14,290.29,183.15,290.29
177.43,387.00,310.43,387.00,310.43,286.00,177.43,286.00
177.00,387.60,310.00,387.60,310.00,286.60,177.00,286.60
178.13,387.50,311.13,387.50,311.13,286.50,178.13,286.50
170.25,388.42,303.25,388.42,303.25,287.42,170.25,287.42
176.00,387.82,309.00,387.82,309.00,286.82,176.00,286.82
171.36,388.36,304.36,388.36,304.36,287.36,171.36,287.36
171.90,387.80,304.90,387.80,304.90,286.80,171.90,286.80
171.29,388.29,304.29,388.29,304.29,287.29,171.29,287.29
174.81,388.00,307.81,388.00,307.81,287.00,174.81,287.00
175.00,387.83,308.00,387.83,308.00,286.83,175.00,286.83
179.40,388.60,312.40,388.60,312.40,287.60,179.40,287.60
184.67,386.33,317.67,386.33,317.67,285.33,184.67,285.33
179.67,387.00,312.67,387.00,312.67,286.00,179.67,286.00
183.00,387.00,316.00,387.00,316.00,286.00,183.00,286.00
174.00,390.00,307.00,390.00,307.00,289.00,174.00,289.00
183.40,386.80,316.40,386.80,316.40,285.80,183.40,285.80
2
0
0
0
0
1
5.00,180.00,214.00,180.00,214.00,324.00,5.00,324.00
5.00,180.00,214.00,180.00,214.00,324.00,5.00,324.00
38.44,201.38,247.44,201.38,247.44,345.38,38.44,345.38
39.64,206.92,248.64,206.92,248.64,350.92,39.64,350.92
39.98,206.52,248.98,206.52,248.98,350.52,39.98,350.52
37.00,205.76,246.00,205.76,246.00,349.76,37.00,349.76
30.71,205.93,239.71,205.93,239.71,349.92,30.71,349.92
33.52,207.01,242.52,207.01,242.52,351.01,33.52,351.01
34.08,204.01,243.08,204.01,243.08,348.01,34.08,348.01
33.30,204.64,242.30,204.64,242.30,348.64,33.30,348.64
35.50,206.31,244.50,206.31,244.50,350.31,35.50,350.31
42.48,205.07,251.48,205.07,251.48,349.07,42.48,349.07
39.62,204.50,248.62,204.50,248.62,348.50,39.62,348.50
42.30,207.83,251.30,207.83,251.30,351.83,42.30,351.83
45.08,202.62,254.08,202.62,254.08,346.62,45.08,346.62
44.78,203.60,253.78,203.60,253.78,347.60,44.78,347.60
48.92,202.49,257.92,202.49,257.92,346.49,48.92,346.49
47.11,200.56,256.11,200.56,256.11,344.56,47.11,344.56
47.20,203.93,256.20,203.93,256.20,347.93,47.20,347.93
46.43,197.41,255.43,197.41,255.43,341.41,46.43,341.41
47.13,200.26,256.13,200.26,256.13,344.26,47.13,344.26
48.65,204.99,257.65,204.99,257.65,348.99,48.65,348.99
49.92,204.32,258.92,204.32,258.92,348.33,49.92,348.33
54.07,201.93,263.07,201.93,263.07,345.93,54.07,345.93
59.36,200.35,268.36,200.35,268.36,344.35,59.36,344.35
65.25,198.68,274.24,198.68,274.24,342.68,65.25,342.68
71.95,200.38,280.95,200.38,280.95,344.38,71.95,344.38
74.54,196.70,283.54,196.70,283.54,340.70,74.54,340.70
76.22,198.34,285.22,198.34,285.22,342.34,76.22,342.34
79.90,202.37,288.90,202.37,288.90,346.37,79.90,346.37
81.68,201.02,290.68,201.02,290.68,345.02,81.68,345.02
80.66,203.71,289.66,203.71,289.66,347.71,80.66,347.71
82.00,192.86,291.00,192.86,291.00,336.86,82.00,336.86
83.78,193.42,292.79,193.42,292.79,337.42,83.78,337.42
85.87,197.94,294.87,197.94,294.87,341.94,85.87,341.94
88.54,193.74,297.54,193.74,297.54,337.74,88.54,337.74
93.41,197.68,302.41,197.68,302.41,341.68,93.41,341.68
87.74,196.73,296.74,196.73,296.74,340.73,87.74,340.73
91.96,195.13,300.96,195.13,300.96,339.13,91.96,339.13
94.22,193.77,303.22,193.77,303.22,337.77,94.22,337.77
94.38,199.15,303.38,199.15,303.38,343.15,94.38,343.15
102.21,199.71,311.21,199.71,311.21,343.71,102.21,343.71
115.85,194.73,324.85,194.73,324.85,338.73,115.85,338.73
141.50,208.25,350.50,208.25,350.50,352.25,141.50,352.25
143.12,209.70,352.12,209.70,352.12,353.70,143.12,353.70
151.56,216.33,360.56,216.33,360.56,360.33,151.56,360.33
154.49,217.26,363.49,217.26,363.49,361.26,154.49,361.26
150.90,217.08,359.90,217.08,359.90,361.08,150.90,361.08
151.33,215.01,360.33,215.01,360.33,359.01,151.33,359.01
145.18,213.46,354.17,213.46,354.17,357.46,145.18,357.46
145.72,209.93,354.72,209.93,354.72,353.93,145.72,353.93
144.92,207.93,353.92,207.93,353.92,351.93,144.92,351.93
144.65,209.11,353.65,209.11,353.65,353.11,144.65,353.11
144.71,212.54,353.70,212.54,353.70,356.55,144.71,356.55
140.25,207.88,349.25,207.88,349.25,351.88,140.25,351.88
137.03,212.04,346.03,212.04,346.03,356.04,137.03,356.04
139.24,208.82,348.24,208.82,348.24,352.82,139.24,352.82
144.00,211.38,353.00,211.38,353.00,355.38,144.00,355.38
137.09,209.65,346.09,209.65,346.09,353.65,137.09,353.65
146.60,210.40,355.60,210.40,355.60,354.40,146.60,354.40
141.53,205.92,350.53,205.92,350.53,349.92,141.53,349.92
149.69,214.72,358.69,214.72,358.69,358.72,149.69,358.72
142.82,208.53,351.82,208.53,351.82,352.53,142.82,352.53
137.63,209.87,346.63,209.87,346.63,353.86,137.63,353.86
148.14,214.23,357.14,214.23,357.14,358.23,148.14,358.23
147.30,216.25,356.30,216.25,356.30,360.25,147.30,360.25
181.33,235.63,390.33,235.63,390.33,379.63,181.33,379.63
182.61,242.53,391.61,242.53,391.61,386.53,182.61,386.53
190.01,242.96,399.01,242.96,399.01,386.96,190.01,386.96
205.15,244.85,414.15,244.85,414.15,388.85,205.15,388.85
177.71,236.07,386.71,236.07,386.71,380.08,177.71,380.08
183.05,239.16,392.05,239.16,392.05,383.16,183.05,383.16
189.06,233.76,398.06,233.76,398.06,377.76,189.06,377.76
187.19,239.62,396.19,239.62,396.19,383.62,187.19,383.62
194.08,242.38,403.08,242.38,403.08,386.38,194.08,386.38
195.42,244.81,404.42,244.81,404.42,388.81,195.42,388.81
192.43,247.76,401.43,247.76,401.43,391.77,192.43,391.77
196.80,240.46,405.80,240.46,405.80,384.46,196.80,384.46
199.42,242.13,408.42,242.13,408.42,386.13,199.42,386.13
191.98,236.27,400.98,236.27,400.98,380.27,191.98,380.27
193.87,238.99,402.87,238.99,402.87,382.99,193.87,382.99
199.81,239.93,408.81,239.93,408.81,383.93,199.81,383.93
194.42,236.25,403.42,236.25,403.42,380.25,194.42,380.25
200.87,243.42,409.87,243.42,409.87,387.42,200.87,387.42
251.56,262.85,460.56,262.85,460.56,406.85,251.56,406.85
252.47,261.70,461.47,261.70,461.47,405.70,252.47,405.70
2
0
0
0
0
1
60.00,233.00,260.00,233.00,260.00,333.00,60.00,333.00
60.00,233.00,260.00,233.00,260.00,333.00,60.00,333.00
86.48,228.70,286.48,228.70,286.48,328.70,86.48,328.70
86.30,228.14,286.30,228.14,286.30,328.14,86.30,328.14
84.99,226.22,284.99,226.22,284.99,326.22,84.99,326.22
85.76,225.93,285.77,225.93,285.77,325.93,85.76,325.93
85.41,226.98,285.41,226.98,285.41,326.98,85.41,326.98
85.83,226.66,285.83,226.66,285.83,326.66,85.83,326.66
87.83,226.46,287.83,226.46,287.83,326.46,87.83,326.46
87.48,227.15,287.48,227.15,287.48,327.14,87.48,327.14
89.49,228.46,289.49,228.46,289.49,328.46,89.49,328.46
91.56,227.67,291.56,227.67,291.56,327.67,91.56,327.67
92.10,229.39,292.10,229.39,292.10,329.39,92.10,329.39
93.80,229.10,293.80,229.10,293.80,329.10,93.80,329.10
97.56,228.43,297.56,228.43,297.56,328.43,97.56,328.43
97.37,228.37,297.37,228.37,297.37,328.37,97.37,328.37
101.26,228.91,301.26,228.91,301.26,328.91,101.26,328.91
101.47,228.16,301.47,228.16,301.47,328.16,101.47,328.16
103.08,226.46,303.08,226.46,303.08,326.46,103.08,326.46
102.68,225.93,302.68,225.93,302.68,325.93,102.68,325.93
105.49,223.66,305.49,223.66,305.49,323.66,105.49,323.66
108.28,222.60,308.28,222.60,308.28,322.60,108.28,322.60
113.58,220.39,313.58,220.39,313.58,320.39,113.58,320.39
116.85,219.05,316.85,219.05,316.85,319.05,116.85,319.05
116.33,219.58,316.33,219.58,316.33,319.58,116.33,319.58
117.88,217.87,317.88,217.87,317.88,317.87,117.88,317.87
116.78,218.35,316.78,218.35,316.78,318.35,116.78,318.35
117.11,217.48,317.11,217.48,317.11,317.48,117.11,317.48
117.43,215.76,317.43,215.76,317.43,315.76,117.43,315.76
116.77,214.57,316.77,214.57,316.77,314.57,116.77,314.57
115.96,212.85,315.96,212.85,315.96,312.85,115.96,312.85
117.96,211.71,317.96,211.71,317.96,311.71,117.96,311.71
117.37,211.14,317.37,211.14,317.37,311.14,117.37,311.14
116.69,210.90,316.69,210.90,316.69,310.90,116.69,310.90
119.04,210.42,319.04,210.42,319.04,310.42,119.04,310.42
118.50,210.09,318.50,210.09,318.50,310.09,118.50,310.09
120.56,209.78,320.56,209.78,320.56,309.78,120.56,309.78
119.05,210.78,319.05,210.78,319.05,310.78,119.05,310.78
121.64,212.81,321.64,212.81,321.64,312.81,121.64,312.81
123.18,213.22,323.18,213.22,323.18,313.22,123.18,313.22
133.98,217.70,333.98,217.70,333.98,317.70,133.98,317.70
140.46,219.82,340.46,219.82,340.46,319.82,140.46,319.82
144.91,221.85,344.91,221.85,344.91,321.85,144.91,321.85
148.88,221.37,348.89,221.37,348.89,321.37,148.88,321.37
153.14,223.79,353.14,223.79,353.14,323.79,153.14,323.79
157.59,225.28,357.59,225.28,357.59,325.28,157.59,325.28
163.60,226.26,363.60,226.26,363.60,326.26,163.60,326.26
169.26,228.75,369.26,228.75,369.26,328.75,169.26,328.75
171.52,227.42,371.52,227.42,371.52,327.42,171.52,327.42
175.19,226.35,375.19,226.35,375.19,326.35,175.19,326.35
174.50,225.89,374.50,225.89,374.50,325.89,174.50,325.89
183.94,227.30,383.94,227.30,383.94,327.30,183.94,327.30
179.43,225.83,379.43,225.83,379.43,325.83,179.43,325.83
179.52,223.57,379.52,223.57,379.52,323.57,179.52,323.57
180.89,224.84,380.89,224.84,380.89,324.83,180.89,324.83
188.41,221.12,388.41,221.12,388.41,321.12,188.41,321.12
192.98,217.01,392.98,217.01,392.98,317.01,192.98,317.01
191.17,219.42,391.17,219.42,391.17,319.42,191.17,319.42
191.27,218.96,391.27,218.96,391.27,318.96,191.27,318.96
193.74,216.35,393.74,216.35,393.74,316.35,193.74,316.35
193.07,217.71,393.07,217.71,393.07,317.71,193.07,317.71
192.33,219.21,392.33,219.21,392.33,319.21,192.33,319.21
194.99,217.50,394.99,217.50,394.99,317.50,194.99,317.50
195.26,218.89,395.27,218.89,395.27,318.89,195.26,318.89
196.39,218.59,396.39,218.59,396.39,318.59,196.39,318.59
195.44,217.62,395.44,217.62,395.44,317.62,195.44,317.62
191.59,219.13,391.59,219.13,391.59,319.13,191.59,319.13
197.60,216.86,397.60,216.86,397.60,316.86,197.60,316.86
201.80,216.12,401.80,216.12,401.80,316.12,201.80,316.12
204.64,214.65,404.64,214.65,404.64,314.64,204.64,314.64
215.70,212.33,415.70,212.33,415.70,312.33,215.70,312.33
217.70,212.27,417.70,212.27,417.70,312.27,217.70,312.27
235.29,204.07,435.29,204.07,435.29,304.07,235.29,304.07
236.44,205.27,436.44,205.27,436.44,305.27,236.44,305.27
240.69,203.36,440.69,203.36,440.69,303.36,240.69,303.36
242.97,205.30,442.97,205.30,442.97,305.30,242.97,305.30
244.40,205.27,444.40,205.27,444.40,305.27,244.40,305.27
247.74,205.39,447.74,205.39,447.74,305.39,247.74,305.39
248.57,204.02,448.57,204.02,448.57,304.02,248.57,304.02
248.18,204.89,448.18,204.89,448.18,304.89,248.18,304.89
250.44,205.03,450.44,205.03,450.44,305.03,250.44,305.03
250.02,205.65,450.02,205.65,450.02,305.65,250.02,305.65
250.78,204.45,450.78,204.45,450.78,304.45,250.78,304.45
252.06,206.87,452.06,206.87,452.06,306.87,252.06,306.87
252.62,206.23,452.61,206.23,452.61,306.23,252.62,306.23
253.98,205.47,453.98,205.47,453.98,305.47,253.98,305.47
253.51,205.30,453.51,205.30,453.51,305.30,253.51,305.30
255.03,206.28,455.03,206.28,455.03,306.28,255.03,306.28
255.77,206.52,455.77,206.52,455.77,306.52,255.77,306.52
259.47,205.56,459.47,205.56,459.47,305.56,259.47,305.56
263.45,205.91,463.45,205.91,463.45,305.91,263.45,305.91
261.28,206.11,461.28,206.11,461.28,306.11,261.28,306.11
265.14,204.69,465.14,204.69,465.14,304.69,265.14,304.69
261.67,205.43,461.67,205.43,461.67,305.43,261.67,305.43
261.89,205.80,461.89,205.80,461.89,305.80,261.89,305.80
262.66,205.61,462.66,205.61,462.66,305.61,262.66,305.61
262.54,204.20,462.54,204.20,462.54,304.20,262.54,304.20
262.75,204.28,462.75,204.28,462.75,304.28,262.75,304.28
257.66,206.90,457.66,206.90,457.66,306.90,257.66,306.90
257.13,208.48,457.13,208.48,457.13,308.48,257.13,308.48
260.91,206.15,460.91,206.15,460.91,306.15,260.91,306.15
259.45,206.14,459.45,206.14,459.45,306.14,259.45,306.14
262.47,204.12,462.47,204.12,462.47,304.12,262.47,304.12
264.86,205.96,464.86,205.96,464.86,305.96,264.86,305.96
265.40,205.08,465.40,205.08,465.40,305.08,265.40,305.08
265.09,205.59,465.09,205.59,465.09,305.59,265.09,305.59
262.32,206.51,462.32,206.51,462.32,306.52,262.32,306.52
266.67,205.74,466.67,205.74,466.67,305.74,266.67,305.74
263.48,205.53,463.48,205.53,463.48,305.53,263.48,305.53
264.48,204.55,464.48,204.55,464.48,304.55,264.48,304.55
265.34,205.74,465.34,205.74,465.34,305.74,265.34,305.74
267.34,205.71,467.34,205.71,467.34,305.71,267.34,305.71
262.70,207.46,462.70,207.46,462.70,307.46,262.70,307.46
269.42,202.88,469.42,202.88,469.42,302.89,269.42,302.89
267.52,202.13,467.52,202.13,467.52,302.13,267.52,302.13
265.49,203.87,465.49,203.87,465.49,303.87,265.49,303.87
268.18,201.51,468.18,201.51,468.18,301.51,268.18,301.51
267.73,201.97,467.73,201.97,467.73,301.97,267.73,301.97
268.53,201.39,468.53,201.39,468.53,301.39,268.53,301.39
268.53,201.30,468.53,201.30,468.53,301.30,268.53,301.30
266.15,202.49,466.15,202.49,466.15,302.49,266.15,302.49
265.13,203.95,465.13,203.95,465.13,303.95,265.13,303.95
269.36,201.21,469.36,201.21,469.36,301.20,269.36,301.20
263.52,208.86,463.52,208.86,463.52,308.86,263.52,308.86
265.89,206.47,465.89,206.47,465.89,306.47,265.89,306.47
264.84,204.65,464.84,204.65,464.84,304.64,264.84,304.64
267.36,204.76,467.36,204.76,467.36,304.76,267.36,304.76
269.41,201.37,469.41,201.37,469.41,301.37,269.41,301.37
272.73,201.28,472.73,201.28,472.73,301.28,272.73,301.28
272.38,200.88,472.38,200.88,472.38,300.88,272.38,300.88
271.73,201.46,471.73,201.46,471.73,301.46,271.73,301.46
274.91,198.82,474.91,198.82,474.91,298.82,274.91,298.82
276.66,198.62,476.66,198.62,476.66,298.62,276.66,298.62
274.81,199.02,474.81,199.02,474.81,299.02,274.81,299.02
277.52,198.32,477.52,198.32,477.52,298.32,277.52,298.32
274.10,200.16,474.10,200.16,474.10,300.17,274.10,300.17
275.61,200.21,475.61,200.21,475.61,300.21,275.61,300.21
277.54,200.26,477.54,200.26,477.54,300.26,277.54,300.26
273.68,201.51,473.68,201.51,473.68,301.51,273.68,301.51
273.87,201.31,473.87,201.31,473.87,301.31,273.87,301.31
277.13,201.87,477.13,201.87,477.13,301.87,277.13,301.87
277.16,202.30,477.16,202.30,477.16,302.30,277.16,302.30
279.32,201.60,479.32,201.60,479.32,301.60,279.32,301.60
279.84,202.84,479.84,202.84,479.84,302.84,279.84,302.84
277.76,201.32,477.76,201.32,477.76,301.32,277.76,301.32
279.04,202.81,479.04,202.81,479.04,302.81,279.04,302.81
277.28,200.08,477.28,200.08,477.28,300.08,277.28,300.08
281.18,201.59,481.18,201.59,481.18,301.59,281.18,301.59
293.98,193.35,493.98,193.35,493.98,293.35,293.98,293.35
290.84,181.59,490.84,181.59,490.84,281.59,290.84,281.59
412.77,161.05,612.77,161.05,612.77,261.05,412.77,261.05
444.18,158.03,644.18,158.03,644.18,258.03,444.18,258.03
441.27,157.72,641.27,157.72,641.27,257.72,441.27,257.72
441.87,157.40,641.87,157.40,641.87,257.40,441.87,257.40
439.61,159.62,639.61,159.62,639.61,259.62,439.61,259.62
439.70,159.17,639.70,159.17,639.70,259.17,439.70,259.17
439.72,162.98,639.72,162.98,639.72,262.98,439.72,262.98
438.74,165.87,638.74,165.87,638.74,265.87,438.74,265.87
440.14,167.42,640.14,167.42,640.14,267.42,440.14,267.42
438.97,164.63,638.97,164.63,638.97,264.63,438.97,264.63
441.27,160.99,641.27,160.99,641.27,260.99,441.27,260.99
442.15,155.41,642.15,155.41,642.15,255.41,442.15,255.41
440.77,154.49,640.77,154.49,640.77,254.49,440.77,254.49
441.83,154.35,641.83,154.35,641.83,254.35,441.83,254.35
441.46,153.28,641.46,153.28,641.46,253.28,441.46,253.28
441.37,153.72,641.37,153.72,641.37,253.72,441.37,253.72
441.24,154.40,641.24,154.40,641.24,254.40,441.24,254.40
441.80,153.23,641.80,153.23,641.80,253.23,441.80,253.23
440.12,153.53,640.12,153.53,640.12,253.53,440.12,253.53
443.26,152.64,643.26,152.64,643.26,252.64,443.26,252.64
445.02,153.22,645.02,153.22,645.02,253.22,445.02,253.22
459.05,158.74,659.05,158.74,659.05,258.73,459.05,258.73
469.76,158.51,669.76,158.51,669.76,258.51,469.76,258.51
463.37,159.01,663.37,159.01,663.37,259.01,463.37,259.01
460.14,159.21,660.14,159.21,660.14,259.21,460.14,259.21
461.86,159.52,661.86,159.52,661.86,259.52,461.86,259.52
2
0
0
0
0
1
244.00,168.00,470.00,168.00,470.00,309.00,244.00,309.00
244.00,168.00,470.00,168.00,470.00,309.00,244.00,309.00
258.72,170.26,484.72,170.26,484.72,311.26,258.72,311.26
255.32,175.18,481.32,175.18,481.32,316.18,255.32,316.18
257.72,176.04,483.72,176.04,483.72,317.04,257.72,317.04
261.49,177.53,487.49,177.53,487.49,318.53,261.49,318.53
264.17,178.29,490.17,178.29,490.17,319.29,264.17,319.29
262.75,174.18,488.75,174.18,488.75,315.18,262.75,315.18
269.15,174.32,495.15,174.32,495.15,315.32,269.15,315.32
255.12,181.01,481.12,181.01,481.12,322.01,255.12,322.01
252.13,179.06,478.14,179.06,478.14,320.06,252.13,320.06
270.02,171.55,496.02,171.55,496.02,312.55,270.02,312.55
246.56,183.48,472.56,183.48,472.56,324.48,246.56,324.48
253.71,180.62,479.71,180.62,479.71,321.62,253.71,321.62
267.07,174.35,493.07,174.35,493.07,315.35,267.07,315.35
217.79,208.71,443.79,208.71,443.79,349.70,217.79,349.70
214.31,204.20,440.31,204.20,440.31,345.20,214.31,345.20
252.68,180.43,478.68,180.43,478.68,321.43,252.68,321.43
265.86,172.09,491.86,172.09,491.86,313.09,265.86,313.09
256.32,173.62,482.32,173.62,482.32,314.62,256.32,314.62
272.73,169.13,498.73,169.13,498.73,310.13,272.73,310.13
252.89,181.54,478.89,181.54,478.89,322.54,252.89,322.54
257.73,171.94,483.73,171.94,483.73,312.94,257.73,312.94
249.72,177.55,475.72,177.55,475.72,318.55,249.72,318.55
242.93,182.42,468.93,182.42,468.93,323.42,242.93,323.42
273.14,168.88,499.14,168.88,499.14,309.88,273.14,309.88
263.95,172.81,489.95,172.81,489.95,313.81,263.95,313.81
258.57,180.30,484.57,180.30,484.57,321.30,258.57,321.30
262.24,176.15,488.24,176.15,488.24,317.15,262.24,317.15
262.82,169.45,488.82,169.45,488.82,310.45,262.82,310.45
251.98,179.91,477.98,179.91,477.98,320.91,251.98,320.91
221.32,201.06,447.32,201.06,447.32,342.06,221.32,342.06
215.21,203.76,441.21,203.76,441.21,344.76,215.21,344.76
218.91,199.81,444.91,199.81,444.91,340.81,218.91,340.81
217.99,201.04,443.99,201.04,443.99,342.04,217.99,342.04
222.17,197.19,448.17,197.19,448.17,338.19,222.17,338.19
218.10,201.38,444.10,201.38,444.10,342.38,218.10,342.38
223.38,196.62,449.38,196.62,449.38,337.62,223.38,337.62
225.13,200.14,451.13,200.14,451.13,341.14,225.13,341.14
218.63,198.76,444.63,198.76,444.63,339.76,218.63,339.76
222.49,196.83,448.48,196.83,448.48,337.83,222.49,337.83
218.59,198.16,444.59,198.16,444.59,339.16,218.59,339.16
221.86,194.73,447.86,194.73,447.86,335.73,221.86,335.73
226.68,193.53,452.68,193.53,452.68,334.53,226.68,334.53
224.76,195.36,450.76,195.36,450.76,336.36,224.76,336.36
218.47,200.17,444.47,200.17,444.47,341.17,218.47,341.17
218.21,203.67,444.21,203.67,444.21,344.67,218.21,344.67
227.34,199.36,453.33,199.36,453.33,340.36,227.34,340.36
218.69,202.13,444.69,202.13,444.69,343.13,218.69,343.13
224.34,195.36,450.34,195.36,450.34,336.36,224.34,336.36
225.02,194.28,451.02,194.28,451.02,335.28,225.02,335.28
224.71,199.46,450.71,199.46,450.71,340.46,224.71,340.46
222.62,195.51,448.62,195.51,448.62,336.51,222.62,336.51
220.75,196.06,446.75,196.06,446.75,337.06,220.75,337.06
222.05,198.06,448.05,198.06,448.05,339.06,222.05,339.06
212.39,204.97,438.39,204.97,438.39,345.97,212.39,345.97
215.48,207.02,441.48,207.02,441.48,348.02,215.48,348.02
219.77,201.41,445.77,201.41,445.77,342.41,219.77,342.41
221.14,198.17,447.14,198.17,447.14,339.17,221.14,339.17
224.01,193.87,450.01,193.87,450.01,334.87,224.01,334.87
234.12,190.68,460.12,190.68,460.12,331.68,234.12,331.68
222.68,197.37,448.68,197.37,448.68,338.37,222.68,338.37
222.02,194.87,448.02,194.87,448.02,335.87,222.02,335.87
223.81,199.11,449.81,199.11,449.81,340.11,223.81,340.11
216.94,202.42,442.94,202.42,442.94,343.42,216.94,343.42
215.25,204.55,441.25,204.55,441.25,345.55,215.25,345.55
221.41,200.46,447.41,200.46,447.41,341.46,221.41,341.46
225.39,198.19,451.39,198.19,451.39,339.19,225.39,339.19
227.14,193.45,453.14,193.45,453.14,334.45,227.14,334.45
228.62,203.01,454.62,203.01,454.62,344.01,228.62,344.01
222.55,200.53,448.55,200.53,448.55,341.53,222.55,341.53
239.86,201.39,465.86,201.39,465.86,342.39,239.86,342.39
230.47,198.55,456.47,198.55,456.47,339.55,230.47,339.55
247.55,187.04,473.55,187.04,473.55,328.04,247.55,328.04
239.89,194.74,465.89,194.74,465.89,335.74,239.89,335.74
244.63,189.59,470.63,189.59,470.63,330.59,244.63,330.59
216.11,198.72,442.11,198.72,442.11,339.72,216.11,339.72
228.67,193.11,454.67,193.11,454.67,334.11,228.67,334.11
226.85,194.63,452.86,194.63,452.86,335.63,226.85,335.63
220.19,192.02,446.19,192.02,446.19,333.02,220.19,333.02
226.39,192.51,452.39,192.51,452.39,333.51,226.39,333.51
226.07,195.09,452.07,195.09,452.07,336.09,226.07,336.09
224.90,191.61,450.90,191.61,450.90,332.61,224.90,332.61
226.03,190.93,452.03,190.93,452.03,331.93,226.03,331.93
225.17,193.09,451.17,193.09,451.17,334.09,225.17,334.09
216.91,206.25,442.91,206.25,442.91,347.25,216.91,347.25
227.79,197.23,453.79,197.23,453.79,338.23,227.79,338.23
235.69,194.50,461.69,194.50,461.69,335.50,235.69,335.50
234.11,195.01,460.11,195.01,460.11,336.01,234.11,336.01
243.64,191.56,469.64,191.56,469.64,332.56,243.64,332.56
232.49,201.12,458.49,201.12,458.49,342.12,232.49,342.12
254.70,200.71,480.70,200.71,480.70,341.71,254.70,341.71
238.76,204.80,464.76,204.80,464.76,345.80,238.76,345.80
260.94,200.16,486.94,200.16,486.94,341.16,260.94,341.16
251.79,197.31,477.79,197.31,477.79,338.31,251.79,338.31
292.25,182.95,518.25,182.95,518.25,323.95,292.25,323.95
296.74,183.47,522.74,183.47,522.74,324.47,296.74,324.47
284.89,194.76,510.89,194.76,510.89,335.76,284.89,335.76
297.60,183.29,523.60,183.29,523.60,324.29,297.60,324.29
347.01,181.32,573.01,181.32,573.01,322.32,347.01,322.32
346.41,179.10,572.41,179.10,572.41,320.10,346.41,320.10
342.82,176.60,568.82,176.60,568.82,317.60,342.82,317.60
348.38,170.75,574.38,170.75,574.38,311.75,348.38,311.75
352.86,173.77,578.86,173.77,578.86,314.77,352.86,314.77
351.00,172.74,577.00,172.74,577.00,313.74,351.00,313.74
338.27,178.79,564.28,178.79,564.28,319.79,338.27,319.79
2
0
0
0
0
1
392.00,218.00,559.00,218.00,559.00,314.00,392.00,314.00
392.00,218.00,559.00,218.00,559.00,314.00,392.00,314.00
396.53,201.62,563.53,201.62,563.53,297.62,396.53,297.62
2
0
0
0
0
1
490.00,239.00,602.00,239.00,602.00,328.00,490.00,328.00
490.00,239.00,602.00,239.00,602.00,328.00,490.00,328.00
444.00,268.21,556.00,268.21,556.00,357.21,444.00,357.21
460.77,277.27,572.78,277.27,572.78,366.27,460.77,366.27
438.79,282.38,550.79,282.38,550.79,371.38,438.79,371.38
2
0
0
0
0
1
680.00,308.00,814.00,308.00,814.00,235.00,680.00,235.00
680.00,308.00,814.00,308.00,814.00,235.00,680.00,235.00
752.00,321.35,886.00,321.35,886.00,248.35,752.00,248.35
768.64,312.23,902.64,312.23,902.64,239.23,768.64,239.23
787.64,295.81,921.64,295.81,921.64,222.81,787.64,222.81
790.60,294.04,924.60,294.04,924.60,221.04,790.60,221.04
788.52,292.80,922.52,292.80,922.52,219.80,788.52,219.80
797.70,296.23,931.70,296.23,931.70,223.23,797.70,223.23
724.07,345.04,858.07,345.04,858.07,272.04,724.07,272.04
755.02,336.20,889.02,336.20,889.02,263.20,755.02,263.20
780.24,330.75,914.24,330.75,914.24,257.75,780.24,257.75
768.43,346.29,902.43,346.29,902.43,273.29,768.43,273.29
730.83,366.47,864.83,366.47,864.83,293.47,730.83,293.47
741.64,341.15,875.64,341.15,875.64,268.15,741.64,268.15
733.42,344.99,867.42,344.99,867.42,271.99,733.42,271.99
756.19,346.37,890.19,346.37,890.19,273.37,756.19,273.37
783.74,341.61,917.74,341.61,917.74,268.61,783.74,268.61
788.53,335.31,922.53,335.31,922.53,262.31,788.53,262.31
826.00,331.71,960.00,331.71,960.00,258.71,826.00,258.71
826.00,329.33,960.00,329.33,960.00,256.33,826.00,256.33
826.00,330.38,960.00,330.38,960.00,257.38,826.00,257.38
826.00,332.18,960.00,332.18,960.00,259.18,826.00,259.18
826.00,331.99,960.00,331.99,960.00,258.99,826.00,258.99
826.00,339.91,960.00,339.91,960.00,266.91,826.00,266.91
826.00,334.31,960.00,334.31,960.00,261.31,826.00,261.31
780.70,356.48,914.70,356.48,914.70,283.48,780.70,283.48
774.91,369.28,908.91,369.28,908.91,296.28,774.91,296.28
758.14,354.52,892.14,354.52,892.14,281.52,758.14,281.52
765.23,352.49,899.23,352.49,899.23,279.49,765.23,279.49
734.61,355.24,868.61,355.24,868.61,282.24,734.61,282.24
747.40,358.29,881.40,358.29,881.40,285.29,747.40,285.29
729.05,355.93,863.05,355.93,863.05,282.93,729.05,282.93
745.35,366.00,879.35,366.00,879.35,293.00,745.35,293.00
753.84,381.36,887.84,381.36,887.84,308.36,753.84,308.36
740.34,364.73,874.34,364.73,874.34,291.73,740.34,291.73
