1
192.986420,29.377533,81.114502,82.139748
192.630020,27.854921,80.780174,81.814323
192.568695,28.344120,80.580498,81.717430
192.762497,29.127579,80.883682,81.884796
190.809647,25.449955,80.935310,82.062569
189.788315,29.312408,81.433960,82.551331
191.536911,29.632883,81.601868,82.661514
190.928802,30.047077,81.386169,82.425934
189.870224,28.965527,81.555786,82.748711
189.493652,32.953274,81.528969,82.888908
189.032898,33.435986,81.011513,82.412849
190.437256,29.729982,80.930450,82.306602
188.233231,34.136475,81.112610,82.487907
187.483719,35.956303,81.468468,82.951096
187.748199,37.453526,81.611023,83.167786
186.879044,37.899105,81.662308,83.248299
186.112335,40.755367,81.195663,82.716171
187.096191,41.327831,81.511475,83.023994
185.900223,42.145100,81.297073,82.798706
186.412399,44.654331,80.968643,82.295326
184.508682,46.049450,80.738449,81.954697
185.490707,48.223660,80.416397,81.569221
183.856339,49.326748,80.644714,81.730949
182.233826,49.243359,80.290543,81.370209
182.244949,48.063007,79.944313,81.037666
181.986664,49.374626,79.088150,80.118607
182.389236,49.465748,79.469208,80.489120
183.414505,50.661541,79.189018,80.116226
187.102783,53.210739,78.870857,79.752113
187.909622,52.504745,78.567345,79.385612
188.524063,50.830162,78.717003,79.453781
188.051147,51.462467,78.355721,78.948738
189.377502,50.705963,78.343842,78.925293
191.907104,49.689144,78.231766,78.866440
190.705215,50.234169,78.437866,79.078209
188.964218,50.277023,78.400070,78.816734
191.837448,50.159000,79.031525,79.526398
191.547318,50.108028,79.095261,79.535721
191.095139,48.256424,78.982071,79.376129
193.220322,49.354244,78.456192,78.929329
195.381638,46.562366,78.399597,78.912857
194.158005,49.483433,78.186653,78.813591
193.856766,48.505737,77.982765,78.643745
189.482758,46.447941,77.953438,78.573860
197.407562,45.580845,77.898880,78.525536
196.669876,46.282822,78.424835,79.161964
200.276154,48.600513,78.005074,78.795052
195.645615,44.056839,77.938110,78.732773
195.957886,46.588093,78.058220,78.823662
195.792206,45.471218,78.026031,78.833923
189.345840,45.551872,78.233856,79.042931
192.265427,44.720253,77.758415,78.559547
192.545059,47.337929,77.484436,78.321999
190.914322,43.823643,77.789940,78.689850
189.290909,44.709919,77.900352,78.880135
191.050659,46.297783,77.677872,78.623566
191.346603,46.072842,78.213898,79.232635
188.050583,46.757210,78.376999,79.319595
186.029556,46.966129,78.468971,79.396942
188.239807,48.871883,78.177925,79.165154
190.197586,48.153297,78.223831,79.246819
185.307892,49.535595,77.837318,78.930077
185.819565,50.320633,77.914345,78.938805
183.839874,50.081291,77.839714,78.888687
182.517532,51.373898,78.029129,79.051865
178.998749,48.649990,77.951576,78.994705
175.149307,48.670059,77.901306,78.995888
170.585510,53.966854,78.129547,79.266426
170.229507,49.669968,78.185318,79.346046
169.904816,47.151726,78.308975,79.411247
167.329666,47.876907,78.364822,79.577667
193.005737,43.370506,78.354912,79.516251
189.691605,45.261559,78.873039,80.095573
189.944061,45.579956,78.321350,79.574112
183.977783,44.507473,78.176483,79.470657
186.937347,47.697800,78.310417,79.499527
186.304825,45.614704,78.069305,79.223206
189.068161,46.259663,78.722824,79.967407
187.121292,43.134552,78.922234,80.226585
189.528015,44.953388,78.646919,79.947441
189.593140,43.416313,78.808952,80.226868
189.366562,45.798996,78.731850,80.094269
189.903809,43.577175,78.531281,79.873238
188.590027,45.177307,78.299232,79.690613
2
0
0
0
0
1
79.758530,92.929268,103.414330,89.863098
76.673935,95.440804,103.546806,90.018295
77.178459,98.497559,103.657364,90.195602
75.704376,100.978523,103.384109,90.033096
75.129303,102.705917,103.583588,90.214699
72.882187,105.294586,103.698212,90.544235
72.882294,109.143570,103.761879,90.655052
71.399910,111.733742,103.662743,90.611053
69.461067,115.047653,103.722595,90.626450
68.608368,115.808090,103.587044,90.564537
68.635086,117.041283,103.467003,90.548004
66.883896,118.645653,103.237526,90.322571
64.549896,119.558052,103.203957,90.333626
68.262268,119.676788,103.288986,90.499367
70.540955,120.358925,103.195404,90.559273
74.608185,124.466461,103.196762,90.561546
77.431885,124.381294,103.052498,90.420540
78.535522,124.830101,102.925194,90.316536
82.561142,124.570023,103.025948,90.485596
85.117821,124.752968,103.030228,90.619553
90.384232,120.703590,103.043327,90.657364
93.891281,121.108971,103.110298,90.835068
95.945068,114.468475,103.720734,91.205299
95.598305,112.535660,104.177124,91.552361
96.638023,110.724548,104.213913,91.746773
99.029091,111.370636,104.455261,91.961060
100.882950,112.132675,104.715294,92.135208
105.369781,110.484314,104.994583,92.361343
102.378723,110.426445,104.941559,92.274033
106.058060,100.281456,104.222984,91.522774
71.927963,115.065414,104.267372,91.629959
88.739265,108.938881,104.068054,91.472267
79.244156,106.523323,104.176102,91.543503
82.584259,107.616554,103.258827,90.787758
2
0
0
0
0
1
206.214798,44.804565,48.117870,107.312904
209.033997,46.707855,48.111450,107.264481
213.124268,51.347355,48.172253,107.417801
215.155609,50.513569,48.296356,107.652740
217.526276,53.450302,48.689804,108.550034
218.400620,53.257854,48.832066,108.835327
219.414017,55.543999,49.008270,109.262230
221.318176,57.216530,48.867908,109.002281
220.971024,60.098480,48.849686,108.995621
220.933487,60.712006,48.748058,108.807800
221.496384,61.117462,48.385246,107.939629
221.348221,57.808064,48.056675,107.195190
223.016708,60.366379,48.265003,107.636024
221.145493,60.748478,48.700165,108.614922
221.329529,62.387680,48.446140,108.090256
219.849762,60.888493,49.283070,109.899986
220.461456,64.296272,49.481598,110.390404
219.389801,61.014328,49.816357,111.060555
217.725555,67.908714,49.459095,110.237221
218.634430,67.419243,49.477272,110.255920
218.641495,64.785759,49.540058,110.381554
218.241547,67.914932,49.422222,110.156990
216.317551,71.545105,49.518490,110.345695
214.966019,70.906372,49.340744,109.936241
214.129593,70.742027,49.702999,110.719856
217.866623,66.408508,49.412746,110.142845
216.669632,68.400551,48.815334,108.784653
217.526169,65.924973,49.231937,109.700150
217.395416,67.324158,49.378117,110.034271
220.240738,60.039745,49.226665,109.719780
219.829407,64.205811,49.018387,109.250900
219.453415,67.539085,49.169193,109.643913
218.220444,62.808834,48.932854,109.162773
220.533463,58.853951,48.497570,108.218964
221.256378,60.602623,48.330528,107.877174
219.214920,69.257339,48.236668,107.608292
219.098999,67.920403,48.202621,107.552155
220.138351,67.630486,47.640400,106.345337
220.017883,65.264267,47.908573,106.911659
221.307037,66.212746,46.926491,104.730148
218.449570,72.801949,47.028919,104.878052
219.713120,71.728683,47.240715,105.418510
218.182495,69.072037,47.266159,105.512581
216.399231,68.827682,47.522964,106.060555
217.393234,68.243523,47.249142,105.493896
218.346085,70.167908,47.464664,105.920929
217.377243,66.255859,47.635830,106.404427
218.451004,66.671715,47.611027,106.369339
219.253464,66.433929,47.910278,107.050949
218.768921,64.405251,48.383942,108.124283
218.547485,67.005562,48.027134,107.372490
218.917572,66.110779,47.852386,106.915482
217.464096,67.602287,48.268829,107.731453
218.926239,65.678230,47.989140,107.041840
217.912842,68.682037,48.422047,107.951904
218.298462,68.072418,48.553650,108.261894
217.903748,69.921806,48.193489,107.440544
2
0
0
0
0
1
147.858704,84.957916,64.415726,98.170898
143.998260,82.679726,64.104416,97.723923
141.534775,80.117432,63.755016,97.213539
140.497437,79.413132,64.160156,97.907707
134.427399,76.477776,63.768642,97.297043
129.248642,74.615379,63.709900,97.143829
122.261353,71.568436,63.538467,97.032501
118.396217,71.448021,63.651558,97.282600
114.380119,70.000015,63.828735,97.631950
112.358101,69.560867,64.147385,98.074921
107.599472,68.093346,64.058533,98.052803
101.122986,62.996616,64.121780,98.119965
98.705330,59.926525,64.021690,97.987762
96.318459,57.547806,64.323631,98.408554
96.920715,55.828915,64.249794,98.344193
95.789917,55.134293,63.864853,97.906303
94.862068,54.446484,63.722202,97.622581
94.194748,53.924187,63.684673,97.519295
92.234657,51.486691,63.441788,97.098251
93.919388,51.734318,63.641411,97.483231
94.025871,53.587700,63.689022,97.626511
92.676735,53.799534,63.878841,97.883675
91.672447,54.068417,63.490868,97.269142
93.015633,56.132355,63.286385,96.971481
95.705475,57.692238,62.766205,96.191269
94.717392,57.127163,62.654503,96.085953
95.181015,60.838928,62.664455,96.064545
93.208427,57.382149,63.030643,96.532799
92.050613,59.722023,63.410160,97.049179
106.449089,76.774719,63.065331,96.538086
104.858307,70.957008,62.750626,96.096344
104.133133,73.236130,63.222267,96.799477
99.326874,66.181618,63.012135,96.496460
106.134293,70.744385,63.547543,97.328636
108.147804,70.967728,63.313560,96.964142
106.879723,73.654968,62.758575,96.108704
86.333527,76.775169,62.891182,96.337265
101.166130,70.921806,63.643768,97.493309
102.201736,68.019806,63.725269,97.729256
103.110565,67.395615,63.258743,97.074669
90.585617,64.404617,63.403072,97.311615
93.657219,59.783928,63.170723,96.986038
96.441376,62.948986,63.459854,97.386093
89.007812,71.505867,63.645489,97.648094
93.707863,66.666046,63.514805,97.496048
95.018250,63.387630,63.811764,98.072693
92.698105,61.832401,63.582035,97.832664
95.036797,62.120804,63.467392,97.609062
95.533417,62.994953,64.157890,98.654991
105.084206,68.985062,63.628338,97.724449
105.613869,69.042854,63.593414,97.716789
110.033089,71.969666,63.723667,97.983330
109.052536,71.633957,63.602844,97.790718
110.854019,71.075066,63.511246,97.652115
103.879364,70.176239,63.738365,98.017517
111.364883,73.219437,63.915382,98.336998
110.438271,72.723480,63.730179,97.911827
110.097450,72.702377,63.468681,97.612823
112.077034,77.366982,63.767818,98.169273
110.065552,70.724907,63.757080,98.030151
109.012802,73.819084,63.946861,98.258705
108.065712,70.881828,63.819820,98.078041
108.619141,70.251633,64.187485,98.682991
109.459015,70.486717,64.345734,98.911774
111.319588,69.937958,63.392128,97.404602
111.451637,71.726997,63.133759,97.000359
111.566444,74.023766,63.168816,97.028328
109.567513,69.850693,62.679420,96.362251
109.434937,69.296852,62.457932,95.916870
111.599014,72.740929,62.830364,96.542892
111.342857,70.570786,62.770973,96.532913
113.516281,74.372215,62.457390,96.076675
109.098686,70.220299,62.197250,95.726654
109.003258,74.877632,62.662823,96.498398
108.131088,72.523094,62.286541,95.938164
106.562180,67.448227,62.042278,95.605446
108.884109,72.441757,62.494217,96.326317
112.235580,68.729340,61.945972,95.488419
112.477104,71.967911,61.964218,95.411697
2
0
0
0
0
1
196.571442,131.521866,111.216988,54.549568
199.329117,132.476013,111.067741,54.433090
203.208511,131.446671,111.033897,54.279686
204.086960,130.201065,111.154968,54.272781
204.293732,129.084946,111.200386,54.320732
204.773529,127.093475,110.884903,54.208061
203.015366,125.510437,111.300354,54.305534
202.842728,124.826134,111.364189,54.354633
203.445496,123.803307,111.265030,54.289101
201.854034,122.402077,111.377480,54.429951
201.327637,118.790810,111.031616,54.280979
201.949982,120.957169,111.158478,54.207222
202.590088,122.884819,111.376007,54.360428
200.562057,122.574501,111.522537,54.311268
200.546478,122.791557,111.843773,54.397419
197.712814,121.685814,111.921959,54.280285
199.275040,122.461128,111.764999,54.093632
195.851685,120.114754,111.858124,54.023441
192.466095,120.232452,111.675369,53.973667
192.917007,120.722137,111.651649,53.873466
193.453842,121.023285,111.401199,53.677670
191.999786,121.929398,111.738953,53.965508
187.892273,121.425964,111.692993,54.022602
184.240753,118.551483,111.880386,54.184444
179.127686,115.421204,112.064331,54.149723
176.441864,115.869110,111.414658,53.672695
173.727921,116.649231,111.481689,53.546761
169.603378,115.098206,111.234070,53.480133
168.608551,116.202263,111.126671,53.456417
164.965927,118.794456,110.994827,53.389381
167.006775,118.050087,111.006241,53.268528
166.253494,116.530861,110.902863,53.106464
165.198471,117.466446,110.748016,53.188965
163.618866,117.231087,110.133308,52.739044
160.756012,118.144592,109.821335,52.442680
162.298340,118.912193,109.455582,52.196358
159.778275,118.492432,109.015015,52.008694
161.517075,118.148438,109.192680,52.233059
155.189270,117.365990,109.153915,52.161419
154.396759,116.634880,109.571533,52.547661
157.779587,115.294830,109.440956,52.744274
154.030212,113.229073,109.453682,52.789154
152.585907,116.751350,109.558846,52.836964
146.957550,116.490479,109.219818,52.632683
148.853699,117.207375,109.543640,52.788170
149.428192,113.391281,109.726181,52.785824
147.360641,114.622711,109.374847,52.683815
