1
194.466934,28.971678,78.025368,78.996674
194.971100,29.241644,77.975075,78.988029
194.921738,30.158432,77.886246,78.888184
192.189224,31.846321,78.226341,79.161514
194.091278,31.013651,78.586967,79.561531
191.780014,31.638559,78.617950,79.603104
192.717667,33.152386,78.281738,79.358124
191.853165,31.072836,78.044510,78.929924
191.811874,33.084370,78.322945,79.358986
192.518723,32.983311,78.209862,79.320908
190.653870,34.314114,78.369003,79.371613
190.175308,37.517395,78.398537,79.444260
189.398239,36.772873,78.432564,79.527863
188.573380,39.939655,78.745964,79.913086
186.430252,41.084961,79.008331,80.200867
184.724945,43.102406,79.010818,80.206863
185.133804,44.061798,79.188820,80.485283
185.474426,43.776741,79.428810,80.680946
185.253098,45.224243,79.026703,80.238213
183.458176,47.035004,78.977005,80.123680
182.345917,48.535469,79.185898,80.318497
183.425247,49.261097,78.888603,80.085365
183.434616,49.508060,79.198021,80.403618
182.582504,52.064354,79.492592,80.753593
181.665390,51.379333,79.418968,80.630905
182.196259,51.843410,79.651779,80.868790
181.560989,53.653534,79.473289,80.649750
182.381226,52.175568,79.509209,80.710861
184.089142,49.246666,79.424721,80.596916
184.152924,56.415581,79.817596,80.893867
187.555099,55.241543,80.063835,81.101974
186.869751,57.098915,79.940735,81.054695
189.742859,54.349869,79.893700,81.119408
192.293411,54.860729,79.838402,81.091125
191.228729,53.784744,79.596100,80.913010
189.751404,51.291443,79.693558,80.992455
192.874252,51.942600,79.706932,81.047775
190.669296,50.251434,79.859016,81.127281
190.875275,51.277317,79.814209,80.997147
190.787659,49.721867,80.184166,81.494675
192.966293,49.829945,80.168449,81.559502
197.646301,49.931629,80.045624,81.523392
198.380157,50.445644,79.916908,81.345543
198.789627,48.977612,79.925659,81.447273
202.203552,50.639160,79.129601,80.560440
200.580658,48.314716,79.344383,80.846565
200.619949,50.355022,78.901863,80.456802
200.206467,47.932236,78.845139,80.460129
199.769241,49.618191,78.863358,80.375687
198.127930,47.631790,79.166458,80.613823
192.812469,45.807175,79.283936,80.796547
190.944550,45.879299,79.091599,80.626854
192.889435,44.746876,79.080170,80.540413
190.840729,47.531136,78.804070,80.175262
187.682220,45.503986,79.054466,80.458954
189.787781,47.188419,78.726952,80.130615
188.280060,46.796337,79.104141,80.488731
187.839188,48.256119,79.512489,80.990746
188.709213,49.111748,79.247803,80.713959
186.768585,52.212158,79.267174,80.746422
188.141296,52.119820,79.409714,81.077820
185.809418,49.791935,79.308289,80.916016
184.937195,52.140892,79.368271,80.941513
184.008209,47.197819,79.018631,80.644470
182.854874,48.571209,78.893890,80.561607
178.244843,47.030140,78.679672,80.257622
176.553543,51.816963,78.773453,80.347870
171.404053,50.377014,78.764420,80.400795
171.370087,50.963631,79.009995,80.766891
169.869110,46.301804,79.006912,80.684937
166.617966,49.889297,79.019463,80.837158
162.330582,53.754509,78.116394,79.773201
173.209549,54.815704,78.079765,79.880867
164.566147,62.851780,77.950027,79.707001
138.020905,64.222076,77.687424,79.422768
141.176193,64.978912,77.547707,79.350365
137.721527,64.725708,77.736649,79.485985
134.964172,66.537369,77.582230,79.309280
140.917618,66.405006,77.348366,78.898781
132.290756,71.628426,77.679932,79.196884
124.091789,71.962532,78.057831,79.513641
121.601028,72.538483,77.884552,79.497200
120.396042,73.818069,78.423943,80.082832
94.397423,90.440308,78.499214,80.140694
114.709290,78.906693,78.919708,80.496269
111.916695,81.165977,79.105728,80.604813
106.803009,81.506195,79.027107,80.660271
112.748581,82.041039,79.021431,80.666862
107.712715,86.404991,79.172218,80.770058
104.286438,89.467476,79.533310,81.128281
104.638336,91.782158,78.937439,80.549492
106.625282,93.132446,78.414330,80.061310
102.785973,93.953659,78.162346,79.797890
99.515266,97.019859,77.846161,79.478432
92.074394,100.931694,77.474716,78.993126
96.794983,104.214973,76.705696,78.352600
97.259758,108.247849,76.800476,78.503281
96.862358,109.709473,77.487694,79.237419
92.272392,113.427231,77.622307,79.437103
99.520149,113.100243,77.284019,79.136894
95.231033,114.726982,77.160751,78.987602
94.489746,118.058304,76.868156,78.758263
91.856766,121.085701,76.559952,78.432045
95.525658,121.676514,76.199783,78.171425
94.271080,123.227684,75.728020,77.576691
98.211258,124.384460,75.785233,77.615120
103.027687,124.719147,76.019928,77.843979
105.882225,127.185486,75.948013,77.761543
107.312027,125.785805,75.749863,77.592461
113.261185,123.814804,75.608017,77.347855
119.972397,121.521835,75.283470,77.017372
120.198761,118.017868,74.903763,76.622276
123.887657,113.995949,74.637085,76.387993
126.156891,115.365654,74.333145,76.128548
130.306198,111.809685,73.993752,75.796890
127.349998,111.384323,74.529709,76.366257
132.264740,110.130524,75.025658,76.894409
134.768494,110.599739,75.758278,77.621490
140.178482,107.505692,76.031364,77.844940
153.743134,96.834839,75.872475,77.699890
158.769791,89.585793,76.045609,77.932777
164.108017,85.751526,76.100204,77.944664
169.441467,77.179970,76.671150,78.612122
175.020767,73.866249,76.808502,78.675545
181.378571,53.643719,76.741745,78.607521
184.942566,58.763153,76.404236,78.241676
186.333145,55.745106,76.346909,78.216309
184.747910,53.876076,76.227608,78.059120
185.430664,53.558270,76.532158,78.350273
187.093796,51.953911,76.722198,78.444733
188.325455,51.496727,76.661095,78.294846
192.853226,59.088585,76.267616,77.888580
193.911758,57.022636,76.440422,78.066650
194.933945,56.370056,77.036301,78.696693
197.163635,60.084644,77.297188,79.080910
196.588470,56.254768,77.209480,79.019478
198.013397,57.543468,77.420593,79.182312
195.058868,55.332539,77.627075,79.464973
196.981842,53.843971,77.865295,79.565018
196.681030,54.485279,78.108337,79.761826
197.401749,52.567993,78.043381,79.614853
192.425827,49.685760,78.193504,79.808739
193.746033,49.766159,77.899704,79.489616
193.376770,49.949131,78.143829,79.749687
194.277359,51.406815,78.434875,80.077469
193.247711,47.970066,77.662209,79.298256
192.920303,49.099586,77.451752,79.098434
191.880676,50.140541,77.689568,79.417397
194.062607,49.234035,77.306610,78.862297
195.129791,50.143417,77.262978,78.718483
192.501312,52.371731,77.805618,79.325279
193.042145,53.458763,78.013695,79.471573
190.759048,49.009850,77.897575,79.397278
190.331573,50.091343,78.230919,79.690613
188.467422,48.325508,78.385895,80.021004
191.821259,48.714798,78.096062,79.735550
191.161179,50.268967,78.300156,80.040291
189.920090,49.425884,78.250908,80.014328
2
0
0
0
0
1
215.297729,142.107742,40.787365,69.908371
215.432434,143.232773,41.304958,70.755623
215.563736,143.347778,41.070026,70.380959
214.669205,143.126770,40.883514,70.033875
215.528076,144.074539,40.857674,70.047409
216.193619,144.159363,40.767845,69.865875
215.953354,143.211044,40.995899,70.273361
217.108444,144.551849,40.876953,70.060379
215.434662,143.405670,40.972954,70.149689
214.270828,142.542740,41.025196,70.271378
212.221832,140.366943,41.159672,70.511826
209.494965,137.670410,41.298428,70.740402
205.726959,136.158661,41.113205,70.349678
203.544312,134.547424,40.997723,70.232117
199.840103,132.972641,40.880142,70.039993
196.592407,133.434158,41.018562,70.282715
194.598907,130.803146,40.568123,69.527161
191.436478,128.964355,40.653618,69.697075
188.483643,126.565399,40.465389,69.410126
185.116226,124.972710,39.897720,68.442619
181.902252,123.794914,39.871334,68.354645
177.961334,124.414513,40.019512,68.563255
176.069321,121.421402,40.211048,68.877243
175.606979,117.861572,40.771770,69.890106
174.811691,112.321548,41.178162,70.575874
171.573273,109.874687,40.989792,70.251930
170.476761,104.113297,41.209423,70.688622
167.945175,100.035767,41.449646,71.112747
163.930298,94.500137,41.940876,71.936539
159.205780,101.229340,42.016869,72.081978
155.042694,90.952629,41.488461,71.147385
156.805435,84.729706,41.411797,71.028481
169.446625,95.430695,41.588856,71.386093
148.535065,85.142761,41.592735,71.366943
158.156464,96.147552,41.841095,71.837776
150.563522,116.816422,41.482468,71.271797
151.367996,91.536583,41.346672,71.034515
142.227814,120.231491,41.521832,71.318832
143.569656,116.103020,41.389694,71.161835
142.393951,113.524437,41.599705,71.532394
121.288902,108.744072,42.083488,72.394051
103.595703,87.131248,41.629875,71.583939
109.921021,63.619129,41.954819,72.129997
103.964203,55.696568,42.233932,72.445976
108.659729,82.098549,42.242184,72.452171
102.204582,80.968925,42.905239,73.544434
100.002777,46.385277,43.046959,73.776016
103.555374,81.103065,43.110195,73.920799
99.489136,78.617523,43.182755,73.924988
102.530083,85.158707,42.656849,73.063782
99.155235,77.924965,43.302219,74.117599
92.641953,57.194592,43.662693,74.769127
95.367043,82.438751,43.313068,74.219887
98.621468,54.497658,43.599140,74.701248
93.638847,55.721569,43.608952,74.777855
73.396255,50.498703,43.795753,75.122574
92.689476,67.145210,43.826248,75.236832
78.811562,55.480000,44.054245,75.721718
60.438267,56.220665,43.807175,75.300827
68.495552,58.516838,43.787579,75.248901
72.070580,60.570328,43.637962,75.041245
77.246300,62.726688,44.085373,75.823631
72.741409,63.669437,43.535198,74.832207
73.073311,67.639870,42.937099,73.797356
77.515144,70.890564,42.508423,73.018623
90.888428,77.361237,44.006618,75.517372
89.978409,77.192566,44.192490,75.820114
93.693016,78.749023,44.545536,76.401115
95.165070,79.545357,44.789490,76.831017
98.418274,79.038330,44.118294,75.723396
98.687469,79.508316,44.612534,76.568039
98.938629,78.629745,44.921772,77.096748
100.357071,80.665550,44.789150,76.847328
93.697784,78.254509,44.832764,76.975304
101.980400,79.912186,44.464272,76.372742
107.366318,82.956390,44.589836,76.588005
93.568909,81.510185,44.613209,76.672775
96.303085,78.224953,45.045700,77.381203
101.256538,78.910408,45.649750,78.386536
104.892006,80.174133,45.730080,78.485329
97.971085,79.184402,46.055408,79.025246
98.633163,77.650230,46.141636,79.138031
98.728195,81.732147,46.170155,79.124710
101.752846,83.960587,45.927536,78.677101
123.325958,91.808136,45.959328,78.733391
102.760674,79.604492,45.812523,78.479698
99.681168,77.667755,45.905952,78.637077
100.252708,78.542526,45.490479,77.938248
99.400620,78.781235,44.948212,76.947922
99.211479,78.832100,44.902107,76.890121
100.509247,79.483414,44.929874,76.885162
101.000015,79.044327,44.724453,76.486816
101.180321,79.064774,45.112434,77.154945
100.506355,80.460281,44.732510,76.522713
99.782211,82.467781,44.304958,75.743996
99.811737,84.132179,44.196148,75.476006
100.749458,80.098892,44.343082,75.785660
99.566307,81.392921,44.503994,76.066185
100.926163,80.714897,44.671616,76.350929
2
0
0
0
0
1
168.539169,108.669945,96.592903,69.811661
166.908844,110.190193,97.047638,70.211441
177.329865,113.469994,96.792274,69.958496
180.654190,115.252686,97.480530,70.514038
185.495728,116.328278,97.576111,70.654587
186.353424,116.491158,97.708916,70.791550
188.800400,119.792908,97.434258,70.711342
191.701828,119.825317,97.258652,70.567162
194.247681,122.093346,97.206696,70.572212
198.866882,123.345970,97.084450,70.473816
200.067383,123.007027,97.372459,70.633438
202.746750,123.175804,97.341675,70.617004
205.105469,122.585945,97.211525,70.534729
204.184723,119.829277,96.817711,70.162674
205.359268,119.877747,96.940933,70.096756
201.422119,119.628174,96.729645,70.021858
200.686951,117.773598,96.937439,70.079277
202.360229,116.556366,96.906601,70.108025
201.792328,117.431190,97.055748,70.167549
201.783722,116.166107,96.800568,70.026276
201.605576,115.928078,96.864182,69.973701
200.841797,114.288116,96.768433,69.844109
201.721664,116.352470,96.748352,69.738075
198.964249,114.307823,96.545914,69.517029
198.460312,115.769173,96.356995,69.267036
198.205627,114.794807,96.262672,69.227356
196.628525,115.001213,96.203247,69.208511
190.644562,115.706261,95.768280,68.983604
188.429291,112.963074,95.653137,69.011024
194.317825,111.351997,95.831001,69.203186
175.881393,122.163460,95.751923,69.222008
158.005783,120.909081,95.634384,69.165817
152.540024,123.388451,95.752914,69.227547
153.924454,120.256630,94.253883,68.310005
153.201080,120.971451,94.519043,68.464218
150.535202,119.399788,94.396271,68.416237
153.786652,117.645554,94.448090,68.376945
128.607346,92.963234,94.412056,68.352570
149.878021,119.060577,94.538673,68.533195
144.685272,124.114220,94.480507,68.514771
151.424606,116.803276,94.041359,68.167244
143.444763,119.348793,94.387703,68.505142
144.270905,122.955971,94.399727,68.500885
146.618271,120.631676,94.428139,68.566093
140.836334,117.803207,94.776642,68.818977
143.562531,116.220482,94.555222,68.699364
141.582306,118.548973,94.666672,68.797302
140.256927,121.608482,94.597679,68.823257
139.491440,127.045448,95.311981,69.315445
137.841537,124.684761,95.516090,69.400307
136.150513,123.864677,94.836044,68.809959
140.595032,124.078209,95.632660,69.372375
133.915604,123.611801,95.595337,69.475800
137.528534,122.343330,95.288300,69.234528
134.148911,118.460548,95.372398,69.475555
135.787735,118.707741,94.682228,68.945534
