1
490.000000,508.000000,42.000000,123.000000
491.000000,494.000000,42.000000,123.000000
496.000000,480.000000,42.000000,123.000000
496.000000,466.000000,42.000000,123.000000
493.000000,452.000000,42.000000,123.000000
495.000000,438.000000,42.000000,123.000000
497.000000,424.000000,42.000000,123.000000
498.000000,410.000000,42.000000,123.000000
494.000000,396.000000,42.000000,123.000000
496.000000,385.000000,42.000000,123.000000
497.000000,375.000000,42.000000,123.000000
498.000000,368.000000,42.000000,123.000000
499.000000,354.000000,42.000000,123.000000
500.000000,340.000000,42.000000,123.000000
495.000000,326.000000,42.000000,123.000000
494.000000,319.000000,42.000000,123.000000
496.000000,311.000000,42.000000,123.000000
508.000000,306.000000,42.000000,123.000000
521.000000,307.000000,42.000000,123.000000
531.000000,308.000000,42.000000,123.000000
539.000000,306.000000,42.000000,123.000000
542.000000,303.000000,42.000000,123.000000
528.000000,298.000000,42.000000,123.000000
2
0
0
0
0
1
500.000000,288.000000,30.000000,119.000000
2
0
0
0
0
1
530.000000,309.000000,31.000000,128.000000
534.000000,307.000000,31.000000,128.000000
536.000000,303.000000,31.000000,128.000000
538.000000,297.000000,31.000000,128.000000
538.000000,289.000000,31.000000,128.000000
537.000000,280.000000,31.000000,128.000000
534.000000,271.000000,31.000000,128.000000
533.000000,265.000000,31.000000,128.000000
532.000000,259.000000,31.000000,128.000000
531.000000,254.000000,31.000000,128.000000
528.000000,247.000000,31.000000,128.000000
523.000000,243.000000,31.000000,128.000000
517.000000,243.000000,31.000000,128.000000
511.000000,232.000000,31.000000,128.000000
507.000000,225.000000,31.000000,128.000000
504.000000,231.000000,31.000000,128.000000
500.000000,241.000000,31.000000,128.000000
496.000000,255.000000,31.000000,128.000000
491.000000,269.000000,31.000000,128.000000
484.000000,281.000000,31.000000,128.000000
479.000000,285.000000,31.000000,128.000000
475.000000,279.000000,31.000000,128.000000
471.000000,279.000000,31.000000,128.000000
467.000000,278.000000,31.000000,128.000000
466.000000,275.000000,31.000000,128.000000
467.000000,263.000000,31.000000,128.000000
466.000000,260.000000,31.000000,128.000000
2
0
0
0
0
1
480.000000,249.000000,42.000000,199.000000
474.000000,245.000000,42.000000,199.000000
471.000000,242.000000,42.000000,199.000000
470.000000,240.000000,42.000000,199.000000
467.000000,235.000000,42.000000,199.000000
466.000000,232.000000,42.000000,199.000000
463.000000,232.000000,42.000000,199.000000
457.000000,232.000000,42.000000,199.000000
453.000000,228.000000,42.000000,199.000000
447.000000,218.000000,42.000000,199.000000
443.000000,208.000000,42.000000,199.000000
440.000000,212.000000,42.000000,199.000000
440.000000,217.000000,42.000000,199.000000
443.000000,230.000000,42.000000,199.000000
445.000000,236.000000,42.000000,199.000000
448.000000,238.000000,42.000000,199.000000
450.000000,235.000000,42.000000,199.000000
448.000000,227.000000,42.000000,199.000000
451.000000,228.000000,42.000000,199.000000
453.000000,240.000000,42.000000,199.000000
453.000000,244.000000,42.000000,199.000000
452.000000,245.000000,42.000000,199.000000
452.000000,243.000000,42.000000,199.000000
452.000000,242.000000,42.000000,199.000000
453.000000,243.000000,42.000000,199.000000
451.000000,243.000000,42.000000,199.000000
450.000000,242.000000,42.000000,199.000000
449.000000,241.000000,42.000000,199.000000
447.000000,239.000000,42.000000,199.000000
443.000000,237.000000,42.000000,199.000000
443.000000,238.000000,42.000000,199.000000
2
0
0
0
0
1
500.000000,188.000000,78.000000,328.000000
504.000000,192.000000,78.000000,328.000000
506.000000,196.000000,78.000000,328.000000
509.000000,201.000000,78.000000,328.000000
512.000000,207.000000,78.000000,328.000000
514.000000,214.000000,78.000000,328.000000
517.000000,222.000000,78.000000,328.000000
521.000000,233.000000,78.000000,328.000000
523.000000,247.000000,78.000000,328.000000
520.000000,261.000000,78.000000,328.000000
520.000000,265.000000,78.000000,328.000000
520.000000,266.000000,78.000000,328.000000
523.000000,266.000000,78.000000,328.000000
523.000000,271.000000,78.000000,328.000000
523.000000,267.000000,78.000000,328.000000
521.000000,275.000000,78.000000,328.000000
510.000000,278.000000,78.000000,328.000000
496.000000,278.000000,78.000000,328.000000
482.000000,278.000000,78.000000,328.000000
489.000000,265.000000,78.000000,328.000000
2
0
0
0
