0.62009,0.6196,0.62085,0,0,0,0,0,0,0,0,0,0,0,0
0.62009,0.6196,0.62085,0,0,0,0,0,0,0,0,0,0,0,0
0.62009,0.6196,0.62085,0,0,0,0,0,0,0,0,0,0,0,0
0.62009,0.6196,0.62085,0,0,0,0,0,0,0,0,0,0,0,0
0.62009,0.6196,0.62085,0,0,0,0,0,0,0,0,0,0,0,0
0.62009,0.6196,0.62085,0,0,0,0,0,0,0,0,0,0,0,0
0.62009,0.6196,0.62085,0,0,0,0,0,0,0,0,0,0,0,0
0.62009,0.6196,0.62085,0,0,0,0,0,0,0,0,0,0,0,0
0.62009,0.6196,0.62085,0,0,0,0,0,0,0,0,0,0,0,0
0.62009,0.6196,0.62085,0,0,0,0,0,0,0,0,0,0,0,0
0.62009,0.6196,0.62085,0,0,0,0,0,0,0,0,0,0,0,0
0.62009,0.6196,0.62085,0,0,0,0,0,0,0,0,0,0,0,0
0.62009,0.6196,0.62085,0,0,0,0,0,0,0,0,0,0,0,0
0.62009,0.6196,0.62085,0,0,0,0,0,0,0,0,0,0,0,0
0.62009,0.6196,0.62085,0,0,0,0,0,0,0,0,0,0,0,0
0.62009,0.6196,0.62085,0,0,0,0,0,0,0,0,0,0,0,0
0.62009,0.6196,0.62085,0,0,0,0,0,0,0,0,0,0,0,0
0.62009,0.6196,0.62085,0,0,0,0,0,0,0,0,0,0,0,0
0.62009,0.6196,0.62085,0,0,0,0,0,0,0,0,0,0,0,0
0.62009,0.6196,0.62085,0,0,0,0,0,0,0,0,0,0,0,0
0.62009,0.6196,0.62085,0,0,0,0,0,0,0,0,0,0,0,0
0.62009,0.6196,0.62085,0,0,0,0,0,0,0,0,0,0,0,0
0.62009,0.6196,0.62085,0,0,0,0,0,0,0,0,0,0,0,0
0.62009,0.6196,0.62085,0,0,0,0,0,0,0,0,0,0,0,0
0.62009,0.6196,0.62085,0,0,0,0,0,0,0,0,0,0,0,0
0.62009,0.6196,0.62085,0,0,0,0,0,0,0,0,0,0,0,0
0.62009,0.6196,0.62085,0,0,0,0,0,0,0,0,0,0,0,0
0.62009,0.6196,0.62085,0,0,0,0,0,0,0,0,0,0,0,0
0.62009,0.6196,0.62085,0,0,0,0,0,0,0,0,0,0,0,0
0.62009,0.6196,0.62085,0,0,0,0,0,0,0,0,0,0,0,0
0.62009,0.6196,0.62085,0,0,0,0,0,0,0,0,0,0,0,0
0.62009,0.6196,0.62085,0,0,0,0,0,0,0,0,0,0,0,0
0.62009,0.6196,0.62085,0,0,0,0,0,0,0,0,0,0,0,0
0.62009,0.6196,0.62085,0,0,0,0,0,0,0,0,0,0,0,0
0.62009,0.6196,0.62085,0,0,0,0,0,0,0,0,0,0,0,0
0.62009,0.6196,0.62085,0,0,0,0,0,0,0,0,0,0,0,0
0.62009,0.6196,0.62085,0,0,0,0,0,0,0,0,0,0,0,0
0.62009,0.6196,0.62085,0,0,0,0,0,0,0,0,0,0,0,0
0.62009,0.6196,0.62085,0,0,0,0,0,0,0,0,0,0,0,0
0.62009,0.6196,0.62085,0,0,0,0,0,0,0,0,0,0,0,0
0.62009,0.6196,0.62085,0,0,0,0,0,0,0,0,0,0,0,0
