1
180.000000,24.000000,25.000000,62.000000
179.000000,24.000000,25.000000,62.000000
181.000000,21.000000,25.000000,62.000000
184.000000,17.000000,25.000000,62.000000
182.000000,20.000000,25.000000,62.000000
181.000000,20.000000,25.000000,62.000000
176.000000,21.000000,25.000000,62.000000
173.000000,22.000000,25.000000,62.000000
170.000000,23.000000,25.000000,62.000000
168.000000,24.000000,25.000000,62.000000
165.000000,23.000000,25.000000,62.000000
163.000000,23.000000,25.000000,62.000000
162.000000,24.000000,25.000000,62.000000
161.000000,26.000000,25.000000,62.000000
163.000000,29.000000,25.000000,62.000000
166.000000,32.000000,25.000000,62.000000
169.000000,33.000000,25.000000,62.000000
174.000000,47.000000,25.000000,62.000000
177.000000,50.000000,25.000000,62.000000
178.000000,51.000000,25.000000,62.000000
178.000000,53.000000,25.000000,62.000000
176.000000,54.000000,25.000000,62.000000
175.000000,55.000000,25.000000,62.000000
174.000000,56.000000,25.000000,62.000000
168.000000,57.000000,25.000000,62.000000
2
0
0
0
0
1
162.000000,74.000000,35.000000,70.000000
163.000000,80.000000,35.000000,70.000000
163.000000,85.000000,35.000000,70.000000
163.000000,88.000000,35.000000,70.000000
163.000000,90.000000,35.000000,70.000000
161.000000,92.000000,35.000000,70.000000
161.000000,94.000000,35.000000,70.000000
160.000000,95.000000,35.000000,70.000000
160.000000,97.000000,35.000000,70.000000
160.000000,99.000000,35.000000,70.000000
159.000000,96.000000,35.000000,70.000000
157.000000,98.000000,35.000000,70.000000
157.000000,98.000000,35.000000,70.000000
157.000000,98.000000,35.000000,70.000000
158.000000,99.000000,35.000000,70.000000
158.000000,100.000000,35.000000,70.000000
158.000000,100.000000,35.000000,70.000000
159.000000,99.000000,35.000000,70.000000
160.000000,96.000000,35.000000,70.000000
161.000000,94.000000,35.000000,70.000000
164.000000,88.000000,35.000000,70.000000
166.000000,88.000000,35.000000,70.000000
168.000000,88.000000,35.000000,70.000000
166.000000,75.000000,35.000000,70.000000
168.000000,71.000000,35.000000,70.000000
168.000000,66.000000,35.000000,70.000000
168.000000,64.000000,35.000000,70.000000
168.000000,59.000000,35.000000,70.000000
165.000000,55.000000,35.000000,70.000000
175.000000,44.000000,35.000000,70.000000
180.000000,35.000000,35.000000,70.000000
178.000000,30.000000,35.000000,70.000000
175.000000,25.000000,35.000000,70.000000
174.000000,22.000000,35.000000,70.000000
173.000000,20.000000,35.000000,70.000000
172.000000,18.000000,35.000000,70.000000
171.000000,16.000000,35.000000,70.000000
170.000000,16.000000,35.000000,70.000000
165.000000,17.000000,35.000000,70.000000
151.000000,16.000000,35.000000,70.000000
149.000000,18.000000,35.000000,70.000000
147.000000,22.000000,35.000000,70.000000
146.000000,23.000000,35.000000,70.000000
147.000000,24.000000,35.000000,70.000000
147.000000,25.000000,35.000000,70.000000
145.000000,25.000000,35.000000,70.000000
143.000000,25.000000,35.000000,70.000000
144.000000,22.000000,35.000000,70.000000
144.000000,19.000000,35.000000,70.000000
144.000000,14.000000,35.000000,70.000000
146.000000,11.000000,35.000000,70.000000
142.000000,9.000000,35.000000,70.000000
145.000000,9.000000,35.000000,70.000000
146.000000,9.000000,35.000000,70.000000
146.000000,10.000000,35.000000,70.000000
146.000000,10.000000,35.000000,70.000000
145.000000,11.000000,35.000000,70.000000
145.000000,10.000000,35.000000,70.000000
143.000000,10.000000,35.000000,70.000000
143.000000,9.000000,35.000000,70.000000
143.000000,8.000000,35.000000,70.000000
143.000000,9.000000,35.000000,70.000000
143.000000,10.000000,35.000000,70.000000
144.000000,10.000000,35.000000,70.000000
144.000000,11.000000,35.000000,70.000000
145.000000,11.000000,35.000000,70.000000
145.000000,10.000000,35.000000,70.000000
145.000000,10.000000,35.000000,70.000000
145.000000,10.000000,35.000000,70.000000
144.000000,10.000000,35.000000,70.000000
143.000000,10.000000,35.000000,70.000000
142.000000,10.000000,35.000000,70.000000
141.000000,11.000000,35.000000,70.000000
142.000000,11.000000,35.000000,70.000000
142.000000,11.000000,35.000000,70.000000
142.000000,12.000000,35.000000,70.000000
142.000000,12.000000,35.000000,70.000000
142.000000,12.000000,35.000000,70.000000
142.000000,13.000000,35.000000,70.000000
142.000000,12.000000,35.000000,70.000000
142.000000,12.000000,35.000000,70.000000
143.000000,12.000000,35.000000,70.000000
142.000000,12.000000,35.000000,70.000000
143.000000,11.000000,35.000000,70.000000
144.000000,11.000000,35.000000,70.000000
144.000000,11.000000,35.000000,70.000000
144.000000,11.000000,35.000000,70.000000
144.000000,12.000000,35.000000,70.000000
144.000000,12.000000,35.000000,70.000000
143.000000,13.000000,35.000000,70.000000
143.000000,13.000000,35.000000,70.000000
143.000000,12.000000,35.000000,70.000000
143.000000,11.000000,35.000000,70.000000
142.000000,11.000000,35.000000,70.000000
142.000000,11.000000,35.000000,70.000000
142.000000,11.000000,35.000000,70.000000
141.000000,11.000000,35.000000,70.000000
142.000000,10.000000,35.000000,70.000000
141.000000,9.000000,35.000000,70.000000
140.000000,8.000000,35.000000,70.000000
140.000000,8.000000,35.000000,70.000000
140.000000,8.000000,35.000000,70.000000
139.000000,8.000000,35.000000,70.000000
139.000000,8.000000,35.000000,70.000000
139.000000,9.000000,35.000000,70.000000
140.000000,11.000000,35.000000,70.000000
140.000000,13.000000,35.000000,70.000000
140.000000,13.000000,35.000000,70.000000
140.000000,13.000000,35.000000,70.000000
140.000000,13.000000,35.000000,70.000000
140.000000,13.000000,35.000000,70.000000
140.000000,13.000000,35.000000,70.000000
140.000000,14.000000,35.000000,70.000000
139.000000,12.000000,35.000000,70.000000
140.000000,12.000000,35.000000,70.000000
139.000000,14.000000,35.000000,70.000000
139.000000,15.000000,35.000000,70.000000
139.000000,16.000000,35.000000,70.000000
139.000000,16.000000,35.000000,70.000000
136.000000,19.000000,35.000000,70.000000
134.000000,23.000000,35.000000,70.000000
132.000000,24.000000,35.000000,70.000000
131.000000,23.000000,35.000000,70.000000
131.000000,22.000000,35.000000,70.000000
130.000000,23.000000,35.000000,70.000000
131.000000,23.000000,35.000000,70.000000
131.000000,24.000000,35.000000,70.000000
131.000000,24.000000,35.000000,70.000000
131.000000,23.000000,35.000000,70.000000
132.000000,23.000000,35.000000,70.000000
132.000000,23.000000,35.000000,70.000000
133.000000,22.000000,35.000000,70.000000
132.000000,21.000000,35.000000,70.000000
131.000000,21.000000,35.000000,70.000000
131.000000,20.000000,35.000000,70.000000
131.000000,19.000000,35.000000,70.000000
131.000000,19.000000,35.000000,70.000000
130.000000,19.000000,35.000000,70.000000
130.000000,19.000000,35.000000,70.000000
131.000000,18.000000,35.000000,70.000000
130.000000,17.000000,35.000000,70.000000
130.000000,17.000000,35.000000,70.000000
130.000000,16.000000,35.000000,70.000000
129.000000,15.000000,35.000000,70.000000
130.000000,14.000000,35.000000,70.000000
131.000000,12.000000,35.000000,70.000000
131.000000,9.000000,35.000000,70.000000
130.000000,5.000000,35.000000,70.000000
129.000000,3.000000,35.000000,70.000000
130.000000,2.000000,35.000000,70.000000
130.000000,3.000000,35.000000,70.000000
131.000000,4.000000,35.000000,70.000000
130.000000,3.000000,35.000000,70.000000
130.000000,2.000000,35.000000,70.000000
131.000000,3.000000,35.000000,70.000000
130.000000,1.000000,35.000000,70.000000
128.000000,1.000000,35.000000,70.000000
126.000000,1.000000,35.000000,70.000000
124.000000,1.000000,35.000000,70.000000
124.000000,4.000000,35.000000,70.000000
123.000000,3.000000,35.000000,70.000000
124.000000,2.000000,35.000000,70.000000
125.000000,1.000000,35.000000,70.000000
126.000000,3.000000,35.000000,70.000000
125.000000,4.000000,35.000000,70.000000
124.000000,4.000000,35.000000,70.000000
123.000000,4.000000,35.000000,70.000000
120.000000,5.000000,35.000000,70.000000
118.000000,8.000000,35.000000,70.000000
116.000000,11.000000,35.000000,70.000000
116.000000,11.000000,35.000000,70.000000
115.000000,11.000000,35.000000,70.000000
116.000000,13.000000,35.000000,70.000000
116.000000,13.000000,35.000000,70.000000
116.000000,13.000000,35.000000,70.000000
115.000000,11.000000,35.000000,70.000000
116.000000,11.000000,35.000000,70.000000
115.000000,10.000000,35.000000,70.000000
115.000000,9.000000,35.000000,70.000000
115.000000,8.000000,35.000000,70.000000
114.000000,6.000000,35.000000,70.000000
114.000000,6.000000,35.000000,70.000000
114.000000,6.000000,35.000000,70.000000
113.000000,5.000000,35.000000,70.000000
114.000000,5.000000,35.000000,70.000000
114.000000,5.000000,35.000000,70.000000
113.000000,4.000000,35.000000,70.000000
113.000000,3.000000,35.000000,70.000000
114.000000,3.000000,35.000000,70.000000
113.000000,1.000000,35.000000,70.000000
114.000000,1.000000,35.000000,70.000000
113.000000,1.000000,35.000000,70.000000
113.000000,1.000000,35.000000,70.000000
