1
161.99,231.07,210.02,231.06,209.97,53.96,161.94,53.97
165.26,230.81,213.47,230.48,212.26,52.69,164.04,53.02
164.71,231.51,213.40,231.40,212.97,51.85,164.28,51.97
167.43,229.71,215.80,229.53,215.13,51.17,166.76,51.35
167.09,229.93,215.30,229.91,215.26,52.14,167.05,52.15
168.07,228.34,216.08,228.07,215.09,51.02,167.08,51.29
167.53,228.59,215.81,228.58,215.77,50.54,167.49,50.55
165.59,226.34,213.29,226.12,212.49,50.23,164.79,50.44
165.61,226.26,213.28,226.04,212.48,50.26,164.82,50.48
165.33,224.47,212.33,222.96,206.77,49.64,159.77,51.15
164.96,223.82,211.68,222.35,206.26,50.05,159.53,51.52
166.06,222.36,212.17,218.72,198.73,48.70,152.62,52.34
165.67,223.09,211.69,219.40,198.10,49.72,152.08,53.40
162.75,220.15,207.66,215.95,192.18,50.35,147.27,54.54
163.04,221.55,208.24,217.01,191.50,50.37,146.31,54.90
159.83,219.10,204.32,214.72,188.16,50.69,143.68,55.07
159.93,219.06,204.38,214.62,188.02,50.71,143.57,55.15
156.56,217.79,200.43,214.19,187.13,52.40,143.26,56.01
156.58,216.89,200.12,213.27,186.75,52.72,143.21,56.34
154.46,215.37,197.59,212.34,186.41,53.32,143.29,56.35
154.45,215.04,197.35,212.13,186.63,53.94,143.73,56.85
151.26,214.77,193.99,212.95,187.27,55.39,144.54,57.21
151.52,214.01,194.03,212.12,187.03,55.36,144.52,57.26
149.11,213.30,191.41,212.44,188.26,56.49,145.96,57.34
149.42,212.19,191.26,211.39,188.30,57.11,146.46,57.91
146.63,214.06,189.02,214.52,190.71,58.23,148.33,57.77
147.13,214.51,189.65,214.81,190.75,58.01,148.23,57.71
145.34,213.80,187.54,215.02,192.03,59.39,149.82,58.17
145.20,212.21,186.91,213.65,192.19,59.83,150.48,58.40
130.77,208.72,171.86,217.82,205.42,66.32,164.34,57.22
130.99,209.18,172.00,217.97,204.41,66.76,163.40,57.97
128.98,208.12,169.48,218.11,206.35,68.77,165.85,58.78
129.00,207.67,168.98,217.77,206.25,70.36,166.27,60.25
128.09,205.69,167.13,216.81,208.15,72.86,169.12,61.74
128.40,205.18,167.14,216.34,208.28,73.47,169.54,62.31
125.97,203.58,164.04,216.13,210.30,75.77,172.24,63.23
125.61,204.01,163.95,216.76,210.96,75.38,172.62,62.63
123.81,203.14,161.67,216.91,212.45,77.32,174.60,63.55
123.38,203.55,161.18,217.36,212.12,77.94,174.31,64.13
124.26,200.35,159.91,214.02,210.32,82.55,174.67,68.88
124.12,200.71,159.74,214.45,210.42,83.10,174.80,69.35
122.14,198.03,155.45,214.34,215.59,91.51,182.28,75.20
122.14,198.53,155.45,214.84,215.59,92.01,182.28,75.70
122.14,201.99,155.17,217.87,213.74,96.06,180.70,80.17
121.51,202.30,154.67,218.30,213.69,96.04,180.53,80.03
124.00,201.86,156.43,217.53,214.20,97.97,181.78,82.31
124.77,200.93,157.01,216.48,214.36,97.60,182.12,82.05
129.47,202.44,161.71,216.37,213.08,97.50,180.84,83.57
128.66,202.81,160.84,216.97,213.03,98.31,180.85,84.16
142.22,188.68,170.05,198.73,207.11,96.09,179.28,86.04
142.22,188.68,170.05,198.73,207.11,96.09,179.28,86.04
146.74,193.26,176.47,200.95,204.84,91.30,175.11,83.60
147.60,192.44,177.00,199.98,204.79,91.59,175.39,84.05
147.20,197.00,179.59,203.00,201.70,83.52,169.30,77.53
147.36,196.61,179.57,202.65,201.87,83.90,169.67,77.85
152.37,202.80,189.50,204.80,196.85,67.91,159.73,65.92
152.49,203.52,189.73,205.34,196.45,68.03,159.21,66.21
153.37,203.40,189.91,207.05,203.37,72.33,166.83,68.68
154.05,201.14,190.39,204.30,202.07,70.31,165.74,67.14
176.70,205.76,208.42,202.91,197.90,85.93,166.18,88.78
177.57,206.23,209.22,203.14,197.82,86.42,166.17,89.51
185.06,212.66,221.60,205.07,193.58,70.34,157.04,77.93
184.82,211.64,221.45,204.06,193.50,68.97,156.86,76.55
194.59,215.30,230.96,204.23,190.16,70.10,153.78,81.16
194.93,215.97,231.42,204.97,190.83,70.41,154.34,81.42
201.07,218.47,238.11,206.60,194.33,69.99,157.28,81.86
200.88,219.23,238.59,207.42,195.05,68.39,157.35,80.19
205.62,221.87,243.59,210.17,200.43,70.18,162.46,81.89
205.69,220.94,243.63,209.13,200.09,69.25,162.15,81.05
211.09,222.61,248.98,210.94,205.94,71.21,168.05,82.88
211.14,222.78,249.08,211.10,206.02,71.18,168.08,82.86
217.37,223.46,255.24,211.85,212.40,72.19,174.53,83.80
216.94,225.34,255.41,213.63,212.21,71.79,173.74,83.51
216.44,234.19,260.11,226.41,231.41,65.40,187.75,73.18
216.89,232.00,260.16,223.81,229.96,64.27,186.69,72.46
222.27,229.44,263.54,225.10,247.53,72.92,206.26,77.26
222.50,229.41,263.70,224.99,247.41,73.08,206.22,77.49
228.21,227.00,269.08,222.49,252.46,71.77,211.59,76.28
228.12,228.16,269.45,223.40,251.88,70.97,210.54,75.74
228.57,228.49,271.95,224.29,256.47,64.33,213.09,68.53
228.57,228.52,271.96,224.32,256.48,64.31,213.08,68.51
231.32,227.14,274.80,222.40,257.34,62.08,213.87,66.81
231.60,226.68,275.11,221.93,257.57,61.48,214.06,66.23
233.67,235.65,278.53,225.65,241.63,60.22,196.77,70.22
232.89,234.71,277.38,224.76,240.69,60.71,196.20,70.65
222.58,232.74,275.08,230.29,266.04,36.67,213.53,39.12
222.49,233.95,275.06,231.49,265.98,37.65,213.42,40.11
219.08,233.73,272.34,232.71,268.59,36.31,215.33,37.33
219.29,233.75,272.57,232.74,268.87,36.26,215.58,37.27
220.50,229.28,269.46,227.65,263.46,47.10,214.50,48.73
220.56,229.56,269.43,227.89,263.27,47.68,214.40,49.35
217.23,205.66,262.72,210.25,279.62,42.50,234.13,37.92
217.36,205.70,262.85,210.28,279.74,42.54,234.25,37.96
210.84,204.67,257.79,217.52,305.18,44.39,258.23,31.54
210.53,203.43,257.33,216.02,303.76,43.47,256.97,30.88
206.08,209.87,254.29,220.01,291.68,42.25,243.47,32.11
206.44,208.68,254.28,218.78,291.54,42.39,243.71,32.29
179.90,212.13,225.68,237.10,317.75,68.26,271.97,43.30
180.67,212.36,226.66,237.14,318.07,67.56,272.08,42.77
163.35,185.91,196.97,220.17,323.32,96.21,289.70,61.95
163.66,185.55,197.14,219.71,323.09,96.24,289.60,62.09
177.21,204.94,217.90,233.25,322.27,83.22,281.59,54.92
203.96,200.66,246.01,220.18,318.00,65.13,275.95,45.60
204.55,209.54,246.89,223.56,298.61,67.45,256.28,53.42
203.03,210.36,246.08,224.78,299.26,66.02,256.20,51.60
204.02,211.73,247.54,226.34,301.41,65.87,257.89,51.26
214.04,195.14,256.16,209.78,310.12,54.47,268.01,39.83
213.67,194.21,255.88,209.08,310.73,53.44,268.52,38.57
213.83,209.12,255.90,218.42,290.19,63.29,248.12,53.99
217.67,209.11,259.65,217.18,289.39,62.36,247.41,54.29
219.36,213.20,262.53,219.46,285.62,60.27,242.44,54.01
223.19,215.28,266.77,218.72,279.48,57.99,235.89,54.54
221.75,224.57,265.90,232.58,295.44,69.80,251.29,61.79
229.04,226.44,275.53,227.17,278.24,55.76,231.75,55.03
241.82,231.13,285.57,218.70,239.74,57.37,195.99,69.80
251.85,228.73,291.45,212.28,230.80,66.28,191.20,82.72
238.70,200.35,277.90,186.35,226.26,41.79,187.05,55.80
239.78,210.78,277.68,192.37,209.79,52.60,171.89,71.01
227.29,207.82,264.97,191.52,204.86,52.59,167.18,68.89
228.08,221.27,265.86,205.71,208.50,66.39,170.71,81.95
226.84,224.57,266.47,207.94,205.15,61.81,165.52,78.43
216.18,223.61,259.27,212.23,217.30,53.31,174.21,64.69
204.71,210.58,244.59,203.79,219.55,56.72,179.66,63.51
206.51,211.77,246.92,204.86,221.46,55.83,181.04,62.74
202.55,212.30,242.69,205.92,219.16,57.89,179.02,64.27
199.28,184.24,233.62,174.99,199.49,48.35,165.14,57.61
209.13,175.38,239.89,165.92,205.01,52.50,174.25,61.96
205.75,175.81,236.60,166.29,201.48,52.53,170.63,62.06
191.46,172.32,225.93,170.58,219.49,43.49,185.03,45.24
198.98,174.63,233.14,169.24,213.27,43.29,179.11,48.67
194.10,174.89,228.58,170.46,212.24,43.30,177.76,47.73
192.79,175.85,227.38,170.85,208.92,43.30,174.33,48.30
189.45,176.90,224.76,171.60,205.24,41.39,169.92,46.69
190.71,176.51,224.74,170.87,203.94,45.38,169.91,51.02
191.06,177.10,225.84,171.54,205.33,43.29,170.55,48.85
191.37,176.22,226.06,170.66,205.53,42.72,170.84,48.28
193.20,174.51,226.56,169.90,209.53,46.88,176.17,51.50
195.37,174.04,228.52,170.32,214.80,48.07,181.64,51.79
197.32,174.01,231.03,170.34,217.51,46.06,183.81,49.72
200.72,172.69,233.84,168.81,219.57,46.66,186.44,50.53
203.58,173.34,237.72,168.95,221.55,43.05,187.41,47.44
207.79,172.89,242.71,168.40,226.16,39.65,191.24,44.14
209.97,171.33,244.65,167.54,230.66,39.66,195.98,43.46
212.93,170.68,248.09,166.94,234.30,37.30,199.15,41.04
215.15,169.20,250.12,165.71,237.28,36.74,202.30,40.22
216.50,168.73,251.93,165.56,240.26,34.92,204.83,38.09
217.30,167.32,252.80,164.28,241.55,33.40,206.06,36.44
218.74,167.29,254.46,164.13,242.81,32.43,207.09,35.59
219.76,166.82,255.49,163.47,243.16,31.72,207.43,35.07
220.25,166.60,256.11,163.17,243.46,30.94,207.60,34.37
220.63,166.19,256.81,162.71,243.96,29.31,207.79,32.79
220.91,166.88,257.56,163.34,244.52,28.19,207.87,31.72
221.15,167.47,258.37,163.79,244.81,26.52,207.58,30.19
220.54,167.76,258.35,164.06,244.71,24.61,206.90,28.31
2
0
0
0
0
1
240.39,76.21,255.89,217.99,295.54,213.75,280.03,71.97
239.18,74.77,254.25,218.07,294.32,213.95,279.24,70.65
237.71,72.33,252.56,219.56,293.73,215.50,278.87,68.27
234.78,70.56,248.86,219.92,290.63,216.07,276.53,66.72
231.31,66.40,243.75,220.84,286.93,217.46,274.48,63.03
228.20,65.22,241.14,210.21,281.68,206.69,268.73,61.69
224.56,58.39,229.39,211.44,272.18,210.19,267.34,57.14
220.13,49.34,216.28,210.65,261.37,211.83,265.21,50.52
215.84,48.34,209.05,214.51,255.50,216.51,262.28,50.34
208.11,44.02,220.39,205.24,265.47,201.91,253.18,40.69
203.16,39.21,210.44,205.66,256.98,203.73,249.68,37.28
197.20,39.67,207.33,206.97,254.10,204.25,243.96,36.94
191.60,38.88,203.63,208.97,251.18,205.72,239.14,35.63
189.62,37.92,201.62,208.61,249.34,205.36,237.33,34.67
188.10,39.32,201.23,209.69,248.86,206.13,235.72,35.76
187.23,40.09,199.39,209.07,246.63,205.78,234.47,36.80
187.64,42.09,199.72,209.45,246.52,206.17,234.42,38.82
187.72,46.39,201.05,210.05,246.81,206.43,233.47,42.76
188.00,51.15,201.45,210.92,246.13,207.26,232.67,47.49
192.60,48.93,201.05,209.36,245.91,207.10,237.44,46.67
201.07,55.85,171.80,218.89,217.36,227.18,246.62,64.13
202.13,59.56,171.42,217.82,215.64,226.50,246.34,68.25
205.06,63.05,169.82,215.26,212.35,225.21,247.58,72.99
217.51,69.77,164.73,206.95,203.05,221.79,255.81,84.61
220.16,72.05,164.48,206.85,202.13,222.50,257.79,87.69
226.59,74.12,163.04,203.48,199.16,221.33,262.70,91.96
229.53,74.44,163.34,200.47,198.53,219.06,264.71,93.02
233.08,74.71,166.76,200.94,202.01,219.56,268.31,93.32
237.95,74.74,170.46,201.53,205.86,220.48,273.35,93.69
241.16,74.42,172.54,200.88,207.84,220.15,276.46,93.68
244.32,74.89,175.53,200.94,210.72,220.25,279.51,94.19
246.86,74.06,179.07,201.76,214.73,220.79,282.50,93.08
249.54,73.05,179.57,203.21,215.91,222.85,285.87,92.68
250.34,73.43,181.81,204.04,218.28,223.29,286.80,92.67
250.99,73.35,181.89,204.64,218.55,224.04,287.64,92.75
252.63,73.48,181.16,204.85,217.83,224.91,289.30,93.54
252.15,73.29,179.45,204.97,216.21,225.38,288.91,93.69
251.97,72.96,177.08,204.48,213.80,225.50,288.68,93.97
250.93,71.92,175.07,206.38,212.61,227.68,288.46,93.21
250.64,71.92,173.33,206.62,210.94,228.31,288.24,93.61
249.10,71.57,171.37,206.84,209.14,228.66,286.85,93.38
251.66,71.05,172.66,207.00,210.61,229.17,289.61,93.21
253.19,71.24,174.09,207.28,212.07,229.48,291.16,93.43
255.44,68.96,174.00,208.07,212.84,230.93,294.27,91.81
258.70,68.85,174.98,207.56,213.70,231.06,297.41,92.33
263.94,65.41,174.23,208.44,214.15,233.62,303.86,90.58
268.04,61.59,173.99,208.67,215.05,235.06,309.09,87.97
277.70,65.04,174.05,204.82,213.05,233.88,316.70,94.10
281.13,61.64,178.11,205.60,218.28,234.50,321.30,90.53
293.39,52.01,176.87,205.71,219.76,238.39,336.28,84.67
293.18,53.24,177.85,206.33,220.57,238.67,335.89,85.57
295.07,49.37,176.15,206.69,220.06,240.04,338.96,82.70
295.11,48.72,177.68,207.20,221.91,240.13,339.33,81.64
296.79,45.46,179.09,207.78,224.39,240.78,342.08,78.46
292.01,45.30,174.36,208.97,220.04,241.97,337.67,78.28
288.57,40.63,169.88,210.10,217.18,243.39,335.86,73.91
285.60,38.63,164.85,211.82,213.19,245.69,333.93,72.49
288.46,35.26,159.61,209.32,208.19,245.45,337.02,71.38
293.25,22.65,153.33,208.97,205.33,248.20,345.23,61.87
289.74,20.72,148.01,209.82,200.78,249.57,342.50,60.45
285.88,19.94,141.11,208.90,193.84,249.49,338.60,60.52
281.72,19.02,137.52,208.97,190.53,249.40,334.71,59.44
278.63,18.78,133.50,209.87,186.83,250.56,331.94,59.46
275.77,18.81,130.98,210.36,184.44,250.95,329.21,59.40
274.32,18.65,129.36,210.58,182.92,251.22,327.87,59.28
272.07,20.07,128.36,210.02,181.37,250.32,325.06,60.36
271.00,21.11,127.92,209.57,180.51,249.69,323.58,61.22
270.77,22.54,128.30,210.82,180.85,250.77,323.30,62.48
271.73,20.85,126.14,210.43,179.04,251.25,324.62,61.66
272.26,20.87,126.50,210.88,179.53,251.75,325.27,61.72
271.74,21.79,127.57,210.60,180.26,251.02,324.41,62.20
273.04,21.86,127.79,211.20,180.63,251.93,325.87,62.57
272.90,23.24,129.61,210.90,181.98,251.08,325.25,63.41
273.17,23.78,130.97,210.98,183.21,250.85,325.40,63.64
275.60,21.98,131.07,211.87,184.06,252.40,328.58,62.49
276.07,25.68,134.82,211.31,186.63,250.92,327.86,65.28
278.70,24.99,135.98,211.87,188.13,251.89,330.84,65.00
281.16,28.43,139.86,211.30,190.89,250.91,332.18,68.04
284.56,31.55,143.16,211.73,193.44,251.37,334.83,71.18
287.57,31.25,147.32,211.61,197.65,250.93,337.89,70.56
292.73,32.13,149.17,212.09,199.39,252.33,342.94,72.36
297.70,31.50,153.46,212.75,204.03,253.19,348.26,71.93
302.88,31.72,158.66,212.64,209.14,253.08,353.35,72.14
291.35,45.80,156.64,212.15,203.05,249.91,337.75,83.56
297.06,47.16,163.03,212.98,209.30,250.56,343.31,84.73
301.91,48.00,169.52,213.12,215.60,250.23,347.97,85.10
307.00,47.37,174.83,213.96,221.32,251.02,353.48,84.42
315.07,46.48,183.31,214.86,230.30,251.80,362.05,83.41
322.56,46.77,190.64,216.36,237.96,253.35,369.88,83.74
332.36,46.87,200.78,216.40,248.09,253.29,379.66,83.75
342.62,46.65,211.19,216.16,258.49,253.01,389.91,83.50
352.80,46.45,220.35,216.66,267.85,253.80,400.29,83.57
363.23,46.81,232.45,216.84,279.89,253.51,410.66,83.47
372.53,47.78,247.47,219.04,295.27,254.11,420.31,82.85
384.87,47.73,259.51,219.11,307.34,254.26,432.69,82.87
397.77,48.05,271.54,219.48,319.38,254.88,445.61,83.43
412.08,48.01,283.90,219.54,331.77,255.48,459.94,83.95
2
0
0
0
0
1
183.06,69.83,239.12,242.31,286.08,226.11,230.01,53.64
182.48,67.20,238.56,243.20,286.49,226.99,230.40,50.98
179.16,60.89,238.80,244.74,288.86,227.51,229.21,43.65
177.87,59.53,240.20,244.94,290.68,226.97,228.34,41.56
176.61,59.01,238.52,245.17,289.20,227.30,227.28,41.15
174.52,57.01,237.04,245.18,288.27,227.13,225.74,38.97
180.30,63.83,236.39,243.21,285.24,226.98,229.14,47.59
179.82,63.31,238.80,242.94,287.71,225.91,228.72,46.28
181.12,69.38,237.80,242.40,284.91,226.03,228.22,53.01
181.31,71.40,238.10,242.13,284.58,225.75,227.79,55.01
181.68,71.42,239.23,241.73,285.59,225.14,228.03,54.83
182.61,74.42,240.71,241.62,286.22,224.90,228.11,57.69
182.96,69.55,240.73,243.07,287.97,226.40,230.19,52.88
172.41,76.16,250.45,245.07,296.33,222.87,218.28,53.96
178.10,81.74,247.56,240.92,290.81,221.12,221.35,61.94
178.22,85.53,252.30,239.52,294.12,218.47,220.02,64.49
191.96,74.63,244.56,241.22,289.93,226.00,237.32,59.41
193.69,75.92,246.56,241.50,291.65,226.21,238.77,60.63
195.19,81.03,247.98,239.73,291.19,224.50,238.39,65.80
200.19,86.15,248.70,237.94,290.03,223.91,241.51,72.12
204.77,90.45,251.74,236.91,291.62,223.34,244.65,76.87
208.00,91.19,255.05,236.58,294.64,222.98,247.58,77.59
210.22,91.62,259.37,235.66,298.58,221.49,249.42,77.45
212.70,90.38,261.34,236.11,301.02,222.07,252.37,76.34
215.75,89.61,264.24,234.87,303.78,220.88,255.29,75.63
218.02,90.31,266.48,234.68,305.79,220.70,257.32,76.33
220.51,88.83,267.07,233.57,306.49,220.11,259.91,75.38
216.91,79.67,272.12,236.71,314.86,220.83,259.64,63.78
200.96,87.53,270.91,234.52,310.82,214.64,240.87,67.66
204.08,89.25,272.65,232.74,311.62,213.26,243.04,69.77
204.67,90.12,273.77,232.17,312.33,212.55,243.23,70.50
206.23,89.75,273.24,230.92,311.58,211.87,244.56,70.71
207.63,88.20,272.90,231.26,311.76,212.69,246.49,69.63
207.82,89.44,274.89,230.89,313.31,211.83,246.22,70.38
207.40,89.36,271.18,228.75,309.04,210.61,245.25,71.21
209.44,88.27,270.56,228.71,308.72,211.28,247.60,70.85
208.19,86.74,267.28,227.40,305.51,210.53,246.42,69.88
209.29,86.09,265.66,225.90,303.67,209.78,247.30,69.97
209.75,84.35,264.44,226.03,302.98,210.36,248.28,68.68
210.49,82.14,263.15,224.99,302.01,209.87,249.35,67.03
210.51,81.50,262.30,225.31,301.44,210.42,249.63,66.61
208.41,72.80,258.86,226.54,300.71,211.97,250.26,58.24
207.77,69.84,262.76,226.94,305.52,211.11,250.52,54.01
209.09,69.36,262.93,225.80,305.51,210.29,251.66,53.85
210.18,66.65,259.83,225.15,303.00,210.78,253.34,52.28
211.91,65.15,259.87,224.13,303.18,210.21,255.20,51.24
212.48,64.82,259.80,224.11,303.20,210.37,255.86,51.08
215.02,62.94,259.23,222.78,302.79,209.89,258.57,50.05
216.39,62.14,258.75,222.44,302.44,210.06,260.08,49.76
217.71,60.72,258.87,221.21,302.62,209.15,261.45,48.66
217.37,59.47,258.14,221.75,302.38,209.80,261.61,47.52
216.63,58.97,258.32,222.46,302.89,210.24,261.19,46.76
216.11,58.31,258.47,221.75,303.02,209.35,260.65,45.92
214.66,58.83,257.59,221.97,302.07,209.41,259.12,46.27
214.48,57.11,256.82,221.35,301.60,208.95,259.25,44.71
213.41,56.85,255.13,221.21,299.94,208.98,258.21,44.62
226.00,54.04,272.88,220.05,318.12,206.40,271.23,40.39
217.23,69.63,271.03,219.68,311.86,204.21,258.05,54.17
217.30,71.45,271.30,219.98,311.71,204.47,257.71,55.94
216.61,73.44,270.68,219.96,310.55,204.43,256.46,57.91
216.39,74.69,269.09,218.42,308.19,203.29,255.49,59.56
215.84,71.15,268.37,219.13,308.64,204.02,256.11,56.04
219.36,72.37,271.33,218.66,311.14,203.71,259.16,57.42
212.21,76.89,275.55,218.39,313.99,200.35,250.64,58.86
235.85,71.02,263.87,212.23,302.41,203.86,274.38,62.66
247.24,71.13,277.21,212.07,315.66,203.17,285.68,62.23
259.26,70.43,288.56,211.86,327.15,203.14,297.85,61.72
2
0
0
0
0
1
195.08,243.38,236.33,256.79,289.35,73.86,248.10,60.44
196.14,244.09,237.36,258.00,292.57,75.14,251.35,61.22
198.33,243.99,239.54,258.08,295.52,75.21,254.30,61.12
201.15,244.26,242.80,258.68,300.18,73.88,258.53,59.46
203.09,245.81,245.23,260.60,304.19,73.58,262.05,58.78
206.39,246.20,248.67,261.14,308.25,73.50,265.98,58.56
207.34,244.89,248.85,261.79,317.12,77.25,275.61,60.35
210.42,246.51,252.76,263.51,321.37,75.29,279.03,58.28
212.26,247.46,255.04,264.85,325.27,74.61,282.48,57.22
215.39,248.47,258.54,265.93,329.07,74.09,285.92,56.63
218.70,249.27,262.33,266.18,330.34,72.28,286.70,55.38
220.49,251.20,265.05,268.15,333.12,70.22,288.56,53.27
222.71,252.07,267.33,268.60,333.55,70.40,288.92,53.88
231.49,254.52,276.63,268.08,329.73,68.04,284.59,54.48
233.50,256.22,279.07,269.40,330.43,67.55,284.85,54.37
236.94,258.06,283.11,270.56,331.43,66.16,285.25,53.66
240.76,260.06,288.02,271.93,333.38,62.83,286.11,50.97
244.79,261.76,292.75,273.23,336.28,61.17,288.33,49.70
248.87,262.96,297.72,273.69,337.85,57.80,289.00,47.08
252.85,264.08,302.21,274.28,339.98,56.23,290.62,46.03
257.69,264.79,307.17,274.00,340.57,55.59,291.10,46.38
262.00,266.56,312.00,274.60,340.22,54.04,290.22,46.00
252.39,259.47,301.07,271.48,346.88,56.13,298.20,44.12
254.47,262.61,304.09,273.70,345.75,54.36,296.13,43.26
256.80,263.16,306.75,273.29,344.11,52.65,294.16,42.53
257.71,265.83,308.42,275.11,341.97,51.25,291.26,41.97
256.63,266.38,307.53,275.18,338.94,50.57,288.05,41.77
253.09,266.82,304.10,275.62,335.48,50.56,284.48,41.76
249.89,266.09,300.28,274.46,329.89,52.13,279.50,43.76
245.41,266.76,296.11,274.92,324.74,51.28,274.04,43.12
238.41,261.47,288.08,274.03,336.16,54.32,286.50,41.76
232.91,262.62,282.49,274.97,329.66,55.66,280.09,43.31
227.86,261.31,276.76,273.86,324.90,57.53,276.01,44.98
220.73,260.93,269.49,273.92,319.55,58.11,270.80,45.13
215.00,261.22,264.01,274.36,314.74,57.41,265.73,44.27
210.32,261.83,259.54,274.58,308.51,56.77,259.29,44.02
206.02,261.57,254.94,274.09,302.91,57.61,253.99,45.10
201.47,261.19,250.24,273.22,296.14,57.47,247.37,45.44
196.93,262.28,246.15,274.12,291.13,56.46,241.91,44.62
193.73,262.39,242.57,273.23,283.25,57.35,234.41,46.50
189.43,261.35,237.97,271.92,277.45,57.41,228.91,46.85
184.33,261.78,233.10,272.53,273.39,56.98,224.62,46.23
179.78,261.33,228.49,271.92,268.09,56.67,219.38,46.08
174.90,263.56,224.87,274.11,264.09,53.31,214.11,42.76
170.00,263.39,220.01,273.96,259.31,52.98,209.30,42.41
167.99,261.62,217.47,271.82,255.19,53.26,205.72,43.06
164.28,261.98,213.33,272.55,252.78,55.81,203.73,45.23
161.84,261.05,210.68,271.65,250.29,55.83,201.45,45.23
159.14,259.12,207.33,270.25,249.34,57.19,201.15,46.06
155.57,260.37,204.53,272.08,249.00,55.55,200.04,43.84
153.90,258.68,202.03,270.68,247.87,57.77,199.74,45.77
151.70,257.67,199.64,269.80,246.10,57.69,198.15,45.56
151.05,257.80,199.08,269.82,245.03,57.36,197.00,45.33
150.65,257.81,198.72,269.65,243.88,57.06,195.82,45.22
149.95,258.15,197.97,269.82,242.36,57.43,194.34,45.77
149.61,258.62,197.85,270.42,242.82,57.06,194.58,45.26
148.98,258.15,196.89,270.57,244.60,58.59,196.70,46.17
149.51,257.83,196.90,270.15,244.27,60.42,196.88,48.10
151.31,258.40,198.42,270.26,243.79,61.81,196.67,49.95
152.25,258.60,199.43,270.07,243.09,61.44,195.92,49.96
153.42,258.08,200.31,269.24,242.61,61.89,195.73,50.74
155.16,258.29,201.99,269.28,243.56,62.20,196.73,51.21
155.83,258.67,202.87,269.49,243.69,61.53,196.65,50.70
156.23,260.34,203.75,271.03,243.96,60.98,196.44,50.29
157.53,260.55,205.06,270.69,242.81,60.64,195.27,50.51
157.95,260.80,205.42,270.81,242.62,61.10,195.16,51.09
158.30,260.67,205.52,270.74,243.00,62.08,195.78,52.02
158.43,260.69,205.59,270.71,242.90,62.31,195.73,52.29
157.76,262.66,205.74,272.67,242.90,60.73,194.93,50.71
158.89,262.91,206.74,272.32,241.22,60.98,193.36,51.58
158.96,263.05,206.63,272.34,240.64,61.81,192.96,52.52
159.97,265.29,208.47,274.23,240.81,60.14,192.32,51.21
159.34,264.35,207.54,273.54,241.05,60.73,192.85,51.54
159.18,264.19,207.26,273.42,240.95,61.12,192.87,51.88
159.05,264.26,207.14,273.56,241.14,61.24,193.06,51.94
158.53,265.77,206.91,275.24,241.64,61.60,193.26,52.12
158.05,266.14,206.38,275.66,241.29,62.23,192.96,52.71
158.05,264.72,205.53,274.31,240.91,64.62,193.43,55.03
157.41,265.32,204.87,275.24,241.66,65.59,194.21,55.68
159.29,264.63,206.36,273.99,240.78,66.10,193.70,56.74
161.92,263.64,207.56,272.42,239.62,70.90,193.99,62.12
163.19,263.85,208.77,272.35,239.59,71.14,194.02,62.65
166.56,263.65,211.40,271.31,238.66,73.48,193.82,65.82
168.93,263.75,213.73,271.12,239.69,73.48,194.89,66.11
172.40,264.27,217.49,271.35,242.19,72.46,197.09,65.37
173.72,265.99,219.65,273.34,245.39,70.74,199.46,63.39
177.15,259.42,221.83,270.82,265.50,73.15,220.82,61.75
182.18,258.72,227.87,273.38,285.71,70.78,240.01,56.13
177.69,257.77,223.01,272.33,280.48,71.40,235.17,56.84
168.83,258.17,214.96,274.25,279.00,69.53,232.87,53.44
153.53,227.38,193.68,247.82,277.69,68.71,237.53,48.27
150.78,227.61,190.71,247.86,273.90,69.74,233.97,49.49
150.89,227.53,190.72,247.39,272.23,69.75,232.39,49.89
152.07,227.18,191.28,246.49,270.45,71.70,231.24,52.39
153.39,226.98,192.69,246.14,271.20,70.93,231.89,51.77
152.39,219.52,189.43,240.27,275.24,74.80,238.21,54.05
156.29,219.58,193.38,239.34,274.87,73.77,237.77,54.00
161.84,228.41,198.04,238.27,236.14,78.04,199.95,68.19
165.48,229.19,202.40,239.16,240.90,75.74,203.98,65.77
171.97,227.76,209.32,236.82,243.79,71.61,206.44,62.55
176.96,232.05,214.15,238.82,238.58,74.68,201.40,67.92
182.72,244.00,219.34,247.77,230.70,86.54,194.08,82.77
180.85,244.97,218.23,249.67,233.55,84.96,196.17,80.27
195.43,251.85,232.80,254.90,240.87,90.49,203.51,87.44
204.21,244.72,241.74,248.74,254.06,83.49,216.53,79.47
217.04,239.35,254.67,242.29,262.21,76.77,224.59,73.84
222.67,237.85,259.90,241.33,269.86,77.44,232.62,73.97
230.31,235.61,267.24,238.86,276.27,76.30,239.34,73.05
235.48,234.88,271.20,236.38,272.74,79.43,237.02,77.92
238.70,233.89,274.16,234.67,272.56,78.92,237.09,78.14
240.71,231.80,275.83,232.81,275.26,78.55,240.14,77.54
242.31,230.31,276.63,230.45,272.38,79.83,238.06,79.69
243.66,230.32,277.65,230.33,272.87,81.18,238.89,81.17
242.64,228.02,276.07,228.36,272.85,81.61,239.42,81.26
238.70,224.95,271.38,227.80,279.29,84.01,246.61,81.15
240.31,231.85,271.47,230.87,262.75,94.29,231.59,95.27
243.36,232.14,269.80,227.65,246.35,112.26,219.91,116.75
244.37,231.33,270.43,225.42,240.84,111.92,214.78,117.83
241.41,231.49,267.22,227.41,245.65,114.71,219.84,118.79
242.49,229.69,268.29,226.10,248.86,113.38,223.06,116.97
244.58,232.30,270.91,228.75,251.60,113.70,225.27,117.25
248.82,230.63,275.74,226.16,252.33,108.65,225.41,113.12
253.41,231.39,281.04,225.87,252.92,105.38,225.29,110.89
257.16,231.52,284.81,226.20,257.55,105.62,229.90,110.93
259.77,230.11,286.71,225.67,263.42,108.09,236.48,112.52
261.97,229.37,288.49,225.32,266.92,109.50,240.40,113.56
261.44,227.45,287.22,224.34,269.91,111.67,244.14,114.79
259.16,227.19,285.02,224.68,270.34,111.54,244.48,114.05
254.66,226.21,280.37,224.64,269.85,112.01,244.13,113.58
249.82,225.29,275.39,224.67,269.04,112.55,243.47,113.17
242.85,223.50,268.03,224.06,266.91,113.48,241.73,112.92
235.72,222.32,260.63,223.99,264.46,114.44,239.55,112.76
227.23,220.17,251.30,223.18,261.13,117.13,237.06,114.12
220.44,218.60,243.85,222.37,257.08,119.08,233.66,115.31
215.21,217.91,238.18,222.08,253.23,120.67,230.25,116.50
209.70,217.36,232.32,222.07,249.79,122.14,227.17,117.43
206.81,216.61,228.82,221.03,245.13,123.83,223.12,119.40
204.01,216.43,225.67,220.49,240.41,124.84,218.75,120.78
204.98,216.05,225.79,218.95,235.54,127.22,214.73,124.32
204.38,215.83,224.70,218.26,232.51,128.75,212.20,126.32
205.95,215.47,226.03,216.34,227.02,128.08,206.94,127.20
206.73,215.66,226.89,216.26,226.67,127.71,206.51,127.11
208.14,215.93,228.13,215.84,224.89,128.12,204.89,128.21
209.33,216.66,230.18,215.89,223.87,124.48,203.01,125.25
209.87,216.29,230.47,214.78,220.94,124.59,200.34,126.09
210.13,216.06,230.62,214.22,219.65,124.56,199.16,126.40
210.61,216.52,231.46,214.36,219.02,123.15,198.16,125.31
210.90,216.39,231.68,213.94,218.00,123.09,197.22,125.54
211.90,216.81,232.48,214.10,217.66,124.18,197.08,126.89
214.39,217.04,234.92,213.44,216.22,123.86,195.69,127.46
216.25,217.08,236.68,213.15,216.55,124.04,196.12,127.97
218.03,217.61,238.51,213.41,217.21,124.16,196.73,128.35
214.55,220.80,234.36,219.25,224.77,132.54,204.96,134.08
222.36,216.61,243.04,210.39,212.83,120.50,192.15,126.72
224.03,217.15,244.86,210.53,212.85,120.04,192.02,126.66
225.72,218.00,246.91,210.71,211.92,118.72,190.72,126.01
230.04,219.97,251.50,211.86,212.87,118.86,191.42,126.97
228.35,220.99,250.03,213.62,214.61,119.54,192.93,126.92
228.98,221.36,250.98,213.87,215.02,118.41,193.03,125.89
229.67,222.51,251.49,214.75,214.33,120.06,192.51,127.83
228.56,222.86,250.53,215.46,214.93,120.12,192.96,127.52
225.62,221.93,247.31,215.48,215.90,121.21,194.21,127.67
224.46,222.04,246.11,215.77,215.49,121.62,193.84,127.90
223.75,222.99,244.25,219.30,225.19,129.87,204.69,133.55
221.01,218.69,240.80,218.36,236.55,131.57,216.76,131.90
220.68,218.61,240.33,218.77,238.22,132.54,218.58,132.39
219.46,218.13,238.59,218.94,239.44,134.87,220.31,134.06
219.98,222.13,241.00,223.13,242.40,130.76,221.39,129.76
221.98,219.60,242.86,219.31,238.62,127.69,217.73,127.98
225.31,220.39,246.36,219.24,238.32,127.06,217.28,128.21
229.48,223.08,250.93,221.25,239.86,127.41,218.42,129.24
233.61,224.08,254.97,220.54,236.39,127.27,215.03,130.82
236.43,224.62,258.06,220.35,236.27,126.04,214.64,130.30
237.28,223.99,258.74,219.50,235.97,125.95,214.51,130.44
236.97,223.07,256.72,219.58,238.60,133.41,218.85,136.90
238.00,225.26,258.29,221.60,239.34,133.11,219.06,136.77
239.24,226.21,259.72,222.26,239.50,132.95,219.02,136.90
239.50,224.46,259.96,220.20,238.37,130.98,217.90,135.24
238.25,225.01,258.83,220.86,237.71,131.13,217.13,135.27
237.29,223.45,257.68,219.64,238.06,130.70,217.66,134.51
235.07,223.38,255.64,219.93,237.57,130.16,217.00,133.61
229.83,221.61,250.39,218.89,235.54,129.04,214.98,131.76
223.38,219.69,243.98,218.51,235.89,128.26,215.29,129.44
218.38,218.63,239.23,218.60,236.16,127.15,215.32,127.17
216.63,218.17,237.58,218.29,235.12,126.35,214.17,126.23
215.89,217.78,236.77,217.30,231.71,125.76,210.83,126.24
215.26,218.41,236.24,217.96,231.29,125.95,210.31,126.40
212.96,216.98,234.08,217.10,231.62,124.37,210.49,124.25
208.82,219.84,227.94,224.54,245.86,139.97,226.74,135.27
216.63,219.38,236.16,222.56,247.34,136.41,227.81,133.24
226.64,221.05,246.60,221.81,247.08,134.10,227.12,133.35
235.07,221.36,255.85,221.00,251.34,129.86,230.56,130.22
243.36,221.86,264.58,220.53,255.76,127.60,234.54,128.92
248.60,220.61,269.67,219.19,260.45,126.95,239.38,128.37
255.62,220.86,277.04,219.51,268.11,125.71,246.69,127.05
261.95,220.20,283.42,219.09,275.52,125.03,254.05,126.14
268.98,218.49,290.09,217.72,283.73,125.20,262.62,125.96
277.55,217.00,297.89,215.67,289.15,126.61,268.82,127.95
285.92,216.34,305.78,214.30,294.01,127.45,274.15,129.49
292.98,215.54,312.26,212.79,297.47,128.60,278.20,131.35
302.23,215.61,321.37,210.90,298.00,127.60,278.86,132.31
309.32,217.32,328.61,211.29,299.41,127.50,280.12,133.53
313.98,216.86,333.29,210.21,301.37,126.41,282.06,133.06
317.82,217.55,337.28,210.61,304.09,126.23,284.63,133.16
320.74,218.46,340.38,211.54,307.23,126.35,287.59,133.26
325.32,220.16,345.49,212.43,308.70,125.00,288.53,132.73
327.33,220.35,347.47,212.54,310.37,125.27,290.23,133.07
326.69,218.63,346.72,211.70,313.46,124.79,293.43,131.72
328.11,216.54,347.53,208.99,311.67,124.81,292.24,132.36
327.90,215.22,347.18,207.83,312.01,124.27,292.73,131.66
326.70,215.37,346.16,208.22,312.01,123.82,292.55,130.98
324.63,208.82,342.40,202.06,310.23,125.07,292.47,131.83
319.84,209.51,337.10,204.32,311.91,129.32,294.65,134.50
332.02,211.30,348.14,202.66,307.93,133.12,291.80,141.76
335.74,210.22,351.45,200.87,308.21,133.21,292.49,142.56
338.48,207.84,354.23,197.56,306.84,129.91,291.10,140.20
339.70,206.02,355.09,196.02,309.00,129.90,293.61,139.91
342.12,207.71,357.64,197.61,311.14,130.95,295.63,141.05
343.59,209.96,360.15,199.70,312.80,128.48,296.24,138.74
341.72,210.08,358.70,199.98,311.99,126.90,295.01,137.00
338.88,211.16,356.36,201.59,311.89,126.22,294.40,135.79
336.67,212.59,354.68,203.27,311.23,125.56,293.22,134.88
332.86,214.65,351.75,205.92,310.74,124.25,291.84,132.99
328.56,215.43,347.92,207.32,309.58,123.53,290.23,131.64
324.49,217.19,344.24,209.64,308.32,124.03,288.56,131.58
321.40,220.95,342.12,213.89,308.20,123.95,287.47,131.01
320.12,223.07,341.55,215.51,305.34,122.55,283.91,130.11
321.46,228.02,343.56,219.70,303.93,123.89,281.83,132.21
323.84,230.57,346.77,221.05,301.75,121.77,278.81,131.28
326.85,234.06,350.04,223.60,300.87,123.31,277.67,133.77
331.58,238.82,355.50,226.73,299.03,123.49,275.11,135.59
338.04,246.64,362.90,232.65,298.01,125.51,273.15,139.50
343.04,248.63,368.02,232.79,294.98,125.43,270.00,141.26
347.67,253.31,373.03,235.97,293.33,127.16,267.97,144.50
352.72,260.87,378.86,241.94,292.10,129.93,265.96,148.86
352.10,267.88,380.43,248.01,289.24,126.52,260.91,146.39
351.37,277.80,381.92,257.03,286.43,125.92,255.89,146.69
345.99,284.81,378.03,263.90,281.75,126.27,249.71,147.17
340.30,295.24,373.57,273.70,274.32,130.76,241.05,152.31
325.65,299.53,359.97,279.04,265.17,131.31,230.84,151.81
311.41,302.12,347.51,280.85,249.05,125.46,212.95,146.74
301.78,310.71,339.18,289.43,240.52,128.32,203.12,149.60
287.81,326.68,329.16,306.06,232.81,127.51,191.46,148.13
267.90,331.31,311.52,312.98,224.90,124.15,181.28,142.48
247.39,334.76,291.66,318.51,214.07,126.56,169.81,142.81
224.18,335.28,268.89,322.11,204.79,127.77,160.08,140.93
198.02,332.70,242.61,322.61,192.02,128.36,147.43,138.45
172.63,334.74,217.33,328.16,182.13,132.95,137.44,139.53
147.89,341.46,191.97,339.64,177.72,146.42,133.63,148.24
125.75,340.20,168.46,342.28,171.55,154.58,128.84,152.50
113.90,325.13,149.45,329.74,164.62,173.11,129.08,168.50
105.78,321.91,136.81,326.39,152.05,189.55,121.01,185.08
107.78,311.98,133.46,316.44,149.42,203.13,123.74,198.66
109.68,306.44,133.96,310.56,148.58,203.46,124.31,199.34
112.14,301.86,134.84,305.41,147.18,205.28,124.48,201.73
116.40,295.89,137.72,298.55,146.40,204.63,125.08,201.96
121.79,291.74,141.85,292.90,144.10,204.71,124.04,203.55
122.18,286.19,140.93,287.61,144.49,205.12,125.74,203.70
121.11,283.49,139.21,285.19,144.09,205.50,125.99,203.81
116.13,278.84,133.68,281.98,144.95,204.54,127.40,201.40
108.67,275.08,125.35,279.78,143.61,205.93,126.93,201.23
98.83,271.68,114.55,278.14,140.66,208.24,124.94,201.78
89.17,269.36,103.80,276.76,134.20,211.54,119.58,204.14
82.32,265.61,96.61,273.58,129.57,209.71,115.27,201.74
80.44,266.39,94.15,274.05,125.84,212.81,112.13,205.15
70.41,268.14,86.27,276.56,120.93,205.76,105.07,197.35
69.86,269.19,86.44,277.39,120.10,203.47,103.52,195.27
77.28,270.77,92.88,275.17,109.95,206.06,94.35,201.67
77.98,270.75,93.38,275.21,110.76,207.00,95.37,202.54
82.65,269.92,101.24,276.05,125.51,193.61,106.93,187.48
86.52,264.72,105.06,270.09,126.00,187.95,107.46,182.58
85.72,253.63,102.93,261.64,135.67,184.99,118.46,176.98
84.97,254.20,101.98,262.18,134.59,186.41,117.58,178.43
84.52,243.93,99.56,253.22,138.19,185.91,123.15,176.62
86.95,242.14,100.90,250.52,135.70,188.15,121.76,179.77
86.42,237.17,99.13,245.68,134.70,188.73,121.99,180.21
86.92,236.94,99.40,245.32,134.40,189.39,121.93,181.01
93.85,219.30,106.26,230.55,153.84,174.48,141.42,163.24
95.36,216.72,107.80,228.30,156.83,172.03,144.38,160.45
97.78,217.20,112.49,226.68,152.02,160.79,137.31,151.31
97.32,218.35,112.27,227.90,152.06,160.98,137.11,151.43
95.29,212.31,110.54,222.34,152.39,154.04,137.15,144.01
95.14,212.81,110.52,223.01,153.13,154.05,137.75,143.84
94.10,209.74,109.62,220.82,156.03,151.12,140.50,140.04
93.95,210.36,109.53,221.58,156.55,151.60,140.97,140.38
96.23,207.82,111.44,218.87,157.76,150.55,142.55,139.50
96.40,207.89,111.83,219.03,158.48,149.74,143.05,138.61
99.21,206.51,114.29,217.37,159.83,149.62,144.74,138.76
99.51,206.55,114.48,217.44,160.13,150.22,145.16,139.34
110.92,207.59,125.67,214.49,153.86,148.75,139.10,141.85
112.12,207.82,125.41,213.57,148.77,154.45,135.48,148.70
112.67,206.32,124.41,213.27,153.24,160.77,141.50,153.82
112.28,206.14,123.05,212.84,150.95,164.62,140.18,157.91
122.52,202.23,135.14,206.53,152.22,150.56,139.60,146.26
121.20,202.80,134.15,207.31,152.12,149.86,139.17,145.35
122.16,201.43,134.54,208.29,162.90,152.96,150.51,146.10
122.21,201.76,134.80,208.74,163.67,152.48,151.07,145.50
124.48,198.70,138.02,205.73,166.94,145.31,153.41,138.29
124.54,198.72,137.79,205.63,166.21,146.48,152.95,139.58
132.24,198.68,145.93,204.54,169.67,143.62,155.98,137.77
133.48,197.00,146.89,202.56,169.40,142.92,155.99,137.36
138.02,198.97,151.15,204.11,171.87,145.78,158.75,140.64
136.81,201.88,149.95,207.26,171.69,148.84,158.55,143.47
137.65,203.08,151.08,208.82,174.36,149.09,160.94,143.35
137.16,202.04,150.60,208.01,174.91,148.18,161.47,142.21
139.41,200.50,151.72,206.61,176.79,151.73,164.49,145.62
140.01,199.59,151.54,205.46,175.63,154.01,164.09,148.15
140.95,200.30,152.08,206.25,176.64,156.55,165.51,150.59
140.87,199.58,151.73,205.55,176.40,157.03,165.54,151.06
140.99,199.70,151.42,206.05,177.84,159.37,167.41,153.02
141.03,200.10,151.40,206.43,177.69,160.02,167.32,153.69
134.97,197.38,143.75,205.60,178.58,165.93,169.80,157.71
133.89,199.41,143.44,208.07,180.08,164.92,170.53,156.26
134.47,202.57,145.11,210.36,177.76,162.56,167.12,154.78
2
0
0
0
0
1
185.90,70.37,215.44,216.82,250.19,211.61,220.65,65.16
186.17,74.98,212.33,216.41,245.87,211.93,219.71,70.51
182.98,70.24,212.31,219.10,247.63,213.97,218.30,65.10
189.95,75.31,207.84,215.13,240.90,212.57,223.01,72.75
