1
625.439758,277.479736,154.041885,95.658569
629.171021,278.673615,154.389053,95.833160
634.653137,277.191864,154.482361,95.887497
634.229065,280.243530,154.422211,95.906830
636.441895,280.008850,154.425446,96.097137
642.208374,281.429138,154.701920,96.318802
636.749756,283.069580,154.760559,96.516212
640.782593,281.035431,155.039246,96.706299
642.006958,281.920563,155.361984,96.842514
643.987671,284.435394,155.347809,96.653984
641.521057,284.484894,155.270416,96.509384
635.485840,286.785095,155.370224,96.766228
638.906433,287.280762,155.176239,96.636948
636.030151,287.172302,155.272324,96.661728
641.043396,288.575226,155.109299,96.624748
640.949402,290.526031,155.049896,96.826363
643.220581,292.164459,154.930222,96.822067
645.364197,292.667816,154.712646,96.520615
650.009033,295.041748,154.524841,96.587135
647.890869,297.553101,154.330582,96.720406
647.409790,298.909241,154.401382,96.792038
650.465820,299.623901,154.486694,96.758514
654.763123,301.133423,154.985474,96.900024
651.304077,302.471161,154.664459,96.720100
648.997681,303.927002,154.595505,96.674454
648.485901,304.083984,154.577011,96.558304
651.306335,306.499237,154.719467,96.586136
652.930603,305.577057,155.077255,96.779350
650.551331,305.155243,154.853058,96.653481
643.303040,309.198273,154.598160,96.481667
652.138733,308.452271,154.237244,96.251358
656.372559,313.169373,154.024506,96.208321
656.727844,311.374786,154.353333,96.172806
657.469849,311.562683,154.760345,96.499733
661.045532,314.835999,154.774582,96.605721
661.833069,317.632019,154.909927,96.651665
654.709473,321.375763,154.652298,96.389290
655.241699,319.339966,154.484634,96.360153
657.093018,318.844940,154.425034,96.114632
648.287842,319.802124,154.535721,96.097008
653.695679,318.609222,154.377914,96.131645
637.087097,319.021271,154.170609,95.861359
636.351562,319.301788,154.142426,95.924858
638.015076,318.936707,154.270126,95.916138
635.886414,318.536072,154.203476,95.901749
634.038147,320.057800,154.195053,95.761292
627.185547,320.275574,154.117340,95.415321
629.948181,320.944061,154.008804,95.211937
623.217346,320.576752,154.117599,95.414513
630.081787,321.697693,153.797028,94.999306
626.419922,321.441193,153.971649,95.142998
623.806580,320.507294,154.016495,95.395775
621.615479,320.041779,153.605865,95.143486
627.860413,323.251862,153.733521,95.356560
628.477051,321.377075,154.174347,95.667747
623.166443,321.025848,153.859680,95.452721
616.242737,321.718567,153.919586,95.646133
613.385986,318.012024,153.926788,95.877136
613.887268,319.665375,154.308075,96.235016
611.136292,320.373962,153.862091,96.076591
602.775269,316.581207,153.722778,95.935875
606.945312,316.123352,153.843201,96.259697
605.551758,311.397247,153.589890,96.040321
611.966125,314.797760,153.833145,96.205101
611.264893,312.081512,153.723297,96.196381
613.230225,312.583099,153.579910,96.100342
611.579163,314.599823,153.528030,96.186409
609.153198,315.150696,153.851257,96.197426
623.483459,316.476562,153.614532,96.350372
624.511841,315.396515,153.636490,96.349312
620.849487,314.301971,153.662994,96.442635
618.498657,315.472595,154.035385,96.722610
622.352234,315.847107,154.558075,96.984215
615.685547,315.178680,154.639725,97.033134
621.747864,314.315063,154.348297,97.099205
619.402649,313.574188,154.597229,97.102821
614.072205,316.544952,154.538208,97.248047
620.899475,316.244965,154.741364,97.357597
614.369507,317.638672,154.633270,97.413437
622.316711,316.943848,154.477905,97.059181
622.795715,317.624756,154.324432,96.911575
625.539795,319.582550,153.795761,96.596146
626.264709,321.075287,153.901398,96.155037
624.114258,321.315521,153.832764,96.243881
623.377197,323.687469,153.751053,96.166580
623.249573,319.507965,153.829132,96.359283
622.100159,317.344360,154.238571,96.566711
624.082092,324.625671,154.102585,96.570038
626.539307,323.974121,154.165985,96.636986
619.537659,322.026001,153.655182,96.635727
624.586060,324.889771,153.860733,96.665405
620.432556,326.736328,153.623947,96.353127
616.437439,327.232910,153.300873,96.181816
619.207031,331.434387,153.114517,96.119514
616.545776,330.144440,153.481262,96.461617
623.906921,330.029358,153.115952,96.373093
620.705505,329.240906,153.016266,96.109642
621.470154,327.246582,152.672638,96.091705
618.789185,328.296265,153.045547,96.308891
617.704224,329.212677,152.942810,96.088921
612.472900,330.454773,152.906357,95.965706
623.438904,324.652893,152.827103,96.019119
624.207947,324.893707,152.573166,95.931496
615.889343,326.899536,152.732101,95.933746
621.032166,327.594574,153.116455,96.196480
613.969604,327.992096,153.224319,95.942413
614.973511,329.615479,153.149063,95.873772
611.442688,328.802887,153.032288,95.610893
606.574829,328.518127,153.116592,95.740631
602.187073,331.022217,153.350616,95.889519
609.752197,332.055908,152.718842,95.675026
605.322510,331.072540,152.667160,95.902939
603.251160,332.468414,152.461594,95.833313
602.763367,332.923370,153.016464,96.317955
598.337708,333.430542,152.928696,96.017143
597.441101,335.685028,152.825882,96.031975
599.486389,339.316010,152.456787,95.701042
592.453674,340.918121,152.410400,95.663300
593.268738,340.006744,152.647034,95.915337
588.693237,339.893127,152.360779,95.805412
588.238403,338.096130,152.570267,96.203369
593.637085,338.124573,153.106277,96.733932
594.674072,342.736176,153.476700,97.063576
593.989136,337.982361,153.339188,96.670410
596.678955,342.044830,153.112076,96.685684
595.318848,342.183899,152.991241,96.405724
598.270691,340.943909,153.138046,96.604080
595.983826,340.915405,153.542099,96.747002
597.249878,340.413055,153.816452,96.767662
598.632996,344.238739,153.404968,96.387505
600.940918,343.982941,153.629379,96.416161
600.246460,345.437286,154.142563,96.858017
600.467957,344.886993,154.006363,96.681900
601.062622,345.653290,154.754745,97.247978
603.440491,348.706726,154.491852,97.167145
605.326477,348.179108,154.368286,96.999359
608.252563,350.670044,154.661652,97.107201
612.792358,349.555664,154.075958,96.546448
613.762024,351.168884,154.333633,96.583702
613.197571,349.606689,154.600754,96.760849
608.675049,352.121216,154.327255,96.631775
614.167908,352.033905,154.092621,96.247276
615.019104,350.786011,153.717407,96.028053
616.923889,349.309662,153.816208,95.815781
611.580994,349.899017,154.015167,95.881378
611.331421,353.276917,154.441711,96.202316
614.342102,356.687836,154.725143,96.255081
613.292725,347.998993,154.870361,96.107933
618.950867,350.756470,154.493576,96.093140
620.212952,349.572906,154.020584,95.988503
619.878906,349.911743,153.892624,95.903931
618.716187,350.410553,153.757263,95.688301
624.542664,354.326508,154.207687,95.766182
620.286255,354.417267,154.105667,95.650749
619.420532,353.970581,154.130417,95.851166
622.953674,356.733032,154.545105,96.249565
623.045776,361.135834,154.672760,96.194626
619.084839,364.641235,155.062241,96.159637
621.078308,365.756836,155.286041,96.078667
621.822937,370.766846,155.466125,96.164383
619.372498,368.153320,156.128754,96.539536
625.482788,365.268707,156.262009,96.710281
626.461060,367.524048,156.072876,96.788445
628.905457,368.087494,155.695740,96.864662
626.069336,364.523254,155.383698,96.558128
622.269165,363.319458,155.356766,96.366791
631.141724,373.303589,155.294235,96.396919
623.256348,365.741699,155.878006,96.611382
628.628418,367.842346,156.176437,96.710632
630.975403,362.223328,156.333588,97.083321
626.013794,357.619507,156.287918,97.045189
630.854980,352.308807,156.209503,97.069626
631.882874,346.067322,155.162567,96.480270
630.498108,349.707520,155.196014,96.673607
620.365723,355.907623,155.153610,96.614265
573.860352,350.600220,154.924301,96.544807
616.182434,371.493958,154.748367,96.436615
576.387207,356.324707,154.959412,96.553452
548.054932,385.083282,155.276184,96.756752
581.661865,343.943573,155.153290,96.804726
603.642456,319.441376,155.216736,96.876083
616.382263,296.949890,155.107697,96.910149
596.437561,319.096985,155.547577,97.296066
607.346497,310.218231,155.213120,97.115532
605.691956,329.567474,154.947403,96.937912
615.392456,303.251404,154.389893,96.865974
621.699280,309.204498,155.101822,97.128906
590.963623,342.907166,155.041931,97.063637
594.757324,344.938812,155.546494,97.607079
598.730774,357.629974,155.354874,97.650726
604.455627,365.359192,155.401688,97.563431
663.012024,395.579773,155.473816,97.658730
616.145325,393.197723,155.440033,97.602531
680.620667,421.530670,155.527512,97.607231
687.846680,447.717590,155.754059,97.899742
681.664368,458.970551,155.559952,97.857185
688.479736,477.146790,155.669281,97.725594
703.677551,497.360779,155.496246,97.599876
697.254883,514.953796,155.080536,97.375923
685.947449,543.269653,155.098221,97.388939
690.882690,549.635620,155.559402,97.694397
701.320801,564.711731,155.358582,97.838615
714.816284,582.426514,155.550735,98.056511
782.452332,572.184082,155.442902,98.001183
683.384216,554.008057,154.996780,97.307518
709.099060,523.650879,155.225754,97.595001
722.132080,474.265198,154.919754,97.288177
710.429443,521.899170,155.035141,97.595718
731.701416,525.745728,154.978073,97.483673
758.013611,510.750519,155.027939,97.658615
741.544678,541.954285,154.986725,97.549873
738.792603,520.065186,154.761246,97.406090
743.827942,567.604797,154.365204,97.078796
718.479736,507.682098,154.168106,97.138885
697.065369,486.133301,153.869583,96.975929
722.401367,532.045654,153.506180,96.947777
695.190186,480.372711,153.049606,96.710770
709.930176,532.422607,153.098145,96.565216
677.592102,491.532471,153.303329,96.675354
680.730225,536.018860,153.417313,96.595299
710.955750,486.022827,153.270859,96.370026
669.240417,534.614075,152.986389,96.194214
690.159302,488.616150,153.079544,96.314682
665.220581,525.165161,153.052368,96.626953
688.531738,461.171539,153.471237,96.907227
661.179321,488.356812,153.749710,97.029564
683.066284,439.262665,153.632355,96.971466
657.961182,493.836365,153.323883,96.781799
681.235413,439.498657,153.678864,96.948753
656.742126,477.799835,153.789978,97.056961
674.953430,439.640564,153.712051,97.039803
657.878784,458.867493,153.899780,97.141663
655.063416,451.223175,153.730286,96.955376
661.292175,463.728943,153.755997,97.371796
651.565674,476.060303,154.369995,97.686508
666.489380,485.388245,153.901443,97.461555
659.262085,504.902496,153.922791,97.728485
645.672607,432.865479,153.435867,97.722420
656.023376,378.986755,153.490570,97.819153
667.273010,389.553619,152.821152,97.388626
667.085205,399.115356,152.445526,97.055122
661.929871,403.961731,152.114731,96.896400
662.974731,354.640564,152.316574,96.869812
648.927795,316.363464,152.337097,96.943405
665.641479,363.049683,152.256592,96.928993
672.193298,383.291199,151.761185,96.568939
675.628906,388.255402,151.820190,96.649826
677.612915,396.232178,151.555084,96.499756
676.544617,412.598511,151.447632,96.433952
658.682800,367.602936,151.587875,96.734200
661.981995,379.120087,151.374084,96.635788
688.683289,378.539337,150.963287,96.445114
663.644287,328.756470,150.674606,96.317307
651.050171,387.112915,150.510635,96.171829
707.696838,419.981506,150.350571,96.112015
662.429993,370.903748,150.207214,96.055077
671.246826,411.428925,149.990616,96.141388
675.339050,421.771088,149.706711,96.248169
679.223633,436.073853,150.002731,96.511444
682.345337,452.881775,150.438400,96.650383
682.846436,446.687256,150.540695,96.709045
687.448059,462.428406,150.086273,96.456856
690.007141,481.715729,150.004318,96.334961
692.520325,484.544159,150.500061,96.711716
698.950928,493.334137,150.718246,96.764816
713.606567,508.761932,150.909698,96.886429
717.855591,517.989441,150.851028,96.581459
726.399353,527.212708,150.949066,96.639488
724.950806,538.236755,151.488327,96.920036
726.447083,517.334839,151.391571,96.843849
687.333923,476.740936,151.608566,96.978851
707.952209,496.586975,151.580536,96.963432
698.800110,493.348450,151.268341,96.879066
699.585999,499.884430,151.476822,96.850044
702.431396,502.823608,151.126984,96.501686
711.235657,510.146729,150.744431,96.469460
748.500183,489.502258,150.601074,96.448715
774.622498,506.240814,150.500259,96.417336
763.048035,495.341492,150.843231,96.399963
826.440247,493.074249,150.889496,96.432098
771.678040,507.129456,150.686340,96.519188
766.643799,523.440002,150.431503,96.408562
827.550537,516.535706,150.361740,96.496552
781.390747,520.407227,149.447617,95.879494
818.524963,524.210632,149.473160,96.045349
785.431824,523.969238,149.939072,96.371773
832.883362,515.900024,150.180695,96.662048
848.006775,505.573120,150.385437,96.815620
867.838867,477.273285,150.468781,96.899422
849.560852,505.255890,150.240067,96.588181
