1
188.000000,329.000000,55.000000,142.000000
195.000000,332.000000,55.000000,142.000000
201.000000,333.000000,55.000000,142.000000
212.000000,336.000000,55.000000,142.000000
222.000000,337.000000,55.000000,142.000000
233.000000,339.000000,55.000000,142.000000
244.000000,341.000000,55.000000,142.000000
256.000000,343.000000,55.000000,142.000000
268.000000,343.000000,55.000000,142.000000
281.000000,344.000000,55.000000,142.000000
295.000000,345.000000,55.000000,142.000000
310.000000,348.000000,55.000000,142.000000
325.000000,350.000000,55.000000,142.000000
341.000000,352.000000,55.000000,142.000000
358.000000,354.000000,55.000000,142.000000
375.000000,355.000000,55.000000,142.000000
394.000000,356.000000,55.000000,142.000000
410.000000,359.000000,55.000000,142.000000
424.000000,364.000000,55.000000,142.000000
441.000000,364.000000,55.000000,142.000000
456.000000,364.000000,55.000000,142.000000
460.000000,363.000000,55.000000,142.000000
460.000000,360.000000,55.000000,142.000000
473.000000,343.000000,55.000000,142.000000
493.000000,345.000000,55.000000,142.000000
519.000000,356.000000,55.000000,142.000000
534.000000,360.000000,55.000000,142.000000
534.000000,366.000000,55.000000,142.000000
540.000000,372.000000,55.000000,142.000000
545.000000,363.000000,55.000000,142.000000
537.000000,368.000000,55.000000,142.000000
523.000000,370.000000,55.000000,142.000000
494.000000,376.000000,55.000000,142.000000
2
0
0
0
0
1
521.000000,252.000000,318.000000,189.000000
497.000000,260.000000,318.000000,189.000000
470.000000,269.000000,318.000000,189.000000
445.000000,281.000000,318.000000,189.000000
418.000000,294.000000,318.000000,189.000000
391.000000,307.000000,318.000000,189.000000
364.000000,320.000000,318.000000,189.000000
337.000000,333.000000,318.000000,189.000000
309.000000,343.000000,318.000000,189.000000
282.000000,356.000000,318.000000,189.000000
254.000000,366.000000,318.000000,189.000000
2
0
0
0
0
1
546.000000,122.000000,202.000000,332.000000
543.000000,120.000000,202.000000,332.000000
551.000000,134.000000,202.000000,332.000000
547.000000,148.000000,202.000000,332.000000
536.000000,157.000000,202.000000,332.000000
524.000000,179.000000,202.000000,332.000000
513.000000,174.000000,202.000000,332.000000
505.000000,172.000000,202.000000,332.000000
517.000000,183.000000,202.000000,332.000000
510.000000,184.000000,202.000000,332.000000
499.000000,178.000000,202.000000,332.000000
487.000000,169.000000,202.000000,332.000000
476.000000,161.000000,202.000000,332.000000
466.000000,153.000000,202.000000,332.000000
456.000000,146.000000,202.000000,332.000000
448.000000,140.000000,202.000000,332.000000
443.000000,136.000000,202.000000,332.000000
2
0
0
0
0
1
697.000000,398.000000,179.000000,260.000000
698.000000,397.000000,179.000000,260.000000
697.000000,396.000000,179.000000,260.000000
695.000000,396.000000,179.000000,260.000000
693.000000,395.000000,179.000000,260.000000
690.000000,395.000000,179.000000,260.000000
688.000000,394.000000,179.000000,260.000000
687.000000,393.000000,179.000000,260.000000
688.000000,392.000000,179.000000,260.000000
688.000000,391.000000,179.000000,260.000000
688.000000,390.000000,179.000000,260.000000
687.000000,389.000000,179.000000,260.000000
686.000000,387.000000,179.000000,260.000000
684.000000,386.000000,179.000000,260.000000
683.000000,385.000000,179.000000,260.000000
683.000000,385.000000,179.000000,260.000000
682.000000,384.000000,179.000000,260.000000
683.000000,384.000000,179.000000,260.000000
683.000000,384.000000,179.000000,260.000000
683.000000,384.000000,179.000000,260.000000
684.000000,383.000000,179.000000,260.000000
686.000000,383.000000,179.000000,260.000000
688.000000,383.000000,179.000000,260.000000
690.000000,383.000000,179.000000,260.000000
692.000000,384.000000,179.000000,260.000000
693.000000,384.000000,179.000000,260.000000
695.000000,384.000000,179.000000,260.000000
696.000000,385.000000,179.000000,260.000000
696.000000,384.000000,179.000000,260.000000
696.000000,383.000000,179.000000,260.000000
696.000000,382.000000,179.000000,260.000000
695.000000,381.000000,179.000000,260.000000
694.000000,381.000000,179.000000,260.000000
693.000000,380.000000,179.000000,260.000000
691.000000,379.000000,179.000000,260.000000
690.000000,378.000000,179.000000,260.000000
689.000000,376.000000,179.000000,260.000000
689.000000,376.000000,179.000000,260.000000
