1
173.00,24.00,198.00,24.00,198.00,86.00,173.00,86.00
174.00,24.00,199.00,24.00,199.00,86.00,174.00,86.00
176.00,21.00,201.00,21.00,201.00,83.00,176.00,83.00
179.00,17.00,204.00,17.00,204.00,79.00,179.00,79.00
177.00,18.00,202.00,18.00,202.00,80.00,177.00,80.00
176.00,18.00,201.00,18.00,201.00,80.00,176.00,80.00
172.00,20.00,197.00,20.00,197.00,82.00,172.00,82.00
169.00,22.00,194.00,22.00,194.00,84.00,169.00,84.00
166.00,23.00,191.00,23.00,191.00,85.00,166.00,85.00
164.00,23.00,189.00,23.00,189.00,85.00,164.00,85.00
161.00,22.00,186.00,22.00,186.00,84.00,161.00,84.00
159.00,22.00,184.00,22.00,184.00,84.00,159.00,84.00
158.00,23.00,183.00,23.00,183.00,85.00,158.00,85.00
157.00,25.00,182.00,25.00,182.00,87.00,157.00,87.00
158.00,28.00,183.00,28.00,183.00,90.00,158.00,90.00
161.00,32.00,186.00,32.00,186.00,94.00,161.00,94.00
163.00,32.00,188.00,32.00,188.00,94.00,163.00,94.00
163.00,32.00,188.00,32.00,188.00,94.00,163.00,94.00
162.00,33.00,187.00,33.00,187.00,95.00,162.00,95.00
162.00,34.00,187.00,34.00,187.00,96.00,162.00,96.00
160.00,36.00,185.00,36.00,185.00,98.00,160.00,98.00
156.00,39.00,181.00,39.00,181.00,101.00,156.00,101.00
151.00,42.00,176.00,42.00,176.00,104.00,151.00,104.00
146.00,46.00,171.00,46.00,171.00,108.00,146.00,108.00
139.00,48.00,164.00,48.00,164.00,110.00,139.00,110.00
139.00,49.00,164.00,49.00,164.00,111.00,139.00,111.00
142.00,52.00,167.00,52.00,167.00,114.00,142.00,114.00
147.00,57.00,172.00,57.00,172.00,119.00,147.00,119.00
149.00,60.00,174.00,60.00,174.00,122.00,149.00,122.00
152.00,67.00,177.00,67.00,177.00,129.00,152.00,129.00
157.00,73.00,182.00,73.00,182.00,135.00,157.00,135.00
161.00,75.00,186.00,75.00,186.00,137.00,161.00,137.00
163.00,79.00,188.00,79.00,188.00,141.00,163.00,141.00
163.00,90.00,188.00,90.00,188.00,152.00,163.00,152.00
162.00,94.00,187.00,94.00,187.00,156.00,162.00,156.00
162.00,99.00,187.00,99.00,187.00,161.00,162.00,161.00
162.00,104.00,187.00,104.00,187.00,166.00,162.00,166.00
162.00,109.00,187.00,109.00,187.00,171.00,162.00,171.00
162.00,111.00,187.00,111.00,187.00,173.00,162.00,173.00
162.00,117.00,187.00,117.00,187.00,179.00,162.00,179.00
162.00,122.00,187.00,122.00,187.00,184.00,162.00,184.00
162.00,126.00,187.00,126.00,187.00,188.00,162.00,188.00
160.00,131.00,185.00,131.00,185.00,193.00,160.00,193.00
159.00,131.00,184.00,131.00,184.00,193.00,159.00,193.00
158.00,131.00,183.00,131.00,183.00,193.00,158.00,193.00
158.00,131.00,183.00,131.00,183.00,193.00,158.00,193.00
159.00,131.00,184.00,131.00,184.00,193.00,159.00,193.00
159.00,131.00,184.00,131.00,184.00,193.00,159.00,193.00
159.00,129.00,184.00,129.00,184.00,191.00,159.00,191.00
160.00,125.00,185.00,125.00,185.00,187.00,160.00,187.00
161.00,120.00,186.00,120.00,186.00,182.00,161.00,182.00
163.00,111.00,188.00,111.00,188.00,173.00,163.00,173.00
164.00,105.00,189.00,105.00,189.00,167.00,164.00,167.00
165.00,97.00,190.00,97.00,190.00,159.00,165.00,159.00
166.00,89.00,191.00,89.00,191.00,151.00,166.00,151.00
167.00,82.00,192.00,82.00,192.00,144.00,167.00,144.00
168.00,76.00,193.00,76.00,193.00,138.00,168.00,138.00
168.00,74.00,193.00,74.00,193.00,136.00,168.00,136.00
168.00,70.00,193.00,70.00,193.00,132.00,168.00,132.00
165.00,60.00,190.00,60.00,190.00,122.00,165.00,122.00
172.00,44.00,197.00,44.00,197.00,106.00,172.00,106.00
156.00,48.00,181.00,48.00,181.00,110.00,156.00,110.00
152.00,39.00,177.00,39.00,177.00,101.00,152.00,101.00
150.00,32.00,175.00,32.00,175.00,94.00,150.00,94.00
150.00,28.00,175.00,28.00,175.00,90.00,150.00,90.00
148.00,24.00,173.00,24.00,173.00,86.00,148.00,86.00
148.00,23.00,173.00,23.00,173.00,85.00,148.00,85.00
148.00,22.00,173.00,22.00,173.00,84.00,148.00,84.00
150.00,22.00,175.00,22.00,175.00,84.00,150.00,84.00
151.00,23.00,176.00,23.00,176.00,85.00,151.00,85.00
164.00,41.00,189.00,41.00,189.00,103.00,164.00,103.00
163.00,42.00,188.00,42.00,188.00,104.00,163.00,104.00
162.00,43.00,187.00,43.00,187.00,105.00,162.00,105.00
161.00,44.00,186.00,44.00,186.00,106.00,161.00,106.00
161.00,46.00,186.00,46.00,186.00,108.00,161.00,108.00
160.00,47.00,185.00,47.00,185.00,109.00,160.00,109.00
160.00,48.00,185.00,48.00,185.00,110.00,160.00,110.00
160.00,48.00,185.00,48.00,185.00,110.00,160.00,110.00
160.00,48.00,185.00,48.00,185.00,110.00,160.00,110.00
160.00,48.00,185.00,48.00,185.00,110.00,160.00,110.00
161.00,47.00,186.00,47.00,186.00,109.00,161.00,109.00
163.00,46.00,188.00,46.00,188.00,108.00,163.00,108.00
167.00,46.00,192.00,46.00,192.00,108.00,167.00,108.00
168.00,46.00,193.00,46.00,193.00,108.00,168.00,108.00
169.00,46.00,194.00,46.00,194.00,108.00,169.00,108.00
168.00,46.00,193.00,46.00,193.00,108.00,168.00,108.00
168.00,46.00,193.00,46.00,193.00,108.00,168.00,108.00
166.00,47.00,191.00,47.00,191.00,109.00,166.00,109.00
166.00,47.00,191.00,47.00,191.00,109.00,166.00,109.00
165.00,47.00,190.00,47.00,190.00,109.00,165.00,109.00
165.00,46.00,190.00,46.00,190.00,108.00,165.00,108.00
165.00,46.00,190.00,46.00,190.00,108.00,165.00,108.00
166.00,47.00,191.00,47.00,191.00,109.00,166.00,109.00
167.00,47.00,192.00,47.00,192.00,109.00,167.00,109.00
168.00,47.00,193.00,47.00,193.00,109.00,168.00,109.00
168.00,48.00,193.00,48.00,193.00,110.00,168.00,110.00
168.00,48.00,193.00,48.00,193.00,110.00,168.00,110.00
168.00,48.00,193.00,48.00,193.00,110.00,168.00,110.00
168.00,48.00,193.00,48.00,193.00,110.00,168.00,110.00
168.00,48.00,193.00,48.00,193.00,110.00,168.00,110.00
167.00,48.00,192.00,48.00,192.00,110.00,167.00,110.00
167.00,48.00,192.00,48.00,192.00,110.00,167.00,110.00
166.00,48.00,191.00,48.00,191.00,110.00,166.00,110.00
166.00,49.00,191.00,49.00,191.00,111.00,166.00,111.00
166.00,49.00,191.00,49.00,191.00,111.00,166.00,111.00
166.00,49.00,191.00,49.00,191.00,111.00,166.00,111.00
166.00,50.00,191.00,50.00,191.00,112.00,166.00,112.00
166.00,51.00,191.00,51.00,191.00,113.00,166.00,113.00
166.00,51.00,191.00,51.00,191.00,113.00,166.00,113.00
166.00,51.00,191.00,51.00,191.00,113.00,166.00,113.00
166.00,50.00,191.00,50.00,191.00,112.00,166.00,112.00
166.00,50.00,191.00,50.00,191.00,112.00,166.00,112.00
166.00,50.00,191.00,50.00,191.00,112.00,166.00,112.00
166.00,50.00,191.00,50.00,191.00,112.00,166.00,112.00
167.00,50.00,192.00,50.00,192.00,112.00,167.00,112.00
167.00,50.00,192.00,50.00,192.00,112.00,167.00,112.00
167.00,50.00,192.00,50.00,192.00,112.00,167.00,112.00
167.00,50.00,192.00,50.00,192.00,112.00,167.00,112.00
167.00,51.00,192.00,51.00,192.00,113.00,167.00,113.00
167.00,52.00,192.00,52.00,192.00,114.00,167.00,114.00
167.00,53.00,192.00,53.00,192.00,115.00,167.00,115.00
167.00,54.00,192.00,54.00,192.00,116.00,167.00,116.00
167.00,53.00,192.00,53.00,192.00,115.00,167.00,115.00
167.00,52.00,192.00,52.00,192.00,114.00,167.00,114.00
167.00,52.00,192.00,52.00,192.00,114.00,167.00,114.00
167.00,52.00,192.00,52.00,192.00,114.00,167.00,114.00
167.00,52.00,192.00,52.00,192.00,114.00,167.00,114.00
167.00,51.00,192.00,51.00,192.00,113.00,167.00,113.00
167.00,51.00,192.00,51.00,192.00,113.00,167.00,113.00
167.00,51.00,192.00,51.00,192.00,113.00,167.00,113.00
167.00,51.00,192.00,51.00,192.00,113.00,167.00,113.00
167.00,51.00,192.00,51.00,192.00,113.00,167.00,113.00
167.00,51.00,192.00,51.00,192.00,113.00,167.00,113.00
167.00,51.00,192.00,51.00,192.00,113.00,167.00,113.00
167.00,51.00,192.00,51.00,192.00,113.00,167.00,113.00
167.00,52.00,192.00,52.00,192.00,114.00,167.00,114.00
167.00,55.00,192.00,55.00,192.00,117.00,167.00,117.00
167.00,56.00,192.00,56.00,192.00,118.00,167.00,118.00
167.00,56.00,192.00,56.00,192.00,118.00,167.00,118.00
167.00,56.00,192.00,56.00,192.00,118.00,167.00,118.00
167.00,56.00,192.00,56.00,192.00,118.00,167.00,118.00
167.00,56.00,192.00,56.00,192.00,118.00,167.00,118.00
167.00,57.00,192.00,57.00,192.00,119.00,167.00,119.00
167.00,57.00,192.00,57.00,192.00,119.00,167.00,119.00
167.00,57.00,192.00,57.00,192.00,119.00,167.00,119.00
167.00,57.00,192.00,57.00,192.00,119.00,167.00,119.00
167.00,58.00,192.00,58.00,192.00,120.00,167.00,120.00
167.00,59.00,192.00,59.00,192.00,121.00,167.00,121.00
167.00,60.00,192.00,60.00,192.00,122.00,167.00,122.00
166.00,60.00,191.00,60.00,191.00,122.00,166.00,122.00
163.00,63.00,188.00,63.00,188.00,125.00,163.00,125.00
160.00,67.00,185.00,67.00,185.00,129.00,160.00,129.00
157.00,68.00,182.00,68.00,182.00,130.00,157.00,130.00
156.00,66.00,181.00,66.00,181.00,128.00,156.00,128.00
156.00,66.00,181.00,66.00,181.00,128.00,156.00,128.00
156.00,67.00,181.00,67.00,181.00,129.00,156.00,129.00
156.00,68.00,181.00,68.00,181.00,130.00,156.00,130.00
156.00,68.00,181.00,68.00,181.00,130.00,156.00,130.00
157.00,68.00,182.00,68.00,182.00,130.00,157.00,130.00
158.00,68.00,183.00,68.00,183.00,130.00,158.00,130.00
159.00,68.00,184.00,68.00,184.00,130.00,159.00,130.00
160.00,68.00,185.00,68.00,185.00,130.00,160.00,130.00
161.00,67.00,186.00,67.00,186.00,129.00,161.00,129.00
162.00,66.00,187.00,66.00,187.00,128.00,162.00,128.00
163.00,65.00,188.00,65.00,188.00,127.00,163.00,127.00
163.00,64.00,188.00,64.00,188.00,126.00,163.00,126.00
164.00,62.00,189.00,62.00,189.00,124.00,164.00,124.00
164.00,62.00,189.00,62.00,189.00,124.00,164.00,124.00
164.00,62.00,189.00,62.00,189.00,124.00,164.00,124.00
164.00,62.00,189.00,62.00,189.00,124.00,164.00,124.00
164.00,62.00,189.00,62.00,189.00,124.00,164.00,124.00
164.00,61.00,189.00,61.00,189.00,123.00,164.00,123.00
164.00,61.00,189.00,61.00,189.00,123.00,164.00,123.00
163.00,60.00,188.00,60.00,188.00,122.00,163.00,122.00
163.00,59.00,188.00,59.00,188.00,121.00,163.00,121.00
164.00,58.00,189.00,58.00,189.00,120.00,164.00,120.00
165.00,56.00,190.00,56.00,190.00,118.00,165.00,118.00
165.00,52.00,190.00,52.00,190.00,114.00,165.00,114.00
164.00,48.00,189.00,48.00,189.00,110.00,164.00,110.00
163.00,45.00,188.00,45.00,188.00,107.00,163.00,107.00
163.00,44.00,188.00,44.00,188.00,106.00,163.00,106.00
164.00,46.00,189.00,46.00,189.00,108.00,164.00,108.00
164.00,47.00,189.00,47.00,189.00,109.00,164.00,109.00
165.00,47.00,190.00,47.00,190.00,109.00,165.00,109.00
167.00,47.00,192.00,47.00,192.00,109.00,167.00,109.00
167.00,46.00,192.00,46.00,192.00,108.00,167.00,108.00
167.00,44.00,192.00,44.00,192.00,106.00,167.00,106.00
165.00,41.00,190.00,41.00,190.00,103.00,165.00,103.00
163.00,41.00,188.00,41.00,188.00,103.00,163.00,103.00
163.00,44.00,188.00,44.00,188.00,106.00,163.00,106.00
163.00,46.00,188.00,46.00,188.00,108.00,163.00,108.00
163.00,45.00,188.00,45.00,188.00,107.00,163.00,107.00
164.00,44.00,189.00,44.00,189.00,106.00,164.00,106.00
164.00,44.00,189.00,44.00,189.00,106.00,164.00,106.00
164.00,45.00,189.00,45.00,189.00,107.00,164.00,107.00
162.00,46.00,187.00,46.00,187.00,108.00,162.00,108.00
160.00,46.00,185.00,46.00,185.00,108.00,160.00,108.00
158.00,45.00,183.00,45.00,183.00,107.00,158.00,107.00
154.00,46.00,179.00,46.00,179.00,108.00,154.00,108.00
151.00,48.00,176.00,48.00,176.00,110.00,151.00,110.00
148.00,51.00,173.00,51.00,173.00,113.00,148.00,113.00
148.00,51.00,173.00,51.00,173.00,113.00,148.00,113.00
147.00,51.00,172.00,51.00,172.00,113.00,147.00,113.00
147.00,52.00,172.00,52.00,172.00,114.00,147.00,114.00
147.00,53.00,172.00,53.00,172.00,115.00,147.00,115.00
147.00,53.00,172.00,53.00,172.00,115.00,147.00,115.00
147.00,51.00,172.00,51.00,172.00,113.00,147.00,113.00
147.00,51.00,172.00,51.00,172.00,113.00,147.00,113.00
147.00,50.00,172.00,50.00,172.00,112.00,147.00,112.00
146.00,49.00,171.00,49.00,171.00,111.00,146.00,111.00
146.00,48.00,171.00,48.00,171.00,110.00,146.00,110.00
145.00,46.00,170.00,46.00,170.00,108.00,145.00,108.00
145.00,46.00,170.00,46.00,170.00,108.00,145.00,108.00
145.00,46.00,170.00,46.00,170.00,108.00,145.00,108.00
145.00,46.00,170.00,46.00,170.00,108.00,145.00,108.00
145.00,46.00,170.00,46.00,170.00,108.00,145.00,108.00
145.00,45.00,170.00,45.00,170.00,107.00,145.00,107.00
145.00,44.00,170.00,44.00,170.00,106.00,145.00,106.00
145.00,43.00,170.00,43.00,170.00,105.00,145.00,105.00
145.00,43.00,170.00,43.00,170.00,105.00,145.00,105.00
145.00,41.00,170.00,41.00,170.00,103.00,145.00,103.00
145.00,41.00,170.00,41.00,170.00,103.00,145.00,103.00
145.00,40.00,170.00,40.00,170.00,102.00,145.00,102.00
145.00,40.00,170.00,40.00,170.00,102.00,145.00,102.00
