1
85.57,176.24,115.58,153.65,105.81,140.68,75.80,163.27
85.58,174.90,115.96,152.65,106.34,139.52,75.96,161.77
84.94,174.24,114.74,151.14,104.75,138.26,74.95,161.36
84.74,173.28,115.33,150.34,105.41,137.12,74.82,160.06
84.13,170.52,116.63,149.62,107.59,135.58,75.09,156.47
84.44,170.84,116.64,148.09,106.80,134.17,74.60,156.92
83.36,171.43,116.89,146.16,105.96,131.67,72.43,156.94
83.60,170.27,118.15,144.64,107.06,129.71,72.51,155.34
81.85,168.72,118.52,144.02,107.83,128.17,71.17,152.87
81.76,166.78,119.49,142.84,109.13,126.53,71.41,150.47
78.51,173.63,114.38,141.91,100.66,126.41,64.80,158.13
78.70,172.66,115.85,138.78,101.19,122.73,64.05,156.61
75.75,170.53,117.17,138.15,103.17,120.25,61.75,152.63
74.82,170.13,116.88,135.60,101.94,117.43,59.89,151.95
75.39,169.33,117.91,133.55,102.44,115.17,59.92,150.95
74.52,167.83,116.85,130.14,100.55,111.85,58.22,149.54
74.05,163.78,117.35,126.37,101.16,107.66,57.88,145.07
73.20,160.61,118.11,123.04,101.86,103.63,56.96,141.21
77.07,155.80,114.24,116.28,97.14,100.21,59.98,139.73
77.82,152.29,112.80,112.59,95.63,97.47,60.65,137.17
80.17,142.12,118.19,108.08,103.46,91.65,65.45,125.69
80.89,139.25,118.91,105.73,104.41,89.30,66.40,122.82
80.81,137.54,121.44,103.41,106.68,85.85,66.05,119.98
80.36,134.86,123.22,102.66,109.29,84.14,66.43,116.33
80.66,132.60,124.73,101.38,111.23,82.33,67.16,113.56
81.41,127.89,127.72,99.82,115.57,79.80,69.27,107.88
81.77,125.44,131.30,96.91,118.95,75.50,69.43,104.03
82.00,122.45,134.18,95.99,122.72,73.44,70.56,99.90
80.34,121.32,132.46,100.29,123.35,77.76,71.24,98.80
74.44,119.47,128.59,107.91,123.58,84.50,69.44,96.07
80.64,121.95,137.27,97.52,126.70,73.04,70.07,97.47
81.43,119.39,138.85,95.37,128.45,70.55,71.04,94.57
81.68,114.15,138.08,89.97,127.61,65.60,71.23,89.77
82.05,111.90,137.94,87.43,127.34,63.27,71.46,87.75
82.55,107.76,136.64,83.86,126.30,60.48,72.21,84.38
82.40,105.73,135.60,81.71,125.20,58.72,72.01,82.74
81.25,103.26,134.35,80.19,124.37,57.24,71.27,80.30
78.81,101.95,133.16,78.75,123.12,55.25,68.77,78.46
78.81,100.54,133.70,77.32,123.64,53.60,68.77,76.82
77.82,99.03,130.75,74.80,120.27,51.92,67.34,76.16
78.68,97.50,131.00,72.23,120.06,49.62,67.75,74.89
78.17,96.23,129.65,71.88,119.11,49.62,67.63,73.98
78.25,94.68,129.47,71.25,119.33,49.12,68.12,72.54
78.13,93.08,129.01,71.47,119.66,49.48,68.78,71.09
76.83,92.36,127.99,72.05,119.19,49.94,68.05,70.25
76.67,91.22,126.37,72.17,118.12,50.69,68.43,69.74
76.77,90.97,125.70,73.44,118.11,52.29,69.19,69.82
78.39,91.58,124.83,72.48,116.56,52.40,70.13,71.51
78.06,92.51,123.47,73.40,115.20,53.77,69.79,72.89
78.32,92.23,122.89,74.75,115.32,55.48,70.76,72.96
79.91,93.00,123.81,75.49,116.23,56.52,72.33,74.02
80.36,93.47,123.28,76.80,116.07,58.25,73.15,74.91
81.70,95.57,124.90,76.14,116.49,57.47,73.30,76.90
87.59,104.02,122.40,66.89,106.34,51.85,71.54,88.98
89.24,112.38,120.98,70.93,103.06,57.22,71.32,98.66
89.94,116.66,123.23,73.60,104.60,59.22,71.32,102.28
91.38,118.78,125.21,76.12,106.75,61.50,72.94,104.17
92.71,120.58,126.65,78.37,108.39,63.71,74.45,105.92
89.41,122.88,124.90,80.37,106.52,65.04,71.03,107.54
90.29,124.65,125.85,82.74,107.72,67.38,72.17,109.28
92.62,125.65,127.43,82.71,108.85,67.67,74.05,110.61
93.04,126.37,130.03,84.05,111.72,68.06,74.74,110.39
93.77,126.54,131.48,84.62,113.34,68.32,75.64,110.25
95.64,126.52,133.38,84.47,115.19,68.17,77.46,110.22
96.07,126.32,134.58,85.11,116.76,68.47,78.25,109.68
97.71,126.86,134.77,86.11,117.15,70.09,80.09,110.84
99.54,126.86,134.73,85.17,116.70,69.96,81.51,111.65
99.90,127.65,136.11,85.73,117.98,70.08,81.78,112.00
99.58,128.29,136.14,87.61,118.55,71.82,81.99,112.50
99.22,128.78,136.25,87.96,118.60,71.96,81.57,112.77
99.57,128.83,135.90,87.59,118.06,71.89,81.74,113.13
99.38,127.62,136.23,88.11,119.14,72.19,82.29,111.70
99.46,127.50,136.42,87.84,119.26,71.87,82.30,111.53
98.89,127.49,136.27,88.42,119.37,72.27,82.00,111.34
98.35,127.98,137.73,89.06,120.89,72.04,81.52,110.96
97.70,127.01,134.89,89.45,118.64,73.38,81.46,110.94
98.63,126.40,135.88,88.96,119.68,72.86,82.44,110.31
99.43,125.21,135.82,87.75,119.62,72.03,83.23,109.48
98.83,125.00,135.86,88.31,119.99,72.31,82.96,109.00
98.56,125.54,136.74,88.00,120.50,71.49,82.32,109.04
98.27,126.34,138.60,87.64,121.86,70.21,81.53,108.91
98.08,124.99,137.57,87.20,121.22,70.14,81.74,107.92
98.35,124.35,137.21,87.54,121.29,70.75,82.43,107.55
99.93,123.47,137.74,86.30,121.66,69.96,83.86,107.13
100.27,121.97,138.64,86.10,123.12,69.52,84.76,105.39
99.76,121.81,138.54,86.83,123.41,70.07,84.64,105.05
100.18,120.22,138.68,86.33,124.02,69.69,85.52,103.59
100.50,119.74,138.84,86.29,124.36,69.72,86.03,103.17
100.55,119.25,138.43,86.59,124.30,70.22,86.43,102.88
100.57,118.70,138.04,86.86,124.26,70.66,86.80,102.51
99.99,118.17,138.25,87.39,124.93,70.86,86.68,101.63
100.32,117.70,137.85,87.04,124.59,70.81,87.06,101.48
100.35,117.60,138.02,86.90,124.73,70.62,87.07,101.33
100.37,116.39,136.99,87.04,124.30,71.22,87.68,100.56
100.50,116.35,137.52,86.65,124.68,70.65,87.66,100.35
100.64,116.31,137.39,86.76,124.61,70.88,87.86,100.42
100.74,116.46,137.25,86.81,124.42,71.03,87.91,100.68
101.19,116.41,138.75,86.38,125.76,70.15,88.21,100.17
114.83,115.53,136.33,74.31,118.51,65.02,97.01,106.24
112.97,113.24,138.19,73.56,121.03,62.66,95.81,102.34
112.68,112.91,138.04,73.22,120.88,62.27,95.53,101.95
113.25,112.71,139.16,72.43,121.74,61.24,95.84,101.52
114.21,111.14,141.31,71.79,124.29,60.08,97.19,99.43
114.66,111.36,141.93,71.75,124.79,59.97,97.54,99.58
115.89,110.14,142.28,70.86,125.29,59.46,98.91,98.73
110.02,112.26,138.89,74.63,122.61,62.15,93.75,99.79
111.56,113.48,141.31,76.04,125.11,63.18,95.37,100.62
109.05,112.66,139.89,77.04,124.49,63.72,93.65,99.33
108.49,113.31,139.18,77.40,123.65,64.14,92.97,100.05
108.86,113.19,138.93,77.32,123.41,64.33,93.35,100.19
107.75,113.20,138.02,77.63,122.63,64.55,92.37,100.12
108.24,113.31,138.23,77.05,122.55,64.09,92.56,100.35
107.02,116.44,131.24,81.76,116.23,71.29,92.03,105.98
107.79,120.63,130.01,84.44,114.36,74.84,92.14,111.03
111.33,121.01,122.92,79.53,104.98,74.52,93.39,116.01
108.97,117.55,127.70,78.22,110.70,70.13,91.97,109.46
105.27,118.30,131.77,87.31,118.36,75.86,91.86,106.85
103.95,116.90,131.52,89.46,119.66,77.54,92.08,104.98
98.83,110.76,128.90,93.55,121.45,80.55,91.39,97.76
104.97,115.46,123.11,86.64,110.65,78.80,92.51,107.62
105.96,114.37,124.58,83.20,111.10,75.16,92.48,106.33
105.20,114.98,126.41,82.78,112.48,73.62,91.28,105.81
105.36,115.23,128.24,82.25,113.98,72.37,91.10,105.34
106.20,115.82,128.90,81.61,114.10,71.81,91.41,106.02
106.74,115.87,128.53,81.60,113.71,72.19,91.92,106.45
106.69,116.94,128.17,83.26,113.60,73.98,92.13,107.66
105.17,112.60,131.16,83.68,118.65,72.44,92.66,101.36
105.92,113.07,130.42,82.92,117.38,72.33,92.89,102.48
111.04,114.03,129.67,80.91,115.35,72.86,96.72,105.98
111.34,115.64,129.35,81.13,114.42,73.35,96.42,107.86
104.63,106.10,133.75,86.13,125.11,73.54,95.99,93.51
109.62,106.23,136.73,81.35,125.97,69.63,98.86,94.51
111.62,112.41,133.57,82.27,120.53,72.79,98.59,102.92
103.43,104.59,139.06,87.86,131.82,72.46,96.19,89.18
103.21,104.15,139.89,89.70,133.64,73.85,96.96,88.29
96.33,96.74,134.99,101.89,137.21,85.17,98.55,80.03
98.20,96.57,135.76,102.93,138.50,86.69,100.94,80.33
98.62,95.91,135.11,101.61,137.56,85.84,101.08,80.14
99.79,96.16,135.96,101.64,138.32,86.00,102.15,80.52
100.63,94.87,136.90,102.54,140.20,86.86,103.94,79.19
99.40,94.61,137.52,103.52,141.37,87.03,103.25,78.12
99.90,95.92,139.47,102.61,142.36,85.50,102.79,78.81
98.68,94.07,139.87,100.46,142.63,82.65,101.43,76.26
95.62,94.12,142.85,103.06,146.70,82.64,99.48,73.71
93.44,93.56,144.76,103.77,149.16,81.58,97.85,71.38
91.35,92.25,145.09,103.96,150.14,80.72,96.40,69.02
87.31,93.26,145.33,105.31,150.52,80.22,92.51,68.18
83.22,94.74,147.17,107.22,152.54,79.56,88.60,67.10
79.39,94.93,146.59,110.52,153.31,81.46,86.12,65.88
74.52,95.13,145.60,111.27,152.57,80.54,81.49,64.40
70.78,93.88,141.97,115.35,151.24,84.57,80.05,63.10
66.85,94.50,140.37,116.77,149.98,84.98,76.46,62.72
63.47,94.32,139.26,117.20,149.13,84.43,73.35,61.56
58.87,94.36,137.62,120.53,148.91,86.48,70.17,60.32
56.52,94.85,136.59,121.15,147.94,86.52,67.88,60.24
54.06,94.48,134.83,122.19,146.80,87.26,66.03,59.56
51.90,93.73,133.80,121.97,146.00,86.55,64.10,58.32
49.58,94.00,132.56,123.08,145.12,87.19,62.14,58.13
48.87,93.22,131.14,122.44,143.75,86.86,61.48,57.65
46.32,93.15,130.01,123.42,143.08,87.23,59.39,56.97
45.61,92.41,129.42,123.07,142.66,86.82,58.85,56.17
44.47,92.13,128.59,124.03,142.36,87.66,58.25,55.77
43.16,91.43,127.33,124.85,141.76,88.46,57.60,55.05
41.78,91.29,127.89,124.80,142.36,87.57,56.26,54.07
40.24,91.66,128.98,125.47,143.58,87.09,54.85,53.30
39.82,91.37,128.41,125.77,143.27,87.46,54.68,53.07
41.04,89.98,129.25,124.72,144.25,86.58,56.05,51.84
40.37,89.69,129.52,125.60,145.02,87.06,55.89,51.15
41.57,88.04,128.97,124.88,144.88,87.09,57.49,50.25
41.64,87.83,129.46,125.22,145.61,87.24,57.79,49.86
42.29,87.07,129.98,124.65,146.21,86.73,58.53,49.16
43.91,85.83,130.55,124.14,147.09,86.67,60.45,48.37
45.15,85.19,130.58,123.45,147.10,86.51,61.68,48.26
47.49,84.44,132.62,122.02,148.85,85.21,63.73,47.63
49.81,84.42,134.01,121.06,149.84,84.65,65.64,48.01
52.44,83.82,133.72,120.08,149.38,84.93,68.10,48.67
55.94,83.26,135.02,119.76,150.79,85.57,71.71,49.07
59.40,82.33,134.80,118.47,150.41,85.87,75.02,49.73
63.08,83.18,136.87,118.18,151.99,86.27,78.19,51.28
67.11,82.24,137.30,118.10,152.79,87.75,82.61,51.89
70.39,82.51,137.35,117.61,152.51,88.65,85.55,53.56
73.02,83.92,140.20,117.33,154.63,88.28,87.46,54.87
76.53,85.64,142.32,116.04,155.45,87.58,89.66,57.19
79.89,86.04,143.50,116.04,156.46,88.54,92.85,58.54
82.34,86.62,143.99,116.57,156.93,89.91,95.28,59.97
84.51,87.55,145.19,117.02,157.92,90.78,97.24,61.32
85.57,88.82,145.91,119.90,159.34,93.81,99.00,62.72
88.31,88.84,146.14,120.16,159.67,95.15,101.84,63.83
89.77,89.32,146.04,120.30,159.42,95.97,103.16,64.99
91.20,90.05,146.39,120.07,159.36,96.21,104.18,66.19
92.97,89.71,146.03,119.28,158.80,96.34,105.75,66.78
94.29,90.02,146.02,120.20,159.06,97.83,107.33,67.66
94.31,90.32,146.27,119.16,158.72,96.68,106.76,67.85
95.67,90.61,147.52,118.00,159.35,95.57,107.50,68.20
96.07,91.22,149.15,118.57,160.97,95.61,107.88,68.27
96.83,91.08,148.38,117.37,159.73,95.07,108.19,68.79
97.20,90.97,147.70,116.90,158.89,95.06,108.40,69.14
98.09,90.42,146.32,115.91,157.33,95.05,109.10,69.57
98.78,89.97,144.73,114.04,155.12,94.17,109.17,70.11
99.18,89.94,144.38,113.85,154.71,94.31,109.51,70.40
100.98,89.19,143.39,112.05,153.26,93.71,110.85,70.85
101.24,87.79,142.10,111.16,152.20,93.49,111.34,70.12
101.52,86.31,140.75,110.00,150.98,93.04,111.75,69.35
101.83,84.74,139.10,108.68,149.44,92.56,112.18,68.63
102.91,83.64,139.21,107.24,149.41,91.54,113.11,67.94
102.18,82.60,138.81,106.86,149.29,91.02,112.66,66.77
101.56,81.88,139.21,106.67,149.92,90.39,112.27,65.60
101.13,81.08,139.29,106.63,150.33,90.13,112.17,64.58
99.97,79.77,138.61,108.25,150.91,91.54,112.28,63.06
99.49,79.24,138.86,108.18,151.36,91.15,111.99,62.22
2
0
0
0
0
1
111.40,109.61,124.67,121.45,151.46,91.49,138.19,79.65
111.14,110.41,125.10,120.86,148.75,89.33,134.79,78.88
110.05,112.22,125.46,122.29,148.26,87.49,132.85,77.41
109.31,112.94,125.20,122.77,147.44,86.89,131.56,77.06
109.21,113.56,125.25,123.20,147.08,86.96,131.04,77.32
110.23,114.30,126.39,123.35,146.89,86.86,130.73,77.80
111.47,114.31,127.10,122.42,145.46,87.09,129.82,78.98
112.26,114.82,128.10,123.12,146.90,87.32,131.06,79.02
112.68,114.69,128.61,122.95,147.30,86.95,131.37,78.70
112.65,115.33,128.30,123.76,147.39,88.40,131.74,79.97
114.98,115.79,130.88,123.23,147.73,87.31,131.83,79.87
115.61,113.34,130.58,121.77,149.66,87.95,134.69,79.52
117.54,113.56,132.29,121.69,150.71,88.38,135.96,80.24
119.63,113.55,134.29,121.24,151.70,88.12,137.04,80.43
122.55,114.31,137.48,120.43,151.35,86.70,136.42,80.58
122.30,114.27,137.80,121.88,155.02,86.86,139.52,79.26
125.79,113.57,141.47,120.20,156.47,84.77,140.79,78.15
126.65,112.91,141.63,119.88,157.42,86.04,142.44,79.07
127.69,111.57,142.41,118.71,158.58,85.44,143.86,78.31
128.21,112.10,143.05,119.20,159.12,85.66,144.28,78.57
129.64,110.93,144.41,118.24,160.95,84.87,146.19,77.56
130.43,110.15,145.19,117.85,162.62,84.50,147.86,76.80
131.78,108.91,146.49,117.07,164.96,83.84,150.25,75.68
132.48,106.84,146.92,116.09,167.85,83.47,153.41,74.22
133.75,104.02,147.39,114.98,172.20,84.19,158.57,73.23
136.04,104.26,149.82,114.36,172.68,83.22,158.90,73.12
138.20,102.76,152.01,113.61,176.57,82.43,162.76,71.58
139.43,101.14,152.68,113.07,179.68,83.13,166.42,71.20
142.27,98.86,154.98,111.60,183.79,82.90,171.08,70.17
144.04,96.38,156.02,110.26,187.43,83.21,175.45,69.33
142.18,92.54,151.59,109.07,188.97,87.82,179.56,71.29
143.94,88.50,152.31,106.11,192.14,87.22,183.77,69.61
145.92,85.53,153.44,104.05,195.32,87.10,187.81,68.58
150.37,87.23,159.66,103.39,196.20,82.44,186.92,66.28
150.85,87.26,161.05,102.62,195.79,79.61,185.60,64.25
151.16,87.71,162.05,101.97,194.30,77.39,183.41,63.13
151.85,89.54,164.09,102.39,193.14,74.76,180.91,61.91
152.11,90.32,165.01,102.37,192.27,73.24,179.37,61.19
150.49,90.59,163.95,101.84,189.41,71.44,175.94,60.19
150.16,90.93,164.42,101.98,189.42,69.79,175.17,58.74
149.68,90.04,163.78,100.76,188.03,68.92,173.93,58.21
151.26,89.00,165.49,98.77,187.60,66.62,173.37,56.85
151.60,87.92,165.69,97.51,187.41,65.69,173.32,56.10
153.38,86.98,167.36,96.16,188.13,64.58,174.15,55.40
154.16,86.58,168.75,95.84,189.70,62.87,175.10,53.61
154.47,84.18,168.97,94.47,192.27,61.71,177.77,51.42
156.18,82.66,171.13,93.15,194.88,59.40,179.94,48.90
156.14,81.22,171.77,92.61,197.52,57.31,181.90,45.93
156.24,79.34,172.17,91.57,199.84,55.60,183.91,43.38
157.24,78.01,173.64,90.83,202.67,53.79,186.26,40.96
158.00,75.50,174.02,89.45,205.58,53.26,189.56,39.31
159.58,73.65,175.92,87.93,208.23,51.03,191.89,36.74
161.49,70.76,176.75,85.18,209.36,50.72,194.09,36.30
160.91,71.36,177.18,86.08,210.49,49.35,194.22,34.63
162.11,70.42,178.29,85.04,211.38,48.50,195.20,33.88
161.93,69.66,178.59,84.84,212.94,47.22,196.28,32.04
162.38,69.89,178.92,85.19,213.55,47.83,197.01,32.52
162.40,69.47,178.66,85.04,213.90,48.33,197.64,32.75
163.46,69.12,179.62,84.96,215.47,48.47,199.31,32.63
164.86,69.11,180.89,85.01,216.86,48.83,200.84,32.93
164.50,69.13,180.67,84.99,216.55,48.49,200.38,32.63
166.13,69.32,182.01,84.68,216.77,48.83,200.89,33.47
170.98,64.96,183.73,78.63,214.65,49.85,201.90,36.18
171.52,65.16,184.11,78.55,214.40,50.15,201.82,36.75
171.55,64.92,183.89,78.42,214.43,50.56,202.09,37.06
171.07,65.88,183.49,79.52,214.35,51.47,201.92,37.83
171.54,65.67,183.64,79.23,214.33,51.91,202.23,38.35
170.13,66.32,182.48,79.92,213.23,52.01,200.88,38.42
170.29,67.04,182.46,80.71,213.37,53.23,201.20,39.56
170.64,66.69,182.38,80.15,212.84,53.64,201.09,40.17
170.44,66.62,181.86,80.29,212.77,54.51,201.36,40.84
170.14,66.45,181.73,80.41,213.30,54.24,201.71,40.28
169.81,66.95,181.78,80.97,213.50,53.96,201.53,39.93
168.77,67.59,180.47,81.87,212.77,55.46,201.07,41.18
168.86,67.54,180.55,82.06,213.41,55.67,201.72,41.15
169.16,67.04,180.16,81.63,213.17,56.80,202.17,42.21
168.55,67.54,179.60,81.86,212.00,56.91,200.95,42.59
167.80,67.06,178.46,81.42,210.93,57.37,200.28,43.01
167.83,67.40,178.39,81.62,210.55,57.78,199.99,43.56
167.47,67.80,178.20,81.72,209.70,57.49,198.96,43.56
167.03,67.11,176.99,81.56,209.67,59.09,199.72,44.64
166.18,66.56,175.96,81.06,208.75,58.99,198.97,44.49
165.86,67.07,176.16,81.59,209.01,58.33,198.70,43.81
165.84,67.17,176.48,81.83,209.64,57.81,199.00,43.15
165.86,66.85,176.47,81.80,210.28,57.85,199.66,42.90
165.90,66.64,176.23,81.61,210.10,58.29,199.77,43.31
166.15,66.30,176.28,81.29,210.18,58.43,200.05,43.44
166.97,66.61,177.09,80.98,209.58,58.15,199.47,43.79
166.88,65.30,176.23,80.12,209.76,59.03,200.41,44.20
166.69,65.90,176.58,80.51,209.63,58.17,199.73,43.56
167.05,65.34,176.68,79.86,209.52,58.14,199.90,43.62
167.00,63.75,176.21,78.48,209.53,57.72,200.33,42.98
166.60,63.29,175.36,77.97,208.57,58.21,199.81,43.53
166.49,63.45,175.18,77.70,207.41,58.08,198.71,43.83
166.19,63.09,174.62,77.57,207.39,58.56,198.96,44.07
165.08,62.56,173.35,77.40,206.90,58.75,198.64,43.91
164.95,63.07,173.48,78.00,207.26,58.75,198.72,43.81
164.15,62.49,172.46,77.59,206.61,58.85,198.30,43.75
164.07,63.28,172.75,77.76,205.51,58.17,196.82,43.68
164.33,63.30,172.93,77.69,205.46,58.29,196.86,43.90
163.79,64.17,172.89,78.15,204.49,57.61,195.40,43.64
163.14,64.18,172.44,78.77,205.43,57.77,196.12,43.19
161.80,63.72,170.68,78.64,204.41,58.59,195.53,43.67
161.30,64.24,170.42,78.77,203.28,58.17,194.15,43.65
160.39,65.15,169.37,79.69,202.24,59.42,193.26,44.89
159.26,66.76,168.72,80.97,200.87,59.63,191.41,45.41
158.91,67.74,168.20,81.78,199.96,60.81,190.67,46.77
158.38,68.43,167.77,82.39,199.33,61.20,189.94,47.24
156.16,72.36,168.32,84.11,194.88,56.66,182.73,44.92
154.66,72.53,166.16,84.99,194.34,59.02,182.84,46.56
154.40,72.35,165.69,85.13,194.62,59.62,183.32,46.83
153.25,73.96,164.80,86.49,193.15,60.41,181.60,47.88
152.34,74.00,163.80,86.89,192.97,61.02,181.52,48.13
151.21,74.51,162.99,87.18,191.64,60.59,179.87,47.92
150.01,74.66,161.29,87.50,190.33,62.01,179.05,49.18
149.86,75.57,160.82,88.00,188.94,63.26,177.98,50.83
149.42,75.21,159.84,87.45,187.54,63.92,177.12,51.67
148.62,75.62,158.56,87.52,185.46,65.08,175.52,53.19
148.25,72.10,157.56,84.96,186.65,63.94,177.34,51.07
148.92,71.10,155.87,83.98,184.99,68.29,178.04,55.41
148.07,66.18,151.31,80.78,184.32,73.49,181.08,58.88
164.34,45.47,169.21,66.46,216.68,55.49,211.80,34.50
166.37,62.96,184.38,77.94,218.27,37.26,200.26,22.28
164.37,62.50,182.46,77.47,216.34,36.61,198.25,21.64
163.39,64.57,182.73,79.20,215.84,35.53,196.50,20.90
161.50,64.96,180.83,79.84,214.50,36.19,195.18,21.31
160.36,66.00,179.94,80.86,213.58,36.65,194.01,21.78
159.34,67.90,179.63,82.20,211.99,36.36,191.70,22.06
159.06,67.71,179.31,81.82,211.24,36.07,190.99,21.97
157.70,67.75,178.14,82.25,210.94,36.09,190.50,21.60
157.14,67.29,178.04,82.25,211.91,35.03,191.00,20.07
155.75,67.93,176.97,83.33,211.85,35.40,190.62,19.99
154.80,68.04,176.20,83.67,211.59,35.33,190.18,19.69
154.50,68.10,176.13,83.60,211.20,34.74,189.57,19.24
154.05,67.82,175.60,83.20,210.42,34.51,188.86,19.13
152.84,68.15,174.41,83.40,208.94,34.69,187.38,19.43
153.52,68.77,175.51,83.34,208.49,33.67,186.50,19.11
153.05,68.58,175.21,83.32,208.57,33.26,186.41,18.52
152.39,68.73,174.69,83.74,208.67,33.36,186.36,18.35
152.25,68.84,174.50,84.01,208.84,33.77,186.59,18.59
152.21,68.40,174.60,83.81,209.48,33.22,187.09,17.81
151.46,68.81,174.36,84.88,210.73,33.14,187.82,17.07
151.08,70.12,175.40,86.75,213.05,31.83,188.74,15.19
150.98,70.33,176.43,86.93,214.00,29.43,188.55,12.84
150.53,71.37,177.15,88.85,216.72,28.74,190.11,11.25
150.52,71.24,177.79,89.12,218.26,27.51,190.99,9.64
150.65,71.70,178.36,90.09,219.99,27.50,192.28,9.11
152.99,70.75,180.38,88.94,221.54,27.08,194.15,8.89
154.36,70.36,182.04,88.66,223.45,26.15,195.77,7.85
