1
318.000000,535.000000,14.000000,50.000000
316.000000,524.000000,12.000000,45.000000
309.000000,526.000000,16.000000,60.000000
331.000000,519.000000,14.000000,51.000000
326.000000,517.000000,14.000000,52.000000
293.000000,508.000000,14.000000,51.000000
291.000000,490.000000,13.000000,48.000000
294.000000,468.000000,14.000000,50.000000
306.000000,457.000000,12.000000,46.000000
314.000000,433.000000,14.000000,51.000000
327.000000,430.000000,14.000000,50.000000
342.000000,436.000000,12.000000,46.000000
342.000000,427.000000,14.000000,52.000000
347.000000,424.000000,13.000000,48.000000
359.000000,422.000000,13.000000,48.000000
374.000000,429.000000,16.000000,59.000000
394.000000,430.000000,14.000000,52.000000
396.000000,409.000000,15.000000,55.000000
374.000000,399.000000,16.000000,58.000000
374.000000,389.000000,15.000000,55.000000
375.000000,387.000000,14.000000,51.000000
372.000000,380.000000,15.000000,55.000000
365.000000,370.000000,16.000000,58.000000
351.000000,362.000000,16.000000,58.000000
345.000000,350.000000,15.000000,56.000000
347.000000,335.000000,16.000000,60.000000
345.000000,320.000000,16.000000,58.000000
347.000000,306.000000,16.000000,60.000000
367.000000,283.000000,15.000000,56.000000
370.000000,279.000000,17.000000,64.000000
374.000000,252.000000,14.000000,53.000000
390.000000,223.000000,14.000000,51.000000
402.000000,228.000000,14.000000,53.000000
416.000000,255.000000,14.000000,53.000000
429.000000,255.000000,16.000000,60.000000
453.000000,270.000000,14.000000,51.000000
459.000000,284.000000,14.000000,51.000000
462.000000,294.000000,13.000000,48.000000
437.000000,301.000000,16.000000,58.000000
442.000000,301.000000,14.000000,50.000000
426.000000,310.000000,16.000000,59.000000
412.000000,303.000000,16.000000,61.000000
2
0
0
0
0
1
261.000000,264.000000,21.000000,67.000000
246.000000,260.000000,22.000000,68.000000
244.000000,243.000000,22.000000,69.000000
270.000000,267.000000,22.000000,70.000000
291.000000,281.000000,23.000000,73.000000
317.000000,292.000000,23.000000,73.000000
339.000000,309.000000,22.000000,70.000000
330.000000,312.000000,23.000000,72.000000
335.000000,300.000000,23.000000,73.000000
346.000000,321.000000,23.000000,71.000000
351.000000,347.000000,20.000000,64.000000
351.000000,375.000000,22.000000,69.000000
344.000000,380.000000,21.000000,66.000000
328.000000,372.000000,20.000000,63.000000
303.000000,363.000000,20.000000,63.000000
291.000000,344.000000,21.000000,65.000000
291.000000,342.000000,21.000000,66.000000
299.000000,339.000000,20.000000,62.000000
294.000000,352.000000,21.000000,65.000000
293.000000,340.000000,21.000000,65.000000
297.000000,335.000000,21.000000,67.000000
295.000000,328.000000,21.000000,66.000000
283.000000,331.000000,22.000000,68.000000
291.000000,339.000000,22.000000,70.000000
314.000000,348.000000,21.000000,65.000000
299.000000,337.000000,23.000000,71.000000
286.000000,330.000000,21.000000,65.000000
287.000000,331.000000,21.000000,67.000000
295.000000,343.000000,20.000000,61.000000
305.000000,339.000000,21.000000,66.000000
301.000000,349.000000,19.000000,60.000000
307.000000,347.000000,20.000000,62.000000
315.000000,350.000000,20.000000,63.000000
322.000000,359.000000,21.000000,64.000000
334.000000,350.000000,24.000000,75.000000
341.000000,353.000000,21.000000,67.000000
340.000000,341.000000,20.000000,62.000000
346.000000,328.000000,22.000000,68.000000
368.000000,334.000000,19.000000,60.000000
395.000000,328.000000,22.000000,69.000000
400.000000,315.000000,20.000000,61.000000
390.000000,320.000000,20.000000,62.000000
395.000000,306.000000,21.000000,65.000000
410.000000,299.000000,21.000000,67.000000
414.000000,312.000000,18.000000,57.000000
434.000000,295.000000,21.000000,65.000000
460.000000,311.000000,19.000000,61.000000
469.000000,320.000000,21.000000,65.000000
479.000000,320.000000,20.000000,64.000000
478.000000,305.000000,21.000000,67.000000
481.000000,304.000000,22.000000,70.000000
492.000000,302.000000,20.000000,62.000000
511.000000,277.000000,21.000000,67.000000
529.000000,271.000000,22.000000,68.000000
546.000000,262.000000,21.000000,67.000000
559.000000,258.000000,21.000000,66.000000
569.000000,242.000000,20.000000,64.000000
578.000000,226.000000,21.000000,66.000000
582.000000,210.000000,22.000000,70.000000
591.000000,206.000000,20.000000,62.000000
604.000000,209.000000,20.000000,63.000000
610.000000,207.000000,20.000000,62.000000
600.000000,196.000000,21.000000,67.000000
579.000000,188.000000,22.000000,68.000000
575.000000,192.000000,21.000000,66.000000
564.000000,186.000000,21.000000,67.000000
2
0
0
0
0
1
452.000000,153.000000,28.000000,79.000000
462.000000,168.000000,29.000000,84.000000
468.000000,180.000000,30.000000,87.000000
485.000000,185.000000,29.000000,83.000000
487.000000,177.000000,29.000000,83.000000
500.000000,170.000000,29.000000,84.000000
512.000000,160.000000,29.000000,83.000000
532.000000,161.000000,29.000000,82.000000
