1
443.500000,381.000000,93.000000,54.000000
443.500000,381.000000,93.000000,54.000000
442.802490,380.595001,94.394997,54.810001
442.330536,380.320953,95.338951,55.358101
441.853821,380.044159,96.292343,55.911682
441.372375,379.764587,97.255264,56.470798
444.884338,379.341064,98.714088,57.317860
444.143982,378.911194,100.194801,58.177628
443.392517,378.474854,101.697723,59.050293
447.078064,378.031982,103.223190,59.936047
452.231537,378.481506,101.674843,59.037006
457.304443,378.924286,100.149719,58.151451
462.296967,379.360413,98.647476,57.279179
466.767700,379.503601,98.154236,56.992783
475.814209,379.931061,96.681923,56.137890
480.193848,380.071411,96.198517,55.857201
484.331787,380.071411,96.198517,55.857201
488.469696,380.071411,96.198517,55.857201
487.748230,379.652466,97.641495,56.695061
487.504120,379.510742,98.129700,56.978535
486.768158,379.083405,99.601646,57.833214
491.061249,379.083405,99.601646,57.833214
490.812256,378.938812,100.099655,58.122379
491.312744,379.229431,99.098656,57.541157
496.262878,379.660980,97.612175,56.678040
496.994965,380.086060,96.147995,55.827869
501.785034,380.504761,94.705772,54.990448
506.293060,380.779724,93.758713,54.440544
510.761841,381.051941,92.821129,53.896141
514.761841,381.051941,92.821129,53.896141
514.065674,380.647705,94.213448,54.704582
518.554016,376.903992,93.271309,54.157536
519.020386,381.140289,92.338600,53.615959
518.789490,381.006256,92.800293,53.884041
519.485535,381.410400,91.408287,53.075779
520.171082,381.808441,90.037163,52.279644
524.240967,381.939148,89.586975,52.018246
524.017029,381.809113,90.034912,52.278336
524.692261,382.201202,88.684387,51.494160
525.357422,382.587402,87.354126,50.721748
525.139038,382.460602,87.790894,50.975357
525.358521,382.588043,87.351936,50.720482
526.013672,382.968445,86.041656,49.959675
526.228760,383.093353,85.611450,49.709873
526.228760,383.093353,85.611450,49.709873
526.656799,383.341888,84.755341,49.212776
530.489380,383.464905,84.331558,48.966713
530.911072,383.709747,83.488243,48.477047
530.284912,383.346161,84.740570,49.204201
530.073059,383.223175,85.164268,49.450222
529.860107,383.099548,85.590096,49.697472
529.860107,383.099548,85.590096,49.697472
534.122742,383.472260,84.306244,48.952011
531.186096,383.839417,83.041649,48.217731
535.135742,384.080505,82.211227,47.735554
534.930237,383.961151,82.622284,47.974232
535.549927,384.320953,81.382950,47.254620
536.160278,384.675385,80.162209,46.545799
535.959900,384.559021,80.563019,46.778526
536.564087,384.909851,79.354576,46.076851
532.934692,384.794647,79.751350,46.307232
532.535889,384.563110,80.548859,46.770306
532.737305,384.680054,80.146118,46.536453
532.336548,384.447357,80.947578,47.001820
532.943665,384.799866,79.733360,46.296791
532.345642,384.452667,80.929367,46.991245
529.082458,384.570129,80.524719,46.756287
528.881165,384.453247,80.927338,46.990070
525.398376,384.453247,80.927338,46.990070
524.791443,384.100830,82.141251,47.694920
518.441956,384.458527,80.909134,46.979496
515.617798,384.810883,79.695496,46.274803
512.619690,385.042236,78.898537,45.812057
512.816956,385.156769,78.504051,45.582996
510.078125,385.498657,77.326485,44.899250
510.658081,385.835388,76.166588,44.225761
507.589874,385.945953,75.785759,44.004631
507.968811,386.165985,75.027901,43.564587
507.406097,385.839233,76.153320,44.218056
507.406097,385.839233,76.153320,44.218056
504.753113,386.170898,75.011017,43.554783
505.315704,386.497559,73.885849,42.901463
502.345245,386.604797,73.516426,42.686954
502.529022,386.711517,73.148842,42.473522
499.774078,383.803192,72.417351,42.048786
500.136169,384.013428,71.693176,41.628296
500.673859,384.325653,70.617783,41.003872
500.673859,384.325653,70.617783,41.003872
498.220734,384.633179,69.558517,40.388817
498.220734,384.633179,69.558517,40.388817
497.699066,384.330261,70.601891,40.994648
495.245819,384.637726,69.542862,40.379726
495.767395,384.940582,68.499718,39.774033
496.109894,385.139435,67.814728,39.376293
496.109894,385.139435,67.814728,39.376293
499.480560,385.434753,66.797501,38.785648
499.313568,385.337799,67.131493,38.979576
499.313568,385.337799,67.131493,38.979576
502.511292,385.532684,66.460175,38.589779
502.012848,385.243286,67.457077,39.168625
502.181488,385.341187,67.119797,38.972782
502.181488,385.341187,67.119797,38.972782
502.181488,385.341187,67.119797,38.972782
501.845886,385.146332,67.790993,39.362511
502.184845,385.343140,67.113083,38.968887
502.688202,385.635406,66.106384,38.384354
502.192383,385.347534,67.097984,38.960117
501.689148,385.055328,68.104454,39.544521
501.178375,384.758728,69.126015,40.137688
501.178375,384.758728,69.126015,40.137688
501.178375,384.758728,69.126015,40.137688
501.523987,384.959442,68.434753,39.736309
504.147339,384.760742,69.119102,40.133675
504.492950,384.961426,68.427910,39.732338
504.492950,384.961426,68.427910,39.732338
507.441223,384.961426,68.427910,39.732338
510.064606,387.728271,69.112190,40.129662
509.891815,387.627960,69.457756,40.330307
512.405334,387.325470,70.499619,40.935265
512.229126,387.223145,70.852119,41.139938
518.189941,384.051331,71.206375,41.345638
520.759338,383.741211,72.274475,41.965824
520.217285,383.426483,73.358589,42.595310
519.850464,383.213501,74.092178,43.021263
519.479980,382.998413,74.833099,43.451477
519.479980,382.998413,74.833099,43.451477
518.918762,382.672516,75.955597,44.103249
519.108643,382.782776,75.575821,43.882732
516.073425,382.892487,75.197937,43.663319
512.233582,385.840851,76.325905,44.318268
509.581909,386.173248,75.181023,43.653496
509.769867,386.282379,74.805115,43.435226
509.956879,386.390961,74.431091,43.218052
506.953278,386.499023,74.058929,43.001961
507.508728,386.821533,72.948051,42.356930
507.143982,386.609741,73.677528,42.780502
506.775604,386.395844,74.414307,43.208305
504.178528,386.719910,73.298088,42.560181
504.728271,387.039124,72.198616,41.921780
504.728271,387.039124,72.198616,41.921780
505.089264,387.248718,71.476631,41.502560
505.625336,387.559998,70.404480,40.880024
503.170624,387.866577,69.348419,40.266823
503.170624,387.866577,69.348419,40.266823
503.343994,387.967255,69.001671,40.065487
503.343994,387.967255,69.001671,40.065487
503.343994,387.967255,69.001671,40.065487
503.343994,387.967255,69.001671,40.065487
503.343994,387.967255,69.001671,40.065487
503.343994,387.967255,69.001671,40.065487
500.188721,387.867096,69.346680,40.265816
499.668640,387.565094,70.386879,40.869804
502.527130,387.462921,70.738815,41.074150
502.527130,387.462921,70.738815,41.074150
502.173462,387.257568,71.446205,41.484894
501.637604,386.946411,72.517899,42.107166
501.637604,386.946411,72.517899,42.107166
504.594238,386.841156,72.880486,42.317703
504.047638,386.523773,73.973694,42.952469
503.677765,386.308990,74.713432,43.381992
503.304199,386.092102,75.460564,43.815811
503.492859,386.201630,75.083260,43.596733
506.205597,385.874664,76.209511,44.250683
506.396118,385.985291,75.828461,44.029430
509.137756,385.655060,76.965889,44.689873
512.097717,385.431610,77.735550,45.136772
515.442566,385.431610,77.735550,45.136772
515.248230,385.318787,78.124229,45.362453
518.076111,384.978546,79.296089,46.042892
521.851868,385.208771,78.503128,45.582462
521.263123,388.297943,79.680679,46.266201
524.330200,388.066589,80.477486,46.728863
527.243896,387.716125,81.684647,47.429794
526.631226,387.360413,82.909920,48.141243
529.630127,386.999359,84.153564,48.863361
533.443970,383.518066,83.732796,48.619045
534.071960,383.882721,82.476807,47.889759
534.690491,384.241882,81.239655,47.171413
534.284302,384.006012,82.052048,47.643127
533.874084,383.767822,82.872574,48.119556
533.874084,383.767822,82.872574,48.119556
533.252502,383.406921,84.115662,48.841351
533.252502,383.406921,84.115662,48.841351
533.252502,383.406921,84.115662,48.841351
533.252502,383.406921,84.115662,48.841351
532.621643,383.040588,85.377396,49.573971
536.882690,383.412415,84.096733,48.830360
537.513367,383.778625,82.835281,48.097904
540.512817,383.417908,84.077812,48.819374
540.302612,383.295837,84.498199,49.063473
547.048218,382.927887,85.765671,49.799423
546.404968,382.554382,87.052155,50.546413
549.545166,382.175293,88.357941,51.304611
548.882507,381.790497,89.683311,52.074181
552.123657,377.486145,91.028557,52.855293
551.668518,377.221863,91.938843,53.383846
550.978943,376.821503,93.317924,54.184605
555.212280,376.956940,92.851341,53.913681
555.212280,376.956940,92.851341,53.913681
555.212280,376.956940,92.851341,53.913681
555.212280,376.956940,92.851341,53.913681
555.212280,376.956940,92.851341,53.913681
554.515869,376.552612,94.244110,54.722385
554.515869,376.552612,94.244110,54.722385
554.987122,376.826202,93.301666,54.175163
559.635132,377.232513,91.902145,53.362534
560.324402,377.632751,90.523613,52.562096
559.645447,377.238525,91.881462,53.350529
563.186096,376.971771,92.800278,53.884033
563.882080,377.375916,91.408272,53.075771
563.196533,376.977844,92.779396,53.871910
562.500671,376.573792,94.171089,54.679989
562.029785,376.300385,95.112801,55.226788
562.505371,376.576538,94.161674,54.674519
563.211609,376.986603,92.749245,53.854401
562.515991,376.582672,94.140488,54.662216
562.045288,376.309387,95.081894,55.208839
562.045288,376.309387,95.081894,55.208839
565.911011,376.171356,95.557297,55.484882
565.433228,375.893921,96.512871,56.039734
565.433228,375.893921,96.512871,56.039734
565.433228,375.893921,96.512871,56.039734
565.915771,376.174133,95.547745,55.479336
565.915771,376.174133,95.547745,55.479336
565.915771,376.174133,95.547745,55.479336
565.438049,375.896729,96.503220,56.034130
565.438049,375.896729,96.503220,56.034130
564.955505,375.616547,97.468254,56.594471
565.442871,375.899536,96.493568,56.028526
565.442871,375.899536,96.493568,56.028526
565.442871,375.899536,96.493568,56.028526
565.442871,375.899536,96.493568,56.028526
565.442871,375.899536,96.493568,56.028526
565.442871,375.899536,96.493568,56.028526
565.442871,375.899536,96.493568,56.028526
565.442871,375.899536,96.493568,56.028526
565.442871,375.899536,96.493568,56.028526
565.442871,375.899536,96.493568,56.028526
565.442871,375.899536,96.493568,56.028526
565.442871,375.899536,96.493568,56.028526
565.442871,375.899536,96.493568,56.028526
565.442871,375.899536,96.493568,56.028526
565.442871,375.899536,96.493568,56.028526
565.442871,375.899536,96.493568,56.028526
565.442871,375.899536,96.493568,56.028526
565.442871,375.899536,96.493568,56.028526
565.442871,375.899536,96.493568,56.028526
565.442871,375.899536,96.493568,56.028526
565.442871,375.899536,96.493568,56.028526
565.442871,375.899536,96.493568,56.028526
565.442871,375.899536,96.493568,56.028526
565.442871,375.899536,96.493568,56.028526
565.442871,375.899536,96.493568,56.028526
565.442871,375.899536,96.493568,56.028526
565.442871,375.899536,96.493568,56.028526
565.442871,375.899536,96.493568,56.028526
565.442871,375.899536,96.493568,56.028526
565.442871,375.899536,96.493568,56.028526
565.442871,375.899536,96.493568,56.028526
565.442871,375.899536,96.493568,56.028526
565.442871,375.899536,96.493568,56.028526
565.442871,375.899536,96.493568,56.028526
565.442871,375.899536,96.493568,56.028526
565.442871,375.899536,96.493568,56.028526
565.442871,375.899536,96.493568,56.028526
565.442871,375.899536,96.493568,56.028526
565.442871,375.899536,96.493568,56.028526
565.442871,375.899536,96.493568,56.028526
565.442871,375.899536,96.493568,56.028526
565.442871,375.899536,96.493568,56.028526
565.442871,375.899536,96.493568,56.028526
565.442871,375.899536,96.493568,56.028526
565.442871,375.899536,96.493568,56.028526
565.442871,375.899536,96.493568,56.028526
565.442871,375.899536,96.493568,56.028526
565.442871,375.899536,96.493568,56.028526
565.442871,375.899536,96.493568,56.028526
565.442871,375.899536,96.493568,56.028526
565.442871,375.899536,96.493568,56.028526
565.442871,375.899536,96.493568,56.028526
565.442871,375.899536,96.493568,56.028526
565.442871,375.899536,96.493568,56.028526
565.442871,375.899536,96.493568,56.028526
565.442871,375.899536,96.493568,56.028526
565.442871,375.899536,96.493568,56.028526
565.442871,375.899536,96.493568,56.028526
565.442871,375.899536,96.493568,56.028526
565.442871,375.899536,96.493568,56.028526
565.442871,375.899536,96.493568,56.028526
565.442871,375.899536,96.493568,56.028526
565.442871,375.899536,96.493568,56.028526
565.442871,375.899536,96.493568,56.028526
565.442871,375.899536,96.493568,56.028526
565.442871,375.899536,96.493568,56.028526
565.442871,375.899536,96.493568,56.028526
565.925354,376.179688,95.528633,55.468239
565.925354,376.179688,95.528633,55.468239
565.208862,375.763672,96.961563,56.300262
564.724060,375.482147,97.931183,56.863266
565.213745,375.766479,96.951866,56.294632
565.213745,375.766479,96.951866,56.294632
564.728943,375.485016,97.921387,56.857578
565.218567,375.769287,96.942177,56.289005
565.945618,376.191467,95.488045,55.444668
565.945618,376.191467,95.488045,55.444668
565.945618,376.191467,95.488045,55.444668
565.945618,376.191467,95.488045,55.444668
565.945618,376.191467,95.488045,55.444668
565.229492,375.775635,96.920364,56.276340
564.744873,375.494232,97.889565,56.839104
564.010681,375.067963,99.357910,57.691689
564.755859,375.500641,97.867538,56.826313
564.021851,375.074432,99.335556,57.678707
564.766907,375.507019,97.845520,56.813526
564.522278,375.364990,98.334747,57.097595
564.030579,375.079498,99.318092,57.668571
564.030579,375.079498,99.318092,57.668571
563.782288,374.935333,99.814690,57.956913
564.530945,375.370026,98.317467,57.087563
564.776733,375.512726,97.825882,56.802124
564.776733,375.512726,97.825882,56.802124
564.043030,375.086731,99.293266,57.654156
560.315369,375.375000,98.300331,57.077614
560.315369,375.375000,98.300331,57.077614
560.315369,375.375000,98.300331,57.077614
561.052612,375.803070,96.825829,56.221451
561.052612,375.803070,96.825829,56.221451
561.052612,375.803070,96.825829,56.221451
561.052612,375.803070,96.825829,56.221451
556.102295,375.381409,98.278214,57.064770
555.365173,374.953430,99.752388,57.920742
555.365173,374.953430,99.752388,57.920742
556.113342,375.387817,98.256104,57.051929
555.376404,374.959930,99.729942,57.907711
554.628418,374.525635,101.225891,58.776325
554.881470,374.672577,100.719765,58.482445
554.629700,374.526367,101.223366,58.774857
550.555176,374.673309,100.717247,58.480984
550.555176,374.673309,100.717247,58.480984
551.058777,374.965698,99.710075,57.896172
551.058777,374.965698,99.710075,57.896172
551.058777,374.965698,99.710075,57.896172
551.058777,374.965698,99.710075,57.896172
551.308044,375.110443,99.211525,57.606693
551.308044,375.110443,99.211525,57.606693
551.308044,375.110443,99.211525,57.606693
551.059998,374.966431,99.707581,57.894726
551.558533,375.255890,98.710503,57.315777
556.029480,379.623322,98.216957,57.029198
555.292847,383.488708,99.690208,57.884636
559.800659,387.892059,99.191757,57.595215
567.711914,396.115265,100.679634,58.459141
571.353333,400.073364,102.189827,59.336029
575.988159,404.601013,101.678879,59.039349
580.367432,408.980316,101.678879,59.039349
584.272827,417.512726,102.695663,59.629742
592.912659,426.260193,103.209145,59.927891
596.638611,434.810730,104.757286,60.826809
604.990845,443.492462,106.328644,61.739212
609.079895,447.804443,107.391930,62.356602
622.343445,456.716095,109.002808,63.291954
631.484680,465.971649,109.547821,63.608414
635.438965,475.046326,111.191040,64.562538
639.467102,479.424164,112.858902,65.530975
638.620667,483.863708,114.551788,66.513939
638.047913,483.531158,115.697304,67.179077
637.180176,483.027313,117.432762,68.186768
636.593018,482.686371,118.607094,68.868637
636.296509,482.514191,119.200127,69.212975
635.402466,481.995117,120.988129,70.251175
629.538940,481.643860,122.198013,70.953682
629.233459,481.466461,122.808998,71.308449
628.312378,480.931641,124.651138,72.378082
628.935608,481.293549,123.404625,71.654297
628.935608,481.293549,123.404625,71.654297
628.935608,481.293549,123.404625,71.654297
629.244141,481.472687,122.787605,71.296028
628.630188,481.116211,124.015480,72.008987
628.630188,481.116211,124.015480,72.008987
628.940247,481.296204,123.395401,71.648941
628.631714,481.117096,124.012375,72.007187
628.631714,481.117096,124.012375,72.007187
628.631714,481.117096,124.012375,72.007187
627.701660,480.577057,125.872566,73.087296
621.606750,480.211609,127.131287,73.818169
621.288940,480.027069,127.766945,74.187256
627.661011,480.583466,125.850441,73.074448
627.661011,480.583466,125.850441,73.074448
621.217102,480.035400,127.738197,74.170570
620.259094,479.479126,129.654266,75.283127
619.286682,478.914490,131.599091,76.412369
619.615662,479.105530,130.941086,76.030312
618.633606,478.535309,132.905212,77.170761
618.633606,478.535309,132.905212,77.170761
612.193237,478.149445,134.234253,77.942474
611.186462,471.702820,136.247772,79.111610
611.867676,472.098389,134.885300,78.320496
611.193298,471.706757,136.234146,79.103699
610.512085,471.311249,137.596481,79.894737
609.480103,470.712036,139.660431,81.093155
610.527588,471.320251,137.565536,79.876762
611.215393,471.719635,136.189880,79.077988
611.215393,471.719635,136.189880,79.077988
611.215393,471.719635,136.189880,79.077988
610.874939,471.521942,136.870819,79.473381
611.217102,471.720612,136.186462,79.076012
598.299133,465.179260,138.229263,80.262154
592.350891,459.230988,138.229263,80.262154
587.145508,447.839203,136.846970,79.459534
582.002136,442.408905,135.478500,78.664940
571.127808,431.250519,134.123718,77.878288
566.444092,420.455292,132.111862,76.710114
561.831482,415.427155,130.130188,75.559464
557.290222,404.959381,128.178238,74.426071
552.127869,399.662689,127.537338,74.053940
547.670593,394.804291,125.624283,72.943130
542.256836,383.976715,125.624283,72.943130
541.942749,378.363312,126.252403,73.307846
536.844604,373.132782,125.621140,72.941307
532.127869,373.497498,124.364929,72.211891
532.127869,373.497498,124.364929,72.211891
532.438782,373.678040,123.743103,71.850838
532.129456,373.498413,124.361816,72.210091
532.129456,373.498413,124.361816,72.210091
531.507629,373.137360,125.605438,72.932190
532.135681,373.502014,124.349380,72.202866
533.068298,368.767670,122.484146,71.119827
532.455872,368.412079,123.708984,71.831024
533.383667,368.950806,121.853348,70.753555
532.774414,368.597046,123.071884,71.461090
532.159058,368.239746,124.302605,72.175705
532.159058,368.239746,124.302605,72.175705
532.159058,368.239746,124.302605,72.175705
531.226746,367.698425,126.167145,73.258339
530.911377,367.515259,126.797974,73.624634
530.594360,367.331207,127.431969,73.992752
530.594360,367.331207,127.431969,73.992752
530.594360,367.331207,127.431969,73.992752
530.594360,367.331207,127.431969,73.992752
530.594360,367.331207,127.431969,73.992752
530.275757,367.146240,128.069122,74.362717
530.595947,367.332123,127.428780,73.990906
530.595947,367.332123,127.428780,73.990906
529.958801,366.962189,128.703064,74.730812
529.637024,366.775360,129.346588,75.104469
529.960449,366.963104,128.699844,74.728943
529.960449,366.963104,128.699844,74.728943
530.603943,367.336761,127.412849,73.981659
529.966858,366.966858,128.686981,74.721474
529.966858,366.966858,128.686981,74.721474
529.323425,366.593231,129.973846,75.468689
529.323425,366.593231,129.973846,75.468689
529.323425,366.593231,129.973846,75.468689
529.323425,366.593231,129.973846,75.468689
529.973267,366.970581,128.674118,74.714005
529.973267,366.970581,128.674118,74.714005
530.616638,367.344147,127.387375,73.966858
529.979736,366.974335,128.661240,74.706528
529.336426,366.600800,129.947861,75.453598
529.336426,366.600800,129.947861,75.453598
529.336426,366.600800,129.947861,75.453598
529.336426,366.600800,129.947861,75.453598
529.336426,366.600800,129.947861,75.453598
529.336426,366.600800,129.947861,75.453598
529.336426,366.600800,129.947861,75.453598
529.336426,366.600800,129.947861,75.453598
528.686707,366.223511,131.247330,76.208130
529.342896,366.604553,129.934860,75.446053
529.342896,366.604553,129.934860,75.446053
528.693237,366.227325,131.234207,76.200508
522.330200,365.846344,132.546555,76.962517
522.330200,365.846344,132.546555,76.962517
522.992920,366.231140,131.221085,76.192886
522.336792,365.850189,132.533295,76.954819
522.336792,365.850189,132.533295,76.954819
522.336792,365.850189,132.533295,76.954819
521.674133,365.465393,133.858627,77.724365
521.004822,365.076782,135.197220,78.501610
520.328857,364.684265,136.549194,79.286629
520.328857,364.684265,136.549194,79.286629
520.328857,364.684265,136.549194,79.286629
520.328857,364.684265,136.549194,79.286629
520.328857,364.684265,136.549194,79.286629
520.328857,364.684265,136.549194,79.286629
520.328857,364.684265,136.549194,79.286629
525.270264,364.089630,138.597427,80.475929
525.616760,364.290802,137.904434,80.073547
524.927246,363.890442,139.283478,80.874283
524.927246,363.890442,139.283478,80.874283
524.927246,363.890442,139.283478,80.874283
524.927246,363.890442,139.283478,80.874283
524.927246,363.890442,139.283478,80.874283
524.927246,363.890442,139.283478,80.874283
523.882568,363.283875,141.372742,82.087395
523.529175,363.078674,142.079605,82.497833
522.463562,362.459930,144.210800,83.735298
523.545166,363.087952,142.047638,82.479271
523.900269,363.294159,141.337402,82.066872
523.900269,363.294159,141.337402,82.066872
523.546936,363.088989,142.044083,82.477211
523.546936,363.088989,142.044083,82.477211
523.191833,362.882782,142.754303,82.889595
523.191833,362.882782,142.754303,82.889595
522.834900,362.675568,143.468079,83.304047
523.552246,363.092072,142.033386,82.471001
522.487000,362.473541,144.163895,83.708069
523.568237,363.101349,142.001434,82.452446
524.278259,363.513611,140.581421,81.627922
523.575317,363.105499,141.987228,82.444199
523.575317,363.105499,141.987228,82.444199
523.575317,363.105499,141.987228,82.444199
518.622986,363.723816,139.857422,81.207535
517.923706,363.317780,141.255997,82.019615
518.983154,363.932922,139.137161,80.789322
518.983154,363.932922,139.137161,80.789322
518.287476,363.528992,140.528534,81.597214
518.638794,363.732971,139.825897,81.189224
518.988342,363.935944,139.126755,80.783279
519.336182,364.137909,138.431122,80.379364
519.336182,364.137909,138.431122,80.379364
519.336182,364.137909,138.431122,80.379364
519.336182,364.137909,138.431122,80.379364
519.336182,364.137909,138.431122,80.379364
519.336182,364.137909,138.431122,80.379364
518.990112,363.936951,139.123276,80.781258
518.642273,363.735016,139.818893,81.185165
518.642273,363.735016,139.818893,81.185165
519.341370,364.140930,138.420715,80.373314
519.341370,364.140930,138.420715,80.373314
518.649292,363.739075,139.804916,81.177048
518.649292,363.739075,139.804916,81.177048
518.299744,363.536133,140.503937,81.582932
518.651001,363.740082,139.801422,81.175018
518.301514,363.537140,140.500427,81.580894
518.301514,363.537140,140.500427,81.580894
518.301514,363.537140,140.500427,81.580894
518.301514,363.537140,140.500427,81.580894
518.652771,363.741089,139.797928,81.172989
