1
527.000000,56.000000,17.000000,18.000000
526.000000,64.000000,17.000000,18.000000
523.000000,76.000000,17.000000,19.000000
524.000000,84.000000,17.000000,17.000000
2
0
0
0
0
1
525.000000,165.000000,12.000000,11.000000
2
0
0
0
0
1
2
0
0
0
0
1
620.000000,267.000000,11.000000,9.000000
616.000000,263.000000,11.000000,11.000000
2
0
0
0
0
1
640.000000,268.000000,12.000000,11.000000
638.000000,261.000000,11.000000,9.000000
636.000000,259.000000,11.000000,11.000000
637.000000,262.000000,9.000000,11.000000
2
0
0
0
0
