1
441.36,175.66,485.94,175.66,485.94,220.24,441.36,220.24
442.82,164.71,438.63,218.45,479.32,221.62,483.51,167.87
451.73,147.10,426.09,211.88,467.66,228.34,493.30,163.55
430.37,177.84,476.55,177.84,476.55,224.02,430.37,224.02
424.44,173.84,474.05,173.84,474.05,223.46,424.44,223.46
420.90,172.81,470.63,172.81,470.63,222.54,420.90,222.54
417.70,172.65,466.89,172.65,466.89,221.84,417.70,221.84
415.26,171.41,464.64,171.41,464.64,220.79,415.26,220.79
465.21,206.18,432.42,164.19,401.64,188.23,434.44,230.22
464.98,206.60,429.26,162.60,398.11,187.88,433.83,231.89
399.98,176.92,425.12,225.00,458.37,207.62,433.23,159.53
397.90,179.60,425.65,227.23,459.40,207.57,431.65,159.94
393.43,182.01,424.07,226.21,457.62,202.95,426.99,158.75
397.76,173.97,419.75,219.79,455.23,202.76,433.24,156.94
398.99,171.07,417.57,217.56,450.59,204.36,432.01,157.87
390.97,181.43,424.60,220.09,455.93,192.84,422.30,154.17
398.35,165.57,446.63,165.57,446.63,213.85,398.35,213.85
403.53,163.05,449.78,163.05,449.78,209.31,403.53,209.31
407.51,160.72,451.30,160.72,451.30,204.51,407.51,204.51
416.46,153.58,459.55,153.58,459.55,196.67,416.46,196.67
422.65,150.68,466.65,150.68,466.65,194.68,422.65,194.68
424.24,151.76,442.02,204.33,481.79,190.87,464.02,138.31
432.16,147.61,448.74,198.98,486.70,186.73,470.12,135.36
438.35,149.61,457.34,198.37,497.96,182.55,478.96,133.79
449.86,139.27,496.99,139.27,496.99,186.41,449.86,186.41
457.32,134.83,507.01,134.83,507.01,184.52,457.32,184.52
464.27,133.42,515.55,133.42,515.55,184.71,464.27,184.71
475.96,130.04,527.24,130.04,527.24,181.32,475.96,181.32
552.64,147.56,506.39,110.50,476.77,147.47,523.01,184.53
498.11,110.91,553.10,110.91,553.10,165.90,498.11,165.90
506.92,103.85,564.77,103.85,564.77,161.70,506.92,161.70
513.99,97.20,571.20,97.20,571.20,154.40,513.99,154.40
519.47,87.56,576.79,87.56,576.79,144.88,519.47,144.88
578.17,76.47,512.83,86.53,520.92,139.02,586.26,128.96
578.22,78.76,512.62,79.57,513.17,123.66,578.76,122.85
512.47,74.36,570.88,74.36,570.88,132.76,512.47,132.76
499.14,76.84,553.39,76.84,553.39,131.09,499.14,131.09
522.27,66.59,474.40,108.33,500.77,138.58,548.65,96.84
495.58,68.07,455.46,111.39,487.16,140.74,527.27,97.41
474.09,75.68,432.41,114.03,463.57,147.89,505.25,109.53
416.06,92.47,468.32,92.47,468.32,144.73,416.06,144.73
440.52,100.81,391.26,108.41,397.64,149.81,446.91,142.21
412.08,114.51,369.36,143.94,391.14,175.56,433.86,146.13
394.51,115.87,351.29,147.47,374.39,179.07,417.62,147.48
387.35,130.15,338.59,143.54,348.13,178.25,396.88,164.86
373.18,131.27,324.54,147.65,336.21,182.32,384.86,165.94
364.08,134.65,314.02,146.84,322.91,183.34,372.97,171.15
353.28,132.62,300.71,149.15,311.77,184.34,364.34,167.81
336.07,121.57,285.27,151.76,305.38,185.60,356.18,155.42
325.74,101.91,269.45,144.02,294.83,177.94,351.12,135.84
318.08,86.06,258.48,121.23,279.91,157.53,339.50,122.36
309.43,73.25,249.08,97.40,264.40,135.68,324.75,111.53
297.58,67.68,237.28,79.20,244.32,116.01,304.61,104.49
282.26,58.56,221.93,59.72,222.62,95.65,282.95,94.48
254.67,52.24,200.25,57.05,204.00,99.46,258.41,94.66
227.37,49.40,173.16,51.28,174.64,93.80,228.85,91.92
203.44,55.69,148.75,48.55,143.28,90.47,197.98,97.61
177.10,59.80,123.49,51.57,117.42,91.08,171.03,99.31
160.17,76.62,107.17,60.20,95.57,97.61,148.58,114.04
140.21,90.68,88.87,79.18,80.18,118.00,131.52,129.50
126.71,107.20,73.71,93.26,63.83,130.80,116.84,144.74
111.58,113.25,57.71,100.12,47.87,140.49,101.74,153.63
100.48,107.71,46.57,105.12,44.65,145.01,98.56,147.60
96.74,108.00,43.70,105.45,41.84,144.09,94.88,146.64
107.76,111.18,53.69,92.79,40.11,132.73,94.18,151.11
123.13,131.52,87.59,90.76,57.74,116.78,93.28,157.55
80.65,110.18,102.21,159.49,141.64,142.25,120.08,92.94
111.36,102.11,118.50,155.64,158.40,150.31,151.26,96.78
127.57,115.20,163.03,155.33,194.62,127.42,159.17,87.28
213.48,124.14,176.36,91.73,150.74,121.07,187.86,153.48
232.92,124.55,193.62,92.91,168.58,124.01,207.87,155.65
195.37,106.92,243.02,106.92,243.02,154.57,195.37,154.57
274.49,128.22,219.57,111.39,206.13,155.22,261.05,172.05
292.95,143.98,242.24,115.94,219.48,157.09,270.20,185.13
304.51,151.70,256.61,124.07,233.47,164.20,281.38,191.82
255.23,136.54,308.76,136.54,308.76,190.06,255.23,190.06
327.08,159.58,273.93,141.93,260.36,182.79,313.50,200.45
339.53,159.86,285.98,139.76,270.38,181.33,323.93,201.42
351.11,155.86,299.23,132.34,280.43,173.79,332.32,197.32
362.00,145.42,309.61,122.69,291.52,164.38,343.91,187.11
373.98,133.56,322.01,109.77,303.30,150.64,355.27,174.43
389.75,123.04,337.55,98.22,318.58,138.12,370.78,162.94
410.03,109.12,353.79,88.95,338.21,132.41,394.44,152.58
429.50,102.20,375.65,80.93,358.48,124.38,412.33,145.65
441.98,93.36,383.90,86.22,378.09,133.47,436.16,140.61
448.29,96.21,392.24,99.13,394.71,146.60,450.76,143.69
408.91,110.95,459.60,110.95,459.60,161.64,408.91,161.64
469.51,123.32,413.90,124.34,414.77,171.37,470.38,170.34
420.60,132.09,471.47,132.09,471.47,182.96,420.60,182.96
478.82,156.48,429.01,130.72,409.06,169.30,458.87,195.06
476.08,159.81,427.75,132.08,405.15,171.48,453.48,199.20
411.24,138.16,459.62,138.16,459.62,186.54,411.24,186.54
398.50,133.24,444.43,133.24,444.43,179.17,398.50,179.17
375.21,136.81,399.96,179.09,434.00,159.16,409.24,116.88
351.80,129.43,378.00,173.54,408.90,155.19,382.69,111.08
329.24,123.62,354.67,170.63,384.47,154.52,359.04,107.50
310.49,124.31,333.38,175.87,360.11,164.00,337.21,112.44
296.56,118.58,309.21,173.60,333.54,168.00,320.89,112.98
285.84,116.34,286.13,166.83,311.18,166.68,310.89,116.19
270.42,112.93,272.06,163.62,300.43,162.71,298.79,112.02
252.94,116.27,257.08,163.00,287.98,160.27,283.84,113.53
239.78,121.55,255.78,165.73,286.65,154.55,270.65,110.37
243.04,119.76,260.86,166.85,286.60,157.11,268.78,110.02
243.33,107.73,252.91,158.97,282.76,153.39,273.18,102.15
252.65,107.69,256.74,152.46,280.76,150.27,276.67,105.50
257.09,112.04,261.09,150.37,283.82,148.00,279.83,109.67
257.57,115.27,264.69,151.18,286.31,146.90,279.19,110.99
261.23,124.03,270.40,155.13,288.35,149.84,279.18,118.74
264.23,126.89,269.36,160.00,289.32,156.90,284.19,123.80
268.68,129.85,267.37,162.27,285.82,163.02,287.14,130.60
263.41,140.44,268.48,172.10,287.87,168.99,282.80,137.34
258.77,150.70,270.43,180.71,290.69,172.84,279.04,142.83
262.17,152.90,267.86,179.37,288.53,174.93,282.85,148.46
268.52,150.97,270.43,179.32,290.00,178.00,288.09,149.65
275.46,150.93,274.37,178.44,293.40,179.20,294.49,151.69
282.01,154.85,283.37,182.29,302.09,181.36,300.73,153.92
316.26,172.76,299.61,151.08,282.04,164.57,298.69,186.25
292.39,156.33,316.10,156.33,316.10,180.04,292.39,180.04
301.69,160.18,323.22,160.18,323.22,181.71,301.69,181.71
333.50,171.31,306.47,164.68,302.18,182.19,329.20,188.82
339.61,178.83,310.43,169.53,304.71,187.47,333.88,196.78
338.69,180.29,307.23,177.38,305.79,192.94,337.25,195.85
335.95,179.76,306.20,183.78,309.36,207.26,339.12,203.25
310.88,184.66,334.94,184.66,334.94,208.72,310.88,208.72
336.48,187.12,310.13,193.99,315.52,214.68,341.88,207.80
337.80,191.95,313.98,196.78,317.89,216.10,341.71,211.28
319.23,197.81,344.01,197.81,344.01,222.59,319.23,222.59
345.24,198.67,320.90,202.81,324.18,222.07,348.51,217.93
346.57,200.45,321.69,206.81,325.68,222.39,350.55,216.03
346.80,201.00,322.55,212.54,330.24,228.69,354.48,217.15
