1
349.87,307.91,350.13,338.90,328.13,339.09,327.87,308.10
338.64,299.60,348.98,330.06,327.36,337.40,317.02,306.94
349.53,304.50,349.30,336.66,326.47,336.50,326.70,304.34
345.97,308.48,348.77,340.53,326.03,342.52,323.23,310.47
342.81,307.98,346.30,340.54,323.19,343.02,319.70,310.46
346.36,301.94,346.88,334.69,323.64,335.06,323.12,302.31
348.95,308.06,344.03,340.44,321.05,336.94,325.97,304.56
347.44,306.73,345.78,339.45,322.56,338.27,324.22,305.55
346.08,305.18,340.86,337.52,317.92,333.82,323.14,301.48
339.27,303.60,337.96,336.33,314.73,335.40,316.04,302.67
349.70,312.58,336.46,343.82,314.30,334.42,327.54,303.18
349.66,307.51,336.54,338.80,314.34,329.49,327.46,298.20
341.56,302.63,346.66,336.76,322.44,340.37,317.34,306.24
338.85,305.10,349.00,338.70,325.15,345.90,315.00,312.30
348.13,309.00,347.18,344.67,321.87,344.00,322.82,308.33
348.34,309.16,346.96,344.82,321.66,343.84,323.04,308.18
344.70,303.10,351.06,339.39,325.30,343.90,318.94,307.61
352.58,300.10,355.49,336.83,329.42,338.90,326.51,302.17
356.03,309.63,351.96,346.25,325.97,343.37,330.04,306.75
349.77,308.53,355.63,344.31,330.23,348.47,324.37,312.69
350.66,309.99,354.90,346.00,329.34,349.01,325.10,313.00
359.83,312.46,356.19,349.13,330.17,346.54,333.81,309.87
361.80,316.40,353.71,352.35,328.20,346.60,336.29,310.65
356.39,317.02,348.26,351.76,323.61,345.98,331.74,311.24
356.65,312.32,347.89,346.90,323.35,340.68,332.11,306.10
348.38,309.19,346.92,344.84,321.62,343.81,323.08,308.16
339.70,306.10,346.06,342.39,320.30,346.90,313.94,310.61
349.27,308.98,346.82,345.75,320.73,344.02,323.18,307.25
348.31,308.25,347.84,345.09,321.69,344.75,322.16,307.91
343.00,308.02,343.15,344.87,317.00,344.98,316.85,308.13
344.85,306.71,343.78,347.05,315.15,346.29,316.22,305.95
343.63,305.84,345.00,346.18,316.37,347.16,315.00,306.82
342.65,310.65,345.50,350.33,317.35,352.35,314.50,312.67
342.85,305.77,345.32,345.47,317.15,347.23,314.68,307.53
347.05,305.30,351.04,344.87,322.95,347.70,318.96,308.13
348.04,309.63,351.34,351.03,321.96,353.37,318.66,311.97
348.65,315.00,350.79,356.48,321.35,358.00,319.21,316.52
346.21,308.64,352.88,349.63,323.79,354.36,317.12,313.37
346.58,308.82,352.58,349.91,323.42,354.18,317.42,313.09
355.24,311.10,354.22,352.62,324.76,351.90,325.78,310.38
344.23,304.77,354.35,345.05,325.77,352.23,315.65,311.95
352.56,306.35,356.76,347.67,327.44,350.65,323.24,309.33
348.84,307.13,350.60,348.62,321.16,349.87,319.40,308.38
344.31,311.42,354.66,352.24,325.69,359.58,315.34,318.76
349.41,314.07,350.47,356.17,320.59,356.93,319.53,314.83
345.10,310.95,347.25,356.52,314.90,358.05,312.75,312.48
344.69,310.70,347.62,356.23,315.31,358.30,312.38,312.77
345.28,311.07,347.08,356.65,314.72,357.93,312.92,312.35
344.09,310.95,346.25,356.52,313.91,358.05,311.75,312.48
343.55,304.61,346.75,350.12,314.45,352.39,311.25,306.88
343.60,299.64,346.70,345.16,314.40,347.36,311.30,301.84
349.70,301.35,350.67,346.96,318.30,347.65,317.33,302.04
350.21,301.71,350.16,347.33,317.79,347.29,317.84,301.67
352.60,303.64,355.70,349.16,323.40,351.36,320.30,305.84
351.80,298.17,356.41,343.56,324.20,346.83,319.59,301.44
354.24,305.17,353.72,350.20,321.76,349.83,322.28,304.80
354.22,305.15,353.74,350.19,321.78,349.85,322.26,304.81
357.82,304.20,360.10,349.18,328.18,350.80,325.90,305.82
357.93,304.27,360.00,349.26,328.07,350.73,326.00,305.74
359.81,300.59,358.13,345.60,326.19,344.41,327.87,299.40
365.60,301.22,362.28,346.14,330.40,343.78,333.72,298.86
357.60,297.39,361.89,344.57,328.40,347.61,324.11,300.43
352.86,290.18,365.53,335.83,333.14,344.82,320.47,299.17
355.59,286.32,363.56,333.02,330.41,338.68,322.44,291.98
356.23,287.18,361.20,334.29,327.77,337.82,322.80,290.71
353.27,280.73,363.55,326.98,330.73,334.27,320.45,288.02
365.48,285.09,362.05,332.34,328.52,329.91,331.95,282.66
343.81,284.12,378.83,316.03,356.19,340.88,321.17,308.97
336.96,290.74,379.56,314.02,363.04,344.26,320.44,320.98
334.24,286.83,379.44,306.10,365.76,338.17,320.56,318.90
333.98,284.08,375.47,311.48,356.02,340.92,314.53,313.52
327.47,291.69,375.15,309.47,362.53,343.31,314.85,325.53
320.18,292.43,372.14,295.70,369.82,332.57,317.86,329.30
321.10,285.28,373.86,292.27,368.90,329.72,316.14,322.73
318.66,293.24,371.88,293.99,371.34,331.76,318.12,331.01
324.18,292.35,374.88,296.66,371.82,332.65,321.12,328.34
328.24,284.50,372.97,308.76,355.76,340.50,311.03,316.24
326.66,279.92,373.10,302.12,357.34,335.08,310.90,312.88
318.06,282.26,367.08,297.95,355.94,332.74,306.92,317.05
330.61,275.50,369.32,312.04,343.39,339.50,304.68,302.96
331.84,275.28,369.12,313.27,342.16,339.72,304.88,301.73
336.28,274.64,374.90,312.95,347.72,340.36,309.10,302.05
333.96,270.13,375.21,305.59,350.04,334.87,308.79,299.41
339.23,264.54,374.97,307.09,344.77,332.46,309.03,289.91
338.12,264.45,368.77,310.80,335.88,332.55,305.23,286.20
338.31,269.46,368.70,315.97,335.69,337.54,305.30,291.03
330.96,274.97,370.64,313.87,343.04,342.03,303.36,303.13
337.35,274.49,362.33,324.78,326.65,342.51,301.67,292.22
322.84,274.33,360.63,315.85,331.16,342.67,293.37,301.15
327.85,274.08,359.21,320.66,326.15,342.92,294.79,296.34
324.01,274.20,360.36,317.00,329.99,342.80,293.64,300.00
331.53,274.37,357.72,324.05,322.47,342.63,296.28,292.95
336.09,270.04,356.92,322.18,319.91,336.96,299.08,284.82
349.03,281.24,346.79,337.35,306.97,335.76,309.21,279.65
344.95,278.53,350.69,334.39,311.05,338.47,305.31,282.61
348.21,279.28,351.57,335.33,311.79,337.72,308.43,281.67
349.42,285.07,350.42,341.22,310.58,341.93,309.58,285.78
350.11,285.56,349.74,341.71,309.89,341.44,310.26,285.29
350.00,280.48,349.85,336.63,310.00,336.52,310.15,280.37
349.27,279.97,350.57,336.11,310.73,337.03,309.43,280.89
346.58,283.33,353.00,339.11,313.42,343.67,307.00,287.89
347.03,288.58,352.62,344.45,312.97,348.42,307.38,292.55
346.13,288.09,353.38,343.77,313.87,348.91,306.62,293.23
339.70,279.09,358.33,332.68,320.30,345.91,301.67,292.32
356.44,285.10,353.79,341.78,313.56,339.90,316.21,283.22
351.67,285.29,348.53,341.94,308.33,339.71,311.47,283.06
350.13,284.13,350.14,340.86,309.87,340.87,309.86,284.14
349.70,278.83,350.56,335.56,310.30,336.17,309.44,279.44
355.96,279.74,354.29,336.45,314.04,335.26,315.71,278.55
356.36,285.04,353.87,341.72,313.64,339.96,316.13,283.28
355.92,289.71,354.32,346.42,314.08,345.29,315.68,288.58
358.59,286.93,351.35,343.20,311.41,338.07,318.65,281.80
357.60,286.06,352.50,342.56,312.40,338.94,317.50,282.44
353.75,283.20,356.46,339.87,316.25,341.80,313.54,285.13
355.20,284.18,355.07,340.91,314.80,340.82,314.93,284.09
348.50,283.04,351.70,339.68,311.50,341.96,308.30,285.32
350.32,284.27,349.94,341.00,309.68,340.73,310.06,284.00
348.11,282.80,352.06,339.40,311.89,342.20,307.94,285.60
348.72,288.18,351.49,344.85,311.28,346.82,308.51,290.15
350.17,288.72,350.51,346.04,309.83,346.28,309.49,288.96
345.14,288.70,345.54,346.02,304.86,346.30,304.46,288.98
348.91,289.89,334.46,345.36,295.09,335.11,309.54,279.64
361.40,311.22,316.85,345.40,292.60,313.78,337.15,279.60
361.39,314.00,314.23,344.47,292.61,311.00,339.77,280.53
360.71,323.23,307.08,339.84,295.29,301.77,348.92,285.16
353.44,326.12,300.09,336.74,292.56,298.88,345.91,288.26
353.39,325.16,296.30,330.35,292.61,289.84,349.70,284.65
356.49,313.16,301.88,330.59,289.51,291.84,344.12,274.41
357.75,298.98,310.13,329.82,288.25,296.02,335.87,265.18
358.32,305.54,303.75,328.18,287.68,289.46,342.25,266.82
358.47,304.81,304.39,328.57,287.53,290.19,341.61,266.43
358.52,304.61,304.57,328.68,287.48,290.39,341.43,266.32
363.98,293.37,320.02,332.83,292.02,301.63,335.98,262.17
359.12,294.82,313.61,332.48,286.88,300.18,332.39,262.52
358.11,304.09,309.91,335.12,287.89,300.91,336.09,269.88
362.30,310.17,309.44,332.34,293.70,294.83,346.56,272.66
362.47,314.34,310.17,337.78,293.53,300.66,345.83,277.22
359.93,327.17,303.61,337.80,296.07,297.83,352.39,287.20
351.77,338.48,294.90,316.88,310.23,276.52,367.10,298.12
359.92,336.05,299.22,332.03,302.08,288.95,362.78,292.97
359.86,333.33,297.09,326.21,302.14,281.67,364.91,288.79
352.61,337.58,288.82,322.69,299.39,277.42,363.18,292.31
355.93,329.28,290.84,321.91,296.07,275.72,361.16,283.09
364.29,326.23,297.61,326.09,297.71,278.77,364.39,278.91
362.83,335.93,293.66,328.16,299.17,279.07,368.34,286.84
352.45,340.99,285.66,321.42,299.55,274.01,366.34,293.58
358.39,340.22,291.07,322.56,303.61,274.78,370.93,292.44
358.25,340.35,291.00,322.38,303.75,274.65,371.00,292.62
345.25,344.78,284.45,313.36,306.75,270.22,367.55,301.64
348.29,343.04,285.09,316.81,303.71,271.96,366.91,298.19
359.35,339.40,291.53,323.73,302.65,275.60,370.47,291.27
345.19,345.62,283.69,313.04,306.81,269.38,368.31,301.96
348.31,343.46,284.69,316.69,303.69,271.54,367.31,298.31
349.01,344.29,283.68,317.08,302.99,270.71,368.32,297.92
351.72,342.89,284.10,320.09,300.28,272.11,367.90,294.91
353.91,341.66,284.54,322.56,298.09,273.34,367.46,292.44
353.62,341.89,284.42,322.22,298.38,273.11,367.58,292.78
356.34,341.46,283.92,324.93,295.66,273.54,368.08,290.07
355.94,336.82,283.72,319.43,296.06,268.18,368.28,285.57
361.07,330.35,283.41,319.76,290.93,264.65,368.59,275.24
356.82,339.84,280.58,319.27,295.18,265.16,371.42,285.73
359.87,344.08,280.29,327.39,292.13,270.92,371.71,287.61
363.34,335.52,282.51,326.85,288.66,269.48,369.49,278.15
366.07,332.15,284.79,330.54,285.93,272.85,367.21,274.46
358.13,340.14,279.86,320.41,293.87,264.86,372.14,284.59
349.25,344.87,271.68,315.18,292.75,260.13,370.32,289.82
342.08,355.03,269.17,311.71,299.92,259.97,372.83,303.29
348.36,354.45,274.30,313.11,303.64,260.55,377.70,301.89
366.29,340.94,281.13,334.49,285.71,274.06,370.87,280.51
363.76,338.94,277.21,337.48,278.24,276.06,364.79,277.52
364.68,336.77,284.62,347.05,277.32,290.23,357.38,279.95
353.97,348.95,276.65,332.92,288.03,278.05,365.35,294.08
355.53,342.95,277.09,329.72,286.47,274.05,364.91,287.28
350.99,341.96,274.79,319.11,291.01,265.04,367.21,287.89
350.82,347.09,274.73,323.91,291.18,269.91,367.27,293.09
347.99,349.12,273.75,320.57,294.01,267.88,368.25,296.43
341.96,352.54,272.51,313.75,300.04,264.46,369.49,303.25
328.50,354.90,268.07,304.99,303.50,262.10,363.93,312.01
337.78,350.53,269.14,315.19,294.22,266.47,362.86,301.81
343.66,350.88,273.52,315.90,298.34,266.12,368.48,301.10
343.32,352.67,271.94,314.99,298.68,264.33,370.06,302.01
356.98,347.09,279.34,325.00,295.02,269.91,372.66,292.00
347.75,352.95,276.86,314.35,304.25,264.05,375.14,302.65
350.20,351.67,277.26,317.09,301.80,265.33,374.74,299.91
352.85,350.07,277.89,320.12,299.15,266.93,374.11,296.88
346.05,351.09,274.46,306.71,305.95,255.91,377.54,300.29
353.99,351.89,275.80,320.60,298.01,265.11,376.20,296.40
355.88,345.62,276.38,317.80,296.12,261.38,375.62,289.20
353.44,352.25,275.65,319.96,298.56,264.75,376.35,297.04
358.27,352.35,280.60,319.77,303.73,264.65,381.40,297.23
351.01,353.68,275.10,317.19,300.99,263.32,376.90,299.81
348.92,354.78,274.75,314.86,303.08,262.22,377.25,302.14
346.95,360.70,274.53,317.70,305.05,266.30,377.47,309.30
366.20,350.29,284.65,334.59,295.80,276.71,377.35,292.41
352.20,357.17,276.13,323.82,299.80,269.83,375.87,303.18
355.23,359.91,279.19,321.05,306.77,267.09,382.81,305.95
354.34,360.37,279.05,320.06,307.66,266.63,382.95,306.94
356.99,358.95,279.52,323.03,305.01,268.05,382.48,303.97
358.33,358.16,279.82,324.55,303.67,268.84,382.18,302.45
364.91,349.33,281.27,327.03,297.09,267.67,380.73,289.97
364.60,344.93,278.87,332.91,287.40,272.07,373.13,284.09
359.48,354.68,276.07,331.51,292.52,272.32,375.93,295.49
361.05,358.36,276.81,338.42,290.95,278.64,375.19,298.58
344.77,363.91,272.22,314.58,307.23,263.09,379.78,312.42
354.33,362.37,277.17,319.39,307.67,264.63,384.83,307.61
362.75,362.37,279.11,333.99,299.25,274.63,382.89,303.01
354.56,372.26,277.20,329.64,307.44,274.74,384.80,317.36
372.74,364.25,285.41,344.73,299.26,282.75,386.59,302.27
372.23,359.70,285.15,339.10,299.77,277.30,386.85,297.90
365.73,360.47,281.85,326.06,306.27,266.53,390.15,300.94
366.49,364.97,282.06,331.94,305.51,272.03,389.94,305.06
373.35,360.63,283.90,339.84,298.65,276.37,388.10,297.16
349.47,370.55,275.77,318.76,312.53,266.45,386.23,318.24
366.08,364.75,280.48,343.00,295.92,282.25,381.52,304.00
366.45,367.84,284.09,337.60,305.55,279.16,387.91,309.40
367.28,367.26,284.36,338.58,304.72,279.74,387.64,308.42
366.51,362.80,284.11,332.68,305.49,274.20,387.89,304.32
365.22,363.67,283.72,331.17,306.78,273.33,388.28,305.83
355.85,366.21,277.76,326.21,306.15,270.79,384.24,310.79
361.53,367.79,279.12,337.70,300.47,279.21,382.88,309.30
368.04,366.71,284.64,339.48,303.96,280.29,387.36,307.52
359.06,367.10,282.51,324.23,312.94,269.90,389.49,312.77
376.86,359.08,290.86,338.95,305.14,277.92,391.14,298.05
373.19,367.93,288.43,339.22,308.81,279.07,393.57,307.78
377.52,365.41,289.39,344.14,304.48,281.59,392.61,302.86
372.68,369.17,287.43,338.33,309.32,277.83,394.57,308.67
371.34,370.08,287.02,336.76,310.66,276.92,394.98,310.24
387.03,361.00,297.06,349.85,304.97,286.00,394.94,297.15
390.21,352.19,299.61,349.11,301.79,284.81,392.39,287.89
396.59,349.81,304.47,362.57,295.41,297.19,387.53,284.43
401.62,346.49,310.66,375.06,290.38,310.51,381.34,281.94
389.00,361.22,294.27,363.01,293.00,295.78,387.73,293.99
402.85,340.44,315.96,378.22,289.15,316.56,376.04,278.78
401.18,340.48,311.76,369.99,290.82,306.52,380.24,277.01
401.96,337.70,314.12,371.64,290.04,309.30,377.88,275.36
396.78,338.39,308.53,371.24,285.22,308.61,373.47,275.76
398.70,316.55,323.79,373.61,283.30,320.45,358.21,263.39
389.59,359.05,293.34,346.26,302.41,277.95,398.66,290.74
396.10,357.80,298.42,358.52,297.90,289.20,395.58,288.48
401.34,331.58,314.79,376.85,282.66,315.42,369.21,270.15
401.00,338.78,312.82,380.80,283.00,318.22,371.18,276.20
402.23,351.65,306.91,372.99,291.77,305.35,387.09,284.01
398.22,349.14,303.96,374.75,285.78,307.86,380.04,282.25
392.96,364.95,295.49,371.23,291.04,302.05,388.51,295.77
395.03,358.08,301.29,375.44,288.97,308.92,382.71,291.56
399.76,342.90,309.34,378.27,284.24,314.10,374.66,278.73
393.19,348.15,299.90,375.06,280.81,308.85,374.10,281.94
388.15,365.33,290.07,371.28,285.85,301.67,383.93,295.72
389.20,358.59,291.37,367.84,284.80,298.41,382.63,289.16
387.34,350.83,291.32,374.31,274.66,306.17,370.68,282.69
390.87,354.23,293.60,371.80,281.13,302.77,378.40,285.20
387.57,349.22,292.77,375.06,274.43,307.78,369.23,281.94
386.61,361.19,288.44,365.48,285.39,295.81,383.56,291.52
385.15,366.94,283.49,362.21,286.85,290.06,388.51,294.79
395.24,359.35,293.98,369.52,286.76,297.65,388.02,287.48
402.02,339.61,305.65,375.79,279.98,307.39,376.35,271.21
393.32,363.80,290.41,366.24,288.68,293.20,391.59,290.76
401.02,348.21,297.86,372.00,280.98,298.79,384.14,275.00
402.08,342.51,298.17,368.23,279.92,294.49,383.83,268.77
403.88,341.00,303.72,377.07,278.12,306.00,378.28,269.93
400.72,354.84,296.43,376.18,281.28,302.16,385.57,280.82
406.04,358.38,297.98,375.31,285.96,298.62,394.02,281.69
411.48,344.56,309.22,385.01,280.52,312.44,382.78,271.99
402.29,352.95,297.69,378.28,279.71,304.05,384.31,278.72
393.02,368.51,286.06,364.39,288.98,288.49,395.94,292.61
401.77,348.28,297.55,372.68,280.23,298.72,384.45,274.32
403.59,342.74,306.90,382.89,278.41,314.26,375.10,274.11
402.80,340.85,304.22,376.11,279.20,306.15,377.78,270.89
401.41,345.20,300.57,373.36,280.59,301.80,381.43,273.64
402.91,338.02,302.14,370.49,279.09,298.98,379.86,266.51
401.16,341.48,294.73,361.05,280.84,285.52,387.27,265.95
404.79,336.74,302.73,372.69,277.21,300.26,379.27,264.31
398.08,341.91,293.41,369.37,273.92,295.09,378.59,267.63
399.83,349.93,291.91,363.66,282.17,287.07,390.09,273.34
404.08,342.30,297.71,370.19,277.92,294.70,384.29,266.81
402.70,345.68,294.97,367.77,279.30,291.32,387.03,269.23
403.90,344.87,290.62,362.52,278.10,282.13,391.38,264.48
409.34,332.76,300.26,371.65,272.66,294.24,381.74,255.35
398.40,347.39,283.41,361.21,273.60,279.61,388.59,265.79
401.24,341.52,288.01,365.84,270.76,285.48,383.99,261.16
398.01,356.64,279.53,364.44,273.99,280.36,392.47,272.56
403.97,350.09,283.74,372.23,268.03,286.91,388.26,264.77
400.10,360.94,279.50,371.65,271.90,286.06,392.50,275.35
378.97,381.55,260.37,349.62,283.03,265.45,401.63,297.38
371.53,382.40,257.30,335.66,290.47,254.60,404.70,301.34
371.54,385.30,261.21,329.99,300.46,251.70,410.79,307.01
379.99,380.07,263.36,339.70,292.01,256.93,408.64,297.30
372.47,383.98,262.15,331.31,299.53,253.02,409.85,305.69
385.74,378.63,269.47,340.89,296.26,258.37,412.53,296.11
364.43,384.70,266.06,312.11,317.57,242.30,415.94,314.89
372.59,378.50,262.56,326.58,299.41,248.50,409.44,300.42
396.71,367.32,271.81,348.32,285.29,259.68,410.19,278.68
379.64,381.46,264.09,327.53,302.36,245.54,417.91,299.47
387.52,381.33,266.34,341.68,294.48,255.67,415.66,295.32
384.69,383.33,265.38,338.34,297.31,253.67,416.62,298.66
396.92,378.14,270.97,358.25,285.08,268.86,411.03,288.75
386.60,382.88,265.17,340.29,295.40,254.12,416.83,296.71
377.39,388.10,263.29,329.88,304.61,248.90,418.71,307.12
396.64,379.00,272.18,346.33,295.36,258.00,419.82,290.67
386.26,382.25,265.89,340.18,295.74,254.75,416.11,296.82
378.86,383.88,260.13,337.38,293.14,253.12,411.87,299.63
383.96,386.60,260.61,347.94,288.04,260.40,411.39,299.06
388.01,382.05,258.84,346.62,283.99,254.95,413.16,290.38
384.46,384.80,257.42,342.36,287.54,252.20,414.58,294.64
372.69,386.97,254.54,323.88,299.31,240.03,417.46,303.12
384.21,383.33,260.82,331.24,297.79,243.67,421.18,295.76
395.99,380.46,264.36,349.95,286.01,256.54,417.64,287.05
379.54,392.64,258.30,330.40,302.46,244.36,423.70,306.60
384.94,384.57,259.41,331.52,297.06,242.43,422.59,295.48
393.38,378.60,262.26,341.45,288.62,248.40,419.74,285.55
411.09,356.29,270.82,370.25,260.91,270.71,401.18,256.75
