1
2
0
0
0
0
1
308.57,481.62,293.29,528.04,311.36,533.99,326.64,487.57
2
0
0
0
0
1
347.73,423.68,345.42,467.63,359.22,468.35,361.53,424.41
360.63,426.40,342.62,468.31,360.49,475.99,378.50,434.08
375.22,434.32,366.10,478.57,383.72,482.19,392.83,437.95
387.69,433.51,389.77,477.75,407.40,476.92,405.33,432.68
404.41,427.66,409.62,472.12,428.83,469.87,423.62,425.41
2
0
0
0
0
1
350.62,358.47,346.06,406.37,363.82,408.06,368.38,360.16
346.92,348.99,351.94,401.08,372.61,399.09,367.59,346.99
356.35,342.41,341.29,375.93,364.12,386.19,379.18,352.67
357.19,325.24,342.28,359.47,364.41,369.10,379.31,334.87
340.06,310.90,374.24,310.90,374.24,345.08,340.06,345.08
2
0
0
0
0
1
452.01,278.47,448.93,336.27,465.85,337.17,468.94,279.37
460.49,288.04,453.93,344.84,472.97,347.04,479.53,290.23
463.02,290.43,454.42,346.84,475.94,350.12,484.54,293.72
480.32,312.11,448.98,353.90,465.35,366.18,496.69,324.39
2
0
0
0
0
1
324.40,369.98,306.26,316.77,283.51,324.52,301.65,377.74
302.28,300.28,286.24,359.80,309.73,366.13,325.77,306.61
291.25,306.90,282.71,357.49,308.38,361.82,316.91,311.23
315.87,296.00,274.14,329.92,289.85,349.24,331.58,315.32
262.30,282.22,255.16,336.91,278.94,340.01,286.09,285.32
261.49,278.08,240.41,317.71,263.32,329.90,284.40,290.27
2
0
0
0
0
1
340.79,320.87,348.74,385.50,372.55,382.58,364.61,317.94
346.57,340.97,353.28,406.55,375.60,404.26,368.89,338.69
353.13,369.65,355.32,433.07,373.08,432.46,370.89,369.04
363.60,394.16,341.15,451.46,351.14,455.38,373.59,398.07
387.28,407.13,335.82,415.71,337.29,424.56,388.75,415.99
359.80,393.56,320.86,426.26,341.42,450.73,380.35,418.03
352.52,379.67,313.10,404.16,328.94,429.64,368.35,405.15
301.41,381.64,345.68,381.64,345.68,425.91,301.41,425.91
348.35,374.43,299.39,385.52,304.40,407.66,353.37,396.58
345.36,384.96,290.64,389.85,292.77,413.70,347.50,408.81
343.30,379.48,288.93,391.73,293.49,411.93,347.86,399.68
347.71,375.60,293.41,390.30,299.05,411.13,353.35,396.43
348.69,366.59,291.02,374.34,293.98,396.39,351.65,388.64
336.36,371.48,281.78,378.88,284.88,401.78,339.46,394.38
340.68,381.48,291.55,377.00,289.65,397.81,338.78,402.29
2
0
0
0
0
1
300.66,352.73,303.64,410.44,326.09,409.28,323.11,351.57
307.06,353.06,309.43,409.31,334.23,408.27,331.85,352.01
320.29,354.25,321.97,414.20,347.87,413.48,346.19,353.53
324.34,372.95,325.81,426.90,349.60,426.26,348.13,372.30
340.13,368.80,336.05,425.29,361.47,427.12,365.55,370.64
345.72,365.78,339.31,425.72,362.68,428.21,369.08,368.28
339.81,350.93,342.87,402.54,366.19,401.15,363.13,349.54
347.02,338.95,349.15,389.19,375.73,388.06,373.60,337.82
377.04,343.27,372.33,390.57,409.43,394.27,414.15,346.97
393.06,339.26,401.16,388.10,434.52,382.56,426.42,333.72
448.77,349.02,415.30,314.00,391.43,336.80,424.90,371.83
437.40,313.96,391.90,315.17,392.69,344.75,438.18,343.54
444.17,311.12,392.16,307.15,389.87,337.22,441.88,341.19
448.72,327.34,414.20,295.46,390.46,321.18,424.97,353.05
452.31,328.75,413.60,301.61,392.00,332.40,430.71,359.55
419.43,307.47,464.62,307.47,464.62,352.66,419.43,352.66
427.71,309.21,475.01,309.21,475.01,356.51,427.71,356.51
442.50,331.22,481.86,331.22,481.86,370.58,442.50,370.58
459.50,326.94,458.29,368.34,491.31,369.31,492.51,327.90
469.97,324.41,507.38,324.41,507.38,361.83,469.97,361.83
518.65,349.26,492.41,313.43,463.25,334.78,489.48,370.61
535.21,330.53,500.43,307.87,482.45,335.47,517.23,358.13
553.36,320.43,521.34,286.48,495.63,310.74,527.65,344.69
569.79,314.80,535.78,284.15,510.33,312.39,544.34,343.04
537.70,275.05,574.84,275.05,574.84,312.20,537.70,312.20
546.99,272.67,584.40,272.67,584.40,310.08,546.99,310.08
549.23,265.45,562.87,306.01,595.11,295.17,581.47,254.61
560.85,238.70,569.42,284.68,601.67,278.67,593.10,232.69
567.21,228.65,580.04,270.03,612.33,260.03,599.51,218.64
572.57,228.94,588.84,267.14,621.29,253.31,605.01,215.12
585.16,226.12,599.99,264.27,631.50,252.02,616.67,213.87
590.84,224.08,603.26,263.47,636.24,253.07,623.83,213.68
602.21,214.57,639.76,214.57,639.76,252.12,602.21,252.12
2
0
0
0
0
1
2
0
0
0
0
1
495.73,190.42,502.27,262.71,533.30,259.90,526.76,187.61
490.91,183.90,496.67,260.08,533.27,257.31,527.52,181.14
503.81,176.50,505.49,241.31,543.23,240.34,541.56,175.52
518.97,167.44,521.53,233.76,557.47,232.36,554.91,166.05
533.94,169.31,545.75,229.76,583.86,222.32,572.06,161.87
