1
192.000000,329.000000,55.000000,139.000000
194.000000,334.000000,55.000000,141.000000
196.000000,330.000000,54.000000,138.000000
209.000000,339.000000,55.000000,139.000000
220.000000,332.000000,54.000000,136.000000
232.000000,337.000000,54.000000,137.000000
242.000000,347.000000,54.000000,138.000000
255.000000,335.000000,57.000000,145.000000
270.000000,345.000000,54.000000,137.000000
280.000000,339.000000,59.000000,149.000000
293.000000,336.000000,60.000000,152.000000
311.000000,333.000000,54.000000,137.000000
326.000000,333.000000,57.000000,146.000000
345.000000,337.000000,55.000000,140.000000
362.000000,344.000000,54.000000,138.000000
380.000000,350.000000,54.000000,137.000000
390.000000,357.000000,53.000000,134.000000
400.000000,337.000000,58.000000,146.000000
417.000000,358.000000,55.000000,140.000000
419.000000,354.000000,55.000000,139.000000
420.000000,350.000000,54.000000,136.000000
445.000000,353.000000,53.000000,136.000000
463.000000,346.000000,53.000000,136.000000
471.000000,345.000000,52.000000,133.000000
476.000000,345.000000,53.000000,136.000000
512.000000,337.000000,58.000000,148.000000
467.000000,322.000000,61.000000,154.000000
489.000000,305.000000,61.000000,155.000000
505.000000,293.000000,61.000000,156.000000
502.000000,289.000000,59.000000,149.000000
530.000000,367.000000,53.000000,136.000000
543.000000,359.000000,53.000000,134.000000
509.000000,370.000000,52.000000,133.000000
525.000000,375.000000,52.000000,131.000000
2
0
0
0
0
1
593.000000,276.000000,266.000000,97.000000
578.000000,268.000000,267.000000,97.000000
555.000000,244.000000,266.000000,97.000000
533.000000,229.000000,266.000000,97.000000
517.000000,215.000000,265.000000,96.000000
549.000000,182.000000,269.000000,98.000000
504.000000,173.000000,265.000000,97.000000
492.000000,168.000000,267.000000,97.000000
489.000000,172.000000,269.000000,98.000000
485.000000,185.000000,263.000000,96.000000
586.000000,195.000000,262.000000,95.000000
555.000000,222.000000,269.000000,98.000000
551.000000,232.000000,268.000000,98.000000
561.000000,254.000000,268.000000,98.000000
533.000000,241.000000,272.000000,99.000000
513.000000,208.000000,263.000000,96.000000
519.000000,234.000000,264.000000,96.000000
481.000000,273.000000,267.000000,97.000000
423.000000,262.000000,266.000000,97.000000
401.000000,277.000000,265.000000,97.000000
376.000000,278.000000,264.000000,97.000000
359.000000,270.000000,265.000000,96.000000
421.000000,327.000000,267.000000,98.000000
397.000000,345.000000,271.000000,99.000000
2
0
0
0
0
1
584.000000,307.000000,267.000000,214.000000
587.000000,294.000000,269.000000,216.000000
596.000000,291.000000,266.000000,214.000000
589.000000,285.000000,267.000000,214.000000
578.000000,284.000000,268.000000,216.000000
555.000000,286.000000,267.000000,215.000000
563.000000,281.000000,267.000000,214.000000
549.000000,274.000000,269.000000,216.000000
547.000000,272.000000,268.000000,215.000000
545.000000,280.000000,267.000000,214.000000
545.000000,275.000000,272.000000,219.000000
549.000000,272.000000,270.000000,217.000000
529.000000,265.000000,270.000000,217.000000
531.000000,259.000000,273.000000,220.000000
528.000000,264.000000,275.000000,221.000000
528.000000,261.000000,273.000000,220.000000
539.000000,265.000000,274.000000,221.000000
523.000000,266.000000,275.000000,221.000000
530.000000,257.000000,274.000000,221.000000
533.000000,260.000000,274.000000,221.000000
529.000000,260.000000,274.000000,221.000000
526.000000,254.000000,278.000000,224.000000
525.000000,250.000000,280.000000,225.000000
524.000000,254.000000,276.000000,222.000000
524.000000,252.000000,280.000000,226.000000
520.000000,250.000000,278.000000,224.000000
523.000000,253.000000,276.000000,223.000000
525.000000,256.000000,278.000000,224.000000
520.000000,251.000000,280.000000,226.000000
518.000000,246.000000,282.000000,227.000000
523.000000,246.000000,280.000000,226.000000
518.000000,250.000000,282.000000,228.000000
525.000000,249.000000,279.000000,225.000000
529.000000,254.000000,282.000000,227.000000
525.000000,244.000000,281.000000,226.000000
533.000000,245.000000,280.000000,226.000000
531.000000,251.000000,284.000000,229.000000
534.000000,245.000000,285.000000,230.000000
531.000000,241.000000,285.000000,229.000000
527.000000,246.000000,286.000000,230.000000
522.000000,248.000000,286.000000,230.000000
524.000000,244.000000,281.000000,226.000000
517.000000,241.000000,284.000000,227.000000
522.000000,241.000000,284.000000,229.000000
521.000000,237.000000,286.000000,230.000000
514.000000,238.000000,286.000000,231.000000
509.000000,237.000000,285.000000,229.000000
