1
190.000000,332.000000,55.000000,139.000000
196.000000,332.000000,53.000000,134.000000
203.000000,333.000000,53.000000,136.000000
214.000000,336.000000,54.000000,138.000000
223.000000,339.000000,54.000000,137.000000
230.000000,345.000000,54.000000,136.000000
241.000000,346.000000,53.000000,134.000000
256.000000,342.000000,54.000000,138.000000
268.000000,342.000000,55.000000,140.000000
280.000000,337.000000,58.000000,148.000000
294.000000,337.000000,60.000000,152.000000
312.000000,338.000000,52.000000,133.000000
329.000000,336.000000,54.000000,138.000000
344.000000,337.000000,52.000000,132.000000
363.000000,341.000000,53.000000,136.000000
379.000000,350.000000,53.000000,134.000000
395.000000,358.000000,52.000000,132.000000
414.000000,353.000000,55.000000,140.000000
428.000000,393.000000,49.000000,124.000000
438.000000,393.000000,49.000000,124.000000
446.000000,395.000000,49.000000,124.000000
443.000000,364.000000,59.000000,151.000000
460.000000,395.000000,48.000000,121.000000
456.000000,365.000000,60.000000,151.000000
486.000000,383.000000,55.000000,141.000000
475.000000,339.000000,60.000000,153.000000
468.000000,322.000000,57.000000,144.000000
478.000000,302.000000,56.000000,142.000000
491.000000,269.000000,59.000000,150.000000
505.000000,321.000000,61.000000,155.000000
527.000000,424.000000,47.000000,120.000000
535.000000,391.000000,55.000000,140.000000
529.000000,396.000000,49.000000,126.000000
532.000000,384.000000,49.000000,125.000000
2
0
0
0
0
1
594.000000,275.000000,264.000000,96.000000
573.000000,261.000000,265.000000,97.000000
550.000000,245.000000,263.000000,96.000000
541.000000,227.000000,263.000000,96.000000
553.000000,204.000000,264.000000,96.000000
490.000000,193.000000,267.000000,97.000000
557.000000,171.000000,264.000000,97.000000
482.000000,173.000000,266.000000,97.000000
585.000000,174.000000,262.000000,96.000000
582.000000,200.000000,265.000000,97.000000
594.000000,210.000000,265.000000,97.000000
596.000000,220.000000,264.000000,96.000000
553.000000,236.000000,263.000000,96.000000
564.000000,259.000000,263.000000,96.000000
510.000000,252.000000,263.000000,97.000000
503.000000,247.000000,262.000000,96.000000
457.000000,256.000000,262.000000,96.000000
509.000000,278.000000,262.000000,96.000000
544.000000,297.000000,264.000000,96.000000
409.000000,292.000000,262.000000,96.000000
392.000000,290.000000,264.000000,96.000000
473.000000,255.000000,258.000000,94.000000
513.000000,246.000000,263.000000,96.000000
474.000000,242.000000,268.000000,97.000000
405.000000,342.000000,265.000000,97.000000
394.000000,348.000000,265.000000,97.000000
380.000000,353.000000,264.000000,96.000000
373.000000,343.000000,264.000000,96.000000
354.000000,330.000000,266.000000,97.000000
334.000000,322.000000,271.000000,99.000000
2
0
0
0
0
1
676.000000,439.000000,174.000000,230.000000
678.000000,437.000000,176.000000,232.000000
677.000000,425.000000,177.000000,234.000000
686.000000,427.000000,177.000000,233.000000
684.000000,429.000000,176.000000,232.000000
672.000000,431.000000,178.000000,235.000000
677.000000,430.000000,179.000000,237.000000
678.000000,424.000000,178.000000,235.000000
676.000000,429.000000,178.000000,235.000000
680.000000,429.000000,176.000000,233.000000
674.000000,423.000000,178.000000,235.000000
671.000000,416.000000,180.000000,238.000000
673.000000,423.000000,179.000000,235.000000
673.000000,416.000000,181.000000,239.000000
673.000000,411.000000,182.000000,241.000000
668.000000,410.000000,184.000000,243.000000
665.000000,412.000000,181.000000,239.000000
662.000000,402.000000,187.000000,247.000000
657.000000,418.000000,188.000000,248.000000
660.000000,404.000000,186.000000,246.000000
660.000000,410.000000,183.000000,242.000000
660.000000,408.000000,188.000000,247.000000
659.000000,408.000000,185.000000,244.000000
659.000000,408.000000,183.000000,242.000000
660.000000,405.000000,183.000000,242.000000
659.000000,404.000000,187.000000,247.000000
662.000000,404.000000,188.000000,248.000000
662.000000,406.000000,187.000000,246.000000
664.000000,409.000000,187.000000,247.000000
665.000000,407.000000,186.000000,245.000000
668.000000,406.000000,187.000000,247.000000
663.000000,407.000000,187.000000,247.000000
665.000000,399.000000,187.000000,247.000000
663.000000,405.000000,186.000000,245.000000
663.000000,406.000000,184.000000,243.000000
664.000000,405.000000,185.000000,244.000000
660.000000,399.000000,186.000000,246.000000
662.000000,400.000000,188.000000,247.000000
662.000000,406.000000,182.000000,240.000000
660.000000,397.000000,186.000000,245.000000
660.000000,401.000000,187.000000,247.000000
