1
191.000000,328.000000,56.000000,142.000000
194.000000,332.000000,55.000000,141.000000
198.000000,329.000000,55.000000,140.000000
213.000000,336.000000,55.000000,140.000000
221.000000,332.000000,55.000000,141.000000
233.000000,338.000000,56.000000,143.000000
244.000000,344.000000,54.000000,138.000000
251.000000,345.000000,54.000000,137.000000
270.000000,343.000000,56.000000,142.000000
279.000000,343.000000,57.000000,145.000000
289.000000,345.000000,57.000000,145.000000
313.000000,339.000000,55.000000,139.000000
323.000000,341.000000,57.000000,144.000000
338.000000,343.000000,57.000000,146.000000
354.000000,343.000000,57.000000,146.000000
378.000000,357.000000,55.000000,139.000000
393.000000,358.000000,56.000000,141.000000
411.000000,347.000000,59.000000,149.000000
419.000000,380.000000,59.000000,150.000000
427.000000,374.000000,62.000000,157.000000
435.000000,359.000000,59.000000,150.000000
442.000000,361.000000,60.000000,152.000000
456.000000,398.000000,56.000000,142.000000
472.000000,356.000000,63.000000,161.000000
476.000000,336.000000,61.000000,155.000000
476.000000,313.000000,60.000000,153.000000
467.000000,306.000000,60.000000,153.000000
474.000000,304.000000,61.000000,155.000000
500.000000,290.000000,62.000000,157.000000
502.000000,293.000000,60.000000,152.000000
524.000000,369.000000,58.000000,147.000000
536.000000,341.000000,61.000000,156.000000
522.000000,379.000000,57.000000,145.000000
530.000000,352.000000,61.000000,154.000000
556.000000,319.000000,63.000000,160.000000
580.000000,312.000000,60.000000,154.000000
590.000000,306.000000,61.000000,156.000000
572.000000,307.000000,61.000000,156.000000
557.000000,295.000000,66.000000,168.000000
2
0
0
0
0
1
609.000000,168.000000,184.000000,324.000000
604.000000,142.000000,184.000000,324.000000
620.000000,135.000000,183.000000,323.000000
638.000000,125.000000,185.000000,327.000000
637.000000,131.000000,185.000000,325.000000
622.000000,144.000000,182.000000,321.000000
536.000000,173.000000,180.000000,318.000000
524.000000,182.000000,181.000000,319.000000
510.000000,212.000000,180.000000,317.000000
536.000000,209.000000,190.000000,335.000000
533.000000,192.000000,184.000000,325.000000
580.000000,161.000000,185.000000,327.000000
582.000000,147.000000,184.000000,324.000000
500.000000,212.000000,180.000000,317.000000
480.000000,183.000000,183.000000,322.000000
452.000000,213.000000,182.000000,321.000000
428.000000,186.000000,185.000000,326.000000
608.000000,155.000000,187.000000,330.000000
604.000000,169.000000,187.000000,330.000000
625.000000,163.000000,188.000000,332.000000
659.000000,188.000000,188.000000,331.000000
655.000000,186.000000,187.000000,330.000000
674.000000,171.000000,187.000000,329.000000
670.000000,195.000000,186.000000,328.000000
628.000000,184.000000,186.000000,328.000000
607.000000,174.000000,187.000000,329.000000
618.000000,196.000000,187.000000,330.000000
598.000000,216.000000,187.000000,330.000000
609.000000,203.000000,186.000000,327.000000
581.000000,178.000000,189.000000,333.000000
562.000000,164.000000,190.000000,334.000000
547.000000,166.000000,189.000000,334.000000
562.000000,158.000000,190.000000,335.000000
578.000000,168.000000,187.000000,330.000000
564.000000,163.000000,190.000000,335.000000
550.000000,167.000000,190.000000,335.000000
547.000000,143.000000,192.000000,338.000000
544.000000,146.000000,190.000000,336.000000
551.000000,156.000000,191.000000,337.000000
542.000000,135.000000,192.000000,339.000000
2
0
0
0
0
1
745.000000,314.000000,86.000000,331.000000
747.000000,310.000000,86.000000,333.000000
744.000000,310.000000,85.000000,326.000000
743.000000,317.000000,85.000000,328.000000
748.000000,315.000000,87.000000,334.000000
751.000000,310.000000,85.000000,327.000000
746.000000,311.000000,84.000000,322.000000
744.000000,314.000000,86.000000,329.000000
748.000000,307.000000,86.000000,330.000000
750.000000,311.000000,83.000000,319.000000
751.000000,302.000000,85.000000,326.000000
757.000000,308.000000,83.000000,320.000000
758.000000,306.000000,83.000000,319.000000
758.000000,308.000000,83.000000,321.000000
758.000000,309.000000,85.000000,326.000000
760.000000,311.000000,84.000000,323.000000
759.000000,310.000000,85.000000,327.000000
763.000000,311.000000,84.000000,322.000000
761.000000,310.000000,84.000000,323.000000
761.000000,310.000000,82.000000,316.000000
760.000000,306.000000,83.000000,319.000000
758.000000,307.000000,83.000000,321.000000
758.000000,307.000000,84.000000,325.000000
754.000000,302.000000,86.000000,331.000000
752.000000,304.000000,86.000000,330.000000
752.000000,307.000000,86.000000,330.000000
