1
188.000000,332.000000,55.000000,140.000000
194.000000,332.000000,55.000000,140.000000
200.000000,328.000000,54.000000,138.000000
210.000000,337.000000,55.000000,141.000000
219.000000,339.000000,56.000000,143.000000
229.000000,333.000000,58.000000,147.000000
241.000000,336.000000,56.000000,143.000000
250.000000,338.000000,56.000000,144.000000
267.000000,340.000000,56.000000,143.000000
279.000000,335.000000,58.000000,147.000000
291.000000,338.000000,58.000000,147.000000
310.000000,331.000000,57.000000,145.000000
327.000000,341.000000,53.000000,135.000000
339.000000,338.000000,62.000000,157.000000
360.000000,344.000000,53.000000,136.000000
377.000000,346.000000,55.000000,139.000000
394.000000,356.000000,54.000000,137.000000
409.000000,353.000000,55.000000,141.000000
408.000000,365.000000,61.000000,155.000000
432.000000,393.000000,58.000000,147.000000
429.000000,348.000000,58.000000,148.000000
442.000000,360.000000,62.000000,158.000000
441.000000,440.000000,55.000000,140.000000
455.000000,400.000000,55.000000,141.000000
481.000000,340.000000,63.000000,161.000000
473.000000,307.000000,64.000000,162.000000
452.000000,310.000000,62.000000,158.000000
475.000000,292.000000,64.000000,162.000000
497.000000,293.000000,59.000000,150.000000
505.000000,289.000000,63.000000,161.000000
519.000000,337.000000,63.000000,159.000000
525.000000,357.000000,62.000000,157.000000
560.000000,331.000000,65.000000,166.000000
556.000000,356.000000,56.000000,141.000000
545.000000,335.000000,61.000000,154.000000
563.000000,337.000000,61.000000,156.000000
585.000000,304.000000,63.000000,161.000000
573.000000,298.000000,67.000000,170.000000
558.000000,313.000000,65.000000,165.000000
2
0
0
0
0
1
616.000000,161.000000,184.000000,323.000000
621.000000,144.000000,183.000000,323.000000
623.000000,144.000000,181.000000,319.000000
637.000000,138.000000,184.000000,325.000000
610.000000,149.000000,182.000000,320.000000
617.000000,139.000000,186.000000,328.000000
541.000000,158.000000,185.000000,327.000000
523.000000,209.000000,185.000000,325.000000
519.000000,213.000000,184.000000,324.000000
651.000000,214.000000,183.000000,322.000000
539.000000,199.000000,185.000000,326.000000
549.000000,192.000000,187.000000,330.000000
537.000000,208.000000,186.000000,327.000000
497.000000,217.000000,188.000000,332.000000
477.000000,187.000000,187.000000,330.000000
440.000000,185.000000,187.000000,329.000000
432.000000,173.000000,187.000000,329.000000
441.000000,170.000000,189.000000,332.000000
610.000000,162.000000,184.000000,324.000000
608.000000,172.000000,182.000000,322.000000
641.000000,209.000000,183.000000,322.000000
544.000000,150.000000,191.000000,337.000000
560.000000,137.000000,192.000000,338.000000
571.000000,190.000000,190.000000,334.000000
565.000000,144.000000,192.000000,338.000000
560.000000,160.000000,192.000000,338.000000
535.000000,150.000000,191.000000,337.000000
536.000000,153.000000,191.000000,337.000000
543.000000,153.000000,194.000000,341.000000
527.000000,148.000000,195.000000,343.000000
528.000000,145.000000,192.000000,338.000000
522.000000,141.000000,195.000000,344.000000
519.000000,143.000000,193.000000,340.000000
513.000000,141.000000,194.000000,342.000000
2
0
0
0
0
1
733.000000,374.000000,136.000000,276.000000
729.000000,369.000000,137.000000,278.000000
728.000000,362.000000,139.000000,283.000000
726.000000,368.000000,138.000000,280.000000
729.000000,362.000000,135.000000,275.000000
726.000000,359.000000,140.000000,284.000000
722.000000,357.000000,138.000000,281.000000
720.000000,356.000000,139.000000,282.000000
721.000000,357.000000,139.000000,283.000000
718.000000,349.000000,142.000000,288.000000
716.000000,347.000000,143.000000,291.000000
717.000000,348.000000,141.000000,287.000000
717.000000,351.000000,142.000000,288.000000
718.000000,350.000000,142.000000,289.000000
717.000000,340.000000,145.000000,295.000000
720.000000,351.000000,139.000000,283.000000
724.000000,353.000000,143.000000,291.000000
725.000000,347.000000,143.000000,291.000000
724.000000,351.000000,144.000000,292.000000
722.000000,350.000000,143.000000,291.000000
727.000000,357.000000,138.000000,281.000000
728.000000,347.000000,141.000000,287.000000
731.000000,351.000000,138.000000,281.000000
732.000000,348.000000,140.000000,285.000000
731.000000,353.000000,140.000000,283.000000
731.000000,351.000000,140.000000,285.000000
727.000000,347.000000,142.000000,289.000000
730.000000,349.000000,139.000000,283.000000
727.000000,346.000000,140.000000,285.000000
728.000000,345.000000,137.000000,279.000000
728.000000,343.000000,137.000000,279.000000
725.000000,341.000000,140.000000,284.000000
