1
189.000000,333.000000,55.000000,140.000000
196.000000,329.000000,53.000000,135.000000
200.000000,328.000000,54.000000,137.000000
211.000000,336.000000,54.000000,136.000000
221.000000,345.000000,52.000000,133.000000
232.000000,342.000000,52.000000,133.000000
241.000000,338.000000,54.000000,137.000000
254.000000,342.000000,52.000000,132.000000
268.000000,341.000000,58.000000,146.000000
283.000000,340.000000,54.000000,138.000000
295.000000,339.000000,55.000000,140.000000
310.000000,338.000000,55.000000,141.000000
322.000000,343.000000,55.000000,140.000000
337.000000,332.000000,54.000000,137.000000
364.000000,349.000000,53.000000,135.000000
380.000000,351.000000,52.000000,133.000000
392.000000,358.000000,52.000000,133.000000
407.000000,354.000000,55.000000,140.000000
417.000000,375.000000,53.000000,135.000000
433.000000,383.000000,57.000000,145.000000
427.000000,363.000000,55.000000,140.000000
433.000000,369.000000,55.000000,139.000000
452.000000,399.000000,56.000000,142.000000
459.000000,366.000000,59.000000,149.000000
476.000000,342.000000,56.000000,144.000000
485.000000,312.000000,58.000000,148.000000
461.000000,309.000000,55.000000,141.000000
478.000000,306.000000,56.000000,142.000000
501.000000,294.000000,58.000000,148.000000
509.000000,301.000000,58.000000,148.000000
532.000000,339.000000,54.000000,138.000000
537.000000,350.000000,56.000000,143.000000
509.000000,362.000000,52.000000,132.000000
518.000000,370.000000,52.000000,131.000000
504.000000,347.000000,58.000000,149.000000
2
0
0
0
0
1
601.000000,225.000000,283.000000,194.000000
577.000000,218.000000,282.000000,193.000000
559.000000,222.000000,283.000000,194.000000
559.000000,197.000000,281.000000,193.000000
519.000000,189.000000,285.000000,195.000000
547.000000,271.000000,281.000000,193.000000
520.000000,184.000000,284.000000,195.000000
506.000000,204.000000,281.000000,193.000000
459.000000,199.000000,287.000000,196.000000
468.000000,185.000000,286.000000,197.000000
461.000000,172.000000,280.000000,192.000000
444.000000,156.000000,284.000000,195.000000
472.000000,155.000000,285.000000,195.000000
455.000000,139.000000,285.000000,196.000000
438.000000,128.000000,278.000000,191.000000
475.000000,113.000000,286.000000,196.000000
499.000000,115.000000,279.000000,192.000000
506.000000,131.000000,286.000000,196.000000
546.000000,152.000000,286.000000,197.000000
571.000000,158.000000,287.000000,197.000000
528.000000,165.000000,285.000000,196.000000
512.000000,175.000000,283.000000,194.000000
502.000000,187.000000,285.000000,196.000000
521.000000,199.000000,285.000000,196.000000
525.000000,202.000000,288.000000,198.000000
515.000000,223.000000,287.000000,198.000000
495.000000,202.000000,288.000000,199.000000
473.000000,204.000000,288.000000,198.000000
469.000000,196.000000,288.000000,199.000000
2
0
0
0
0
1
678.000000,438.000000,176.000000,232.000000
684.000000,429.000000,177.000000,234.000000
684.000000,428.000000,178.000000,236.000000
689.000000,432.000000,176.000000,232.000000
679.000000,428.000000,176.000000,232.000000
675.000000,433.000000,178.000000,234.000000
672.000000,416.000000,184.000000,243.000000
672.000000,418.000000,183.000000,242.000000
674.000000,416.000000,181.000000,239.000000
676.000000,423.000000,181.000000,238.000000
670.000000,417.000000,186.000000,246.000000
666.000000,409.000000,186.000000,246.000000
668.000000,415.000000,187.000000,247.000000
670.000000,414.000000,188.000000,249.000000
666.000000,413.000000,188.000000,248.000000
665.000000,413.000000,187.000000,246.000000
665.000000,407.000000,190.000000,251.000000
660.000000,405.000000,188.000000,249.000000
658.000000,411.000000,188.000000,248.000000
658.000000,404.000000,189.000000,249.000000
659.000000,401.000000,191.000000,252.000000
659.000000,406.000000,190.000000,251.000000
660.000000,404.000000,188.000000,247.000000
658.000000,406.000000,187.000000,247.000000
657.000000,401.000000,188.000000,248.000000
658.000000,402.000000,189.000000,249.000000
661.000000,402.000000,189.000000,249.000000
661.000000,401.000000,189.000000,250.000000
661.000000,404.000000,187.000000,247.000000
666.000000,401.000000,190.000000,251.000000
663.000000,407.000000,194.000000,257.000000
662.000000,403.000000,189.000000,250.000000
667.000000,405.000000,185.000000,244.000000
661.000000,402.000000,189.000000,249.000000
660.000000,404.000000,184.000000,244.000000
663.000000,403.000000,189.000000,250.000000
662.000000,403.000000,184.000000,244.000000
661.000000,399.000000,185.000000,245.000000
661.000000,401.000000,185.000000,245.000000
660.000000,392.000000,188.000000,249.000000
660.000000,395.000000,188.000000,249.000000
