1
285.197632,72.160271,75.951530,233.822144
285.197632,72.160271,75.951530,233.822144
282.548920,73.167641,76.855957,236.685730
281.803101,74.104813,76.227921,234.657623
281.803101,74.104813,76.227921,234.657623
280.904755,78.032127,74.575859,229.812561
276.483276,74.059845,75.991791,233.845657
276.483276,74.059845,75.991791,233.845657
275.684204,75.891838,75.081879,230.901794
263.673615,77.095184,76.657822,236.083755
263.673615,77.095184,76.657822,236.083755
257.737396,83.662895,74.542114,229.583664
251.867966,78.812401,76.369537,235.233200
251.974396,81.546135,75.530144,232.342392
238.065826,87.478813,71.309921,219.775574
274.972168,79.871651,72.268723,222.341873
268.402710,86.627419,71.847008,221.139481
269.184845,87.495575,72.183380,222.423843
270.902191,84.233215,72.503899,223.243988
273.441132,82.487419,73.250328,225.550827
273.441132,82.487419,73.250328,225.550827
273.825439,81.982437,73.763161,227.102692
287.813446,77.992874,72.289429,222.566422
287.813446,77.992874,72.289429,222.566422
287.504639,76.188454,72.548988,223.348923
288.746796,72.668617,72.442696,223.174866
288.746796,72.668617,72.442696,223.174866
288.041962,72.886787,72.006065,221.878464
290.527313,76.454010,72.410591,222.960129
285.806885,76.784683,71.607780,220.473389
288.231659,76.367981,73.015091,225.030884
291.221436,73.364296,72.057220,221.931274
291.221436,73.364296,72.057220,221.931274
291.545532,71.354767,72.778671,224.243820
290.965240,77.375061,72.459305,223.057892
290.965240,77.375061,72.459305,223.057892
292.718536,63.161186,74.883179,230.706940
300.951752,77.843391,72.319633,222.696060
300.951752,77.843391,72.319633,222.696060
313.875366,79.488686,71.230400,219.292450
318.082306,70.353203,71.934639,221.494797
318.755341,67.665222,71.418755,219.978119
317.598022,64.175247,72.887993,224.518524
327.618805,60.133854,72.947975,224.472824
327.618805,60.133854,72.947975,224.472824
327.618805,60.133854,72.947975,224.472824
323.824188,55.845421,72.700508,223.662506
324.077698,60.892796,72.985825,224.533081
320.074402,55.878910,71.755730,221.306870
306.191620,60.802174,71.526329,220.326828
306.191620,60.802174,71.526329,220.326828
301.677002,67.290810,68.599846,211.441940
296.297272,67.678673,70.122948,216.001038
297.741791,65.003860,69.741280,214.692551
292.967682,67.003838,69.313820,213.741058
305.087616,65.558411,70.128189,215.976791
310.384521,68.642593,67.898903,209.239243
314.704468,65.963234,70.724884,217.366623
319.282471,70.102623,68.065041,209.736923
319.282471,70.102623,68.065041,209.736923
327.597900,84.217300,66.883240,206.149734
333.817200,76.358757,67.085258,206.760880
333.817200,76.358757,67.085258,206.760880
329.759247,66.719673,69.757118,214.846985
337.484833,67.449669,70.945114,218.202301
339.364807,62.749439,69.789497,215.081421
341.678986,60.276031,70.423805,216.862198
335.855316,68.231812,70.410934,216.623276
335.855316,68.231812,70.410934,216.623276
327.048065,72.698448,69.706856,214.722763
322.701080,69.371246,70.345123,216.769211
320.556366,63.814350,71.812698,220.873291
320.596252,69.423500,70.084846,215.815094
311.732513,62.495792,73.546394,226.182480
311.732513,62.495792,73.546394,226.182480
309.442505,61.832386,71.737022,221.220657
309.219543,61.177567,72.900993,224.147308
309.219543,61.177567,72.900993,224.147308
311.095123,63.337173,71.232857,219.204559
307.183472,68.015388,71.094597,218.658981
307.183472,68.015388,71.094597,218.658981
311.504974,68.226875,70.686241,217.496857
301.948120,75.709251,70.429619,216.635025
303.536011,75.662827,70.431885,216.731689
299.419678,68.905075,72.966667,224.333847
303.195679,73.769485,70.835030,217.871628
303.195679,73.769485,70.835030,217.871628
300.999054,74.618225,69.854240,214.813828
300.574097,79.752991,68.914726,211.777466
300.574097,79.752991,68.914726,211.777466
303.766113,80.982269,68.218124,209.650772
300.150269,77.342720,67.876465,208.511063
299.055450,78.416237,67.141281,206.213226
311.100250,75.458420,67.696297,208.000565
308.993774,69.941025,69.329941,212.997101
309.830719,72.176247,68.303017,209.841690
307.974274,67.887840,70.115807,215.368729
302.646790,62.720676,70.630203,217.091782
302.646790,62.720676,70.630203,217.091782
300.376343,59.768250,71.051338,218.325928
297.032043,58.948841,69.396187,213.435257
294.367950,59.051487,69.697533,214.458420
291.272308,60.499634,71.121811,218.377975
285.164276,49.712967,70.338913,216.403763
285.164276,49.712967,70.338913,216.403763
282.604706,49.272682,70.475082,216.796143
275.102417,63.644711,69.149910,212.622971
276.799500,63.969360,69.444946,213.665863
278.720367,65.891808,67.629471,207.863373
275.552643,64.459251,67.742737,208.215530
275.552643,64.459251,67.742737,208.215530
275.976929,66.719910,65.844368,202.572403
280.835388,66.975388,65.221962,200.692856
280.835388,66.975388,65.221962,200.692856
283.035156,64.023911,64.451622,198.276428
283.035156,64.023911,64.451622,198.276428
283.035156,64.023911,64.451622,198.276428
278.660492,63.645828,65.005013,199.989990
293.701813,66.948334,64.713341,199.156784
293.701813,66.948334,64.713341,199.156784
295.197113,66.627357,64.337402,198.077271
294.819336,68.518776,64.746590,199.370026
294.819336,68.518776,64.746590,199.370026
303.057770,73.084656,63.202034,194.388962
308.206146,73.736252,63.083229,194.072357
308.206146,73.736252,63.083229,194.072357
309.548553,66.751396,65.290115,201.007874
315.202911,64.996506,65.016449,200.172394
315.202911,64.996506,65.016449,200.172394
312.204956,67.168442,64.773109,199.404572
293.658264,57.623581,66.974754,206.177185
301.811462,69.804626,62.053997,191.001083
298.975922,67.139244,63.728081,196.082092
262.500366,69.440628,62.373379,191.991913
265.223053,68.858551,62.831825,193.344223
269.659821,68.313049,63.023041,193.963562
266.760895,75.170860,60.857788,187.433548
265.182159,71.947044,61.263947,188.514374
264.247345,70.670677,60.737976,187.201965
263.822571,71.324608,61.333496,189.333710
265.047089,71.972885,60.934124,187.615295
261.265869,72.680672,59.973087,184.797836
266.676239,72.990479,60.159130,185.444260
266.346008,72.751259,60.100155,185.055267
267.138580,78.002777,58.971493,181.710144
271.043304,76.481346,58.145248,179.211945
267.787262,72.807800,58.971790,181.618057
274.165100,75.112061,58.134762,179.198837
273.543335,73.603615,57.425716,176.966965
273.543335,73.603615,57.425716,176.966965
275.145874,70.455971,57.843651,178.494781
272.471832,64.217102,59.384251,182.932953
271.064423,65.472931,57.102116,175.944168
268.957458,64.077209,57.886089,178.397049
266.852509,64.180626,57.683746,177.750168
266.852509,64.180626,57.683746,177.750168
257.436829,65.197136,58.172100,179.309464
260.243378,68.789154,56.949394,175.555954
257.737244,67.515617,57.650684,177.762115
258.636963,65.732498,56.719692,174.761520
257.825134,65.440468,57.255287,176.313385
257.825134,65.440468,57.255287,176.313385
249.339722,62.811474,55.851261,172.269882
249.950638,64.318001,56.140911,173.099289
249.950638,64.318001,56.140911,173.099289
250.632996,72.050911,54.810246,168.726013
246.244247,64.418045,55.269867,170.524490
246.244247,64.418045,55.269867,170.524490
246.740005,62.564468,53.458702,164.982727
245.734055,61.012466,53.599304,165.046173
245.734055,61.012466,53.599304,165.046173
242.758728,59.539623,54.164768,167.119446
248.645630,56.496826,54.119072,166.511642
248.645630,56.496826,54.119072,166.511642
248.409927,58.801537,50.033730,154.444336
232.081589,55.751381,49.291126,152.232651
227.908646,60.933338,48.867474,150.904068
230.764389,56.472336,49.236546,152.091476
234.620438,56.675484,50.072025,154.611450
234.620438,56.675484,50.072025,154.611450
239.850037,63.091595,47.676991,147.208298
235.180893,58.212708,48.324741,149.136673
234.813889,58.741100,48.033775,148.460495
236.027130,61.212097,47.791489,147.742935
239.726807,59.808517,48.582775,149.838287
239.726807,59.808517,48.582775,149.838287
241.709579,63.711075,47.154549,145.585938
243.275604,61.671780,47.602833,146.962082
243.275604,61.671780,47.602833,146.962082
242.518967,61.673710,47.726891,147.187454
239.445099,61.243889,47.357540,146.157700
239.445099,61.243889,47.357540,146.157700
238.176498,59.777035,47.064873,145.434738
2
0
0
0
0
1
289.612305,80.889908,82.458115,220.766083
289.612305,80.889908,82.458115,220.766083
289.674103,84.374908,81.280983,218.008972
285.828827,73.133514,81.528336,218.555862
285.828827,73.133514,81.528336,218.555862
281.988007,67.823341,81.923073,219.751480
284.630798,61.195507,83.591232,224.166565
284.630798,61.195507,83.591232,224.166565
290.333038,53.408993,83.913155,225.177170
276.985168,54.451969,85.260284,228.764297
276.985168,54.451969,85.260284,228.764297
285.049713,50.738560,86.038925,230.661194
284.006683,51.169594,85.637177,229.681549
285.076080,52.974308,84.260605,225.962845
287.956848,60.754330,83.087280,222.747101
287.954102,58.063148,83.274422,223.222961
287.954102,58.063148,83.274422,223.222961
285.795593,54.379383,84.695107,226.991547
276.164764,50.949806,83.507126,223.983673
277.882965,47.381142,84.355400,226.435883
273.391937,41.150402,84.610878,226.850128
268.959137,41.119530,84.548737,226.550171
266.877594,40.002335,85.022415,228.071548
265.101532,38.347069,85.594009,229.884033
274.548553,37.370197,84.633934,227.478775
274.810516,40.667007,83.125832,222.800552
270.096588,45.203781,82.179512,220.659744
273.038300,47.013718,80.100655,215.078796
273.038300,47.013718,80.100655,215.078796
275.044800,50.251244,80.249023,215.341492
288.301392,51.358181,77.620323,208.263184
297.333282,50.611973,77.777740,208.881516
296.544891,48.990967,80.930145,217.479950
304.290100,50.570934,77.474968,207.976028
303.058594,50.681355,77.330101,207.584381
306.396973,55.761021,79.283928,212.864502
305.155670,53.334320,77.424194,207.572342
305.155670,53.334320,77.424194,207.572342
307.412354,50.463898,78.164764,209.724854
305.227936,49.044010,78.623611,210.998169
306.498352,57.572273,77.132156,207.079361
303.453278,51.686165,78.127846,209.608032
297.503998,49.367321,77.115334,206.775757
300.872681,47.523853,78.918434,211.878174
304.726654,38.607716,80.035545,214.770218
310.381165,42.821339,76.709373,205.723724
310.381165,42.821339,76.709373,205.723724
311.109009,46.153961,75.246841,202.094284
312.726562,46.720642,75.345085,202.352203
312.726562,46.720642,75.345085,202.352203
304.821777,36.173412,77.042244,207.224594
317.192993,41.871708,77.186340,206.924622
319.285339,46.199570,75.486084,202.617554
317.322571,46.375614,76.863152,205.941910
321.007416,45.979877,76.412766,204.709717
326.006317,44.984707,74.630112,200.320709
320.148865,49.266956,75.147552,201.695999
319.105835,44.066368,76.070229,204.242462
317.999451,43.101116,75.540764,203.043274
313.325989,39.671741,77.190765,207.168381
320.457214,47.434315,77.441055,207.812836
320.192993,47.244114,77.457802,207.760986
311.553558,49.933144,75.900711,203.190826
324.760437,41.418373,75.415924,201.900787
326.641418,48.349121,74.693512,200.466385
327.795929,44.237408,73.590202,197.601761
330.121033,44.650848,73.201630,196.798355
331.790405,48.688236,72.782776,195.474091
334.423126,45.787498,72.926010,195.801849
335.324036,47.666454,74.368622,199.502808
329.645050,48.388054,71.926132,193.487885
329.645050,48.388054,71.926132,193.487885
345.877289,45.427475,70.564163,189.373947
333.944305,43.159359,70.890503,190.554916
329.579865,49.350376,70.922592,190.233749
328.279846,47.599068,70.428696,188.898727
338.205536,47.982807,69.733116,187.163071
336.111206,45.808182,70.336426,188.940186
328.952942,42.831505,71.251839,191.350266
334.168579,45.763439,70.542946,189.545258
335.721405,50.573551,69.078812,185.447937
339.250549,47.554733,69.487671,186.495239
343.957489,44.556366,69.194962,185.881546
343.957489,44.556366,69.194962,185.881546
344.196747,41.736004,69.819252,187.243378
347.883270,44.523026,68.301460,183.308167
347.883270,44.523026,68.301460,183.308167
347.070038,41.398731,68.449417,183.647247
350.193146,40.068680,67.607323,181.396393
349.566864,45.491787,67.301300,180.615997
351.007324,43.136932,67.795319,181.947311
352.676361,41.264488,67.118408,180.116959
2
0
0
0
0
1
291.856628,71.927452,47.971058,167.529739
289.649048,70.773018,48.369381,169.022064
284.661560,66.738754,48.572811,169.745590
284.661560,66.738754,48.572811,169.745590
281.492065,63.980282,49.362648,172.299683
281.387695,71.044136,47.571304,166.117722
281.387695,71.044136,47.571304,166.117722
280.465088,70.598946,48.979977,171.040421
279.722748,70.149719,49.353569,172.295181
279.722748,70.149719,49.353569,172.295181
279.504791,68.537140,48.990795,170.972290
279.491211,64.044716,49.442356,172.693390
277.933411,59.647346,50.765045,177.176575
276.296844,65.946815,49.424541,172.602753
276.539307,62.596596,47.772648,166.862656
274.396118,60.645901,49.054138,170.944046
276.014832,59.235771,49.977608,174.298660
279.673248,55.225460,49.036583,170.930511
279.673248,55.225460,49.036583,170.930511
278.661255,49.009762,49.643517,173.085815
282.128845,51.944530,50.467052,176.380936
282.128845,51.944530,50.467052,176.380936
285.118042,54.575687,49.848492,174.052536
288.898163,59.919403,47.299522,165.114151
288.898163,59.919403,47.299522,165.114151
288.770874,60.758068,48.149162,168.025177
290.526093,72.635902,48.043091,167.626877
289.462280,73.698151,46.624454,162.834518
289.761444,74.811256,45.827251,160.076385
292.734802,74.044754,47.205448,164.624527
292.481018,78.974335,44.904976,156.646851
292.481018,78.974335,44.904976,156.646851
293.208344,85.324211,43.462605,151.617599
293.208344,85.324211,43.462605,151.617599
290.884399,77.601746,45.269257,157.897476
289.977325,77.805992,45.367561,158.592972
289.694336,82.699547,44.498959,155.197723
291.087952,79.958275,44.367886,154.679596
296.556244,86.120804,43.438244,151.524353
296.556244,86.120804,43.438244,151.524353
300.558105,84.767326,42.074512,146.739441
303.464294,86.623581,41.283085,144.089600
304.341888,82.476219,41.260891,143.991226
307.779938,85.922119,40.808163,142.401108
313.669312,85.802254,40.840626,142.505066
311.637909,86.856339,39.994701,139.555481
312.258240,82.405029,41.947517,146.410614
314.685974,88.750481,40.832615,142.473038
316.540588,88.692909,40.643402,141.842819
315.660797,89.418739,41.701817,145.474075
312.348602,90.648392,41.784096,145.909317
312.348602,90.648392,41.784096,145.909317
308.655060,95.219276,41.038784,143.110382
305.238708,86.491028,42.480743,148.327271
305.821899,86.258308,42.736328,149.229996
303.944061,81.386696,43.106579,150.514725
304.938416,83.342232,42.752934,149.292404
304.938416,83.342232,42.752934,149.292404
301.541565,81.878433,42.162476,147.279068
291.743256,81.443123,42.310631,147.698380
291.743256,81.443123,42.310631,147.698380
289.330963,86.149284,43.881786,153.437256
294.661469,74.228851,44.049984,154.038544
296.419098,74.495361,43.706123,152.706482
302.895142,77.117012,41.826038,146.191238
283.273804,84.259094,40.956196,143.013611
281.955261,80.849617,41.491680,144.804901
283.715698,81.505676,41.210197,143.923035
288.718903,81.044769,40.731228,142.196671
289.154175,82.036865,40.815174,142.481934
286.927185,80.769043,41.763855,145.825378
290.868958,77.383110,41.859722,146.052826
290.868958,77.383110,41.859722,146.052826
291.293701,80.923607,40.764465,142.295944
287.670532,79.352005,42.715588,149.083679
287.670532,79.352005,42.715588,149.083679
295.065674,85.622269,40.483749,141.309906
313.588989,88.053299,43.251774,151.126587
328.904785,79.259827,42.677471,149.050217
332.992676,81.785713,42.359589,147.890518
324.692017,80.795425,42.564941,148.670547
324.663025,83.162857,41.565002,145.162613
332.071289,83.004318,41.296349,144.191742
340.242706,88.210159,41.545635,145.055435
340.043060,86.588913,41.336102,144.368256
338.039368,87.204681,40.498547,141.498901
338.531677,98.437378,39.684040,138.608047
338.531677,98.437378,39.684040,138.608047
331.026245,98.476105,41.644497,145.434219
325.836700,99.015106,40.250172,140.685440
326.099030,94.229607,41.428837,144.498367
325.070862,101.853317,40.791599,142.430496
323.853424,103.521957,39.640354,138.581512
323.853424,103.521957,39.640354,138.581512
324.693665,103.307640,40.098091,140.196411
331.222961,103.546371,39.290520,137.132172
331.222961,103.546371,39.290520,137.132172
307.684937,93.574883,39.664852,138.568695
315.382965,95.247391,38.148014,133.358932
314.891083,89.126236,39.310261,137.363953
304.466766,95.464684,38.318813,133.927460
301.104034,97.988991,39.536541,138.024109
301.104034,97.988991,39.536541,138.024109
297.227509,94.865456,39.579044,138.398590
2
0
0
0
0
1
324.624481,112.339043,56.522079,148.430069
323.412323,113.827187,56.431915,148.211121
321.209656,113.854431,56.457962,148.253082
314.334869,107.181007,56.639271,148.759689
314.334869,107.181007,56.639271,148.759689
310.945099,107.017876,56.587769,148.630722
307.519196,106.460449,56.403912,148.129379
307.519196,106.460449,56.403912,148.129379
307.719635,108.322906,55.273746,145.291901
306.021301,98.369972,55.380524,145.553711
306.021301,98.369972,55.380524,145.553711
306.021301,98.369972,55.380524,145.553711
308.841217,96.863007,55.142258,144.886002
306.032654,97.528488,53.886341,141.723251
300.854218,98.774986,53.717621,140.936035
297.663696,97.924416,55.563976,145.840439
297.663696,97.924416,55.563976,145.840439
273.249969,101.143181,53.635612,141.178513
281.928192,97.058914,55.914204,146.717087
281.724518,100.168259,53.314117,140.356552
281.586151,100.280388,53.760025,141.428528
275.879944,107.875359,53.381008,140.601700
274.604828,109.763794,53.990166,142.026657
278.497253,108.317696,54.442566,142.977585
281.164795,107.388290,53.118256,139.733139
281.164795,107.388290,53.118256,139.733139
269.400299,107.940941,53.054420,139.517273
266.486206,105.314690,54.911446,144.284393
268.058685,103.421516,52.593838,138.532669
262.347626,102.681221,51.362347,134.980530
262.059845,93.835281,53.149574,139.842712
255.866043,93.473656,53.871269,141.633545
260.519745,94.341957,51.453369,135.242081
262.772034,94.476448,53.618465,141.073334
265.204559,93.545372,49.824421,130.814804
265.813324,94.841942,49.980141,131.239380
259.743896,96.837921,49.007198,128.774536
259.743896,96.837921,49.007198,128.774536
264.240601,99.771454,48.519241,127.491470
278.064423,96.322556,48.555889,127.560905
273.784668,98.749649,49.357513,129.738693
279.909241,101.250267,48.843853,128.335236
280.162567,103.895470,47.735470,125.462074
275.383942,101.049629,49.582226,130.464844
277.160034,110.482246,50.411205,132.461426
295.868652,110.971664,47.918522,125.806442
302.905640,100.065788,51.277245,134.743042
291.985870,119.633774,51.024807,134.135208
281.208588,117.649422,50.830952,133.667160
281.208588,117.649422,50.830952,133.667160
279.672791,113.556740,52.564201,138.216049
271.801178,112.773781,53.267906,139.882431
271.801178,112.773781,53.267906,139.882431
260.551239,111.766548,52.964756,139.103516
246.877457,116.934799,52.447853,137.878601
249.832581,109.721733,53.603123,140.610428
244.562012,110.678223,53.478386,140.460739
238.204330,108.858932,53.013191,139.363281
237.772156,107.882545,53.245705,139.796967
237.772156,107.882545,53.245705,139.796967
239.517517,108.931252,52.871857,138.975082
239.423767,108.323524,53.071598,139.188675
241.325562,108.523788,50.056988,131.461609
243.461975,111.342171,53.085545,139.250732
243.461975,111.342171,53.085545,139.250732
247.779968,112.392189,52.277340,137.306671
258.419922,111.658943,53.346691,139.997421
292.677643,116.293777,51.947506,136.456848
295.552948,111.414108,52.555412,138.070419
269.251221,116.720230,53.338726,140.049057
270.430237,115.731178,53.424839,140.282181
274.335785,112.146271,52.851376,138.764648
273.946533,111.875069,52.746185,138.560593
273.946533,111.875069,52.746185,138.560593
264.911377,120.541016,54.325264,142.602264
261.056458,125.726471,53.414295,140.269028
263.187988,126.991066,52.435627,137.731613
260.426361,127.750656,52.643093,138.182907
263.830780,124.155907,53.210545,139.610062
263.830780,124.155907,53.210545,139.610062
265.697571,115.095680,53.154819,139.483704
272.740692,115.727081,52.102692,136.604187
272.740692,115.727081,52.102692,136.604187
274.854065,116.220497,50.773663,133.369522
277.653503,116.208191,52.656033,138.243790
277.653503,116.208191,52.656033,138.243790
281.458313,117.052345,51.486691,135.081879
283.949219,96.578812,51.374058,134.737335
282.848846,101.339302,51.124374,134.145859
282.296417,97.404282,51.348511,134.636871
283.246796,98.928360,51.272839,134.551208
284.545868,97.124321,52.471016,137.725189
281.838867,95.104782,53.326702,140.009033
278.234558,119.133614,51.025440,133.835510
281.980347,119.573982,50.728119,133.062851
284.817810,119.805672,51.089024,133.957932
285.237762,123.432297,51.685574,135.502792
284.205231,122.932533,51.174988,134.159058
284.205231,122.932533,51.174988,134.159058
278.418823,125.065529,51.634647,135.505249
279.019348,127.186775,51.596054,135.235397
276.438751,128.461014,51.761242,135.812943
276.438751,128.461014,51.761242,135.812943
276.438751,128.461014,51.761242,135.812943
271.675323,128.604630,52.315605,137.173920
272.988434,130.073990,52.438698,137.440231
272.988434,130.073990,52.438698,137.440231
267.257050,133.154434,53.475178,140.040863
270.892090,117.659485,54.392345,142.460297
268.221771,116.201248,54.091217,141.841721
270.395294,114.170799,54.216160,142.089569
270.153320,111.578224,55.515606,145.339661
265.616760,123.368088,54.895889,143.719254
265.273590,123.339256,55.129585,144.557816
265.548401,120.598427,56.399807,148.067612
254.280441,138.743576,51.655323,135.329041
254.280441,138.743576,51.655323,135.329041
257.827057,138.173920,51.606125,135.252899
250.049881,136.863525,51.990498,136.249817
251.410828,136.618027,51.244343,134.274841
251.410828,136.618027,51.244343,134.274841
247.059021,138.050949,51.623371,135.351273
250.168396,136.534775,52.099304,136.600250
247.910843,136.552719,52.866787,138.550690
249.698257,139.860336,53.982185,141.391357
254.495071,136.127579,53.071068,138.980988
249.982391,134.276840,54.234818,141.910965
226.149200,136.678848,55.073330,144.211853
225.863785,138.272446,54.818634,143.579987
223.994827,141.631989,49.860493,130.734680
2
0
0
0
0
1
282.256958,78.591019,75.813202,224.952682
282.256958,78.591019,75.813202,224.952682
285.922974,81.531563,74.165482,219.891663
290.834381,79.880829,76.146156,225.908997
290.834381,79.880829,76.146156,225.908997
298.894928,81.102859,75.994690,225.284821
293.507690,87.642570,74.514374,220.866104
293.507690,87.642570,74.514374,220.866104
293.980957,91.567902,73.744125,219.112946
302.778717,88.405556,73.538666,218.456970
295.013763,96.747383,72.255676,214.447266
304.902954,91.205673,74.423843,220.637909
319.453979,95.785263,74.591431,221.154434
317.822876,94.397758,74.899551,222.176514
327.285828,90.635315,73.764938,218.798264
337.249847,94.819702,72.311707,214.498367
337.249847,94.819702,72.311707,214.498367
2
0
0
0
0
1
242.990326,60.559406,109.857277,247.438522
250.830093,69.763519,109.017136,245.385101
254.251434,69.303902,108.658379,244.730347
258.882538,70.549973,108.828041,245.008011
264.564697,67.335686,110.052513,247.934998
261.867371,68.758987,109.213631,245.725021
271.106384,70.518524,108.304695,243.915878
265.911865,69.566788,108.474747,244.387543
265.911865,69.566788,108.474747,244.387543
259.207184,72.168983,107.381149,241.833557
254.121872,73.373543,108.096954,243.218460
254.121872,73.373543,108.096954,243.218460
256.081482,69.123199,108.829292,245.147430
262.838287,65.792725,108.253822,243.321747
262.417450,64.885025,108.231110,243.769760
262.417450,64.885025,108.231110,243.769760
269.173157,60.844856,108.077736,243.391541
269.173157,60.844856,108.077736,243.391541
275.565826,64.412498,108.831146,245.245453
251.120331,63.183811,107.561455,242.329346
246.472763,64.328873,106.947205,240.970047
249.230499,62.235844,108.020332,243.419403
222.169281,66.109077,107.113449,241.633865
225.353119,67.711433,106.296738,239.839417
223.086563,63.388252,106.177353,239.140427
223.973831,58.010033,108.031685,243.841278
226.326675,56.633839,107.119385,241.694626
231.295074,61.202564,105.432274,237.588577
234.728989,49.723942,108.038017,243.849426
2
0
0
0
0
1
371.325806,55.294109,91.764587,238.355682
379.383606,54.306103,91.345734,237.411896
382.175568,54.822136,90.838646,236.085815
388.521942,56.487152,90.906578,236.223282
400.556671,57.096073,92.385414,239.720367
398.446442,57.262024,91.892029,239.062073
407.150757,56.978828,89.703796,232.997131
395.102905,60.766735,89.527191,232.615341
394.270508,60.355022,89.436806,231.996445
392.396240,59.479435,90.125938,233.796814
382.928040,63.674896,89.184311,231.538681
380.110931,63.644741,89.328087,231.929962
376.250397,64.374298,88.504593,230.118484
370.858765,67.072655,87.525436,227.073685
370.858765,67.072655,87.525436,227.073685
373.870575,67.921295,87.819908,227.769714
369.248718,68.834129,87.350616,226.573700
369.248718,68.834129,87.350616,226.573700
369.815125,71.116402,88.031960,228.961975
370.688599,69.408287,86.217087,223.958206
370.688599,69.408287,86.217087,223.958206
372.112793,73.553558,85.009621,220.551407
371.270142,72.081161,85.474251,221.984131
365.877075,72.262833,85.310745,221.219955
369.779572,73.278854,85.297112,221.444885
373.829102,74.232323,85.060715,220.552567
374.970459,74.894783,84.827042,220.363892
374.161957,75.782616,84.275490,218.954468
377.643127,77.276047,84.565796,219.668091
378.419708,76.828903,83.025612,215.749878
374.583252,75.823524,84.865700,220.152695
373.749756,77.851776,83.482399,217.002151
372.771057,77.543999,83.462250,216.619064
375.908234,76.812675,83.093872,215.652603
374.313293,83.434654,81.364555,211.051407
374.641449,81.387390,81.988037,212.967453
371.226532,77.485443,83.792870,217.936234
365.768555,76.243446,82.778008,214.662643
365.768555,76.243446,82.778008,214.662643
370.214081,80.052315,81.818993,212.103745
370.365540,82.401840,81.837685,212.275360
367.374481,80.930962,82.860306,215.108917
373.954987,82.185562,81.053230,210.995682
364.104126,80.514168,84.803391,220.036240
364.104126,80.514168,84.803391,220.036240
362.425598,75.772980,84.724716,220.034271
365.066895,83.909195,81.618103,212.001694
361.805542,77.015839,84.943657,220.604385
361.124542,86.088066,81.033302,210.972855
353.403809,86.020302,81.933922,212.539200
353.403809,86.020302,81.933922,212.539200
356.238434,84.871254,80.552536,209.567795
348.183807,81.076393,82.449272,214.238068
349.221313,84.527657,81.109283,210.611420
353.436523,86.153671,79.518677,206.666870
357.377289,86.605942,80.035629,207.614029
357.377289,86.605942,80.035629,207.614029
362.657745,86.634636,78.791924,204.788147
360.210144,87.731796,79.024727,205.107269
361.655396,87.930008,77.675583,201.444275
361.890808,86.569008,79.060616,205.177109
353.043488,87.755463,80.809998,209.735275
349.898926,87.884773,77.229286,200.709106
349.898926,87.884773,77.229286,200.709106
346.161987,93.232689,76.628174,199.204666
345.484344,92.628624,76.845314,199.599045
344.808746,91.457443,77.721329,201.387161
342.271545,92.731606,78.149963,202.595337
342.271545,92.731606,78.149963,202.595337
342.520325,93.461205,74.814865,194.421494
339.024780,93.644936,75.903000,197.146851
339.024780,93.644936,75.903000,197.146851
337.043427,88.364861,75.659431,196.173233
333.329742,89.178612,73.043571,189.723831
335.196014,90.024788,72.375175,187.818344
332.727325,90.135513,71.729668,186.106796
329.912476,88.705307,72.553246,188.555756
329.912476,88.705307,72.553246,188.555756
330.920868,90.438805,71.777092,186.625595
325.959503,92.460579,72.693626,189.064209
324.343109,93.474136,71.316757,184.950409
326.133392,91.699959,72.418175,188.105896
319.727234,88.775154,73.250145,190.596420
319.727234,88.775154,73.250145,190.596420
318.149689,89.670303,72.113914,187.310562
318.987335,92.232735,71.419579,185.563873
318.987335,92.232735,71.419579,185.563873
315.441742,88.209404,73.865898,191.532791
317.021118,87.404388,74.827011,194.991852
310.058838,85.257401,74.253822,192.608963
317.875488,84.951874,74.609215,194.518539
321.431030,94.415779,71.106567,184.556259
320.472778,82.483154,75.703278,197.329712
321.089600,82.547348,76.259293,198.650848
320.285400,81.998756,76.849213,199.819656
318.465027,81.359734,75.402397,196.514206
317.841888,76.567657,76.813591,199.938950
319.860535,79.647957,74.470421,193.901154
319.860535,79.647957,74.470421,193.901154
319.860535,79.647957,74.470421,193.901154
324.241394,79.488899,74.509789,194.138428
322.247101,81.851509,74.280548,193.483215
325.118774,82.445892,73.474762,191.228882
335.380066,74.487892,75.623070,196.939087
332.014923,76.337486,75.064117,195.493301
