1
106.42,141.65,75.79,161.61,84.55,175.06,115.19,155.10
108.30,140.40,76.55,160.83,84.72,173.53,116.47,153.10
110.13,137.85,76.79,158.95,85.01,171.94,118.35,150.85
109.90,135.47,76.65,154.22,85.68,170.24,118.93,151.49
105.20,131.46,75.35,156.63,85.71,168.93,115.57,143.77
108.26,127.85,75.04,154.13,85.37,167.17,118.58,140.89
111.93,128.09,76.00,149.56,85.36,165.23,121.29,143.76
113.36,127.03,74.50,148.83,83.39,164.68,122.25,142.88
104.83,131.44,71.69,149.26,79.88,164.49,113.02,146.67
100.30,127.48,70.29,150.06,82.04,165.67,112.05,143.10
99.09,122.80,69.06,142.75,81.56,161.57,111.59,141.62
101.49,124.45,70.75,144.76,81.40,160.89,112.14,140.58
100.17,123.11,70.46,143.22,81.06,158.88,110.77,138.76
91.07,121.79,69.80,144.93,84.96,158.87,106.23,135.73
89.41,120.93,67.32,145.18,81.92,158.48,104.01,134.23
87.85,118.34,66.90,142.73,81.77,155.51,102.72,131.11
90.64,113.74,67.57,138.73,81.44,151.53,104.51,126.54
88.17,112.92,67.38,137.22,80.85,148.73,101.63,124.43
85.13,108.59,67.11,132.67,83.02,144.59,101.05,120.51
86.07,102.30,64.08,125.86,80.67,141.35,102.66,117.80
86.47,98.95,65.71,122.39,82.06,136.87,102.81,113.43
87.62,93.41,64.70,117.84,82.20,134.26,105.12,109.82
88.56,91.16,65.20,112.03,82.45,131.34,105.81,110.47
71.88,94.18,100.92,94.18,100.92,123.22,71.88,123.22
73.64,88.74,103.76,88.74,103.76,118.85,73.64,118.85
74.39,85.43,106.39,85.43,106.39,117.43,74.39,117.43
73.83,77.27,109.38,77.27,109.38,112.82,73.83,112.82
116.86,94.23,80.57,75.13,67.53,99.90,103.82,119.00
115.48,84.68,82.65,88.84,85.49,111.28,118.31,107.12
118.26,83.61,85.33,85.51,86.65,108.37,119.58,106.47
120.23,82.52,86.24,82.87,86.47,105.49,120.46,105.14
120.18,79.18,85.62,80.82,86.70,103.48,121.25,101.84
121.78,79.40,85.19,74.65,82.25,97.31,118.84,102.06
118.97,73.03,85.37,75.41,86.97,98.04,120.57,95.67
117.52,70.46,85.48,71.92,86.55,95.30,118.59,93.84
118.95,66.03,84.67,71.35,88.41,95.43,122.68,90.12
116.44,61.26,77.97,70.85,83.86,94.48,122.33,84.90
116.53,58.53,78.30,68.87,84.64,92.34,122.87,82.00
114.63,57.55,78.34,66.92,84.36,90.23,120.65,80.86
112.23,55.81,79.40,65.37,85.92,87.76,118.75,78.21
113.22,53.79,81.40,61.58,86.99,84.39,118.80,76.60
108.85,48.45,79.01,59.88,88.07,83.51,117.90,72.08
84.14,51.14,112.94,51.14,112.94,79.95,84.14,79.95
103.79,45.52,75.62,61.07,87.90,83.33,116.07,67.78
101.00,45.65,74.83,63.08,87.37,81.89,113.53,64.46
107.38,46.73,77.70,59.78,87.20,81.38,116.87,68.33
100.79,46.96,73.96,67.84,87.46,85.19,114.29,64.32
99.82,49.41,73.29,71.61,85.84,86.61,112.37,64.40
98.15,51.63,74.56,74.88,88.85,89.37,112.44,66.12
106.76,54.54,78.35,72.14,86.33,85.03,114.74,67.43
106.92,56.70,78.96,74.04,86.89,86.81,114.84,69.46
105.39,55.82,77.34,74.78,86.10,87.75,114.16,68.80
106.71,58.40,78.07,77.23,86.31,89.75,114.95,70.92
104.95,61.12,80.34,78.31,89.89,91.99,114.50,74.81
102.52,63.89,81.10,83.53,92.56,96.04,113.98,76.40
97.42,66.91,80.49,87.31,95.51,99.78,112.44,79.38
105.64,73.79,84.39,81.16,90.47,98.67,111.72,91.30
107.00,76.14,84.35,85.84,90.48,100.16,113.13,90.46
108.75,77.51,83.18,88.30,89.69,103.72,115.26,92.92
106.15,77.64,80.32,97.52,90.39,110.60,116.22,90.72
106.24,77.84,81.02,98.96,92.65,112.84,117.87,91.73
109.10,78.98,82.80,99.58,94.20,114.14,120.51,93.54
108.37,78.16,84.38,102.15,98.46,116.23,122.45,92.24
110.84,79.04,86.51,103.22,100.32,117.12,124.65,92.94
114.75,80.15,86.94,100.38,97.20,114.48,125.01,94.25
114.26,80.01,88.26,101.57,100.02,115.76,126.03,94.20
114.40,79.78,89.76,101.31,102.30,115.66,126.94,94.13
112.46,79.91,88.89,107.71,102.60,119.32,126.16,91.52
112.12,80.69,89.62,107.75,103.78,119.51,126.27,92.46
113.34,80.79,90.45,106.33,104.42,118.85,127.31,93.32
112.60,80.72,90.50,106.40,105.23,119.07,127.32,93.39
112.59,80.98,89.36,107.61,103.69,120.11,126.92,93.48
113.44,81.40,91.62,104.14,104.47,116.47,126.29,93.73
114.34,79.49,89.54,101.00,102.64,116.10,127.43,94.59
113.70,79.52,88.17,102.76,102.13,118.09,127.65,94.85
113.20,79.51,87.35,104.03,100.11,117.48,125.96,92.96
113.34,78.46,87.66,102.47,100.95,116.69,126.64,92.68
111.29,78.49,87.61,104.82,102.02,117.78,125.70,91.45
112.10,78.65,87.59,103.73,101.53,117.35,126.04,92.26
109.48,77.73,90.13,107.04,106.66,117.95,126.01,88.64
112.43,75.32,89.71,106.56,104.03,116.97,126.75,85.74
111.94,76.02,90.08,105.22,104.64,116.12,126.50,86.92
112.35,75.16,88.81,104.28,103.37,116.06,126.92,86.94
113.11,74.78,89.26,103.82,104.52,116.35,128.37,87.31
113.50,74.19,90.29,103.57,105.29,115.42,128.50,86.05
114.34,73.96,90.58,103.30,104.05,114.21,127.81,84.87
113.56,73.80,91.43,101.77,105.46,112.87,127.59,84.90
115.08,72.80,91.09,100.81,105.15,112.84,129.13,84.84
114.74,73.19,92.42,100.41,106.18,111.69,128.49,84.47
114.03,73.36,92.89,100.71,107.40,111.93,128.54,84.58
113.36,72.88,93.37,102.57,108.03,112.45,128.03,82.75
118.03,68.22,93.06,101.85,106.89,112.12,131.86,78.49
116.77,68.33,93.74,104.49,107.65,113.34,130.68,77.19
118.60,65.81,94.72,104.10,108.69,112.81,132.57,74.52
118.49,66.00,93.68,102.60,108.07,112.35,132.88,75.75
114.30,66.47,96.75,105.19,112.37,112.27,129.92,73.56
116.66,65.30,96.11,102.81,111.43,111.20,131.98,73.69
114.20,66.22,96.50,103.61,112.62,111.24,130.32,73.85
118.41,65.75,96.32,100.37,111.82,110.26,133.92,75.65
121.87,65.76,94.64,98.47,109.93,111.19,137.16,78.49
126.45,61.14,93.86,97.13,109.38,111.18,141.97,75.20
128.97,61.32,95.95,93.30,110.75,108.58,143.77,76.60
130.87,62.40,94.05,89.81,107.74,108.20,144.56,80.79
130.31,62.36,94.79,88.57,109.00,107.82,144.52,81.62
130.67,62.71,94.60,86.21,108.36,107.33,144.43,83.82
131.99,65.20,94.78,88.71,107.23,108.42,144.44,84.91
128.44,68.68,97.21,92.81,109.48,108.70,140.72,84.57
127.57,68.81,96.85,94.42,109.10,109.11,139.82,83.50
126.93,68.38,96.46,94.95,108.98,109.31,139.45,82.75
126.62,67.76,95.84,95.68,108.56,109.69,139.33,81.78
125.93,68.84,95.39,95.42,107.69,109.55,138.22,82.96
125.27,69.55,95.18,95.40,110.10,112.76,140.18,86.91
125.21,69.12,93.94,95.88,106.39,110.43,137.66,83.67
125.11,69.09,89.06,92.56,100.78,110.57,136.84,87.10
123.75,66.32,87.56,90.68,99.80,108.87,135.99,84.50
119.91,63.11,86.26,88.13,102.22,109.60,135.87,84.58
112.82,62.89,87.01,93.44,110.99,113.70,136.80,83.15
95.23,71.93,131.23,71.93,131.23,107.93,95.23,107.93
111.24,66.16,89.73,99.29,115.48,116.00,136.98,82.87
98.02,72.95,131.53,72.95,131.53,106.46,98.02,106.46
106.45,67.65,100.81,107.54,132.18,111.98,137.82,72.08
99.43,68.80,110.28,108.27,139.53,100.23,128.68,60.76
114.71,72.20,99.45,104.00,124.05,115.81,139.31,84.00
103.77,78.00,135.04,78.00,135.04,109.27,103.77,109.27
112.60,76.62,107.90,109.11,132.96,112.74,137.66,80.25
114.01,77.19,105.41,108.01,128.18,114.37,136.79,83.55
113.26,77.66,105.48,107.76,128.22,113.64,136.00,83.54
117.28,72.43,98.54,100.59,118.58,113.93,137.32,85.76
105.59,82.07,134.84,82.07,134.84,111.31,105.59,111.31
104.61,81.58,135.00,81.58,135.00,111.97,104.61,111.97
104.83,81.25,102.05,115.41,129.71,117.66,132.50,83.51
105.53,80.32,100.94,116.48,127.11,119.80,131.70,83.64
112.83,77.90,97.75,113.18,118.57,122.08,133.66,86.80
117.90,78.76,99.76,113.19,115.83,121.65,133.96,87.22
120.22,78.98,101.20,107.70,117.64,118.58,136.65,89.86
121.91,82.08,97.86,109.01,114.37,123.75,138.42,96.83
115.19,82.92,97.23,117.20,118.23,128.20,136.19,93.92
107.88,84.65,97.46,122.42,122.99,129.47,133.41,91.70
108.89,84.90,98.74,122.71,122.45,129.08,132.60,91.27
117.25,84.47,101.00,116.32,122.69,127.39,138.95,95.54
125.28,84.49,102.08,109.30,114.49,120.90,137.69,96.09
131.53,80.42,103.51,106.16,114.42,118.03,142.43,92.29
134.79,79.27,104.42,104.11,114.58,116.52,144.95,91.68
138.25,77.17,106.76,102.47,116.64,114.76,148.13,89.46
143.26,75.37,105.83,105.79,114.88,116.92,152.31,86.51
144.64,73.95,108.08,105.15,117.69,116.41,154.25,85.21
137.24,81.33,106.59,102.18,115.35,115.06,146.00,94.21
139.86,78.37,106.45,103.53,115.61,115.69,149.02,90.53
140.96,78.27,110.10,101.50,119.16,113.54,150.03,90.32
142.81,78.05,108.66,99.69,116.82,112.57,150.97,90.94
140.38,77.87,109.31,95.52,118.16,111.09,149.23,93.44
141.76,77.94,112.92,92.87,121.28,109.01,150.11,94.08
140.50,77.75,110.48,94.62,119.64,110.92,149.66,94.05
146.31,76.45,106.99,95.42,114.84,111.69,154.16,92.72
144.69,76.43,106.52,96.82,114.91,112.54,153.09,92.15
146.55,76.67,106.30,94.85,113.39,110.55,153.64,92.37
144.94,76.86,104.20,96.00,111.20,110.88,151.94,91.74
148.90,75.98,105.15,93.02,110.90,107.80,154.65,90.76
148.86,74.21,103.95,92.37,109.97,107.26,154.88,89.10
152.22,73.34,102.28,93.16,107.77,106.98,157.71,87.16
153.67,71.77,113.56,83.37,118.43,100.22,158.54,88.63
152.87,68.90,113.22,80.19,118.71,99.48,158.36,88.19
154.17,66.24,113.79,77.52,119.84,99.16,160.21,87.88
153.80,64.82,112.88,77.11,119.62,99.57,160.55,87.29
152.73,64.39,112.51,78.47,120.90,102.44,161.12,88.35
152.66,63.35,113.26,77.43,121.85,101.49,161.26,87.41
152.79,64.16,114.33,77.15,122.20,100.48,160.67,87.50
154.41,64.48,114.55,74.71,120.46,97.76,160.32,87.54
155.31,63.64,112.33,75.04,118.61,98.70,161.58,87.30
157.17,64.24,111.26,73.15,116.30,99.11,162.21,90.20
157.48,62.39,108.86,74.63,115.27,100.09,163.89,87.86
163.01,65.60,112.36,68.94,113.90,92.34,164.55,88.99
164.28,62.70,111.34,67.62,113.83,94.33,166.76,89.41
165.50,63.67,124.55,65.22,125.59,92.65,166.54,91.10
163.01,59.87,120.55,66.62,124.83,93.55,167.29,86.81
165.90,63.23,122.50,65.33,123.88,93.67,167.27,91.57
166.80,67.29,122.96,68.34,123.58,94.11,167.42,93.06
167.37,69.04,120.64,70.52,121.39,94.29,168.12,92.81
168.87,69.83,118.22,73.94,120.03,96.31,170.68,92.20
171.10,70.10,121.74,74.53,123.65,95.84,173.01,91.41
170.97,72.40,121.45,75.48,122.73,95.93,172.24,92.85
168.85,72.43,120.06,79.48,122.80,98.41,171.59,91.35
165.85,67.59,119.41,82.89,125.87,102.51,172.31,87.21
169.67,68.43,127.56,81.31,133.13,99.52,175.24,86.64
170.26,68.84,127.57,82.73,133.81,101.93,176.51,88.04
172.91,71.31,125.30,82.12,130.09,103.22,177.70,92.42
173.86,72.57,125.69,83.22,130.38,104.44,178.54,93.80
168.63,69.76,139.84,87.94,149.64,103.47,178.44,85.29
173.93,72.61,139.30,85.50,146.10,103.79,180.74,90.90
173.16,72.83,139.87,88.89,146.89,103.42,180.17,87.36
168.10,70.90,138.25,89.44,148.15,105.39,178.01,86.85
167.42,71.16,137.69,90.03,147.82,105.99,177.55,87.12
160.91,73.96,136.75,94.32,147.78,107.41,171.94,87.05
158.88,73.19,134.54,96.12,147.15,109.51,171.50,86.59
154.47,76.74,135.32,100.39,151.40,113.42,170.56,89.76
154.65,74.87,131.95,99.97,148.25,114.70,170.95,89.60
152.71,74.66,128.20,103.62,145.79,118.51,170.30,89.55
150.10,73.55,126.61,105.26,147.04,120.38,170.52,88.68
152.80,70.65,129.94,107.67,149.48,119.74,172.35,82.72
153.22,70.60,129.16,107.12,148.38,119.78,172.43,83.27
157.41,67.59,125.29,102.12,142.28,117.93,174.40,83.39
159.74,68.11,125.82,97.73,139.23,113.09,173.15,83.47
167.48,73.24,136.95,80.98,140.85,96.34,171.37,88.59
169.04,72.14,136.65,79.52,140.46,96.23,172.85,88.85
169.42,73.56,138.09,79.01,140.90,95.18,172.24,89.73
169.20,69.37,140.41,81.43,146.78,96.65,175.58,84.59
171.10,70.22,141.13,79.91,146.31,95.91,176.28,86.23
169.49,69.07,140.59,76.14,145.47,96.08,174.37,89.01
168.59,66.05,139.61,77.15,148.01,99.08,176.99,87.99
144.88,69.84,172.39,69.84,172.39,97.35,144.88,97.35
144.88,70.08,173.92,70.08,173.92,99.13,144.88,99.13
143.64,67.66,170.97,67.66,170.97,95.00,143.64,95.00
164.63,66.38,142.26,82.56,155.83,101.32,178.20,85.14
148.64,72.12,174.31,72.12,174.31,97.79,148.64,97.79
164.79,66.47,142.68,85.40,158.04,103.34,180.15,84.41
150.88,72.49,176.21,72.49,176.21,97.82,150.88,97.82
166.40,67.47,142.98,85.54,157.02,103.73,180.43,85.65
166.10,65.85,139.21,86.75,153.76,105.47,180.65,84.57
167.08,66.32,137.87,87.31,151.53,106.31,180.74,85.32
170.29,65.91,140.22,81.56,150.90,102.08,180.97,86.43
2
0
0
0
0
1
134.83,80.32,112.54,113.56,125.41,122.19,147.70,88.95
135.03,80.39,113.45,113.85,127.17,122.69,148.74,89.24
134.65,79.37,112.74,112.85,128.23,122.99,150.14,89.51
135.63,78.91,112.46,114.13,128.35,124.59,151.52,89.36
134.43,78.73,115.57,112.36,134.13,122.77,152.99,89.13
135.06,76.23,115.03,112.65,135.10,123.69,155.13,87.27
140.51,75.72,115.15,111.61,131.73,123.32,157.09,87.44
142.89,73.00,115.55,106.63,131.61,119.68,158.94,86.04
141.85,74.28,113.27,110.01,130.56,123.84,159.14,88.11
143.25,70.43,111.11,107.95,129.85,124.00,161.99,86.48
144.10,68.87,113.11,103.58,133.04,121.38,164.03,86.67
147.28,65.54,114.80,96.95,133.78,116.57,166.26,85.16
155.11,63.91,115.24,90.02,130.92,113.97,170.79,87.87
159.48,63.55,116.94,86.85,130.70,111.96,173.24,88.66
160.88,60.55,117.46,83.98,132.31,111.51,175.74,88.08
166.55,59.48,118.84,81.65,132.56,111.17,180.27,88.99
176.10,64.53,123.40,76.57,130.43,107.33,183.13,95.29
179.50,64.53,124.94,75.91,131.08,105.39,185.65,94.01
187.87,83.68,136.45,70.19,129.63,96.19,181.05,109.68
194.10,81.52,136.65,68.67,130.79,94.87,188.25,107.71
186.95,79.78,136.59,64.81,128.93,90.57,179.29,105.54
185.96,69.38,154.06,84.07,161.35,99.91,193.25,85.22
187.11,68.09,156.29,82.51,163.98,98.93,194.79,84.51
188.23,65.40,156.94,81.98,165.32,97.78,196.61,81.21
186.97,64.37,156.87,81.51,165.69,97.00,195.78,79.85
188.46,63.03,157.16,79.69,165.30,94.98,196.60,78.32
187.78,62.33,156.37,79.77,164.31,94.07,195.72,76.63
183.38,59.02,153.44,82.12,164.37,96.30,194.32,73.19
177.03,58.28,154.31,86.98,167.87,97.72,190.59,69.02
180.52,56.76,152.43,81.59,164.16,94.86,192.25,70.02
179.60,55.00,151.45,79.98,163.84,93.93,191.98,68.95
176.51,54.69,151.56,82.04,164.46,93.81,189.41,66.45
177.28,53.00,151.41,80.33,164.64,92.86,190.51,65.53
173.45,53.18,154.49,84.92,169.24,93.72,188.19,61.99
176.59,51.61,153.95,81.01,167.50,91.44,190.14,62.04
178.11,50.51,155.04,78.33,168.22,89.26,191.29,61.43
179.74,48.10,156.29,76.70,169.82,87.79,193.27,59.19
183.99,46.70,157.10,74.54,169.41,86.44,196.31,58.60
183.73,44.07,158.70,73.69,172.60,85.44,197.63,55.82
186.00,42.57,160.00,71.36,173.70,83.72,199.70,54.93
187.75,41.23,162.68,69.24,176.28,81.42,201.35,53.40
190.14,39.56,164.32,66.78,177.58,79.35,203.39,52.13
192.71,38.63,165.31,63.91,177.89,77.55,205.29,52.26
192.39,37.32,162.86,66.60,175.94,79.80,205.47,50.52
192.19,36.07,161.09,69.86,174.60,82.29,205.70,48.51
194.66,34.49,157.19,71.14,170.84,85.09,208.31,48.44
196.60,36.26,157.00,76.58,168.89,88.26,208.49,47.94
197.81,37.05,154.50,77.69,165.92,89.86,209.23,49.22
198.58,39.50,168.21,61.26,178.44,75.54,208.81,53.78
198.70,38.02,168.60,59.18,179.37,74.50,209.47,53.34
199.32,39.65,165.74,58.37,175.47,75.82,209.04,57.10
201.66,41.20,167.98,60.36,176.99,76.20,210.67,57.04
201.39,40.15,166.93,58.78,176.37,76.24,210.83,57.61
201.47,40.22,167.07,58.88,176.59,76.42,210.99,57.76
202.10,39.49,166.14,57.95,175.65,76.49,211.62,58.03
202.67,39.68,166.22,57.62,175.62,76.70,212.06,58.77
205.04,41.59,167.14,56.49,174.89,76.20,212.79,61.30
202.77,41.19,166.74,62.50,175.94,78.04,211.96,56.73
200.78,42.72,167.46,64.28,176.90,78.87,210.22,57.31
199.64,41.03,168.45,65.77,179.47,79.67,210.67,54.94
200.33,40.55,167.21,64.75,178.05,79.59,211.17,55.39
199.98,41.33,167.74,62.88,178.28,78.64,210.52,57.10
198.77,38.37,165.91,60.26,178.14,78.62,211.01,56.74
199.75,38.29,164.09,59.50,175.93,79.40,211.59,58.19
194.14,36.88,164.51,62.52,180.27,80.74,209.90,55.10
191.58,36.77,163.80,64.06,181.67,82.25,209.45,54.97
190.94,36.33,162.67,62.77,180.22,81.53,208.49,55.10
187.28,36.27,163.37,63.49,183.77,81.42,207.69,54.21
185.87,36.30,162.50,63.03,183.36,81.27,206.73,54.54
167.91,43.09,200.13,43.09,200.13,75.30,167.91,75.30
165.19,42.14,198.59,42.14,198.59,75.54,165.19,75.54
164.28,40.81,197.76,40.81,197.76,74.28,164.28,74.28
166.05,43.93,200.37,43.93,200.37,78.26,166.05,78.26
163.05,36.20,198.05,36.20,198.05,71.20,163.05,71.20
205.19,53.89,170.77,31.93,152.41,60.69,186.83,82.66
202.52,43.33,163.59,44.61,164.63,76.42,203.56,75.14
203.38,48.49,163.61,43.91,160.25,73.09,200.01,77.68
203.47,52.48,162.99,43.87,157.28,70.70,197.76,79.32
208.38,48.62,159.65,44.08,156.99,72.65,205.72,77.18
205.96,42.73,157.67,44.37,158.74,76.05,207.04,74.41
203.22,40.22,156.18,53.10,162.98,77.93,210.02,65.05
197.28,39.77,166.24,60.49,176.66,76.10,207.70,55.37
196.18,38.68,165.06,59.95,176.25,76.32,207.37,55.06
196.03,38.93,165.22,59.22,175.92,75.47,206.73,55.18
194.44,39.16,165.24,60.92,176.53,76.08,205.73,54.32
193.15,38.59,164.66,62.13,177.32,77.44,205.81,53.90
191.96,38.17,163.43,60.79,175.74,76.32,204.27,53.70
191.98,38.05,162.74,59.56,174.48,75.52,203.72,54.01
192.31,38.25,162.27,59.47,173.31,75.11,203.36,53.90
191.70,38.83,161.73,61.40,173.08,76.46,203.04,53.89
191.63,39.41,162.04,62.24,173.21,76.73,202.81,53.90
191.13,38.98,161.48,63.02,174.21,78.72,203.86,54.68
191.35,38.29,160.11,61.50,172.55,78.25,203.79,55.04
190.70,38.87,159.85,60.36,171.11,76.52,201.96,55.04
189.03,39.36,158.62,62.32,170.08,77.50,200.48,54.53
187.76,39.90,157.62,63.24,169.62,78.74,199.76,55.40
192.62,42.18,158.92,61.79,168.93,78.98,202.63,59.37
189.16,39.43,155.94,60.06,168.21,79.82,201.43,59.19
186.29,41.50,156.04,68.53,168.69,82.69,198.94,55.66
186.51,43.52,154.82,69.00,165.84,82.71,197.54,57.24
186.09,44.04,154.25,68.57,164.79,82.24,196.62,57.71
183.33,45.04,153.47,69.53,164.92,83.49,194.78,59.01
184.94,45.94,152.88,68.53,163.09,83.02,195.15,60.43
184.40,45.89,151.54,68.35,161.61,83.08,194.47,60.62
183.42,46.14,151.58,68.93,162.07,83.58,193.90,60.78
184.50,49.29,152.75,66.60,162.11,83.76,193.85,66.45
183.25,49.71,151.61,66.22,161.16,84.51,192.79,68.00
179.96,50.57,149.88,68.64,159.14,84.05,189.22,65.99
180.76,53.21,150.90,66.41,157.92,82.29,187.78,69.10
176.94,54.42,150.67,68.84,157.91,82.02,184.18,67.61
178.60,55.57,150.03,68.66,156.34,82.44,184.92,69.34
177.65,56.27,147.68,67.07,153.37,82.87,183.34,72.07
178.97,57.49,151.12,67.21,156.00,81.21,183.85,71.50
182.64,56.54,150.57,67.48,155.51,81.97,187.58,71.03
183.57,57.61,150.73,66.18,154.84,81.92,187.67,73.35
181.97,58.03,149.73,66.57,153.92,82.38,186.15,73.84
183.06,57.20,149.27,65.52,153.34,82.03,187.12,73.70
181.88,55.33,148.27,67.19,153.39,81.71,187.01,69.85
181.91,55.51,149.18,64.65,153.64,80.62,186.37,71.49
180.45,54.69,149.16,64.70,154.09,80.12,185.38,70.12
180.62,53.81,147.57,63.14,152.41,80.28,185.46,70.95
179.63,55.05,146.94,63.85,151.32,80.10,184.00,71.30
177.41,55.99,146.83,64.89,151.31,80.30,181.90,71.41
176.43,55.71,146.46,64.95,151.06,79.88,181.03,70.63
174.99,56.38,147.31,63.20,151.42,79.85,179.10,73.03
172.94,55.76,146.58,68.74,154.30,84.43,180.66,71.45
173.69,55.60,145.88,68.09,152.35,82.52,180.17,70.03
174.52,55.51,145.79,64.44,150.60,79.91,179.33,70.99
174.90,55.57,146.91,63.21,151.03,78.31,179.02,70.67
181.21,52.29,146.69,66.95,153.03,81.88,187.55,67.22
180.98,51.91,144.46,67.85,151.78,84.63,188.30,68.69
182.34,52.48,145.62,66.12,152.29,84.08,189.01,70.44
183.78,52.94,145.37,68.79,152.47,86.02,190.88,70.18
183.18,52.14,144.61,69.23,153.05,88.29,191.62,71.21
186.14,56.64,146.42,72.52,153.65,90.61,193.37,74.73
177.98,60.12,145.43,72.20,153.92,95.10,186.47,83.02
179.67,60.15,145.26,67.10,150.42,92.63,184.83,85.67
180.89,59.90,143.61,71.08,150.79,95.03,188.08,83.84
182.28,58.84,143.22,74.89,152.87,98.38,191.93,82.32
