1
657.141541,123.055305,38.880001,66.790001
655.380371,121.587669,38.880001,66.790001
653.619202,128.632339,38.880001,66.790001
653.619202,137.144638,38.880001,66.790001
651.858032,138.905807,38.880001,66.790001
651.858032,135.383469,38.880001,66.790001
651.858032,133.622299,38.880001,66.790001
650.977417,133.622299,38.880001,66.790001
649.216248,138.905807,38.880001,66.790001
647.455139,142.428146,38.880001,66.790001
647.455139,142.428146,38.880001,66.790001
647.455139,138.905807,38.880001,66.790001
645.693970,133.035248,38.880001,66.790001
640.410461,127.751747,38.880001,66.790001
635.126953,126.577637,38.880001,66.790001
629.843445,132.448196,38.880001,66.790001
624.559937,141.841080,38.880001,66.790001
622.798767,148.592224,38.880001,66.790001
621.037598,154.169250,38.880001,66.790001
621.624695,152.114563,38.880001,66.790001
622.798767,148.885757,38.880001,66.790001
625.440552,148.005173,38.880001,66.790001
628.082275,146.244003,38.880001,66.790001
629.843445,144.482834,38.880001,66.790001
630.723999,142.721664,38.880001,66.790001
631.604614,139.199326,38.880001,66.790001
631.311096,132.154663,38.880001,66.790001
631.311096,123.935890,38.880001,66.790001
631.311096,125.110001,38.880001,66.790001
632.485168,130.393494,38.880001,66.790001
633.365784,139.199326,38.880001,66.790001
633.072266,133.915833,38.880001,66.790001
633.365784,139.199326,38.880001,66.790001
635.126953,153.288666,38.880001,66.790001
636.888123,158.278641,38.880001,66.790001
635.126953,145.363419,38.880001,66.790001
635.126953,136.264053,38.880001,66.790001
636.007507,130.687027,38.880001,66.790001
636.007507,124.522942,38.880001,66.790001
636.007507,123.935890,38.880001,66.790001
634.246338,124.522942,38.880001,66.790001
632.191650,119.239441,38.880001,66.790001
632.191650,115.717110,38.880001,66.790001
632.485168,119.239441,38.880001,66.790001
632.485168,122.761780,38.880001,66.790001
632.191650,126.284111,38.880001,66.790001
632.485168,128.045273,38.880001,66.790001
633.952820,126.284111,38.880001,66.790001
635.126953,124.229416,38.880001,66.790001
635.713989,124.522942,38.880001,66.790001
637.475159,128.338806,38.880001,66.790001
638.062195,131.861145,38.880001,66.790001
638.942810,132.154663,38.880001,66.790001
638.942810,130.393494,38.880001,66.790001
638.062195,129.806442,38.880001,66.790001
637.475159,133.328781,38.880001,66.790001
637.475159,138.612274,38.880001,66.790001
637.475159,142.134613,38.880001,66.790001
639.236328,145.656937,38.880001,66.790001
640.997498,145.656937,38.880001,66.790001
640.997498,144.482834,38.880001,66.790001
640.997498,143.895782,38.880001,66.790001
639.823364,144.482834,38.880001,66.790001
640.116943,143.602249,38.880001,66.790001
641.878113,143.015198,38.880001,66.790001
645.400391,143.895782,38.880001,66.790001
648.042175,145.656937,38.880001,66.790001
650.683899,148.298691,38.880001,66.790001
652.445068,145.656937,38.880001,66.790001
654.206238,140.666977,38.880001,66.790001
655.967407,135.383469,38.880001,66.790001
656.848022,130.099976,38.880001,66.790001
655.967407,131.567612,38.880001,66.790001
655.967407,130.099976,38.880001,66.790001
654.206238,121.000610,38.880001,66.790001
653.619202,121.881195,38.880001,66.790001
655.380371,128.045273,38.880001,66.790001
657.141541,139.199326,38.880001,66.790001
660.663879,151.527496,38.880001,66.790001
663.305603,157.398056,38.880001,66.790001
664.479736,160.039810,38.880001,66.790001
663.305603,154.756302,38.880001,66.790001
664.773254,150.353394,38.880001,66.790001
665.653809,148.592224,38.880001,66.790001
664.773254,148.592224,38.880001,66.790001
666.534424,143.308716,38.880001,66.790001
668.295593,139.199326,38.880001,66.790001
657.728577,135.677002,38.880001,66.790001
653.619202,137.438171,38.880001,66.790001
651.270996,140.960495,38.880001,66.790001
649.216248,142.721664,38.880001,66.790001
646.574524,144.776367,38.880001,66.790001
645.693970,149.766327,38.880001,66.790001
645.987488,149.766327,38.880001,66.790001
645.693970,149.766327,38.880001,66.790001
646.574524,149.766327,38.880001,66.790001
646.574524,148.005173,38.880001,66.790001
647.455139,148.005173,38.880001,66.790001
647.748657,148.005173,38.880001,66.790001
647.161560,149.766327,38.880001,66.790001
646.574524,151.233978,38.880001,66.790001
644.813354,148.885757,38.880001,66.790001
644.226318,147.711639,38.880001,66.790001
641.584534,148.885757,38.880001,66.790001
641.291016,151.233978,38.880001,66.790001
641.878113,149.766327,38.880001,66.790001
643.932800,149.179276,38.880001,66.790001
644.226318,149.179276,38.880001,66.790001
645.693970,153.288666,38.880001,66.790001
647.161560,154.756302,38.880001,66.790001
648.922729,151.233978,38.880001,66.790001
649.509827,152.408081,38.880001,66.790001
649.216248,157.398056,38.880001,66.790001
647.455139,161.507446,38.880001,66.790001
647.161560,164.442719,38.880001,66.790001
645.400391,161.800980,38.880001,66.790001
644.813354,159.452744,38.880001,66.790001
643.345703,161.507446,38.880001,66.790001
642.758667,160.333328,38.880001,66.790001
643.052185,157.398056,38.880001,66.790001
643.345703,156.223938,38.880001,66.790001
643.345703,157.398056,38.880001,66.790001
643.052185,155.049835,38.880001,66.790001
641.584534,152.701614,38.880001,66.790001
641.291016,151.821030,38.880001,66.790001
641.584534,152.408081,38.880001,66.790001
642.758667,153.582199,38.880001,66.790001
643.345703,154.756302,38.880001,66.790001
642.465149,154.756302,38.880001,66.790001
641.584534,154.462784,38.880001,66.790001
640.410461,156.811005,38.880001,66.790001
636.888123,153.875717,38.880001,66.790001
636.888123,151.527496,38.880001,66.790001
638.062195,148.005173,38.880001,66.790001
639.823364,144.482834,38.880001,66.790001
641.584534,138.905807,38.880001,66.790001
643.345703,136.264053,38.880001,66.790001
643.345703,136.264053,38.880001,66.790001
641.878113,135.677002,38.880001,66.790001
641.878113,138.318756,38.880001,66.790001
641.878113,140.079910,38.880001,66.790001
641.878113,143.308716,38.880001,66.790001
642.465149,145.363419,38.880001,66.790001
643.345703,145.950470,38.880001,66.790001
643.639221,148.298691,38.880001,66.790001
643.052185,148.885757,38.880001,66.790001
641.584534,150.646912,38.880001,66.790001
641.291016,149.766327,38.880001,66.790001
640.410461,151.233978,38.880001,66.790001
640.116943,154.169250,38.880001,66.790001
641.291016,156.811005,38.880001,66.790001
643.345703,160.039810,38.880001,66.790001
644.813354,160.039810,38.880001,66.790001
644.226318,162.094498,38.880001,66.790001
644.226318,162.388031,38.880001,66.790001
644.813354,162.975082,38.880001,66.790001
645.987488,162.975082,38.880001,66.790001
647.161560,162.094498,38.880001,66.790001
647.748657,161.213913,38.880001,66.790001
647.748657,160.920395,38.880001,66.790001
646.574524,158.278641,38.880001,66.790001
645.987488,154.756302,38.880001,66.790001
645.693970,157.398056,38.880001,66.790001
644.226318,158.572174,38.880001,66.790001
643.932800,158.278641,38.880001,66.790001
643.052185,154.756302,38.880001,66.790001
643.345703,154.462784,38.880001,66.790001
643.639221,154.756302,38.880001,66.790001
645.400391,154.756302,38.880001,66.790001
647.748657,152.995132,38.880001,66.790001
648.335693,152.995132,38.880001,66.790001
648.335693,155.049835,38.880001,66.790001
648.335693,156.517471,38.880001,66.790001
649.509827,156.517471,38.880001,66.790001
651.270996,156.517471,38.880001,66.790001
652.445068,156.223938,38.880001,66.790001
652.445068,157.985107,38.880001,66.790001
650.096863,155.343369,38.880001,66.790001
650.096863,152.701614,38.880001,66.790001
650.096863,153.582199,38.880001,66.790001
651.858032,157.691589,38.880001,66.790001
653.619202,160.626862,38.880001,66.790001
653.619202,155.343369,38.880001,66.790001
653.912720,155.049835,38.880001,66.790001
654.793335,153.582199,38.880001,66.790001
655.967407,151.821030,38.880001,66.790001
658.022095,149.766327,38.880001,66.790001
660.076782,147.418106,38.880001,66.790001
661.837952,144.189301,38.880001,66.790001
663.599121,143.895782,38.880001,66.790001
