1
139.668091,330.976868,58.201523,102.912102
135.951813,332.566223,58.545280,103.541275
137.050568,332.150421,58.279007,103.149490
135.803604,335.094696,57.883411,102.517830
134.640503,333.910614,58.175865,102.999672
140.081131,334.831024,57.825237,102.425896
142.347458,335.056915,57.782070,102.377640
136.600113,304.037018,58.232571,103.109016
138.663010,285.372101,58.404827,103.446312
137.463058,257.083801,58.046482,102.810081
152.316650,287.295715,58.219559,103.037842
145.597122,233.276215,58.335758,103.200714
146.878418,235.501282,58.508221,103.521469
143.848068,242.337128,58.045998,102.750587
141.955292,240.086655,58.670357,103.884827
146.960007,240.724045,58.328415,103.292908
161.462692,256.628387,58.385242,103.381042
166.900314,256.125763,58.851604,104.259987
176.561279,227.485184,58.706852,104.004158
183.082169,218.827850,58.737694,104.145821
193.171188,200.524780,58.820324,104.281105
166.136185,164.928391,58.594547,103.915871
161.108261,150.180237,58.521168,103.762657
167.883530,141.616623,58.942837,104.502090
174.421127,133.709610,58.609966,103.908760
180.493118,150.807236,58.396839,103.501717
183.355118,150.434296,57.975418,102.674782
182.184982,152.013733,58.124931,102.941055
180.269928,154.539780,58.081440,102.798431
195.205246,125.615250,57.849277,102.333237
213.922394,103.596985,57.989296,102.609314
188.221237,137.335281,57.562695,101.919899
217.284058,134.154755,57.611382,101.989670
186.738541,151.346756,57.564362,101.855545
183.102173,149.703323,57.429623,101.607498
188.227463,153.679092,57.298203,101.382080
190.416275,154.974518,57.221096,101.262276
189.438766,156.512451,57.118793,101.076447
193.087006,165.607590,56.971195,100.784088
217.968353,177.186234,57.114819,101.027542
230.692307,172.732422,57.385223,101.523987
259.780640,191.616821,57.424950,101.652328
237.001221,155.013565,57.042690,100.980042
254.631790,151.521271,56.742229,100.508286
243.609604,145.736679,56.663208,100.388763
249.161621,104.416351,57.152336,101.287292
229.930679,77.577354,57.529808,101.839821
240.666183,59.765652,57.208195,101.294472
263.492401,32.265259,57.121567,101.071953
256.415985,56.310265,56.995461,100.904160
248.102783,70.275215,56.644787,100.293808
272.067657,62.742489,56.897026,100.612045
253.973587,83.906624,55.923958,98.819458
277.299591,79.435692,55.596016,98.204391
279.257935,63.770950,56.530087,99.813637
281.739899,44.709782,56.450813,99.632370
295.223602,27.072025,56.439850,99.668007
300.587311,-7.265831,56.510872,99.838661
284.668671,-34.215141,55.911041,98.776169
263.851196,-34.210857,55.768921,98.577644
261.484619,-30.835091,55.883121,98.800919
261.410583,-17.222670,55.874519,98.765579
267.026245,-13.795203,55.519634,98.144524
268.539246,-25.692247,55.433861,97.934212
267.870941,-19.688576,55.121944,97.404091
256.498901,-10.166629,54.950550,97.068275
266.772736,-8.247846,54.763397,96.778404
263.874146,-8.403903,54.575516,96.341095
258.867737,-7.858755,54.855808,96.926338
264.641937,-0.575781,54.167709,95.726517
263.308990,-1.403153,53.915249,95.267632
260.978088,-3.581350,54.339100,96.039940
260.107666,0.511614,54.277264,95.914383
262.512695,2.198254,54.161674,95.674011
259.883057,3.775701,53.689621,94.844116
258.777374,6.114399,53.509560,94.533638
259.147247,6.908174,53.670937,94.836792
261.353058,10.784614,53.463146,94.502281
261.031342,12.995893,53.262592,94.062164
259.918091,15.745307,53.422195,94.340515
258.125763,16.154697,53.173569,93.895340
259.560730,17.952017,53.150169,93.881554
258.142090,17.757832,52.875748,93.401917
259.116760,19.239542,52.541630,92.843330
257.097443,17.542334,52.166843,92.146057
258.121948,17.922358,51.797474,91.586739
256.105011,17.721195,51.697292,91.370956
259.098175,18.381758,52.004082,91.987823
261.841675,14.777703,52.114048,92.158836
264.626465,16.599188,52.038090,92.125122
283.151123,26.861767,52.049873,92.183311
282.713287,25.992229,52.160572,92.415909
280.484833,21.958799,52.450581,92.819504
285.930481,22.456827,52.514870,92.858437
280.347656,15.843400,52.495773,92.875565
287.171600,15.204160,52.599865,93.030960
288.635742,10.071378,52.389458,92.662834
270.481812,-9.570609,53.516190,94.730843
269.008881,-15.313270,54.032776,95.752922
267.864685,-17.227329,54.367245,96.371841
266.006683,-18.247553,54.187283,96.129868
270.535858,-20.079140,53.850723,95.558937
273.537476,-21.489220,53.769516,95.433159
270.666168,-18.113945,53.825012,95.458504
271.535339,-22.733955,53.912247,95.570312
278.211823,-16.106840,53.814205,95.381004
276.469116,-21.126383,53.600952,94.985466
281.680084,-23.084894,53.647388,95.095970
287.715179,-31.227783,53.210648,94.287491
272.389832,-19.333237,52.519936,93.066330
291.288910,-28.773659,52.624550,93.239052
264.773163,-14.380079,52.955902,93.750053
288.167023,-5.396030,53.126400,94.010117
265.465485,-14.599824,54.133617,95.738052
291.213013,-5.783335,53.978333,95.455475
268.932922,6.926806,53.900105,95.370529
293.982849,-16.717358,53.726841,95.078278
267.238342,-7.594975,53.495838,94.644012
294.090302,-4.220888,53.153851,94.041779
286.909088,12.921130,53.122913,94.059052
281.094147,18.367586,53.108250,94.028305
280.712555,27.295168,53.281960,94.408470
279.350372,33.466679,52.941017,93.780823
278.982971,41.019501,53.634060,94.980507
277.403473,50.578827,53.501579,94.722992
274.834869,51.122059,54.241886,96.092751
276.380798,53.839844,54.324120,96.184235
273.052246,61.646446,53.937534,95.526169
273.518555,65.295197,53.886044,95.428909
274.026855,66.818253,53.958553,95.578247
273.918335,74.186745,53.930527,95.487320
276.954346,80.206001,53.824207,95.288979
279.746613,85.876732,53.977501,95.565727
282.271271,87.885033,53.914837,95.443047
285.601318,87.441780,53.724476,95.165886
293.852509,88.100998,53.425262,94.564262
305.634003,82.705513,53.204700,94.182625
321.951660,96.318657,52.887966,93.644104
367.219818,130.284058,51.891918,91.808731
366.487000,122.148239,52.754490,93.255943
331.196838,106.474983,52.487896,92.786209
327.093079,126.708801,52.088615,92.107346
326.740662,144.570663,52.375622,92.586418
329.709290,154.794800,52.717140,93.163422
331.771667,159.914322,52.347946,92.550819
331.198334,167.173447,52.599850,92.968811
336.081116,168.920563,53.004681,93.687057
335.804352,170.974884,53.002983,93.690483
338.184998,168.761414,52.681332,93.016342
339.912598,168.003632,52.723694,93.052353
