1
702.000000,245.000000,36.000000,70.000000
699.000000,243.000000,36.000000,70.000000
695.000000,243.000000,36.000000,70.000000
695.000000,240.000000,36.000000,70.000000
689.000000,239.000000,36.000000,70.000000
685.000000,238.000000,36.000000,70.000000
684.000000,237.000000,36.000000,70.000000
682.000000,237.000000,36.000000,70.000000
680.000000,236.000000,36.000000,70.000000
679.000000,239.000000,36.000000,70.000000
674.000000,234.000000,36.000000,70.000000
682.000000,241.000000,36.000000,70.000000
673.000000,246.000000,36.000000,70.000000
665.000000,245.000000,36.000000,70.000000
659.000000,245.000000,36.000000,70.000000
657.000000,247.000000,36.000000,70.000000
660.000000,247.000000,36.000000,70.000000
650.000000,247.000000,36.000000,70.000000
645.000000,247.000000,36.000000,70.000000
644.000000,247.000000,36.000000,70.000000
636.000000,247.000000,36.000000,70.000000
631.000000,247.000000,36.000000,70.000000
631.000000,236.000000,36.000000,70.000000
628.000000,233.000000,36.000000,70.000000
633.000000,232.000000,36.000000,70.000000
623.000000,231.000000,36.000000,70.000000
623.000000,232.000000,36.000000,70.000000
617.000000,233.000000,36.000000,70.000000
618.000000,233.000000,36.000000,70.000000
617.000000,234.000000,36.000000,70.000000
609.000000,235.000000,36.000000,70.000000
609.000000,234.000000,36.000000,70.000000
603.000000,239.000000,36.000000,70.000000
604.000000,234.000000,36.000000,70.000000
601.000000,233.000000,36.000000,70.000000
598.000000,233.000000,36.000000,70.000000
596.000000,234.000000,36.000000,70.000000
591.000000,234.000000,36.000000,70.000000
588.000000,236.000000,36.000000,70.000000
590.000000,237.000000,36.000000,70.000000
584.000000,237.000000,36.000000,70.000000
586.000000,254.000000,36.000000,70.000000
582.000000,245.000000,36.000000,70.000000
580.000000,244.000000,36.000000,70.000000
577.000000,245.000000,36.000000,70.000000
573.000000,245.000000,36.000000,70.000000
570.000000,246.000000,36.000000,70.000000
564.000000,245.000000,36.000000,70.000000
563.000000,245.000000,36.000000,70.000000
569.000000,242.000000,36.000000,70.000000
570.000000,239.000000,36.000000,70.000000
570.000000,239.000000,36.000000,70.000000
2
0
0
0
0
1
541.000000,246.000000,24.000000,40.000000
541.000000,245.000000,24.000000,40.000000
541.000000,245.000000,24.000000,40.000000
540.000000,245.000000,24.000000,40.000000
539.000000,244.000000,24.000000,40.000000
538.000000,244.000000,24.000000,40.000000
536.000000,242.000000,24.000000,40.000000
534.000000,242.000000,24.000000,40.000000
533.000000,242.000000,24.000000,40.000000
532.000000,241.000000,24.000000,40.000000
531.000000,241.000000,24.000000,40.000000
532.000000,239.000000,24.000000,40.000000
532.000000,239.000000,24.000000,40.000000
531.000000,239.000000,24.000000,40.000000
531.000000,239.000000,24.000000,40.000000
531.000000,239.000000,24.000000,40.000000
531.000000,239.000000,24.000000,40.000000
532.000000,239.000000,24.000000,40.000000
533.000000,239.000000,24.000000,40.000000
533.000000,239.000000,24.000000,40.000000
536.000000,241.000000,24.000000,40.000000
538.000000,241.000000,24.000000,40.000000
529.000000,251.000000,24.000000,40.000000
529.000000,253.000000,24.000000,40.000000
527.000000,243.000000,24.000000,40.000000
528.000000,241.000000,24.000000,40.000000
529.000000,242.000000,24.000000,40.000000
534.000000,253.000000,24.000000,40.000000
532.000000,245.000000,24.000000,40.000000
536.000000,251.000000,24.000000,40.000000
538.000000,252.000000,24.000000,40.000000
535.000000,245.000000,24.000000,40.000000
2
0
0
0
0
1
575.000000,249.000000,29.000000,34.000000
577.000000,249.000000,29.000000,34.000000
578.000000,248.000000,29.000000,34.000000
576.000000,247.000000,29.000000,34.000000
572.000000,255.000000,29.000000,34.000000
573.000000,250.000000,29.000000,34.000000
581.000000,248.000000,29.000000,34.000000
578.000000,248.000000,29.000000,34.000000
579.000000,248.000000,29.000000,34.000000
581.000000,248.000000,29.000000,34.000000
581.000000,248.000000,29.000000,34.000000
582.000000,248.000000,29.000000,34.000000
577.000000,248.000000,29.000000,34.000000
576.000000,248.000000,29.000000,34.000000
576.000000,248.000000,29.000000,34.000000
578.000000,246.000000,29.000000,34.000000
586.000000,246.000000,29.000000,34.000000
580.000000,246.000000,29.000000,34.000000
576.000000,244.000000,29.000000,34.000000
570.000000,242.000000,29.000000,34.000000
566.000000,240.000000,29.000000,34.000000
562.000000,240.000000,29.000000,34.000000
554.000000,238.000000,29.000000,34.000000
549.000000,236.000000,29.000000,34.000000
544.000000,236.000000,29.000000,34.000000
534.000000,236.000000,29.000000,34.000000
527.000000,236.000000,29.000000,34.000000
517.000000,234.000000,29.000000,34.000000
508.000000,234.000000,29.000000,34.000000
500.000000,234.000000,29.000000,34.000000
491.000000,232.000000,29.000000,34.000000
484.000000,232.000000,29.000000,34.000000
476.000000,232.000000,29.000000,34.000000
465.000000,232.000000,29.000000,34.000000
454.000000,232.000000,29.000000,34.000000
444.000000,233.000000,29.000000,34.000000
433.000000,235.000000,29.000000,34.000000
422.000000,237.000000,29.000000,34.000000
409.000000,239.000000,29.000000,34.000000
394.000000,239.000000,29.000000,34.000000
379.000000,240.000000,29.000000,34.000000
364.000000,240.000000,29.000000,34.000000
2
0
0
0
0
1
289.000000,253.000000,28.000000,36.000000
2
0
0
0
0
1
156.000000,247.000000,26.000000,39.000000
146.000000,249.000000,26.000000,39.000000
132.000000,248.000000,26.000000,39.000000
121.000000,253.000000,26.000000,39.000000
112.000000,263.000000,26.000000,39.000000
2
0
0
0
0
1
86.000000,266.000000,37.000000,42.000000
89.000000,267.000000,37.000000,42.000000
94.000000,269.000000,37.000000,42.000000
98.000000,270.000000,37.000000,42.000000
91.000000,267.000000,37.000000,42.000000
90.000000,266.000000,37.000000,42.000000
87.000000,264.000000,37.000000,42.000000
85.000000,264.000000,37.000000,42.000000
86.000000,261.000000,37.000000,42.000000
87.000000,261.000000,37.000000,42.000000
88.000000,263.000000,37.000000,42.000000
91.000000,264.000000,37.000000,42.000000
94.000000,267.000000,37.000000,42.000000
98.000000,267.000000,37.000000,42.000000
102.000000,267.000000,37.000000,42.000000
109.000000,265.000000,37.000000,42.000000
118.000000,263.000000,37.000000,42.000000
127.000000,263.000000,37.000000,42.000000
137.000000,260.000000,37.000000,42.000000
147.000000,258.000000,37.000000,42.000000
159.000000,257.000000,37.000000,42.000000
170.000000,256.000000,37.000000,42.000000
180.000000,256.000000,37.000000,42.000000
188.000000,256.000000,37.000000,42.000000
194.000000,258.000000,37.000000,42.000000
200.000000,258.000000,37.000000,42.000000
207.000000,260.000000,37.000000,42.000000
218.000000,260.000000,37.000000,42.000000
226.000000,260.000000,37.000000,42.000000
233.000000,260.000000,37.000000,42.000000
242.000000,261.000000,37.000000,42.000000
249.000000,260.000000,37.000000,42.000000
252.000000,257.000000,37.000000,42.000000
253.000000,256.000000,37.000000,42.000000
257.000000,256.000000,37.000000,42.000000
269.000000,254.000000,37.000000,42.000000
276.000000,254.000000,37.000000,42.000000
283.000000,255.000000,37.000000,42.000000
291.000000,254.000000,37.000000,42.000000
295.000000,255.000000,37.000000,42.000000
303.000000,254.000000,37.000000,42.000000
310.000000,254.000000,37.000000,42.000000
317.000000,254.000000,37.000000,42.000000
325.000000,254.000000,37.000000,42.000000
331.000000,254.000000,37.000000,42.000000
338.000000,253.000000,37.000000,42.000000
345.000000,250.000000,37.000000,42.000000
353.000000,252.000000,37.000000,42.000000
359.000000,252.000000,37.000000,42.000000
364.000000,252.000000,37.000000,42.000000
370.000000,256.000000,37.000000,42.000000
377.000000,254.000000,37.000000,42.000000
385.000000,254.000000,37.000000,42.000000
396.000000,252.000000,37.000000,42.000000
402.000000,253.000000,37.000000,42.000000
413.000000,250.000000,37.000000,42.000000
420.000000,250.000000,37.000000,42.000000
427.000000,250.000000,37.000000,42.000000
433.000000,249.000000,37.000000,42.000000
441.000000,249.000000,37.000000,42.000000
451.000000,249.000000,37.000000,42.000000
460.000000,249.000000,37.000000,42.000000
465.000000,249.000000,37.000000,42.000000
470.000000,249.000000,37.000000,42.000000
470.000000,254.000000,37.000000,42.000000
462.000000,258.000000,37.000000,42.000000
464.000000,255.000000,37.000000,42.000000
468.000000,257.000000,37.000000,42.000000
469.000000,253.000000,37.000000,42.000000
470.000000,250.000000,37.000000,42.000000
470.000000,250.000000,37.000000,42.000000
470.000000,249.000000,37.000000,42.000000
470.000000,250.000000,37.000000,42.000000
471.000000,249.000000,37.000000,42.000000
472.000000,254.000000,37.000000,42.000000
477.000000,252.000000,37.000000,42.000000
479.000000,253.000000,37.000000,42.000000
476.000000,256.000000,37.000000,42.000000
471.000000,255.000000,37.000000,42.000000
461.000000,253.000000,37.000000,42.000000
447.000000,251.000000,37.000000,42.000000
432.000000,250.000000,37.000000,42.000000
418.000000,244.000000,37.000000,42.000000
400.000000,243.000000,37.000000,42.000000
385.000000,243.000000,37.000000,42.000000
373.000000,245.000000,37.000000,42.000000
359.000000,245.000000,37.000000,42.000000
343.000000,245.000000,37.000000,42.000000
328.000000,247.000000,37.000000,42.000000
318.000000,246.000000,37.000000,42.000000
304.000000,247.000000,37.000000,42.000000
290.000000,257.000000,37.000000,42.000000
274.000000,252.000000,37.000000,42.000000
268.000000,257.000000,37.000000,42.000000
257.000000,254.000000,37.000000,42.000000
2
0
0
0
0
1
246.000000,286.000000,37.000000,42.000000
238.000000,288.000000,37.000000,42.000000
228.000000,292.000000,37.000000,42.000000
235.000000,284.000000,37.000000,42.000000
226.000000,284.000000,37.000000,42.000000
214.000000,282.000000,37.000000,42.000000
201.000000,282.000000,37.000000,42.000000
187.000000,283.000000,37.000000,42.000000
178.000000,283.000000,37.000000,42.000000
169.000000,282.000000,37.000000,42.000000
166.000000,279.000000,37.000000,42.000000
169.000000,279.000000,37.000000,42.000000
174.000000,278.000000,37.000000,42.000000
185.000000,292.000000,37.000000,42.000000
173.000000,301.000000,37.000000,42.000000
174.000000,301.000000,37.000000,42.000000
177.000000,290.000000,37.000000,42.000000
2
0
0
0
0
1
231.000000,308.000000,32.000000,36.000000
233.000000,310.000000,32.000000,36.000000
233.000000,312.000000,32.000000,36.000000
234.000000,310.000000,32.000000,36.000000
236.000000,310.000000,32.000000,36.000000
238.000000,311.000000,32.000000,36.000000
241.000000,312.000000,32.000000,36.000000
248.000000,310.000000,32.000000,36.000000
253.000000,311.000000,32.000000,36.000000
259.000000,311.000000,32.000000,36.000000
265.000000,312.000000,32.000000,36.000000
271.000000,312.000000,32.000000,36.000000
278.000000,311.000000,32.000000,36.000000
285.000000,309.000000,32.000000,36.000000
273.000000,297.000000,32.000000,36.000000
2
0
0
0
0
1
336.000000,298.000000,32.000000,39.000000
340.000000,296.000000,32.000000,39.000000
346.000000,296.000000,32.000000,39.000000
343.000000,298.000000,32.000000,39.000000
349.000000,296.000000,32.000000,39.000000
358.000000,294.000000,32.000000,39.000000
349.000000,298.000000,32.000000,39.000000
2
0
0
0
0
1
376.000000,294.000000,20.000000,41.000000
380.000000,294.000000,20.000000,41.000000
383.000000,295.000000,20.000000,41.000000
385.000000,296.000000,20.000000,41.000000
385.000000,296.000000,20.000000,41.000000
387.000000,298.000000,20.000000,41.000000
387.000000,298.000000,20.000000,41.000000
388.000000,299.000000,20.000000,41.000000
389.000000,299.000000,20.000000,41.000000
389.000000,299.000000,20.000000,41.000000
389.000000,298.000000,20.000000,41.000000
388.000000,298.000000,20.000000,41.000000
387.000000,298.000000,20.000000,41.000000
387.000000,296.000000,20.000000,41.000000
386.000000,297.000000,20.000000,41.000000
386.000000,296.000000,20.000000,41.000000
386.000000,296.000000,20.000000,41.000000
386.000000,296.000000,20.000000,41.000000
385.000000,297.000000,20.000000,41.000000
385.000000,294.000000,20.000000,41.000000
384.000000,297.000000,20.000000,41.000000
383.000000,298.000000,20.000000,41.000000
390.000000,293.000000,20.000000,41.000000
389.000000,288.000000,20.000000,41.000000
385.000000,287.000000,20.000000,41.000000
384.000000,287.000000,20.000000,41.000000
386.000000,288.000000,20.000000,41.000000
383.000000,291.000000,20.000000,41.000000
381.000000,294.000000,20.000000,41.000000
379.000000,297.000000,20.000000,41.000000
377.000000,297.000000,20.000000,41.000000
372.000000,294.000000,20.000000,41.000000
2
0
0
0
0
1
290.000000,293.000000,28.000000,35.000000
278.000000,295.000000,28.000000,35.000000
271.000000,296.000000,28.000000,35.000000
258.000000,286.000000,28.000000,35.000000
244.000000,294.000000,28.000000,35.000000
233.000000,294.000000,28.000000,35.000000
220.000000,301.000000,28.000000,35.000000
226.000000,303.000000,28.000000,35.000000
2
0
0
0
0
1
161.000000,296.000000,30.000000,41.000000
156.000000,294.000000,30.000000,41.000000
153.000000,293.000000,30.000000,41.000000
152.000000,292.000000,30.000000,41.000000
150.000000,294.000000,30.000000,41.000000
148.000000,293.000000,30.000000,41.000000
148.000000,293.000000,30.000000,41.000000
152.000000,291.000000,30.000000,41.000000
152.000000,291.000000,30.000000,41.000000
148.000000,294.000000,30.000000,41.000000
147.000000,291.000000,30.000000,41.000000
142.000000,289.000000,30.000000,41.000000
146.000000,282.000000,30.000000,41.000000
135.000000,287.000000,30.000000,41.000000
128.000000,290.000000,30.000000,41.000000
124.000000,288.000000,30.000000,41.000000
117.000000,289.000000,30.000000,41.000000
111.000000,292.000000,30.000000,41.000000
112.000000,284.000000,30.000000,41.000000
112.000000,281.000000,30.000000,41.000000
2
0
0
0
0
1
144.000000,295.000000,28.000000,48.000000
142.000000,292.000000,28.000000,48.000000
138.000000,293.000000,28.000000,48.000000
