1
503.000000,195.000000,56.000000,32.000000
503.000000,195.000000,56.000000,32.000000
487.000000,195.000000,56.000000,32.000000
477.105255,194.157898,58.947369,33.684212
494.566925,194.983978,56.056057,32.032032
470.542908,186.975983,56.056057,32.032032
477.497223,177.703552,59.006374,33.717930
472.646027,179.293900,53.440159,30.537233
457.419373,179.309143,53.386772,30.506727
449.826965,179.324387,53.333439,30.476252
438.636719,177.737198,58.888599,33.650627
421.765106,177.720352,58.947544,33.684311
404.876587,186.132996,59.006554,33.718029
406.323700,194.975967,56.112335,32.064194
392.391022,195.739395,53.440323,30.537327
383.075012,186.983948,56.056278,32.032162
381.599854,186.140991,59.006611,33.718063
358.998779,186.967911,56.112392,32.064224
332.208282,177.686157,59.065678,33.751816
309.584595,170.489838,56.168560,32.096321
310.921967,171.254028,53.493870,30.567924
308.136017,169.662064,59.065735,33.751850
301.560486,154.441635,56.168617,32.096352
291.635956,145.150589,59.124859,33.785637
291.606354,136.678818,59.184044,33.819454
283.113403,145.125214,59.243286,33.853306
278.242737,154.386902,53.654724,30.659843
260.849182,153.636490,56.281181,32.160675
262.189209,154.402222,53.601124,30.629213
259.397675,161.261948,59.184162,33.819523
2
0
0
0
0
1
155.000000,153.380951,44.761906,35.238094
161.896439,168.502502,46.953049,36.963036
160.660828,167.529785,49.424259,38.908459
169.872940,176.484009,47.000046,37.000038
169.872940,176.484009,47.000046,37.000038
145.872925,168.483994,47.000046,37.000038
2
0
0
0
0
1
151.500000,163.500000,35.000000,41.000000
150.578949,170.842102,36.842106,43.157894
159.490494,155.884521,35.035034,41.041042
151.482483,155.884521,35.035034,41.041042
2
0
0
0
0
1
166.000000,176.500000,34.000000,33.000000
174.000000,176.500000,34.000000,33.000000
182.000000,176.500000,34.000000,33.000000
182.000000,176.500000,34.000000,33.000000
182.000000,184.500000,34.000000,33.000000
182.000000,192.500000,34.000000,33.000000
190.000000,192.500000,34.000000,33.000000
190.000000,200.500000,34.000000,33.000000
198.000000,216.500000,34.000000,33.000000
182.000000,184.500000,34.000000,33.000000
190.000000,184.500000,34.000000,33.000000
183.190475,162.428574,32.380951,31.428572
182.397934,193.627380,33.966034,32.967033
189.916733,192.759811,35.753719,34.702141
198.793579,209.610886,34.000034,33.000034
198.793579,193.610870,34.000034,33.000034
198.793579,193.610870,34.000034,33.000034
206.793594,201.610886,34.000034,33.000034
214.793594,217.610901,34.000034,33.000034
222.793610,217.610901,34.000034,33.000034
222.793610,209.610886,34.000034,33.000034
222.793610,217.610901,34.000034,33.000034
230.793610,225.610901,34.000034,33.000034
222.793610,217.610901,34.000034,33.000034
230.793610,225.610901,34.000034,33.000034
238.793625,233.610916,34.000034,33.000034
238.793625,209.610886,34.000034,33.000034
246.793625,225.610901,34.000034,33.000034
246.793625,225.610901,34.000034,33.000034
262.793640,241.610916,34.000034,33.000034
262.793640,241.610916,34.000034,33.000034
262.793640,241.610916,34.000034,33.000034
278.793671,249.610931,34.000034,33.000034
278.793671,249.610931,34.000034,33.000034
278.793671,249.610931,34.000034,33.000034
2
0
0
0
0
1
240.000000,249.000000,56.000000,36.000000
256.000000,249.000000,56.000000,36.000000
256.000000,257.000000,56.000000,36.000000
256.000000,265.000000,56.000000,36.000000
256.000000,273.000000,56.000000,36.000000
256.000000,265.000000,56.000000,36.000000
264.000000,257.000000,56.000000,36.000000
272.000000,257.000000,56.000000,36.000000
256.000000,265.000000,56.000000,36.000000
264.000000,265.000000,56.000000,36.000000
264.000000,273.000000,56.000000,36.000000
256.000000,265.000000,56.000000,36.000000
264.000000,281.000000,56.000000,36.000000
264.000000,281.000000,56.000000,36.000000
264.000000,281.000000,56.000000,36.000000
264.000000,281.000000,56.000000,36.000000
280.000000,281.000000,56.000000,36.000000
256.000000,281.000000,56.000000,36.000000
256.000000,281.000000,56.000000,36.000000
256.000000,289.000000,56.000000,36.000000
256.000000,289.000000,56.000000,36.000000
256.000000,297.000000,56.000000,36.000000
264.000000,297.000000,56.000000,36.000000
256.000000,297.000000,56.000000,36.000000
248.000000,297.000000,56.000000,36.000000
256.000000,289.000000,56.000000,36.000000
256.000000,289.000000,56.000000,36.000000
256.000000,297.000000,56.000000,36.000000
248.000000,297.000000,56.000000,36.000000
248.000000,305.000000,56.000000,36.000000
248.000000,313.000000,56.000000,36.000000
248.000000,321.000000,56.000000,36.000000
248.000000,321.000000,56.000000,36.000000
240.000000,321.000000,56.000000,36.000000
240.000000,313.000000,56.000000,36.000000
240.000000,313.000000,56.000000,36.000000
240.000000,313.000000,56.000000,36.000000
240.000000,329.000000,56.000000,36.000000
240.000000,329.000000,56.000000,36.000000
240.000000,345.000000,56.000000,36.000000
248.000000,345.000000,56.000000,36.000000
248.000000,345.000000,56.000000,36.000000
248.000000,345.000000,56.000000,36.000000
280.000000,353.000000,56.000000,36.000000
272.000000,361.000000,56.000000,36.000000
272.000000,361.000000,56.000000,36.000000
280.000000,369.000000,56.000000,36.000000
2
0
0
0
0
1
223.684204,341.421051,52.631580,43.157894
223.657867,341.399445,52.684261,43.201096
223.631500,341.377838,52.737000,43.244339
224.924850,342.438385,50.150303,41.123245
223.605103,341.356201,52.789791,43.287628
