1
579.403259,474.839874,106.047722,113.392311
579.381226,474.269440,105.816559,113.135452
583.674011,477.886780,106.035034,113.316040
579.272461,477.963257,106.391212,113.574493
578.152527,478.938965,106.549339,113.913910
584.893494,479.041229,105.843353,113.178871
582.740967,478.530304,105.291435,112.589455
582.112610,478.640961,105.361862,112.765984
583.519409,477.307312,105.230026,112.513725
582.437744,478.928833,105.433655,112.593292
582.869080,477.421997,104.982834,112.178703
585.671021,477.841461,104.572731,111.858826
585.447144,476.360748,104.724648,111.909805
584.591492,479.494598,105.035881,112.161957
581.355469,479.406860,104.979889,112.084457
582.659302,478.450592,104.863655,111.803719
585.634521,479.926819,104.618187,111.427193
584.285095,477.983154,105.044815,111.849792
586.463257,478.758026,105.197159,112.026199
584.016357,479.397736,104.842758,111.658028
584.568176,476.701233,104.937599,111.953079
586.831665,477.456879,105.124001,112.091629
586.366394,479.597351,104.885048,111.757431
585.748718,478.825806,105.027657,111.924072
585.098083,477.761169,105.398476,112.309685
585.149658,480.250153,105.287979,112.179146
587.086792,478.200470,104.963791,112.033607
585.858093,478.860626,105.126396,112.157646
585.725403,479.132294,104.464226,111.592804
583.845581,477.538513,104.196083,111.427658
585.087463,478.211273,104.539452,111.838448
588.191223,478.685059,104.132675,111.485565
591.525513,477.532349,104.313644,111.616211
588.913147,477.642944,104.722023,111.809029
591.271790,476.693726,104.757278,111.728241
588.069763,476.111359,105.012650,111.821800
588.403870,478.616638,104.386635,111.128792
592.178894,478.756134,104.307449,110.924698
590.788025,481.577667,104.436531,111.103401
594.984924,476.430756,104.488190,111.286392
610.831726,487.417664,104.611145,111.395004
598.254883,486.425629,104.542793,111.107742
591.548157,483.141418,104.474792,111.061661
593.020020,481.233551,104.318756,111.134941
590.230774,482.168182,104.242378,111.206284
588.759155,482.041382,103.921974,110.876762
588.127258,483.320618,103.888077,110.731842
586.193359,485.161713,104.510139,111.299957
588.004272,480.688690,104.341331,111.270531
589.550476,479.316223,104.049484,111.073212
588.919800,485.944275,104.038162,111.207840
592.782715,477.420990,103.585274,110.644821
593.036194,478.708496,103.868011,111.070908
587.231323,476.922607,104.237175,111.478516
592.644348,475.667694,104.967903,112.146744
591.622559,476.834412,104.986626,112.184120
591.273865,477.050140,104.811478,112.095406
586.037659,477.997101,104.826073,112.245399
590.275452,477.346069,104.336014,111.719749
582.944641,481.823181,104.195358,111.532509
587.141663,481.516663,104.174736,111.630470
589.546570,477.233917,104.313522,111.811272
583.483459,481.991821,104.376007,111.955238
584.259766,479.485107,103.871964,111.208351
583.841858,482.071228,103.839241,111.191673
585.779785,478.976440,104.163445,111.628662
586.902100,477.844879,103.916908,111.484230
585.519592,480.567017,103.878304,111.508728
587.789551,479.030731,104.148491,111.891182
586.483521,480.595032,103.854248,111.554543
588.010315,478.184998,103.846306,111.576210
589.088257,475.872131,103.861923,111.706505
587.987000,479.248108,103.847946,111.666580
590.229065,478.368622,103.734604,111.671310
588.585205,476.671539,104.074333,111.765778
588.817261,476.375916,104.344261,112.123116
590.977966,475.998230,104.595177,112.384148
591.665710,477.193298,104.387184,112.075188
594.926147,478.890259,104.451889,112.231445
590.739380,477.778076,104.573769,112.438187
595.937012,477.380371,104.178429,112.143661
594.007446,478.890320,104.173866,112.142059
2
0
0
0
0
1
749.620056,530.400146,86.606804,98.217514
752.289978,530.248413,86.296150,97.881760
755.474243,529.260681,85.997253,97.549469
762.996582,528.354126,86.060684,97.555237
766.194275,525.770203,86.864738,98.384544
773.038513,526.681702,86.784286,98.364929
776.730164,526.700134,86.633469,98.210510
780.174927,525.035400,86.687073,98.198692
785.652222,521.293030,86.583893,98.025833
787.842041,522.322388,86.841858,98.253075
793.785339,522.803040,87.264206,98.644997
798.143555,519.953003,87.746048,99.230484
802.076355,520.787598,88.065422,99.498428
805.599365,520.586365,88.020561,99.404083
806.636658,521.046021,87.614677,99.038277
808.162720,524.661560,87.301537,98.671898
813.142395,522.447388,87.120529,98.425087
815.427490,520.418091,86.942429,98.192238
817.250183,519.007935,86.407684,97.603470
817.796753,517.285645,85.853249,97.052101
814.556152,517.532837,85.817177,97.041298
815.778442,517.098694,86.169975,97.463776
818.166504,519.545471,86.142960,97.515251
815.822083,520.456726,86.195442,97.535072
815.214661,522.704407,86.661476,97.941696
813.775635,521.472412,86.473740,97.808220
811.549316,521.759949,86.092247,97.375664
810.097961,520.615906,86.092674,97.316895
807.987732,520.554016,85.838326,97.034958
808.405945,521.045532,85.717308,96.843163
803.312866,516.654907,85.208771,96.305054
797.833862,511.274017,84.877670,95.881500
797.275269,508.024017,85.075523,96.024849
790.829712,506.621033,84.858574,95.893875
780.497742,500.476471,85.208473,96.177803
780.233093,507.886200,85.426064,96.452217
773.945312,535.641052,85.318085,96.395248
774.627014,510.879547,84.724640,95.733299
754.866028,524.639587,84.566872,95.527374
736.722107,507.845398,84.386902,95.384552
732.899292,502.917053,84.439659,95.293007
765.495972,533.404968,84.623627,95.526321
738.101746,489.643616,84.815453,95.743431
773.244751,516.971619,84.719498,95.655579
736.957642,480.066772,85.104454,96.105217
757.286316,485.698181,85.127365,96.121361
726.123962,463.953674,84.909355,95.937027
744.830261,454.355774,85.091660,96.211349
735.849609,455.513794,85.178070,96.371643
