1
397.000000,186.000000,36.000000,30.000000
397.000000,186.000000,36.000000,30.000000
397.000000,186.000000,36.000000,30.000000
396.000000,186.000000,38.000000,30.000000
396.000000,186.000000,38.000000,30.000000
396.000000,186.000000,38.000000,30.000000
399.000000,186.000000,38.000000,30.000000
400.000000,186.000000,36.000000,30.000000
400.000000,186.000000,36.000000,30.000000
400.000000,186.000000,36.000000,30.000000
400.000000,186.000000,36.000000,30.000000
399.000000,186.000000,38.000000,30.000000
399.000000,186.000000,38.000000,30.000000
399.000000,186.000000,38.000000,30.000000
400.000000,186.000000,36.000000,30.000000
400.000000,186.000000,36.000000,30.000000
400.000000,186.000000,36.000000,30.000000
400.000000,186.000000,36.000000,30.000000
400.000000,182.000000,36.000000,30.000000
399.000000,185.000000,36.000000,30.000000
398.000000,185.000000,38.000000,30.000000
399.000000,185.000000,36.000000,30.000000
399.000000,185.000000,36.000000,30.000000
399.000000,185.000000,36.000000,30.000000
399.000000,185.000000,36.000000,30.000000
399.000000,186.000000,36.000000,28.000000
399.000000,187.000000,36.000000,26.000000
399.000000,187.000000,36.000000,26.000000
399.000000,187.000000,36.000000,26.000000
399.000000,187.000000,36.000000,26.000000
399.000000,187.000000,36.000000,26.000000
399.000000,187.000000,36.000000,26.000000
399.000000,187.000000,36.000000,26.000000
399.000000,187.000000,36.000000,26.000000
398.000000,188.000000,38.000000,24.000000
398.000000,187.000000,38.000000,26.000000
398.000000,187.000000,38.000000,26.000000
398.000000,187.000000,38.000000,26.000000
398.000000,187.000000,38.000000,26.000000
398.000000,188.000000,38.000000,24.000000
398.000000,189.000000,38.000000,22.000000
398.000000,189.000000,38.000000,22.000000
399.000000,189.000000,36.000000,22.000000
396.000000,191.000000,36.000000,22.000000
396.000000,190.000000,36.000000,24.000000
396.000000,190.000000,36.000000,24.000000
397.000000,191.000000,34.000000,22.000000
398.000000,191.000000,32.000000,22.000000
398.000000,191.000000,32.000000,22.000000
398.000000,191.000000,32.000000,22.000000
398.000000,191.000000,32.000000,22.000000
398.000000,191.000000,32.000000,22.000000
398.000000,191.000000,32.000000,22.000000
398.000000,191.000000,32.000000,22.000000
398.000000,191.000000,32.000000,22.000000
398.000000,191.000000,32.000000,22.000000
398.000000,191.000000,32.000000,22.000000
395.000000,193.000000,32.000000,22.000000
394.000000,192.000000,34.000000,24.000000
394.000000,193.000000,34.000000,22.000000
394.000000,193.000000,34.000000,22.000000
393.000000,193.000000,36.000000,22.000000
393.000000,193.000000,36.000000,22.000000
393.000000,193.000000,36.000000,22.000000
390.000000,195.000000,36.000000,22.000000
390.000000,195.000000,36.000000,22.000000
390.000000,195.000000,36.000000,22.000000
390.000000,194.000000,36.000000,24.000000
390.000000,195.000000,36.000000,22.000000
386.000000,195.000000,36.000000,22.000000
387.000000,195.000000,34.000000,22.000000
386.000000,195.000000,36.000000,22.000000
386.000000,195.000000,36.000000,22.000000
385.000000,195.000000,38.000000,22.000000
385.000000,195.000000,38.000000,22.000000
382.000000,197.000000,38.000000,22.000000
383.000000,197.000000,36.000000,22.000000
383.000000,197.000000,36.000000,22.000000
379.000000,196.000000,36.000000,22.000000
378.000000,196.000000,38.000000,22.000000
379.000000,196.000000,36.000000,22.000000
379.000000,196.000000,36.000000,22.000000
376.000000,198.000000,36.000000,22.000000
374.000000,197.000000,40.000000,24.000000
373.000000,196.000000,42.000000,26.000000
369.000000,196.000000,42.000000,26.000000
369.000000,197.000000,42.000000,24.000000
368.000000,198.000000,44.000000,22.000000
368.000000,198.000000,44.000000,22.000000
368.000000,198.000000,44.000000,22.000000
364.000000,199.000000,44.000000,22.000000
364.000000,199.000000,44.000000,22.000000
364.000000,199.000000,44.000000,22.000000
360.000000,199.000000,44.000000,22.000000
360.000000,198.000000,44.000000,24.000000
360.000000,197.000000,44.000000,26.000000
360.000000,197.000000,44.000000,26.000000
356.000000,198.000000,44.000000,26.000000
356.000000,199.000000,44.000000,24.000000
356.000000,200.000000,44.000000,22.000000
352.000000,201.000000,44.000000,22.000000
351.000000,201.000000,46.000000,22.000000
352.000000,201.000000,44.000000,22.000000
348.000000,202.000000,44.000000,22.000000
348.000000,201.000000,44.000000,24.000000
348.000000,200.000000,44.000000,26.000000
344.000000,200.000000,44.000000,26.000000
344.000000,200.000000,44.000000,26.000000
341.000000,202.000000,44.000000,26.000000
339.000000,202.000000,48.000000,26.000000
339.000000,202.000000,48.000000,26.000000
336.000000,204.000000,48.000000,26.000000
334.000000,205.000000,52.000000,24.000000
335.000000,206.000000,50.000000,22.000000
331.000000,206.000000,50.000000,22.000000
330.000000,205.000000,52.000000,24.000000
326.000000,205.000000,52.000000,24.000000
326.000000,204.000000,52.000000,26.000000
327.000000,204.000000,50.000000,26.000000
323.000000,205.000000,50.000000,26.000000
323.000000,204.000000,50.000000,28.000000
322.000000,204.000000,52.000000,28.000000
318.000000,205.000000,52.000000,28.000000
319.000000,206.000000,50.000000,26.000000
318.000000,207.000000,52.000000,24.000000
314.000000,207.000000,52.000000,24.000000
313.000000,207.000000,54.000000,24.000000
309.000000,207.000000,54.000000,24.000000
308.000000,206.000000,56.000000,26.000000
308.000000,205.000000,56.000000,28.000000
304.000000,205.000000,56.000000,28.000000
304.000000,205.000000,56.000000,28.000000
300.000000,205.000000,56.000000,28.000000
300.000000,205.000000,56.000000,28.000000
296.000000,206.000000,56.000000,28.000000
295.000000,205.000000,58.000000,30.000000
295.000000,205.000000,58.000000,30.000000
291.000000,206.000000,58.000000,30.000000
291.000000,206.000000,58.000000,30.000000
287.000000,206.000000,58.000000,30.000000
287.000000,206.000000,58.000000,30.000000
283.000000,206.000000,58.000000,30.000000
283.000000,206.000000,58.000000,30.000000
279.000000,206.000000,58.000000,30.000000
278.000000,206.000000,60.000000,30.000000
275.000000,208.000000,60.000000,30.000000
273.000000,208.000000,64.000000,30.000000
269.000000,208.000000,64.000000,30.000000
269.000000,209.000000,64.000000,28.000000
265.000000,209.000000,64.000000,28.000000
265.000000,208.000000,64.000000,30.000000
261.000000,208.000000,64.000000,30.000000
261.000000,208.000000,64.000000,30.000000
257.000000,209.000000,64.000000,30.000000
253.000000,210.000000,64.000000,30.000000
253.000000,210.000000,64.000000,30.000000
249.000000,209.000000,64.000000,30.000000
245.000000,209.000000,64.000000,30.000000
245.000000,209.000000,64.000000,30.000000
241.000000,210.000000,64.000000,30.000000
241.000000,211.000000,64.000000,28.000000
237.000000,211.000000,64.000000,28.000000
233.000000,212.000000,64.000000,28.000000
233.000000,213.000000,64.000000,26.000000
229.000000,213.000000,64.000000,26.000000
229.000000,213.000000,64.000000,26.000000
225.000000,213.000000,64.000000,26.000000
225.000000,212.000000,64.000000,28.000000
221.000000,211.000000,64.000000,28.000000
219.000000,210.000000,68.000000,30.000000
215.000000,211.000000,68.000000,30.000000
213.000000,211.000000,72.000000,30.000000
209.000000,211.000000,72.000000,30.000000
205.000000,211.000000,72.000000,30.000000
205.000000,212.000000,72.000000,28.000000
201.000000,212.000000,72.000000,28.000000
197.000000,212.000000,72.000000,28.000000
199.000000,211.000000,68.000000,30.000000
195.000000,212.000000,68.000000,30.000000
191.000000,212.000000,68.000000,30.000000
187.000000,213.000000,68.000000,30.000000
185.000000,213.000000,72.000000,30.000000
182.000000,215.000000,72.000000,30.000000
178.000000,215.000000,72.000000,30.000000
180.000000,216.000000,68.000000,28.000000
176.000000,216.000000,68.000000,28.000000
174.000000,216.000000,72.000000,28.000000
170.000000,216.000000,72.000000,28.000000
166.000000,216.000000,72.000000,28.000000
163.000000,218.000000,72.000000,28.000000
159.000000,218.000000,72.000000,28.000000
156.000000,220.000000,72.000000,28.000000
153.000000,222.000000,72.000000,28.000000
151.000000,221.000000,76.000000,30.000000
147.000000,221.000000,76.000000,30.000000
143.000000,221.000000,76.000000,30.000000
139.000000,222.000000,76.000000,30.000000
135.000000,222.000000,84.000000,30.000000
131.000000,221.000000,84.000000,30.000000
133.000000,220.000000,80.000000,32.000000
129.000000,220.000000,80.000000,32.000000
131.000000,221.000000,76.000000,30.000000
127.000000,220.000000,76.000000,30.000000
123.000000,220.000000,76.000000,30.000000
119.000000,220.000000,76.000000,30.000000
121.000000,219.000000,72.000000,32.000000
117.000000,219.000000,72.000000,32.000000
119.000000,219.000000,68.000000,32.000000
115.000000,219.000000,68.000000,32.000000
111.000000,219.000000,68.000000,32.000000
108.000000,219.000000,74.000000,32.000000
104.000000,218.000000,74.000000,32.000000
100.000000,217.000000,74.000000,32.000000
98.000000,216.000000,78.000000,34.000000
95.000000,213.000000,78.000000,34.000000
92.000000,215.000000,78.000000,34.000000
92.000000,214.000000,78.000000,36.000000
90.000000,214.000000,82.000000,36.000000
86.000000,214.000000,82.000000,36.000000
82.000000,214.000000,82.000000,36.000000
80.000000,214.000000,86.000000,36.000000
76.000000,214.000000,86.000000,36.000000
76.000000,214.000000,86.000000,36.000000
72.000000,215.000000,86.000000,36.000000
72.000000,215.000000,86.000000,36.000000
68.000000,216.000000,86.000000,36.000000
64.000000,217.000000,86.000000,36.000000
64.000000,217.000000,86.000000,36.000000
60.000000,218.000000,86.000000,36.000000
56.000000,218.000000,86.000000,36.000000
53.000000,220.000000,86.000000,36.000000
53.000000,220.000000,86.000000,36.000000
49.000000,220.000000,86.000000,36.000000
51.000000,220.000000,82.000000,36.000000
47.000000,220.000000,82.000000,36.000000
43.000000,220.000000,82.000000,36.000000
39.000000,220.000000,82.000000,36.000000
37.000000,220.000000,86.000000,36.000000
29.000000,221.000000,86.000000,36.000000
31.000000,221.000000,82.000000,36.000000
27.000000,221.000000,82.000000,36.000000
23.000000,221.000000,90.000000,36.000000
19.000000,221.000000,90.000000,36.000000
15.000000,222.000000,90.000000,36.000000
15.000000,222.000000,90.000000,36.000000
11.000000,222.000000,90.000000,36.000000
7.000000,222.000000,90.000000,36.000000
3.000000,222.000000,90.000000,36.000000
0.000000,222.000000,90.000000,36.000000
0.000000,222.000000,90.000000,36.000000
