1
327.09,96.54,267.47,92.18,265.19,123.37,324.81,127.73
330.20,101.23,267.14,90.15,261.29,123.41,324.36,134.49
332.09,106.45,266.41,90.03,257.75,124.66,323.43,141.09
327.52,97.72,261.49,104.71,265.23,140.02,331.26,133.02
324.10,96.42,258.63,108.10,265.55,146.85,331.02,135.17
323.98,105.24,270.08,106.49,270.85,139.44,324.74,138.19
323.08,105.18,269.06,106.92,270.18,141.74,324.21,140.00
321.18,104.48,267.96,107.19,269.78,143.01,323.00,140.31
320.14,105.73,265.29,108.31,267.04,145.35,321.89,142.76
319.25,106.48,264.20,109.70,266.31,145.83,321.36,142.61
316.21,103.07,261.83,110.85,267.18,148.25,321.56,140.47
315.30,100.74,261.52,111.05,268.69,148.42,322.47,138.10
312.60,97.47,259.90,109.80,269.11,149.19,321.82,136.85
312.24,97.82,258.08,110.09,266.83,148.74,320.99,136.47
311.74,96.48,256.72,109.08,265.61,147.86,320.62,135.26
319.30,104.10,260.25,103.50,259.85,142.95,318.90,143.56
316.99,100.60,257.49,102.98,259.16,144.85,318.66,142.47
313.56,97.62,253.02,108.38,260.21,148.81,320.75,138.05
307.18,92.12,248.27,110.08,260.82,151.23,319.72,133.27
308.08,93.34,247.44,109.93,258.43,150.11,319.07,133.52
309.08,94.62,247.71,105.91,255.06,145.91,316.44,134.62
308.84,93.87,243.21,106.39,250.67,145.51,316.30,132.99
303.99,90.54,242.77,109.96,254.94,148.35,316.17,128.94
300.74,90.16,240.43,109.83,252.71,147.48,313.02,127.80
298.09,89.77,238.10,109.80,250.21,146.05,310.20,126.02
296.87,89.23,236.79,108.16,248.34,144.80,308.42,125.87
295.65,89.41,241.23,104.74,251.07,139.65,305.49,124.32
294.87,89.47,239.85,103.36,248.58,137.96,303.61,124.07
292.57,90.13,240.25,100.91,247.12,134.25,299.44,123.47
289.45,88.10,236.84,99.57,244.17,133.15,296.77,121.68
286.81,84.31,232.06,106.13,244.62,137.64,299.37,115.81
286.15,83.87,229.78,105.36,241.74,136.72,298.10,115.23
283.24,83.74,226.76,105.70,238.93,137.02,295.42,115.07
279.75,83.00,223.66,106.71,237.09,138.48,293.18,114.77
278.53,83.78,222.47,106.09,235.04,137.67,291.09,115.35
275.82,82.33,219.34,104.15,232.59,138.43,289.07,116.61
275.24,85.23,220.72,99.81,230.04,134.67,284.56,120.09
271.89,85.42,218.83,102.91,230.55,138.44,283.60,120.95
271.05,86.33,217.19,103.76,228.75,139.45,282.60,122.03
270.67,87.63,215.40,110.34,228.90,143.21,284.18,120.49
268.21,86.58,213.28,101.10,222.83,137.22,277.76,122.70
270.97,84.89,217.94,102.39,229.94,138.76,282.97,121.26
273.06,85.42,219.09,98.06,228.38,137.70,282.34,125.06
274.01,86.18,218.63,100.93,229.10,140.24,284.48,125.48
274.50,86.69,217.24,108.85,231.43,145.53,288.69,123.37
274.62,87.44,218.29,111.61,233.57,147.20,289.90,123.03
272.04,87.38,224.36,113.88,241.77,145.20,289.45,118.70
263.95,85.23,223.54,118.74,248.60,148.96,289.01,115.45
273.04,87.06,224.69,116.05,243.45,147.33,291.80,118.34
274.05,87.07,224.51,115.42,243.03,147.77,292.56,119.42
272.26,88.44,225.34,117.01,244.71,148.83,291.63,120.26
270.93,88.27,230.25,114.39,251.40,147.33,292.09,121.21
273.93,87.96,228.89,111.89,247.26,146.47,292.30,122.53
277.36,87.34,226.43,110.45,243.61,148.32,294.54,125.20
286.00,88.29,226.99,98.51,234.88,144.12,293.89,133.91
285.58,86.13,225.22,97.61,234.07,144.09,294.43,132.60
286.59,87.47,225.19,96.54,232.11,143.40,293.51,134.32
285.87,87.93,224.23,96.98,231.02,143.22,292.66,134.16
287.15,87.26,224.10,96.04,230.66,143.13,293.71,134.35
282.98,88.68,222.55,103.89,233.23,146.30,293.66,131.09
287.14,90.65,224.28,98.55,230.09,144.76,292.95,136.86
287.61,92.24,221.19,100.66,226.98,146.37,293.40,137.96
284.45,92.20,229.65,103.97,238.92,147.16,293.72,135.39
284.42,93.77,228.80,105.23,237.59,147.90,293.21,136.45
281.15,91.92,226.92,107.55,238.89,149.06,293.11,133.43
241.97,95.79,293.35,95.79,293.35,147.16,241.97,147.16
240.90,101.41,285.94,101.41,285.94,146.46,240.90,146.46
241.85,101.68,291.55,101.68,291.55,151.38,241.85,151.38
243.09,101.85,293.71,101.85,293.71,152.46,243.09,152.46
243.04,102.11,288.05,102.11,288.05,147.13,243.04,147.13
243.31,103.58,287.69,103.58,287.69,147.96,243.31,147.96
247.18,103.77,289.19,103.77,289.19,145.78,247.18,145.78
262.77,95.57,240.88,136.09,272.60,153.23,294.49,112.70
260.22,96.39,242.50,138.44,273.79,151.63,291.51,109.58
261.38,96.12,243.79,138.10,276.17,151.67,293.76,109.69
262.05,96.26,241.88,136.54,274.44,152.84,294.62,112.57
262.43,96.16,243.11,135.50,275.02,151.17,294.33,111.83
261.97,95.73,240.47,135.04,271.79,152.16,293.29,112.85
259.28,96.29,242.33,136.17,273.75,149.53,290.70,109.65
259.97,96.42,241.70,135.05,271.01,148.91,289.28,110.28
261.70,95.92,240.51,135.77,268.20,150.49,289.38,110.65
262.36,95.98,240.51,134.25,267.79,149.83,289.64,111.56
264.84,95.68,236.78,135.00,263.08,153.77,291.14,114.45
262.48,94.45,238.59,134.07,267.14,151.28,291.03,111.67
260.45,93.82,237.72,133.10,268.04,150.66,290.78,111.38
261.67,93.81,236.62,132.71,266.20,151.76,291.25,112.86
261.66,92.60,235.80,132.27,264.49,150.98,290.35,111.30
263.16,91.85,234.35,131.12,264.31,153.10,293.11,113.82
263.67,91.61,233.15,129.97,262.99,153.72,293.51,115.36
264.41,91.42,233.32,131.01,261.40,153.06,292.49,113.46
265.69,91.95,232.82,130.11,259.85,153.40,292.72,115.24
267.11,91.60,233.24,130.52,259.81,153.64,293.68,114.73
267.83,91.94,233.44,130.07,260.33,154.31,294.71,116.19
264.94,90.69,235.61,130.87,266.51,153.43,295.85,113.25
269.20,92.25,233.98,127.19,259.45,152.86,294.67,117.92
265.55,93.33,236.29,132.72,266.72,155.33,295.98,115.95
273.16,96.53,234.20,128.75,258.97,158.69,297.93,126.46
270.95,96.50,239.94,133.24,266.97,156.06,297.98,119.31
272.02,94.39,243.36,137.98,270.76,156.00,299.42,112.40
271.92,94.15,243.49,138.37,270.77,155.91,299.20,111.70
271.94,93.53,243.19,137.56,270.28,155.24,299.02,111.21
269.21,93.94,245.27,137.56,274.77,153.75,298.71,110.13
268.71,92.48,243.46,135.93,274.10,153.73,299.35,110.28
266.59,92.16,242.89,135.78,275.77,153.65,299.48,110.03
264.02,92.16,244.26,137.12,279.53,152.62,299.29,107.67
264.63,92.75,248.08,134.87,279.87,147.36,296.42,105.25
240.86,100.13,285.36,100.13,285.36,144.63,240.86,144.63
247.60,103.79,286.72,103.79,286.72,142.91,247.60,142.91
241.30,99.24,284.98,99.24,284.98,142.93,241.30,142.93
254.34,95.02,243.77,135.94,278.54,144.92,289.11,104.00
257.10,95.44,246.50,134.88,279.18,143.67,289.79,104.23
252.10,96.28,248.74,138.36,283.31,141.12,286.67,99.04
244.38,101.55,252.43,146.53,288.11,140.14,280.05,95.16
253.29,98.29,247.71,141.34,280.61,145.61,286.19,102.55
247.10,100.00,253.44,149.43,284.81,145.41,278.47,95.98
247.76,101.33,252.81,149.77,287.03,146.21,281.98,97.76
238.39,104.56,255.42,157.34,290.00,146.19,272.96,93.40
235.30,107.90,257.94,159.47,295.36,143.03,272.72,91.47
240.17,102.71,251.00,157.00,291.09,149.01,280.27,94.72
236.53,108.94,254.01,160.95,293.00,147.84,275.52,95.84
233.05,112.14,262.18,164.91,297.01,145.69,267.89,92.91
237.78,102.88,247.36,162.81,289.95,156.00,280.37,96.07
233.91,105.10,252.33,164.25,292.79,151.64,274.36,92.50
230.32,108.29,257.72,165.59,296.17,147.21,268.77,89.90
227.22,114.35,263.96,165.96,297.68,141.96,260.94,90.35
299.25,126.73,246.42,95.08,222.70,134.68,275.53,166.32
297.14,137.23,255.46,90.60,225.41,117.46,267.10,164.09
298.74,138.54,253.35,89.71,223.70,117.28,269.08,166.11
292.14,130.66,252.63,88.95,221.52,118.42,261.03,160.13
288.83,127.60,247.62,90.80,218.76,123.12,259.97,159.93
287.97,127.67,246.87,90.11,218.65,121.00,259.75,158.55
285.16,126.67,239.39,94.55,215.38,128.77,261.15,160.89
281.37,132.17,238.55,95.19,214.56,122.97,257.38,159.95
283.93,136.81,243.75,91.31,213.39,118.13,253.58,163.62
282.86,138.13,240.61,91.03,212.80,115.98,255.06,163.08
281.85,139.51,236.45,91.22,209.93,116.14,255.34,164.44
281.24,140.00,235.27,91.78,209.12,116.72,255.09,164.94
281.37,141.22,233.42,92.82,207.66,118.34,255.61,166.74
280.77,141.14,230.35,93.55,205.74,119.62,256.16,167.21
270.67,148.16,224.33,99.90,204.57,118.87,250.90,167.14
264.73,138.47,219.92,101.20,202.35,122.33,247.16,159.60
261.78,139.78,221.06,100.67,200.60,121.97,241.31,161.08
262.34,138.97,218.94,100.65,199.75,122.38,243.16,160.71
259.48,141.06,217.70,100.44,197.95,120.75,239.74,161.37
261.32,143.72,216.35,100.61,196.63,121.19,241.60,164.29
262.36,139.49,212.38,100.16,194.58,122.78,244.56,162.11
257.99,144.86,214.50,98.18,193.32,117.91,236.81,164.60
259.30,142.93,214.41,97.56,191.18,120.55,236.07,165.92
259.95,138.94,212.40,96.34,188.45,123.07,236.00,165.68
256.60,146.95,214.47,99.35,185.41,125.07,227.54,172.67
251.33,143.55,215.08,101.40,182.83,129.14,219.09,171.29
250.89,145.73,215.41,103.71,181.80,132.10,217.27,174.11
180.42,130.74,210.07,178.29,247.72,154.81,218.07,107.26
179.11,130.84,212.14,179.32,248.04,154.87,215.02,106.38
185.50,112.27,194.87,164.29,230.39,157.90,221.02,105.87
179.95,121.26,200.61,171.33,235.05,157.12,214.39,107.05
179.48,124.57,203.06,171.09,236.68,154.05,213.10,107.53
177.19,130.93,206.90,174.17,242.76,149.54,213.04,106.29
177.90,131.43,207.32,174.51,242.58,150.43,213.16,107.35
180.34,121.87,202.29,171.42,235.34,156.78,213.38,107.23
173.87,121.80,197.29,174.70,236.13,157.51,212.71,104.60
175.05,118.50,193.11,170.99,230.97,157.96,212.91,105.47
177.99,115.10,189.80,165.92,227.64,157.13,215.84,106.31
179.26,113.91,190.43,166.30,228.54,158.18,217.37,105.79
178.95,113.50,189.75,164.93,227.67,156.96,216.88,105.54
176.50,113.62,192.61,165.28,231.32,153.21,215.21,101.54
182.50,106.59,185.07,163.05,221.31,161.40,218.74,104.94
177.94,103.65,175.52,156.95,217.76,158.87,220.18,105.57
172.06,104.36,221.29,104.36,221.29,153.59,172.06,153.59
171.80,103.37,221.78,103.37,221.78,153.34,171.80,153.34
169.97,101.01,220.05,101.01,220.05,151.09,169.97,151.09
168.09,98.87,218.72,98.87,218.72,149.50,168.09,149.50
165.83,96.74,220.60,96.74,220.60,151.51,165.83,151.51
162.37,97.30,216.59,97.30,216.59,151.52,162.37,151.52
162.65,94.22,218.94,94.22,218.94,150.51,162.65,150.51
162.85,92.11,219.35,92.11,219.35,148.62,162.85,148.62
161.70,91.03,218.65,91.03,218.65,147.98,161.70,147.98
159.79,89.21,222.09,89.21,222.09,151.51,159.79,151.51
158.39,86.05,222.72,86.05,222.72,150.38,158.39,150.38
151.68,101.19,178.93,162.37,227.65,140.67,200.41,79.49
159.07,89.26,214.93,89.26,214.93,145.12,159.07,145.12
157.76,90.41,213.33,90.41,213.33,145.98,157.76,145.98
158.06,90.53,211.09,90.53,211.09,143.56,158.06,143.56
161.72,95.01,162.56,148.54,200.87,147.94,200.03,94.41
163.27,91.83,158.79,147.33,196.95,150.41,201.42,94.91
163.36,90.52,156.66,143.44,193.54,148.11,200.24,95.19
161.84,92.64,158.03,147.23,193.40,149.69,197.20,95.10
159.86,94.40,160.11,148.27,197.94,148.10,197.69,94.23
159.73,95.17,159.39,148.04,197.23,148.28,197.57,95.41
159.86,93.31,158.04,145.98,196.14,147.29,197.96,94.62
163.07,89.83,151.06,142.02,185.54,149.95,197.55,97.76
162.79,91.02,150.83,143.97,184.91,151.67,196.87,98.71
163.49,90.59,148.52,142.43,181.23,151.88,196.20,100.03
174.70,84.85,146.90,136.79,172.04,150.25,199.84,98.30
177.17,83.61,144.04,134.48,169.41,151.00,202.54,100.14
176.37,82.51,142.42,134.49,168.16,151.30,202.11,99.33
175.40,82.94,143.23,136.22,168.42,151.43,200.59,98.15
175.07,82.92,143.68,135.46,169.01,150.60,200.40,98.06
176.06,81.81,144.20,135.41,169.31,150.33,201.17,96.74
176.10,81.79,144.18,134.46,173.45,152.20,205.37,99.53
176.58,81.81,144.15,135.02,173.55,152.94,205.98,99.73
181.63,81.84,140.88,128.85,165.57,150.25,206.31,103.24
181.90,83.88,141.13,131.04,164.58,151.31,205.35,104.15
179.79,84.41,141.18,131.55,164.99,151.05,203.60,103.91
177.61,83.90,140.54,129.21,166.35,150.32,203.42,105.02
182.34,82.62,141.14,130.19,165.68,151.45,206.88,103.88
181.91,83.60,141.39,131.08,166.31,152.36,206.84,104.88
181.81,84.93,142.78,132.90,168.32,153.67,207.34,105.71
182.13,86.20,141.87,132.51,166.79,154.18,207.05,107.87
181.43,86.60,142.18,132.16,166.02,152.69,205.27,107.14
177.37,81.94,136.90,126.61,166.72,153.63,207.20,108.96
171.70,82.40,136.35,127.56,173.47,156.61,208.82,111.46
170.73,87.55,140.40,131.00,174.34,154.69,204.67,111.24
145.02,92.32,196.42,92.32,196.42,143.73,145.02,143.73
176.55,78.33,134.79,117.88,162.07,146.68,203.83,107.12
185.62,76.41,135.79,112.68,156.64,141.32,206.47,105.05
166.45,83.14,134.71,122.17,167.37,148.72,199.11,109.69
170.21,81.45,134.40,118.04,163.17,146.19,198.97,109.60
164.36,85.22,134.36,123.06,164.89,147.26,194.89,109.42
142.97,97.38,188.96,97.38,188.96,143.38,142.97,143.38
142.53,97.52,188.35,97.52,188.35,143.35,142.53,143.35
160.73,84.85,134.38,127.85,170.85,150.21,197.21,107.21
160.66,84.67,132.67,128.68,168.97,151.77,196.96,107.75
159.97,84.59,131.80,127.30,167.68,150.96,195.84,108.25
140.12,93.47,188.17,93.47,188.17,141.52,140.12,141.52
176.32,80.47,133.86,116.24,157.52,144.33,199.98,108.55
175.66,81.68,133.95,116.59,157.06,144.20,198.77,109.29
169.30,81.55,131.78,119.41,159.03,146.41,196.55,108.54
170.50,81.30,133.12,118.87,159.46,145.09,196.84,107.51
173.64,81.89,133.49,118.34,157.86,145.18,198.01,108.73
164.53,84.48,132.46,124.01,164.25,149.81,196.32,110.28
167.98,84.29,132.24,121.22,160.46,148.53,196.19,111.60
175.06,84.33,133.98,116.66,157.27,146.25,198.35,113.91
175.21,83.44,133.21,116.79,156.82,146.52,198.82,113.17
173.53,83.03,131.55,117.22,155.39,146.49,197.37,112.30
175.34,83.11,133.38,115.79,155.49,144.18,197.45,111.51
172.72,82.21,132.66,114.43,156.92,144.59,196.98,112.38
173.38,82.61,133.78,113.49,157.11,143.42,196.72,112.53
170.55,84.22,133.99,118.71,159.99,146.27,196.55,111.78
173.74,83.36,133.59,114.97,157.20,144.97,197.36,113.36
175.66,83.57,134.25,113.36,156.67,144.54,198.09,114.75
173.70,83.64,133.95,114.57,157.75,145.15,197.50,114.22
180.43,85.63,134.58,113.22,154.04,145.55,199.88,117.95
176.97,85.06,131.92,117.66,153.39,147.33,198.44,114.72
171.21,84.56,134.42,118.02,160.42,146.61,197.21,113.14
170.41,84.68,134.02,118.96,160.84,147.44,197.24,113.16
172.64,84.57,131.39,119.99,156.65,149.42,197.91,113.99
167.32,84.98,131.07,126.46,161.23,152.81,197.48,111.33
179.09,81.51,130.18,120.50,154.21,150.66,203.13,111.68
180.25,79.63,133.43,117.02,162.59,153.53,209.41,116.14
178.12,79.52,134.27,121.00,166.73,155.31,210.57,113.83
187.91,81.35,134.29,105.70,151.87,144.41,205.49,120.05
188.90,83.41,134.80,109.55,151.94,145.01,206.03,118.88
189.75,82.83,133.26,107.68,149.70,145.06,206.19,120.21
199.94,90.00,148.56,89.26,147.93,132.43,199.31,133.17
197.77,86.11,143.45,91.84,148.16,136.51,202.49,130.77
198.14,84.74,142.99,91.33,148.49,137.31,203.63,130.72
196.06,82.53,140.55,93.10,149.04,137.71,204.55,127.15
195.04,81.97,140.21,94.09,150.23,139.45,205.07,127.32
207.27,95.19,156.76,81.60,146.70,118.98,197.21,132.57
205.04,93.87,155.92,81.53,146.52,118.93,195.64,131.27
206.00,94.05,155.47,81.03,145.86,118.32,196.40,131.34
204.14,91.04,154.08,81.27,146.44,120.39,196.51,130.16
204.57,91.36,153.28,81.53,146.10,119.00,197.39,128.83
200.22,85.51,147.48,85.31,147.33,126.61,200.06,126.81
203.64,87.40,150.88,81.95,146.62,123.12,199.38,128.58
203.09,86.72,150.16,81.12,145.80,122.34,198.72,127.94
204.91,86.92,149.45,81.61,145.55,122.38,201.01,127.69
204.91,88.61,151.87,79.07,145.02,117.11,198.07,126.65
207.44,92.16,152.45,77.29,142.53,114.01,197.52,128.87
201.56,82.34,143.88,85.02,145.82,126.80,203.51,124.11
201.88,83.93,144.24,82.73,143.38,123.98,201.02,125.18
204.66,85.55,147.04,78.84,142.36,119.06,199.98,125.77
202.14,82.89,145.61,81.00,144.26,121.45,200.79,123.34
202.77,82.81,145.11,81.37,144.09,122.64,201.74,124.08
203.54,82.97,146.26,79.04,143.51,119.20,200.78,123.13
201.81,83.00,147.83,79.64,145.32,119.94,199.30,123.31
201.57,81.72,145.42,81.89,145.54,122.62,201.69,122.45
201.71,81.45,145.49,82.64,146.35,123.23,202.57,122.04
205.64,84.25,147.49,79.35,144.16,118.91,202.31,123.81
205.57,84.34,147.36,80.78,145.03,118.95,203.23,122.51
206.13,86.17,148.00,78.71,143.11,116.80,201.24,124.26
204.59,81.51,146.00,82.85,146.97,125.18,205.57,123.83
205.26,82.78,145.52,82.26,145.16,124.31,204.89,124.83
203.64,78.69,144.39,85.73,149.81,131.31,209.06,124.26
202.20,77.84,141.86,86.99,149.05,134.40,209.38,125.26
201.99,77.16,141.51,86.28,148.74,134.26,209.22,125.15
200.71,77.92,142.19,87.34,149.85,134.90,208.37,125.48
201.81,78.78,144.17,83.85,148.37,131.47,206.00,126.40
201.27,78.49,143.70,85.77,149.67,132.92,207.24,125.63
204.96,85.05,149.51,81.12,146.56,122.74,202.01,126.67
203.11,85.35,147.99,80.90,144.70,121.72,199.81,126.16
203.88,84.56,148.38,83.47,147.56,125.36,203.06,126.45
203.07,82.63,147.02,84.71,148.66,128.93,204.71,126.86
204.21,83.64,148.06,84.94,149.06,128.25,205.21,126.96
204.18,84.96,147.80,87.18,149.43,128.74,205.82,126.52
210.76,92.75,152.71,83.43,146.15,124.30,204.20,133.62
210.02,93.07,153.87,82.15,145.68,124.23,201.83,135.15
207.29,88.23,152.95,81.97,147.84,126.24,202.19,132.50
209.17,88.76,152.82,82.32,147.60,127.97,203.96,134.41
207.86,87.91,152.02,83.68,148.65,128.10,204.50,132.33
210.00,90.95,152.46,82.84,146.48,125.20,204.02,133.32
209.22,91.02,153.74,83.65,148.21,125.26,203.69,132.63
209.53,90.58,152.74,85.56,149.08,127.03,205.87,132.04
207.53,88.05,151.37,86.20,149.95,129.42,206.11,131.27
209.62,92.39,154.16,84.98,148.41,127.97,203.87,135.39
207.39,90.35,154.56,86.35,151.42,127.83,204.25,131.83
207.82,86.99,151.33,87.79,151.91,128.77,208.40,127.97
205.82,86.56,150.86,89.15,152.81,130.47,207.77,127.88
204.45,85.37,151.99,87.10,153.40,129.91,205.86,128.18
202.97,84.24,149.32,90.85,154.41,132.11,208.06,125.50
155.97,84.29,204.77,84.29,204.77,133.09,155.97,133.09
150.46,81.10,204.82,81.10,204.82,135.45,150.46,135.45
150.46,82.82,204.68,82.82,204.68,137.04,150.46,137.04
149.69,82.66,205.01,82.66,205.01,137.98,149.69,137.98
153.26,84.34,205.47,84.34,205.47,136.55,153.26,136.55
152.10,84.28,205.35,84.28,205.35,137.53,152.10,137.53
151.83,84.10,206.84,84.10,206.84,139.11,151.83,139.11
152.74,83.50,205.67,83.50,205.67,136.42,152.74,136.42
153.47,82.77,206.16,82.77,206.16,135.46,153.47,135.46
210.51,91.75,152.86,89.13,151.08,128.31,208.73,130.93
209.90,89.11,151.07,89.58,151.39,129.17,210.22,128.70
213.54,92.23,154.38,87.75,151.42,126.79,210.58,131.27
216.76,89.10,154.87,84.13,151.41,127.11,213.31,132.09
219.13,92.93,156.38,83.36,150.12,124.46,212.86,134.03
221.07,95.95,156.57,88.47,152.23,125.85,216.73,133.33
220.58,95.22,158.01,88.73,154.28,124.69,216.84,131.18
220.03,95.53,159.59,87.61,154.74,124.59,215.18,132.52
221.67,98.89,162.63,87.45,155.87,122.34,214.91,133.78
217.90,94.19,161.69,88.19,157.74,125.26,213.95,131.26
217.49,92.39,157.04,88.76,154.70,127.71,215.15,131.34
218.90,92.65,154.18,86.59,150.60,124.79,215.32,130.86
221.62,93.87,155.08,82.54,148.68,120.10,215.23,131.43
225.81,100.87,180.96,78.41,165.00,110.28,209.85,132.74
226.39,96.66,180.60,77.92,166.65,112.01,212.44,130.75
177.18,86.05,219.94,86.05,219.94,128.81,177.18,128.81
178.20,86.34,220.47,86.34,220.47,128.61,178.20,128.61
229.35,100.79,187.49,79.11,172.60,107.86,214.46,129.54
232.24,103.63,191.60,79.28,175.14,106.76,215.78,131.10
231.22,109.66,197.65,81.02,177.95,104.11,211.53,132.75
237.71,113.68,200.59,80.57,180.29,103.33,217.41,136.44
237.61,114.73,202.53,81.25,182.47,102.25,217.55,135.74
236.78,116.69,203.73,82.55,184.56,101.10,217.62,135.25
236.20,118.16,207.23,82.56,186.45,99.47,215.42,135.07
236.95,124.14,209.24,82.79,186.26,98.19,213.98,139.54
236.46,125.48,211.85,82.61,189.58,95.40,214.19,138.27
191.76,91.99,208.79,136.11,232.14,127.10,215.11,82.98
195.43,89.98,209.56,136.35,232.91,129.24,218.78,82.87
197.07,88.28,210.79,136.84,231.63,130.95,217.91,82.40
200.23,87.61,213.80,136.31,230.87,131.56,217.31,82.86
202.91,88.25,217.20,139.39,232.57,135.10,218.29,83.96
204.48,86.88,216.15,139.08,231.75,135.59,220.07,83.39
203.66,88.26,216.88,139.99,233.82,135.66,220.60,83.93
203.36,88.13,217.59,142.53,235.19,137.92,220.97,83.53
206.01,86.71,216.99,143.36,234.24,140.01,223.26,83.37
206.21,85.18,215.85,144.12,234.05,141.14,224.41,82.20
204.70,86.30,215.72,143.00,233.89,139.47,222.88,82.76
204.58,85.25,216.07,144.27,233.76,140.83,222.27,81.81
204.95,85.36,215.17,144.46,236.39,140.79,226.17,81.69
238.87,140.13,219.11,80.45,201.31,86.35,221.07,146.03
206.66,96.57,219.32,146.96,237.84,142.31,225.18,91.92
207.56,97.22,217.11,146.79,236.88,142.98,227.33,93.41
208.14,97.92,215.69,146.33,236.22,143.13,228.67,94.72
206.85,98.86,212.18,146.39,235.08,143.82,229.75,96.29
208.24,98.40,210.46,146.30,234.15,145.21,231.94,97.30
207.54,99.23,207.83,146.34,233.38,146.18,233.08,99.07
205.19,99.99,206.86,150.88,233.69,150.00,232.02,99.11
204.97,101.17,204.77,151.19,232.70,151.31,232.90,101.28
199.56,101.69,198.03,155.61,231.54,156.56,233.07,102.64
201.34,100.29,194.35,154.05,228.03,158.43,235.02,104.67
202.17,100.66,193.67,154.77,227.47,160.08,235.97,105.97
198.67,103.64,194.53,156.67,228.55,159.33,232.69,106.30
198.05,105.63,196.48,158.27,229.66,159.26,231.23,106.62
198.79,106.46,195.12,158.72,227.64,161.00,231.30,108.74
207.84,104.45,194.70,154.45,223.15,161.92,236.28,111.92
206.64,107.21,196.92,156.69,224.58,162.13,234.30,112.64
206.66,107.16,195.49,153.07,222.90,159.73,234.07,113.83
200.88,109.80,195.24,158.37,225.92,161.94,231.57,113.37
199.21,111.69,195.02,162.39,226.64,165.01,230.83,114.31
200.17,108.30,191.07,155.52,221.64,161.41,230.74,114.20
200.08,109.74,190.30,154.88,220.93,161.52,230.71,116.37
206.82,105.64,183.73,151.22,212.05,165.57,235.14,119.99
205.55,106.22,182.35,152.38,211.60,167.08,234.80,120.92
205.76,106.67,182.99,150.38,210.64,164.79,233.42,121.08
204.09,106.94,184.50,154.05,212.76,165.81,232.36,118.69
202.91,107.02,186.10,159.40,219.56,170.13,236.36,117.76
201.43,106.82,185.86,160.75,220.26,170.68,235.82,116.75
199.51,106.07,184.94,162.66,223.86,172.68,238.43,116.09
198.52,105.79,183.08,162.51,224.54,173.80,239.99,117.08
198.29,105.94,181.46,163.54,224.16,176.02,240.99,118.42
210.61,109.26,182.25,141.14,208.98,164.92,237.34,133.04
210.63,109.17,184.28,142.50,208.95,162.01,235.30,128.67
213.41,108.25,181.01,137.43,202.89,161.73,235.29,132.55
213.44,108.03,182.06,138.63,204.73,161.88,236.11,131.29
212.50,106.18,179.97,137.42,203.66,162.08,236.19,130.85
186.77,111.93,227.59,111.93,227.59,152.75,186.77,152.75
184.50,112.48,223.95,112.48,223.95,151.92,184.50,151.92
185.24,112.40,225.61,112.40,225.61,152.77,185.24,152.77
184.29,111.76,224.20,111.76,224.20,151.68,184.29,151.68
184.38,112.04,223.58,112.04,223.58,151.24,184.38,151.24
183.30,111.64,222.96,111.64,222.96,151.30,183.30,151.30
180.49,109.48,225.29,109.48,225.29,154.28,180.49,154.28
181.04,109.30,225.73,109.30,225.73,153.99,181.04,153.99
179.90,107.83,226.08,107.83,226.08,154.00,179.90,154.00
178.28,106.02,227.06,106.02,227.06,154.81,178.28,154.81
180.47,107.72,223.96,107.72,223.96,151.21,180.47,151.21
230.72,108.48,175.42,105.65,173.07,151.61,228.37,154.44
221.43,104.10,171.10,115.81,179.59,152.34,229.93,140.64
222.77,105.16,170.62,114.48,177.12,150.86,229.27,141.54
225.99,107.50,169.79,111.43,172.40,148.85,228.61,144.92
226.37,109.10,168.94,111.27,170.21,144.89,227.64,142.72
224.79,108.07,166.98,111.12,168.79,145.41,226.60,142.36
224.14,108.52,165.48,111.43,167.11,144.35,225.77,141.44
221.88,107.99,164.74,112.04,167.12,145.65,224.26,141.61
221.25,107.22,163.36,111.73,166.31,149.55,224.19,145.04
219.42,107.70,162.13,113.35,165.82,150.77,223.11,145.12
217.22,107.56,160.71,113.83,164.61,149.00,221.13,142.73
215.02,105.21,159.28,114.12,164.73,148.23,220.47,139.32
214.81,105.65,158.48,113.58,163.11,146.41,219.43,138.47
214.01,104.41,158.31,112.69,163.60,148.31,219.30,140.03
200.65,101.71,156.65,115.45,167.75,151.02,211.76,137.28
203.52,103.68,156.92,113.66,164.44,148.76,211.04,138.78
202.45,101.15,155.83,114.02,165.44,148.83,212.07,135.96
204.16,100.17,154.89,111.31,162.99,147.16,212.26,136.03
205.54,104.30,154.86,105.74,155.94,143.59,206.62,142.15
206.92,104.87,155.86,103.44,154.78,142.14,205.84,143.57
205.41,96.94,153.66,106.38,160.79,145.47,212.54,136.04
205.72,96.52,154.05,112.30,164.63,146.96,216.30,131.18
208.57,97.60,153.65,110.62,162.10,146.26,217.01,133.24
207.94,96.56,154.74,109.78,163.54,145.19,216.74,131.97
200.99,97.84,153.32,108.81,161.71,145.27,209.37,134.30
204.88,95.80,153.39,109.77,162.84,144.62,214.33,130.65
204.90,95.90,154.03,109.42,163.18,143.87,214.06,130.35
203.05,93.81,152.72,110.50,163.71,143.61,214.03,126.92
195.58,97.04,152.73,109.21,162.43,143.38,205.29,131.20
197.31,97.51,152.85,108.21,161.25,143.12,205.71,132.43
198.85,98.55,153.86,108.18,160.83,140.74,205.82,131.11
192.31,94.87,152.89,113.43,166.44,142.19,205.86,123.63
190.43,93.89,154.35,115.04,168.96,139.97,205.05,118.82
184.79,93.67,153.12,119.30,171.67,142.22,203.34,116.59
182.75,92.75,153.84,118.56,174.12,141.27,203.03,115.46
159.00,97.65,195.87,97.65,195.87,134.52,159.00,134.52
175.99,91.93,151.59,120.95,175.29,140.87,199.68,111.84
175.67,91.15,148.81,117.60,170.51,139.64,197.37,113.19
169.08,90.51,145.17,122.54,170.80,141.67,194.71,109.63
168.69,91.88,146.60,125.19,170.68,141.16,192.77,107.86
167.01,92.79,147.24,127.74,169.87,140.54,189.63,105.59
166.90,93.88,147.76,129.95,167.58,140.47,186.72,104.40
166.00,90.40,149.67,130.83,168.83,138.57,185.16,98.13
165.99,89.58,146.53,131.03,166.94,140.61,186.40,99.17
166.75,88.44,140.78,128.68,158.17,139.91,184.15,99.67
172.46,81.75,138.29,127.23,157.22,141.44,191.38,95.96
171.49,79.87,136.01,127.37,156.10,142.37,191.57,94.87
153.03,91.75,139.78,133.57,162.48,140.76,175.73,98.94
160.82,90.45,135.73,130.94,157.12,144.19,182.21,103.70
160.87,90.77,134.30,129.19,153.31,142.33,179.88,103.91
160.45,90.14,133.54,130.03,151.05,141.84,177.96,101.95
157.80,90.82,131.37,129.17,150.51,142.36,176.94,104.01
155.84,90.50,129.74,128.50,149.74,142.24,175.84,104.24
155.80,89.92,126.14,128.56,146.47,144.17,176.13,105.52
153.56,92.53,125.97,130.61,147.12,145.92,174.70,107.84
151.58,92.32,124.35,130.37,145.82,145.73,173.05,107.68
147.60,94.01,123.66,132.22,144.90,145.52,168.84,107.31
145.55,94.13,121.40,132.02,143.02,145.80,167.17,107.91
144.46,93.14,119.78,133.01,141.65,146.55,166.33,106.68
140.90,93.25,118.02,133.76,141.02,146.75,163.90,106.24
141.42,93.17,117.57,134.22,139.55,146.99,163.40,105.95
137.59,95.44,115.60,132.77,138.82,146.45,160.81,109.12
135.61,96.29,115.57,134.25,139.35,146.81,159.39,108.85
136.70,97.89,117.33,136.27,139.54,147.48,158.91,109.11
137.33,95.87,116.41,134.07,136.80,145.23,157.72,107.04
134.74,96.62,116.72,135.63,138.69,145.78,156.70,106.77
133.54,97.05,117.77,138.21,143.25,147.97,159.02,106.81
130.37,94.39,118.51,138.79,148.95,146.92,160.81,102.52
131.63,92.29,115.07,138.00,142.65,147.99,159.22,102.29
130.74,91.84,113.24,135.72,139.71,146.29,157.22,102.41
128.68,89.49,113.46,138.70,141.36,147.34,156.59,98.12
132.06,88.50,107.10,131.63,136.35,148.55,161.30,105.42
129.92,87.63,106.63,133.28,134.77,147.64,158.06,101.98
121.17,87.55,109.27,137.82,143.39,145.90,155.29,95.63
127.64,89.04,107.15,134.11,136.98,147.67,157.47,102.61
127.19,87.44,106.57,133.59,136.00,146.74,156.62,100.59
117.05,84.92,102.67,135.39,139.04,145.75,153.42,95.28
110.75,87.67,105.25,137.43,142.91,141.60,148.41,91.84
131.70,89.08,99.81,122.85,127.98,149.45,159.87,115.67
105.38,95.98,150.39,95.98,150.39,140.99,105.38,140.99
104.45,95.04,150.46,95.04,150.46,141.05,104.45,141.05
104.15,95.59,151.54,95.59,151.54,142.98,104.15,142.98
102.04,94.89,151.60,94.89,151.60,144.45,102.04,144.45
100.96,96.29,149.65,96.29,149.65,144.98,100.96,144.98
100.14,97.80,147.62,97.80,147.62,145.28,100.14,145.28
97.88,96.08,147.09,96.08,147.09,145.29,97.88,145.29
97.73,95.64,147.95,95.64,147.95,145.86,97.73,145.86
139.41,87.06,83.56,111.91,102.94,155.45,158.78,130.60
140.31,85.64,82.49,106.61,99.80,154.33,157.61,133.36
140.48,84.96,83.69,106.62,101.47,153.23,158.26,131.56
92.46,97.29,142.29,97.29,142.29,147.12,92.46,147.12
130.06,90.19,82.11,118.39,104.71,156.80,152.65,128.59
130.21,90.08,80.72,121.27,103.40,157.26,152.89,126.08
129.77,90.01,79.73,120.81,102.09,157.15,152.14,126.35
122.39,83.43,82.94,126.74,112.69,153.84,152.14,110.52
128.90,86.68,78.55,122.25,102.08,155.54,152.42,119.96
113.36,78.43,78.55,128.21,112.88,152.22,147.69,102.44
115.55,79.05,79.02,127.81,111.50,152.14,148.03,103.39
119.42,84.30,76.22,122.45,104.79,154.79,147.98,116.64
111.58,82.35,75.01,127.84,107.75,154.17,144.32,108.68
118.05,86.00,71.83,121.38,98.25,155.88,144.46,120.49
117.46,83.21,71.58,122.88,100.40,156.21,146.28,116.54
112.21,84.07,68.04,129.10,96.93,157.43,141.10,112.40
106.65,85.16,67.05,129.28,98.75,157.74,138.36,113.62
73.69,102.33,120.35,102.33,120.35,148.98,73.69,148.98
70.82,101.92,117.50,101.92,117.50,148.60,70.82,148.60
68.98,102.31,116.59,102.31,116.59,149.92,68.98,149.92
67.38,102.38,113.99,102.38,113.99,149.00,67.38,149.00
63.94,102.76,111.42,102.76,111.42,150.25,63.94,150.25
64.20,103.77,112.70,103.77,112.70,152.27,64.20,152.27
86.45,94.22,52.47,135.16,87.10,163.89,121.07,122.96
58.38,104.06,106.87,104.06,106.87,152.56,58.38,152.56
57.96,105.35,107.78,105.35,107.78,155.17,57.96,155.17
58.72,104.53,107.73,104.53,107.73,153.54,58.72,153.54
58.84,105.49,106.99,105.49,106.99,153.64,58.84,153.64
57.50,106.86,105.13,106.86,105.13,154.49,57.50,154.49
55.31,106.87,104.14,106.87,104.14,155.69,55.31,155.69
53.28,104.97,103.09,104.97,103.09,154.79,53.28,154.79
77.78,93.88,42.30,135.09,76.38,164.43,111.86,123.22
50.15,103.96,98.54,103.96,98.54,152.35,50.15,152.35
63.52,88.36,42.09,141.95,83.80,158.62,105.22,105.03
61.72,86.52,40.49,141.51,81.65,157.39,102.88,102.41
67.04,85.62,39.59,138.68,77.38,158.23,104.83,105.16
72.87,87.40,37.83,132.06,71.68,158.62,106.72,113.96
46.98,106.30,87.84,106.30,87.84,147.16,46.98,147.16
78.12,98.38,39.23,121.62,56.93,151.25,95.82,128.01
74.14,95.99,37.28,126.07,58.96,152.64,95.82,122.56
66.79,92.45,39.44,134.64,68.17,153.26,95.51,111.06
59.49,88.96,38.18,135.56,68.17,149.27,89.47,102.67
53.36,92.49,41.61,143.51,70.63,150.20,82.39,99.17
48.76,91.88,36.74,143.05,68.23,150.44,80.25,99.27
46.43,95.73,35.77,143.42,67.69,150.55,78.35,102.86
43.33,101.71,37.86,148.84,70.72,152.65,76.18,105.52
40.77,103.86,42.10,154.26,74.98,153.39,73.65,102.99
44.16,101.53,35.17,149.63,71.75,156.47,80.74,108.38
43.25,100.60,37.13,155.69,72.17,159.58,78.29,104.49
45.70,99.37,41.33,157.13,73.12,159.54,77.49,101.78
45.35,105.63,47.01,161.80,77.41,160.90,75.74,104.73
45.16,104.42,44.04,161.66,73.97,162.25,75.10,105.01
46.60,104.98,47.58,164.33,76.00,163.86,75.02,104.51
45.17,108.00,51.17,167.06,78.86,164.25,72.86,105.19
44.85,108.90,49.56,167.76,79.16,165.39,74.45,106.53
42.76,109.54,47.93,170.38,80.48,167.62,75.32,106.77
44.90,110.04,46.88,171.38,79.30,170.33,77.32,108.99
43.16,112.00,48.08,175.17,79.03,172.76,74.11,109.59
45.33,111.31,45.93,177.69,77.94,177.40,77.34,111.02
48.67,115.12,41.28,178.34,74.31,182.20,81.70,118.98
48.19,116.89,38.79,179.74,75.49,185.23,84.90,122.38
43.71,122.82,39.33,179.16,78.53,182.21,82.90,125.86
47.52,123.43,35.57,180.46,75.81,188.89,87.76,131.87
44.74,123.65,35.60,181.61,73.51,187.59,82.66,129.64
56.96,119.93,19.07,171.54,56.51,199.02,94.39,147.41
47.55,123.92,26.86,182.33,67.48,196.72,88.18,138.32
51.89,123.16,21.02,179.74,58.22,200.03,89.08,143.44
44.70,125.24,26.88,183.80,66.10,195.73,83.92,137.17
47.56,124.78,22.82,180.77,62.42,198.27,87.17,142.29
54.26,126.51,16.17,170.43,51.68,201.23,89.77,157.31
52.73,129.09,20.01,174.33,56.96,201.06,89.68,155.81
50.47,129.49,20.75,178.01,59.85,201.96,89.56,153.43
38.79,127.42,23.09,184.81,69.94,197.63,85.65,140.24
29.34,142.96,82.88,142.96,82.88,196.49,29.34,196.49
26.72,143.38,82.26,143.38,82.26,198.92,26.72,198.92
22.14,142.25,32.93,198.28,80.28,189.16,69.50,133.14
30.83,148.64,83.07,148.64,83.07,200.88,30.83,200.88
32.68,148.13,86.55,148.13,86.55,202.00,32.68,202.00
37.22,147.02,90.07,147.02,90.07,199.87,37.22,199.87
31.44,144.69,80.08,144.69,80.08,193.33,31.44,193.33
34.38,150.52,81.97,150.52,81.97,198.11,34.38,198.11
34.87,148.10,84.54,148.10,84.54,197.77,34.87,197.77
55.21,136.08,22.03,184.24,61.58,211.49,94.76,163.33
64.73,136.04,23.70,177.56,55.53,209.01,96.56,167.48
64.43,135.53,24.25,179.15,57.46,209.74,97.64,166.13
61.09,134.70,25.41,179.90,63.02,209.59,98.70,164.38
40.28,155.65,87.21,155.65,87.21,202.57,40.28,202.57
86.29,153.48,35.23,162.60,42.87,205.33,93.92,196.21
87.44,153.04,35.53,161.91,43.03,205.84,94.94,196.98
40.87,155.35,90.05,155.35,90.05,204.53,40.87,204.53
80.40,142.76,29.35,171.35,52.70,213.04,103.75,184.45
42.51,158.86,90.58,158.86,90.58,206.92,42.51,206.92
40.39,149.17,94.88,149.17,94.88,203.65,40.39,203.65
40.70,149.60,96.48,149.60,96.48,205.38,40.70,205.38
41.85,156.74,90.95,156.74,90.95,205.84,41.85,205.84
43.60,153.53,95.74,153.53,95.74,205.67,43.60,205.67
45.22,157.61,92.69,157.61,92.69,205.09,45.22,205.09
40.73,151.67,97.21,151.67,97.21,208.14,40.73,208.14
41.85,152.06,98.50,152.06,98.50,208.71,41.85,208.71
39.54,175.63,59.57,216.12,109.81,191.27,89.78,150.78
53.49,157.72,102.62,157.72,102.62,206.85,53.49,206.85
53.75,160.34,103.72,160.34,103.72,210.31,53.75,210.31
54.00,162.53,104.59,162.53,104.59,213.12,54.00,213.12
55.37,161.52,106.59,161.52,106.59,212.75,55.37,212.75
57.55,162.15,107.62,162.15,107.62,212.22,57.55,212.22
59.77,161.42,104.15,161.42,104.15,205.79,59.77,205.79
106.33,157.34,54.47,169.28,63.93,210.40,115.80,198.46
61.24,159.83,109.69,159.83,109.69,208.28,61.24,208.28
64.91,161.89,110.26,161.89,110.26,207.25,64.91,207.25
67.67,164.95,111.18,164.95,111.18,208.46,67.67,208.46
66.50,158.80,113.54,158.80,113.54,205.85,66.50,205.85
70.49,163.67,112.69,163.67,112.69,205.87,70.49,205.87
68.19,163.84,67.99,205.49,118.26,205.72,118.46,164.08
72.83,162.87,117.75,162.87,117.75,207.78,72.83,207.78
67.51,171.51,78.64,209.66,127.63,195.36,116.49,157.21
68.79,155.88,119.75,155.88,119.75,206.84,68.79,206.84
73.62,155.73,122.90,155.73,122.90,205.01,73.62,205.01
62.42,173.52,87.20,213.73,135.62,183.88,110.84,143.67
90.97,155.69,75.61,202.02,110.85,213.70,126.21,167.37
92.39,155.89,80.51,202.84,113.79,211.25,125.66,164.30
97.65,150.12,72.84,197.85,106.03,215.10,130.84,167.37
101.89,151.71,75.60,197.30,105.31,214.44,131.60,168.85
102.48,152.66,77.00,198.57,107.81,215.67,133.29,169.77
101.59,151.07,78.57,198.59,110.97,214.29,133.99,166.77
98.00,151.73,82.79,201.61,117.38,212.16,132.60,162.28
101.86,151.42,81.68,199.45,117.09,214.33,137.27,166.29
102.14,151.03,84.85,200.93,121.36,213.59,138.66,163.69
101.05,150.33,82.15,198.75,120.69,213.79,139.59,165.37
105.69,150.80,81.37,195.55,118.23,215.58,142.55,170.82
106.05,151.49,83.27,195.79,117.49,213.39,140.28,169.09
105.45,149.83,82.93,199.36,120.16,216.28,142.67,166.75
86.97,156.68,137.61,156.68,137.61,207.32,86.97,207.32
87.88,158.33,134.46,158.33,134.46,204.91,87.88,204.91
91.45,160.98,134.48,160.98,134.48,204.01,91.45,204.01
118.22,150.44,74.74,193.83,105.02,224.18,148.50,180.79
119.37,154.41,73.65,186.12,97.86,221.03,143.58,189.32
126.04,156.41,73.79,178.72,90.77,218.50,143.03,196.19
138.70,158.81,71.33,171.41,79.19,213.43,146.56,200.82
96.42,162.99,143.79,162.99,143.79,210.36,96.42,210.36
99.12,160.57,147.93,160.57,147.93,209.39,99.12,209.39
102.31,160.76,155.16,160.76,155.16,213.61,102.31,213.61
107.90,166.24,158.70,166.24,158.70,217.04,107.90,217.04
121.57,166.77,168.89,166.77,168.89,214.09,121.57,214.09
119.67,164.89,174.95,164.89,174.95,220.18,119.67,220.18
121.50,165.35,176.22,165.35,176.22,220.07,121.50,220.07
190.78,196.42,149.84,154.46,115.84,187.64,156.77,229.60
129.60,169.74,185.22,169.74,185.22,225.35,129.60,225.35
200.67,172.54,141.92,181.85,149.11,227.23,207.86,217.92
159.78,177.32,209.14,177.32,209.14,226.68,159.78,226.68
164.76,177.02,214.14,177.02,214.14,226.40,164.76,226.40
168.97,178.67,219.52,178.67,219.52,229.22,168.97,229.22
232.22,195.63,180.99,176.07,164.85,218.32,216.09,237.88
183.88,183.72,230.66,183.72,230.66,230.51,183.88,230.51
189.46,184.48,234.94,184.48,234.94,229.96,189.46,229.96
194.15,182.46,240.68,182.46,240.68,228.99,194.15,228.99
199.44,186.17,245.22,186.17,245.22,231.95,199.44,231.95
204.12,184.54,250.03,184.54,250.03,230.45,204.12,230.45
208.97,185.35,255.57,185.35,255.57,231.95,208.97,231.95
243.20,174.16,199.61,197.17,218.61,233.15,262.19,210.14
209.50,184.05,256.43,184.05,256.43,230.98,209.50,230.98
223.14,187.55,269.94,187.55,269.94,234.35,223.14,234.35
255.24,173.33,212.45,199.63,233.69,234.18,276.47,207.88
233.92,186.79,278.87,186.79,278.87,231.74,233.92,231.74
285.71,205.26,237.24,189.48,225.50,225.52,273.97,241.30
241.15,182.77,287.84,182.77,287.84,229.47,241.15,229.47
243.34,186.93,233.08,229.89,286.20,242.58,296.46,199.62
301.14,184.85,241.97,191.50,246.76,234.06,305.92,227.42
302.01,179.16,245.26,194.01,255.80,234.25,312.54,219.39
293.19,170.26,242.44,197.25,262.69,235.34,313.45,208.36
301.78,188.30,250.98,192.15,254.17,234.22,304.97,230.37
304.29,184.46,254.32,195.06,263.00,236.01,312.98,225.40
300.60,179.06,256.22,200.30,273.67,236.75,318.04,215.50
307.55,181.06,260.54,199.04,275.35,237.75,322.36,219.77
300.76,178.24,261.50,205.82,283.83,237.60,323.08,210.02
309.59,177.80,265.46,202.03,285.30,238.17,329.43,213.94
320.15,181.59,271.49,198.99,285.72,238.78,334.38,221.38
329.90,190.80,275.65,195.70,279.34,236.58,333.59,231.68
333.62,190.01,275.67,196.24,280.01,236.65,337.96,230.42
337.02,190.61,279.14,197.26,283.91,238.69,341.78,232.04
341.88,193.35,283.53,193.87,283.90,235.62,342.25,235.11
345.44,189.95,287.08,194.91,290.78,238.53,349.14,233.57
348.77,189.55,290.08,196.41,295.16,239.91,353.85,233.05
350.08,185.45,293.36,198.54,303.19,241.15,359.91,228.06
353.43,193.11,297.55,196.76,300.35,239.64,356.24,235.99
354.19,187.28,300.66,197.52,309.13,241.80,362.66,231.57
357.49,187.59,303.77,198.83,312.94,242.66,366.66,231.42
359.33,185.07,307.38,198.45,317.29,236.91,369.24,223.53
315.99,189.68,368.32,189.68,368.32,242.01,315.99,242.01
