1
387.878174,181.308319,108.016144,139.738693
388.739624,185.313919,108.689209,140.741104
391.134552,180.277100,109.066734,141.315308
390.057281,179.225571,110.286957,142.921921
390.057281,179.225571,110.286957,142.921921
393.743134,179.929886,107.543060,139.406509
393.415283,179.024796,108.198105,140.107971
393.465790,181.990234,106.139893,137.521957
399.651917,176.269165,107.217804,138.647446
399.651917,176.269165,107.217804,138.647446
398.378052,178.652893,106.549187,138.173538
394.478271,176.495087,110.821526,143.796646
400.212646,181.664505,105.449837,136.972702
396.074158,178.192627,107.814392,139.682617
400.854462,177.922684,109.468163,141.773071
398.113312,179.606873,105.988724,137.148483
398.653503,182.702545,107.081253,138.961823
398.653503,182.702545,107.081253,138.961823
396.570587,182.965057,106.743286,138.481461
399.050629,187.348129,105.201988,136.679581
402.458130,183.937210,106.464951,138.061401
402.338837,186.114777,104.946747,135.898987
402.338837,186.114777,104.946747,135.898987
402.338837,186.114777,104.946747,135.898987
402.338837,186.114777,104.946747,135.898987
402.338837,186.114777,104.946747,135.898987
399.875244,188.751251,104.830383,135.670471
405.032715,182.550385,104.936638,135.284607
397.860504,184.048294,110.557579,143.691391
398.481110,185.320999,107.362442,138.942230
399.493561,183.140625,109.642448,141.282745
399.493561,183.140625,109.642448,141.282745
405.103943,183.797974,104.358376,135.722626
404.565582,189.027786,106.169258,137.105133
401.588013,183.763123,107.538200,138.709824
400.847717,185.507401,107.662964,140.220306
403.498871,184.284134,104.317970,134.682266
403.498871,184.284134,104.317970,134.682266
406.184082,184.878113,105.285797,135.901352
406.184082,184.878113,105.285797,135.901352
409.912750,184.652557,104.122917,135.472656
409.517914,185.924057,100.435471,129.978699
409.517914,185.924057,100.435471,129.978699
409.517914,185.924057,100.435471,129.978699
405.515839,184.119690,104.930328,136.030869
405.515839,184.119690,104.930328,136.030869
405.515839,184.119690,104.930328,136.030869
410.223694,185.697754,101.103485,130.739883
415.374542,185.053909,99.259064,128.201782
415.374542,185.053909,99.259064,128.201782
411.964264,178.513321,106.749779,137.904953
410.771362,185.816010,99.543884,128.550232
413.204681,185.906067,102.193298,132.311020
411.614349,179.655930,107.818512,140.032425
411.614349,179.655930,107.818512,140.032425
418.916443,184.021530,96.685928,125.010185
417.174316,184.218353,103.214302,132.948318
417.613586,179.647415,100.718788,129.899582
419.403320,182.318237,102.051041,131.978180
419.403320,182.318237,102.051041,131.978180
429.173950,187.002457,96.812042,124.491295
429.173950,187.002457,96.812042,124.491295
424.386444,187.712341,97.513763,125.358749
429.642303,188.941498,100.575462,130.918930
429.642303,188.941498,100.575462,130.918930
431.559692,187.574921,99.144897,128.139526
420.346405,177.688797,102.071991,131.883591
422.802734,176.683701,101.434753,132.197495
423.167816,182.443924,101.225212,130.660446
427.299072,183.206451,98.267189,127.122398
427.299072,183.206451,98.267189,127.122398
420.533295,180.862396,100.684097,130.253479
422.814728,185.549637,101.000328,130.552612
423.466888,186.133087,96.944130,124.997948
423.741577,189.873749,97.091148,125.871010
427.163086,187.801895,97.226288,126.054115
420.042236,187.542374,100.259743,129.795532
426.046478,186.846283,103.208679,133.025299
433.477112,188.227310,102.314049,132.239334
429.635437,181.421341,107.049065,139.619293
427.971344,188.838959,100.001556,128.597351
419.176178,186.675293,104.270836,134.390381
427.675018,191.175751,99.823036,128.719055
425.258087,190.867706,101.531738,130.647491
426.126007,188.044479,103.730003,133.494095
425.129639,187.097397,104.999191,135.924545
425.129639,187.097397,104.999191,135.924545
425.488983,187.949203,106.735916,137.807358
444.994629,208.508163,105.015755,135.406860
444.994629,208.508163,105.015755,135.406860
445.558319,213.454376,101.148544,130.567825
446.295685,214.779633,100.236732,129.453690
441.393036,209.658112,100.896568,129.558060
446.502075,216.378174,98.117699,126.571899
442.408600,217.486221,100.876595,129.761200
447.245087,218.819122,98.069534,126.286079
444.926361,214.353577,107.843224,139.202454
450.141632,218.291260,99.422897,127.679863
455.383423,216.603699,101.170525,129.874878
456.992188,218.125259,100.199806,128.764084
457.868408,216.789246,98.744720,126.787544
461.096039,220.674225,101.436478,130.780579
465.063812,221.639282,96.941887,124.489014
470.518707,221.849976,96.937759,124.405945
472.087494,221.896210,96.554230,124.036354
472.921021,223.553391,96.956429,124.499985
467.282593,222.152176,97.013672,124.649788
469.955261,214.556534,97.288536,124.938507
475.201691,216.340744,95.665283,122.614052
473.562317,215.673019,94.005508,120.511070
481.146057,216.906204,98.742905,126.678612
491.190002,209.208694,95.162910,122.468582
488.684998,209.877655,95.145226,122.225929
489.362335,210.240402,95.730042,123.020325
486.984955,209.872879,97.987556,125.609634
487.509186,213.540756,95.993622,122.484978
485.378632,211.818130,95.446327,122.832848
489.069885,211.817551,95.261467,122.265762
486.418091,209.337616,97.644180,124.738693
488.798096,211.857849,93.994682,120.709427
486.346039,209.509689,95.662239,122.623856
488.128204,210.158768,93.682091,119.982712
486.679230,209.902145,93.900826,120.406921
490.411102,210.185410,94.049049,120.461952
488.432983,211.686417,93.348831,119.749031
492.269714,211.588715,92.592316,118.995544
493.045074,211.910446,91.449753,117.114189
493.045074,211.910446,91.449753,117.114189
493.045074,211.910446,91.449753,117.114189
493.045074,211.910446,91.449753,117.114189
493.045074,211.910446,91.449753,117.114189
493.427521,210.935776,92.931557,119.380806
487.096893,211.793839,95.269829,122.348984
493.690979,212.816513,91.349243,116.981773
491.461945,211.200638,94.912872,122.121246
491.731750,213.580231,94.207909,120.856735
492.980743,212.333206,94.636169,120.819565
491.827820,219.077881,92.130577,118.103195
491.083527,219.997360,94.224220,121.311317
489.556641,217.360046,95.425613,122.807396
490.029510,216.989380,94.943764,121.966782
495.461456,221.541550,92.376366,117.817802
494.742035,217.990662,94.341179,121.379883
492.611298,213.447617,96.285484,124.381424
503.966949,214.737930,96.957291,125.286652
484.793335,213.457077,96.034515,123.954155
494.887512,214.200745,98.241463,126.385826
522.832581,218.381042,95.494827,122.317688
521.604675,214.677094,97.976151,126.721336
520.079529,212.284882,99.667923,128.972153
519.605103,213.906891,100.312843,129.594040
497.906525,214.804657,99.186035,127.598633
483.405243,213.552872,99.577812,127.686661
480.412994,214.095596,99.586441,127.272423
480.260284,214.571747,98.089203,126.978920
475.834534,213.158173,101.056244,129.561447
475.396606,213.605591,97.650848,125.544876
481.291260,212.313263,100.368607,128.932159
472.946411,213.691101,97.792984,125.013603
472.946411,213.691101,97.792984,125.013603
476.752228,212.884567,100.752098,128.945831
467.611633,211.848770,98.897125,126.582054
467.611633,211.848770,98.897125,126.582054
462.876984,212.646500,99.615631,127.902061
465.133118,212.821259,99.985298,128.027298
463.890869,211.370514,100.401718,128.972595
458.930115,211.382996,99.132111,127.060776
462.302582,211.945694,98.242668,126.010574
462.304260,213.094315,92.999245,118.687386
457.651154,210.560608,98.961212,127.140335
465.001434,210.931931,91.335152,116.538147
463.707703,211.273605,98.867004,126.119698
461.123535,210.489471,100.028282,128.286133
463.693451,208.339462,99.139832,127.276428
457.494904,210.131271,99.580246,127.667061
453.284424,209.853455,98.563744,126.862267
446.957245,209.097366,94.161972,120.396706
443.250519,208.374924,94.096588,120.843956
426.300140,207.993515,94.527130,121.158463
423.834381,207.753342,94.353752,120.473450
428.926453,206.654907,93.067749,119.076729
421.813843,206.990768,95.026649,121.682175
419.559204,205.981735,95.858673,122.577896
412.150513,206.140976,93.881561,120.046089
417.630280,195.947845,94.624130,120.832130
408.947052,205.002563,90.907433,116.383675
415.915680,204.365723,93.357376,119.516624
398.007568,203.692490,94.260498,120.863731
402.354095,203.525711,96.006935,122.568840
397.526886,204.879471,92.463882,118.461205
400.784546,202.121674,91.230515,116.951256
400.169830,203.149139,89.708809,114.977921
397.114807,200.760117,95.842606,122.431595
403.786957,200.620270,87.668518,112.490250
401.849213,199.059250,94.262436,120.653625
397.570526,199.016678,92.418831,118.866928
393.763550,201.309265,96.109489,123.097252
400.228546,199.469696,91.546944,117.775856
400.228546,199.469696,91.546944,117.775856
398.863312,199.031464,90.747734,116.739799
394.152161,197.445618,90.009125,115.713974
398.070984,197.433029,93.436104,120.286415
400.317261,198.436493,92.537621,118.439644
401.195526,197.896637,89.161217,114.780396
401.798767,196.182098,89.411896,115.150719
401.168213,195.926941,93.484360,119.737122
408.243164,195.493607,89.603004,115.525864
412.414276,194.421799,89.183174,114.884941
415.273560,194.789246,90.332367,116.068542
418.301422,194.365341,87.608246,112.871346
415.790222,193.816025,89.999054,115.853539
419.506226,193.445328,90.898148,116.662926
418.284363,194.141205,87.309242,112.575935
417.958954,187.210968,91.334717,117.707535
415.410126,191.674545,90.831810,116.514587
416.895325,191.085709,90.713112,116.534180
417.501587,190.658844,86.516739,111.417099
416.861267,188.340286,89.769318,115.121330
415.838074,187.406357,90.063828,115.460449
415.727966,187.873764,89.477028,115.170280
422.386230,187.196487,85.972603,110.501678
413.944946,186.997650,89.462883,115.017319
421.696747,185.279221,86.165306,110.746292
419.069733,184.782684,86.621475,111.148911
417.375061,187.108368,83.494240,107.464668
414.461670,184.133011,87.151810,112.247635
415.534058,185.666275,85.024773,109.214653
415.534058,185.666275,85.024773,109.214653
415.577454,184.632126,88.431900,113.832153
416.349243,185.355728,85.017426,109.538826
415.712830,184.205887,86.722267,111.417496
413.882965,184.911636,86.506645,111.014191
411.774109,186.265884,87.925789,112.940254
408.245483,185.468857,87.452881,112.527565
411.967590,186.115860,88.835678,114.091660
411.688660,185.104095,92.846825,119.297775
409.894012,183.901398,85.740486,109.750084
411.825470,182.545197,94.018654,120.707283
408.794006,183.283279,90.595856,116.200874
408.983856,186.343658,94.114388,120.906982
415.023224,184.122116,92.671967,118.887924
414.315948,184.418182,95.288971,122.091553
420.300354,184.807175,94.622749,121.295776
421.842010,186.222794,94.931732,121.796684
421.842010,186.222794,94.931732,121.796684
422.166260,186.439850,95.808228,122.923523
416.905731,187.011963,94.210419,121.000282
424.742401,185.703430,93.227455,119.445724
421.911316,188.454330,93.205917,119.688919
425.141296,187.020569,94.469818,120.953453
421.572998,187.259048,93.149017,119.675812
421.572998,187.259048,93.149017,119.675812
422.753448,188.085037,93.724792,120.205070
422.753448,188.085037,93.724792,120.205070
419.039032,188.467834,93.748116,120.297661
423.411224,187.188507,90.802795,116.616089
424.934082,188.738998,95.064590,121.765419
433.885834,187.484787,94.401321,121.077339
426.749298,188.526443,96.802162,123.886826
436.210144,188.956100,91.538353,117.525826
429.392578,189.938538,95.952644,122.601288
429.392578,189.938538,95.952644,122.601288
429.392578,189.938538,95.952644,122.601288
429.392578,189.938538,95.952644,122.601288
433.358124,190.186859,96.445297,123.824631
2
0
0
0
0
1
350.056732,170.575516,62.901943,145.165192
346.016449,167.280014,63.077473,145.921555
349.274750,167.541519,62.508930,144.376083
348.277435,169.564377,63.224014,145.978470
347.950745,172.860596,60.441460,139.492233
347.950745,172.860596,60.441460,139.492233
356.232849,171.022018,61.724297,142.517426
356.232849,171.022018,61.724297,142.517426
352.001556,169.210007,62.770844,144.808014
352.001556,169.210007,62.770844,144.808014
350.129639,168.018463,63.172199,145.586029
353.936005,169.963837,63.345421,146.023895
355.335297,170.214233,62.917526,145.032455
354.031067,171.434967,63.717812,147.062500
355.184540,174.007233,62.770657,144.683289
355.585083,170.394226,63.730408,146.951691
357.706421,169.693909,64.099083,147.796463
354.956604,173.804077,63.272083,146.038300
360.771179,172.693710,62.718689,144.533859
2
0
0
0
0
1
227.610001,201.600006,117.969986,131.209991
229.270615,198.481934,118.076721,131.386551
229.692810,197.621094,117.353897,130.542007
224.433167,192.941025,117.269463,130.202087
224.784500,192.366562,116.492561,129.288055
224.784500,192.366562,116.492561,129.288055
230.549728,193.055725,120.186943,133.857635
246.991882,197.621796,114.860405,127.776253
240.656952,195.713943,116.507698,129.702713
246.336136,203.330704,118.807472,131.705887
242.312408,198.813904,119.038811,132.392410
244.324188,199.163422,116.085640,128.831390
242.226379,199.123871,114.670082,127.405739
245.238342,200.764832,116.482651,129.440689
237.587799,195.429413,113.864616,126.298660
237.587799,195.429413,113.864616,126.298660
238.523285,196.517014,112.672058,125.294525
228.150787,195.210800,116.844849,129.617599
231.367615,191.557587,114.363251,127.047844
225.521469,195.481796,114.760529,127.483543
229.362701,195.235611,115.768494,128.648392
246.497665,203.626144,112.250854,124.448006
247.405014,202.540848,115.935760,128.013336
251.046127,203.530441,116.216408,129.179092
240.571121,203.334366,115.963104,128.859558
250.891708,207.158279,115.567970,127.642715
244.200378,211.188919,115.252808,127.509361
248.159286,206.362396,114.051132,126.897194
242.732559,204.466232,112.510529,124.979904
232.687469,204.962082,110.226097,122.221497
222.824142,210.830521,109.759453,122.152840
211.508453,206.871887,111.504768,123.056786
210.691223,204.021210,108.980446,121.498253
207.215164,204.559906,113.551842,125.882774
210.609970,215.223907,112.799446,125.093132
211.966553,214.004318,112.396530,124.953239
222.605911,216.028610,107.736404,119.840820
215.792633,209.760117,112.412270,124.890053
217.763840,206.895844,110.645416,122.764626
218.031281,211.285233,107.944763,120.079636
221.452637,209.458130,110.449005,122.359177
229.798416,210.396072,109.144508,121.440910
225.736359,215.481171,105.792252,117.793320
229.950623,216.247009,106.415100,118.447502
220.641418,204.347946,110.780151,123.418884
223.962082,219.207870,106.383202,118.709473
223.645813,216.325699,109.918335,122.649429
221.443085,209.022064,110.495392,122.759804
224.303421,209.888077,108.963081,120.233406
227.646759,209.304337,109.065292,120.172501
228.422882,215.177216,104.355209,116.242058
229.871078,214.065536,106.902817,118.000725
230.320282,209.847855,108.771454,120.264336
222.963852,205.966187,103.158546,115.054245
230.851471,214.283646,106.890480,117.780884
205.335861,216.490540,110.648232,121.828926
228.188278,208.615814,104.689728,115.333870
208.907928,212.253616,111.262802,123.876663
218.957092,225.487305,102.493561,114.283859
238.927368,205.745605,104.864296,117.609566
224.859512,201.834656,110.989304,122.974831
226.269440,205.076141,109.394447,120.998100
233.708481,204.834030,107.385246,119.179306
226.037598,205.512589,113.862900,125.572708
231.242279,206.001114,107.452652,118.909889
224.887848,210.296249,108.339485,119.539108
227.811920,204.049347,111.845726,123.748405
229.900452,209.709183,109.047470,120.334129
229.900452,209.709183,109.047470,120.334129
232.176102,204.155884,103.951988,116.645897
227.089249,202.197540,107.719597,120.196678
225.198441,213.119141,109.724503,121.187241
216.174820,212.264099,110.681023,122.039818
230.987518,213.546036,109.671074,120.954613
224.719986,214.359787,106.493858,118.970802
220.337769,214.029892,106.422241,118.826241
205.892166,215.891434,109.085266,120.707130
210.207336,210.018936,110.815727,122.347488
223.109543,203.562805,107.890160,119.293907
225.581146,208.735840,103.501480,115.460564
205.935883,207.181152,110.848541,122.381477
205.536667,211.471924,105.714943,116.407143
207.003036,205.246918,112.467926,124.280838
212.941101,205.474991,113.327614,125.217903
212.941101,205.474991,113.327614,125.217903
217.327789,208.708603,108.473427,119.101715
211.529053,204.129807,112.872688,124.646965
219.555252,211.360474,101.829826,113.452469
226.819489,207.586441,104.731720,115.182297
224.498199,202.924194,104.588326,116.877655
239.257523,204.372742,103.604111,115.925323
234.215424,199.946396,114.052055,125.680206
249.043335,201.894409,106.893593,119.554359
251.848984,201.412598,115.686783,127.666916
260.996490,201.277817,107.733238,119.174278
266.382111,202.244522,117.259506,129.283768
278.818146,212.132248,105.972809,118.552711
274.816162,207.353165,111.062958,122.459587
275.587128,207.202499,117.781609,129.897934
280.808350,208.324371,112.256821,124.257736
278.143799,207.512817,106.679985,119.356102
276.849701,213.427368,107.837158,119.308746
278.382080,211.043915,114.395302,126.301811
283.994080,216.651611,114.646629,126.811905
274.876251,210.548492,115.940460,127.517960
274.964386,211.918045,107.436920,119.778801
277.027679,210.354126,110.355911,122.047997
274.115753,215.537338,114.724815,126.523270
275.086700,218.263763,107.611443,118.340149
281.514008,216.752686,108.326599,119.411072
281.514008,216.752686,108.326599,119.411072
277.580627,218.280640,110.532150,122.123077
275.276367,227.061661,107.658981,118.545074
276.162476,221.602448,113.914032,125.121567
271.472107,224.530609,108.103539,119.553658
271.008392,220.214569,113.958755,124.712364
268.866241,226.182083,112.091057,124.431274
265.162018,223.099091,112.702988,124.707527
265.162018,223.099091,112.702988,124.707527
265.162018,223.099091,112.702988,124.707527
259.812225,226.202698,107.261101,117.853394
260.629883,221.771637,107.684166,119.262222
260.231476,227.887497,108.120171,119.998787
259.954895,227.541992,111.036530,122.188194
261.658264,221.582367,107.551056,119.185379
263.453308,229.465942,108.425430,119.128006
260.186218,228.833359,107.723633,119.147911
255.239548,229.800034,107.840263,118.773315
255.239548,229.800034,107.840263,118.773315
255.239548,229.800034,107.840263,118.773315
258.146759,228.786819,108.811630,120.429039
264.470398,231.507111,106.515511,117.317940
253.944443,228.792343,109.198357,120.233543
253.302353,223.849731,106.127655,116.808777
247.555252,229.174194,108.893295,120.127068
244.389038,224.613525,112.945503,125.219284
248.825272,228.195374,111.800659,123.362564
250.534546,228.520172,99.964218,110.021370
250.534546,228.520172,99.964218,110.021370
250.534546,228.520172,99.964218,110.021370
250.534546,228.520172,99.964218,110.021370
244.751785,221.876724,105.689659,116.642670
245.876648,220.506058,109.948036,121.585838
239.597565,221.259048,107.957558,119.678703
244.692841,222.311981,106.374687,117.588959
241.894455,221.923233,106.453453,118.412216
242.250626,221.248169,108.962219,120.183998
246.750229,220.958755,106.872818,118.427025
242.698761,218.388596,108.260323,120.312248
236.744888,224.876862,105.341278,116.044876
233.887558,221.604950,107.226189,119.295593
239.606506,222.052399,106.644028,118.220680
244.923615,218.267548,110.773964,121.306938
231.615250,219.601791,109.787735,120.770592
229.201111,230.150375,106.724991,117.174477
222.684158,228.329041,110.089813,121.880905
207.714874,226.604950,105.715073,117.135010
207.714874,226.604950,105.715073,117.135010
207.034912,223.826920,105.745361,115.800468
195.750443,224.340378,106.481911,117.072037
192.192459,221.350357,105.505768,117.683304
196.876801,220.905823,108.038300,120.812927
194.809189,222.821304,106.686119,118.982178
195.182831,224.457138,108.164848,118.816483
196.427002,224.723434,108.045731,118.708488
196.427002,224.723434,108.045731,118.708488
198.122238,225.512802,107.492462,117.752472
198.834991,221.759094,104.634087,114.860374
