1
525.56,68.21,542.44,74.22,548.77,56.47,531.90,50.45
524.47,80.74,543.17,83.11,545.66,63.42,526.96,61.05
517.93,94.24,539.73,100.84,546.68,77.89,524.88,71.29
524.44,109.00,545.31,104.71,540.79,82.75,519.92,87.04
2
0
0
0
0
1
528.73,187.81,543.42,182.96,538.78,168.91,524.09,173.76
2
0
0
0
0
1
585.60,239.22,600.13,236.19,597.27,222.43,582.73,225.45
2
0
0
0
0
1
625.88,279.52,639.14,278.03,637.75,265.72,624.50,267.21
616.57,287.06,629.33,290.71,632.72,278.87,619.97,275.22
2
0
0
0
0
1
641.23,280.66,655.95,281.73,656.93,268.31,642.20,267.24
641.75,283.25,656.81,280.58,654.37,266.85,639.31,269.52
654.92,273.75,666.62,267.30,660.75,256.63,649.04,263.08
637.38,261.19,629.36,274.73,641.71,282.03,649.72,268.49
651.51,271.93,637.43,263.64,629.88,276.48,643.96,284.76
649.03,264.21,633.86,271.41,640.43,285.24,655.60,278.03
648.78,265.75,633.28,273.14,640.02,287.26,655.51,279.88
647.16,263.39,630.64,271.56,638.09,286.62,654.61,278.45
