1
649.000000,265.000000,33.000000,148.000000
648.621765,270.290710,32.984467,147.891998
652.443604,273.773010,32.283695,144.752579
654.153992,279.574402,30.764666,137.988266
643.447754,275.222961,32.800213,147.027512
641.000427,282.297363,32.454380,145.448471
635.372681,283.173157,33.311150,149.328888
641.169800,286.914398,32.515175,145.672562
643.332581,276.859131,33.380039,149.605835
637.993103,285.781921,33.742989,151.166962
629.935547,289.903046,32.747803,146.745758
630.244568,297.853760,32.608532,146.117844
625.249512,300.556458,32.698536,146.546890
624.121948,311.575470,31.116043,139.549332
617.200806,315.944092,33.027493,147.963669
625.225647,314.365204,32.468758,145.550171
625.924927,300.186676,34.312214,153.652756
634.745667,298.940002,33.707081,151.020950
635.632141,302.626221,33.014111,147.994385
632.163635,301.585480,31.444004,140.918243
624.458923,294.513947,33.477962,150.011765
626.541321,300.763763,32.142838,144.026474
640.819458,301.173248,32.671806,146.407242
643.562073,297.460266,33.115002,148.514801
643.520569,293.269196,34.149269,152.989960
641.823120,289.291229,34.495281,154.574036
645.674438,288.237213,34.245213,153.420425
648.695862,285.380188,33.517471,150.186905
654.269409,282.596893,33.078106,148.326477
654.793091,269.505096,34.890347,156.413986
654.793091,269.505096,34.890347,156.413986
659.374878,273.825134,33.760822,151.330383
664.049622,260.979431,34.185886,153.208008
664.988892,260.358826,33.059166,148.204834
654.302124,250.894897,33.373165,149.609604
647.820129,251.555405,33.661304,150.868927
643.350098,251.856506,32.916565,147.515671
643.758423,248.388535,32.709354,146.584824
643.738953,244.024033,35.909256,160.878006
642.725464,244.897324,32.289154,144.728806
635.801758,239.225937,33.513512,150.157303
629.436096,241.897278,33.454731,149.877884
622.116577,240.813858,33.972298,152.194061
630.309570,237.105591,32.684704,146.424957
635.805664,236.719223,33.545158,150.310211
637.038330,235.875687,31.123375,139.436844
628.666199,232.156998,31.869631,142.739273
627.847717,214.274673,36.808430,164.871796
625.292175,221.158859,35.786385,160.281830
638.148926,220.689148,35.626068,159.510376
638.148926,220.689148,35.626068,159.510376
642.653931,217.032104,36.541866,163.734131
648.730347,225.709442,33.935844,151.904877
633.057556,225.367645,32.440353,145.314301
627.596436,227.279724,35.523697,159.155777
633.288391,231.471237,33.173607,148.627747
638.734985,234.356003,31.945047,142.969437
640.602051,227.230118,33.367153,149.463989
647.182861,236.496735,28.879650,129.363373
645.468201,221.875259,34.409649,154.058304
656.519714,240.600708,28.395744,127.207008
661.804810,238.500366,30.706263,137.492828
664.977722,236.736267,30.841360,138.055359
665.349487,224.037796,32.429901,145.257721
675.707642,225.243652,31.923658,142.968628
676.975037,225.324875,30.068256,134.684189
684.714355,221.659058,31.389120,140.660233
699.567261,219.639389,31.163727,139.629578
699.123413,221.366714,31.573231,141.439346
699.479004,214.984833,33.823795,151.581314
699.831848,213.650726,32.769543,146.803101
697.075623,201.320938,33.852886,151.580185
699.888367,199.950699,33.005665,147.919586
699.803589,202.526611,32.435337,145.234085
705.184265,204.179199,31.371109,140.544174
707.878113,202.271042,30.613972,137.039902
705.238281,205.051300,29.639158,132.849884
702.535217,192.731125,32.418633,145.083344
707.076050,194.870499,32.457928,145.290909
704.669922,185.794983,32.962132,147.699463
749.981934,189.334534,30.528973,136.664261
737.304321,193.078262,29.384470,131.522568
745.741699,180.255295,31.851030,142.611618
734.419983,186.487305,30.798870,137.810181
739.647705,199.675049,30.385492,135.966888
731.962952,198.210495,32.055069,143.651642
747.641052,210.781189,29.762751,133.149170
737.003357,210.903717,30.373968,136.156754
739.857605,216.776840,29.960495,134.347153
739.857605,216.776840,29.960495,134.347153
734.294128,213.613754,30.795231,138.116135
736.572693,217.535233,30.753368,137.900375
729.114807,219.026932,30.778666,137.911545
734.586548,214.144577,32.304245,144.802750
728.980896,212.669006,31.632357,141.692001
724.863892,209.022827,31.367313,140.630676
713.181396,197.329681,33.069584,148.154068
717.885681,201.627014,32.170399,144.141174
721.780945,193.685745,32.874813,147.388657
729.327148,206.049316,27.271997,122.246078
730.735901,196.684967,28.822884,129.133011
730.222961,192.469955,30.363077,136.189453
729.225464,192.742935,27.881376,125.003700
729.964783,183.049728,31.879211,142.968491
742.436707,193.912643,27.452478,123.021576
741.583191,189.725876,30.996006,138.902756
741.583191,189.725876,30.996006,138.902756
742.102173,193.254868,27.931841,125.166878
744.796021,182.327545,29.612457,132.668045
747.398499,180.031448,32.656750,146.386108
752.118713,177.829727,33.278152,149.052643
750.513489,182.776840,32.522388,145.693573
755.957886,183.909729,31.832129,142.516373
757.790527,185.710388,30.840752,138.176804
758.478210,176.057419,32.302372,144.863174
753.276001,181.352020,29.808256,133.296021
753.081848,179.137939,31.345642,140.243561
749.791565,190.962143,30.504282,136.856598
755.154419,194.921310,30.381130,135.947662
755.376892,188.631775,31.522303,141.433380
752.548584,184.417877,28.296984,127.038193
752.432983,186.787048,30.315159,136.115799
771.844177,177.342651,32.297684,144.892868
773.270996,187.049789,30.729399,137.848877
766.475769,199.178085,30.221022,135.556870
761.844971,200.199036,30.485945,136.731384
763.957092,202.847992,30.168322,135.332428
755.340149,203.631332,28.965944,129.569992
760.704163,209.464203,31.003977,139.122910
781.423523,208.671600,29.348606,131.272552
792.693909,218.204041,28.335196,126.735832
789.972717,211.658508,31.020958,138.841217
795.033264,217.937057,29.690409,132.902191
771.869324,220.641678,27.938980,124.934250
784.019470,219.899811,29.413324,131.553833
797.854370,217.032013,28.880890,129.254456
806.661255,209.061996,28.343044,126.735756
811.286865,205.877472,25.032305,111.979294
811.935974,212.867676,28.339659,126.757904
832.710571,216.755646,30.070440,134.474304
845.243958,210.740021,29.734282,132.984879
858.135010,206.307678,27.876013,124.727081
873.618958,204.740662,29.072615,130.070343
878.362244,193.392715,30.513662,136.543259
873.011169,197.616074,30.023695,134.360550
865.518555,198.514343,32.947308,147.451859
867.507751,197.685410,34.057114,152.389313
899.375732,217.847397,31.620428,141.507324
899.299561,219.179886,32.828079,146.904800
901.557739,223.017365,31.185633,139.574875
901.969910,217.658554,30.873495,138.214676
894.480652,213.945526,30.359047,135.851334
885.962830,210.737991,34.206394,153.127594
875.609436,216.561050,32.954391,147.454330
875.609436,216.561050,32.954391,147.454330
862.007690,206.100052,33.118359,148.252411
851.657654,207.732712,36.199799,162.034912
837.797424,220.524612,34.289543,153.520355
833.184998,228.032410,34.849339,156.036453
837.852173,205.649811,38.605125,172.824081
849.276428,221.047577,36.285870,162.390640
819.323792,212.783798,35.794174,160.307297
882.931091,233.607681,35.566463,159.164642
897.241333,207.455811,34.766068,155.635590
911.193909,202.857574,34.971626,156.447357
877.278259,214.367523,34.682083,155.254745
883.236511,214.604797,34.303844,153.578949
891.331177,204.568512,32.937908,147.522781
886.141296,204.603653,33.990936,152.180344
889.939087,212.284531,34.172482,152.946259
891.339478,212.022888,34.055988,152.445862
890.846008,215.580353,34.661739,155.182602
891.427063,210.017166,32.649681,146.049545
851.994507,217.959625,35.251404,157.751617
853.986084,224.645813,33.075108,148.118347
858.421326,212.394592,37.396515,167.354126
873.183167,217.465790,37.100960,166.061340
901.441223,218.121094,36.505146,163.454346
926.021057,206.951752,38.108185,170.529327
2
0
0
0
0
1
806.019226,138.727386,220.480576,308.296295
828.114868,145.991913,220.517380,308.649231
845.520996,162.024673,220.635529,308.611908
855.140564,178.160156,220.180389,307.531250
846.967163,192.770920,222.279510,310.863525
853.645569,201.395645,221.410110,309.255157
862.515198,208.887527,218.838120,305.527679
874.884888,215.959045,216.746674,302.715179
884.744080,223.766876,216.434219,302.002747
889.807617,231.047821,219.002853,305.903687
2
0
0
0
0
1
570.548523,194.951447,265.165344,178.065765
573.119873,209.381607,264.383545,176.986145
574.671936,225.179535,264.952881,177.725571
574.671936,225.179535,264.952881,177.725571
577.333130,222.836761,265.206024,178.013931
581.452209,230.366302,265.299866,177.642853
603.672424,238.064087,266.244568,178.473480
625.990784,241.506775,264.475220,177.590057
644.732239,250.106674,267.839111,179.368408
658.616699,237.108841,267.154663,179.379379
679.548462,241.949081,264.491974,177.585495
687.960938,256.825104,268.680878,179.843262
712.047852,239.517288,269.761078,180.366608
741.019226,232.946762,264.101898,176.605545
769.394836,217.463394,264.340393,177.066330
805.945374,188.060730,270.174255,180.848526
814.462158,155.417618,267.746613,178.662842
2
0
0
0
0
1
613.341797,174.214813,119.544106,350.782745
605.517944,191.075882,118.376350,347.264984
587.132629,189.888397,121.447464,356.518127
581.231750,182.589188,121.699951,357.366394
577.020203,180.208817,122.793579,360.264526
564.528198,191.026398,122.314896,359.044952
557.931763,201.167831,121.158401,355.468628
553.775330,208.956924,121.483704,356.611664
552.732849,231.126205,119.758270,351.773071
547.204102,233.145096,122.159302,358.476105
555.095886,238.969421,121.102081,355.734772
551.011719,238.339355,123.585320,362.672150
537.160095,240.906357,125.685822,369.179504
525.118042,239.711411,127.176895,373.585846
539.857422,250.664856,126.115593,370.521973
