1
335.558319,120.338890,17.000000,24.000000
329.408325,120.111115,17.000000,24.000000
323.600006,120.908333,17.000000,24.000000
319.044434,120.908333,17.000000,24.000000
314.602783,122.275002,17.000000,24.000000
310.161102,122.616669,17.000000,24.000000
306.288879,122.844444,17.000000,24.000000
303.213898,121.591667,17.000000,24.000000
299.227783,121.250000,17.000000,24.000000
295.811096,120.338890,17.000000,24.000000
292.394440,119.655556,17.000000,24.000000
289.433319,118.516670,17.000000,24.000000
285.674988,118.858330,17.000000,24.000000
282.030548,118.061111,17.000000,24.000000
279.524994,118.858330,17.000000,24.000000
276.336121,117.605553,17.000000,24.000000
272.919434,118.061111,17.000000,24.000000
268.477783,116.580559,17.000000,24.000000
265.061096,116.466667,17.000000,24.000000
262.897217,115.441666,17.000000,24.000000
258.683319,115.783333,17.000000,24.000000
253.444443,115.213890,17.000000,24.000000
248.433334,115.897224,17.000000,24.000000
243.877777,115.783333,17.000000,24.000000
238.980560,116.352776,17.000000,24.000000
234.311111,115.669441,17.000000,24.000000
229.755554,115.783333,17.000000,24.000000
224.402771,114.872223,17.000000,24.000000
218.594437,115.327782,17.000000,24.000000
213.469437,115.213890,17.000000,24.000000
208.458328,116.466667,17.000000,24.000000
202.877777,116.352776,17.000000,24.000000
197.411118,117.036110,17.000000,24.000000
2
0
0
0
0
1
182.194443,116.083336,14.000000,21.000000
178.305557,116.763885,14.000000,21.000000
173.930557,116.472221,14.000000,21.000000
169.750000,117.250000,14.000000,21.000000
165.180557,117.736115,14.000000,21.000000
160.805557,119.388885,14.000000,21.000000
157.597229,119.583336,14.000000,21.000000
154.680557,121.236115,14.000000,21.000000
151.861115,121.138885,14.000000,21.000000
150.305557,122.402779,14.000000,21.000000
149.236115,122.888885,14.000000,21.000000
148.847229,124.638885,14.000000,21.000000
149.916672,125.125000,14.000000,21.000000
151.861115,126.583336,14.000000,21.000000
153.027771,127.069443,14.000000,21.000000
151.375000,127.069443,14.000000,21.000000
154.194443,127.263885,14.000000,21.000000
156.333328,128.819443,14.000000,21.000000
157.500000,129.597229,14.000000,21.000000
158.375000,126.194443,14.000000,21.000000
159.930557,126.194443,14.000000,21.000000
160.805557,129.888885,14.000000,21.000000
168.875000,127.263885,14.000000,21.000000
170.625000,129.986115,14.000000,21.000000
173.541672,128.430557,14.000000,21.000000
2
0
0
0
0
1
192.066116,137.583893,15.290000,22.709999
195.654999,137.478333,15.290000,22.709999
200.616104,138.744995,15.290000,22.709999
204.838333,138.428329,15.290000,22.709999
209.904999,139.906113,15.290000,22.709999
214.971664,139.906113,15.290000,22.709999
220.038330,141.172775,15.290000,22.709999
225.104996,140.961670,15.290000,22.709999
230.171661,142.333893,15.290000,22.709999
236.082779,142.122772,15.290000,22.709999
241.255005,143.072784,15.290000,22.709999
246.849442,142.544998,15.290000,22.709999
252.654999,143.389450,15.290000,22.709999
257.193878,142.756104,15.290000,22.709999
262.682770,143.389450,15.290000,22.709999
267.327209,143.389450,15.290000,22.709999
271.866119,144.022781,15.290000,22.709999
276.299438,144.022781,15.290000,22.709999
280.732788,144.656113,15.290000,22.709999
283.899445,143.917221,15.290000,22.709999
286.855011,144.550552,15.290000,22.709999
289.071655,143.600555,15.290000,22.709999
290.971680,143.283890,15.290000,22.709999
291.816101,142.228333,15.290000,22.709999
293.293884,142.650558,15.290000,22.709999
294.138336,141.383896,15.290000,22.709999
294.877228,142.017227,15.290000,22.709999
295.404999,140.856110,15.290000,22.709999
296.038330,141.383896,15.290000,22.709999
296.671661,140.117218,15.290000,22.709999
297.304993,140.222778,15.290000,22.709999
297.304993,138.956116,15.290000,22.709999
296.882782,138.956116,15.290000,22.709999
296.777222,137.900558,15.290000,22.709999
296.671661,137.794998,15.290000,22.709999
296.566101,137.372772,15.290000,22.709999
296.143890,136.845001,15.290000,22.709999
296.671661,136.528336,15.290000,22.709999
297.516113,136.950562,15.290000,22.709999
298.149445,136.528336,15.290000,22.709999
298.149445,136.950562,15.290000,22.709999
299.099457,136.633896,15.290000,22.709999
300.049438,137.161667,15.290000,22.709999
300.999451,136.845001,15.290000,22.709999
301.738342,136.845001,15.290000,22.709999
302.266113,136.106110,15.290000,22.709999
302.899445,136.739441,15.290000,22.709999
303.005005,135.578339,15.290000,22.709999
303.005005,136.106110,15.290000,22.709999
303.321655,134.628326,15.290000,22.709999
304.271667,135.367218,15.290000,22.709999
304.693878,134.522781,15.290000,22.709999
305.116119,134.522781,15.290000,22.709999
305.221680,133.678329,15.290000,22.709999
305.855011,134.311661,15.290000,22.709999
307.121674,134.311661,15.290000,22.709999
307.543884,133.044998,15.290000,22.709999
308.282776,133.361664,15.290000,22.709999
308.282776,133.361664,15.290000,22.709999
308.599457,133.994995,15.290000,22.709999
309.232788,132.728333,15.290000,22.709999
310.182770,133.361664,15.290000,22.709999
310.182770,132.622772,15.290000,22.709999
310.499451,133.150558,15.290000,22.709999
310.393890,132.411667,15.290000,22.709999
311.766113,133.256104,15.290000,22.709999
311.449432,132.411667,15.290000,22.709999
311.871674,132.939438,15.290000,22.709999
311.871674,131.989441,15.290000,22.709999
312.293884,132.517227,15.290000,22.709999
312.610565,131.250549,15.290000,22.709999
312.505005,131.989441,15.290000,22.709999
312.716125,130.933884,15.290000,22.709999
312.716125,131.250549,15.290000,22.709999
312.505005,130.195007,15.290000,22.709999
312.821655,130.722778,15.290000,22.709999
312.610565,129.456116,15.290000,22.709999
312.821655,129.456116,15.290000,22.709999
313.138336,128.506104,15.290000,22.709999
313.243896,128.822784,15.290000,22.709999
312.927216,127.872780,15.290000,22.709999
313.666107,128.294998,15.290000,22.709999
313.560547,127.661667,15.290000,22.709999
313.560547,128.189438,15.290000,22.709999
313.138336,127.450554,15.290000,22.709999
313.666107,128.189438,15.290000,22.709999
313.349457,127.556114,15.290000,22.709999
313.138336,127.345001,15.290000,22.709999
312.716125,126.711670,15.290000,22.709999
312.505005,126.817223,15.290000,22.709999
311.449432,125.972778,15.290000,22.709999
310.921661,125.656113,15.290000,22.709999
310.077209,124.600555,15.290000,22.709999
310.393890,125.550552,15.290000,22.709999
310.077209,124.283890,15.290000,22.709999
309.866119,124.600555,15.290000,22.709999
309.549438,123.544998,15.290000,22.709999
309.760559,124.811668,15.290000,22.709999
310.077209,124.495003,15.290000,22.709999
310.077209,125.022781,15.290000,22.709999
310.605011,124.917221,15.290000,22.709999
310.921661,125.445000,15.290000,22.709999
310.816101,125.128334,15.290000,22.709999
310.710541,125.445000,15.290000,22.709999
310.393890,124.495003,15.290000,22.709999
310.288330,125.022781,15.290000,22.709999
309.654999,123.861664,15.290000,22.709999
309.232788,124.389442,15.290000,22.709999
308.810547,123.861664,15.290000,22.709999
308.916107,123.861664,15.290000,22.709999
308.493896,122.806114,15.290000,22.709999
308.599457,123.122780,15.290000,22.709999
308.071655,121.961670,15.290000,22.709999
307.966125,122.489441,15.290000,22.709999
307.438324,121.433891,15.290000,22.709999
307.438324,120.272781,15.290000,22.709999
308.071655,120.800552,15.290000,22.709999
307.755005,119.956108,15.290000,22.709999
307.649445,120.800552,15.290000,22.709999
307.649445,120.483887,15.290000,22.709999
308.071655,120.695000,15.290000,22.709999
308.704987,120.483887,15.290000,22.709999
308.388336,120.378334,15.290000,22.709999
309.232788,120.483887,15.290000,22.709999
309.549438,120.483887,15.290000,22.709999
309.760559,119.639442,15.290000,22.709999
310.182770,120.589447,15.290000,22.709999
311.238342,121.011665,15.290000,22.709999
311.977234,121.328331,15.290000,22.709999
314.404999,121.750557,15.290000,22.709999
314.932770,123.544998,15.290000,22.709999
315.249451,123.228333,15.290000,22.709999
315.038330,123.756111,15.290000,22.709999
316.621674,123.967224,15.290000,22.709999
317.677216,125.656113,15.290000,22.709999
318.732788,130.933884,15.290000,22.709999
320.105011,135.261673,15.290000,22.709999
319.788330,134.417221,15.290000,22.709999
320.843903,134.522781,15.290000,22.709999
320.949432,133.256104,15.290000,22.709999
322.005005,133.256104,15.290000,22.709999
322.954987,133.256104,15.290000,22.709999
2
0
0
0
0
1
310.298340,108.812775,12.170000,28.830000
310.298340,108.243332,12.170000,28.830000
309.956665,108.243332,12.170000,28.830000
309.614990,107.446114,12.170000,28.830000
309.045563,107.446114,12.170000,28.830000
308.362213,106.762779,12.170000,28.830000
307.678894,107.104446,12.170000,28.830000
306.995544,106.648888,12.170000,28.830000
305.628876,107.104446,12.170000,28.830000
304.262207,106.762779,12.170000,28.830000
302.667786,107.332222,12.170000,28.830000
300.731659,106.762779,12.170000,28.830000
299.137207,107.446114,12.170000,28.830000
297.428894,106.762779,12.170000,28.830000
296.062225,107.446114,12.170000,28.830000
294.809448,106.421112,12.170000,28.830000
293.670563,106.876663,12.170000,28.830000
292.987213,106.193336,12.170000,28.830000
291.848328,107.332222,12.170000,28.830000
290.937225,106.762779,12.170000,28.830000
290.026123,107.104446,12.170000,28.830000
288.317780,106.648888,12.170000,28.830000
287.065002,107.332222,12.170000,28.830000
286.153900,106.535004,12.170000,28.830000
285.470551,107.559998,12.170000,28.830000
284.673340,106.990555,12.170000,28.830000
283.648346,107.332222,12.170000,28.830000
282.851105,107.218330,12.170000,28.830000
282.167786,107.787781,12.170000,28.830000
280.117767,107.901665,12.170000,28.830000
278.181671,108.812775,12.170000,28.830000
277.839996,107.901665,12.170000,28.830000
276.245544,108.243332,12.170000,28.830000
275.220551,107.559998,12.170000,28.830000
273.398346,107.787781,12.170000,28.830000
272.259430,107.218330,12.170000,28.830000
271.120544,107.446114,12.170000,28.830000
270.323334,106.648888,12.170000,28.830000
268.501099,107.104446,12.170000,28.830000
267.931671,106.762779,12.170000,28.830000
267.134430,107.559998,12.170000,28.830000
266.109436,107.218330,12.170000,28.830000
265.198334,108.129440,12.170000,28.830000
264.742767,107.787781,12.170000,28.830000
263.717773,108.015556,12.170000,28.830000
263.262207,107.332222,12.170000,28.830000
261.553894,107.559998,12.170000,28.830000
260.301117,106.990555,12.170000,28.830000
258.706665,107.673889,12.170000,28.830000
257.681671,107.332222,12.170000,28.830000
256.884430,108.015556,12.170000,28.830000
255.973328,106.990555,12.170000,28.830000
255.062225,107.104446,12.170000,28.830000
253.581665,106.990555,12.170000,28.830000
252.670563,107.332222,12.170000,28.830000
252.898331,106.876663,12.170000,28.830000
252.328888,107.104446,12.170000,28.830000
252.328888,106.990555,12.170000,28.830000
252.214996,107.446114,12.170000,28.830000
251.873337,106.990555,12.170000,28.830000
251.303894,107.218330,12.170000,28.830000
250.734451,106.990555,12.170000,28.830000
249.823334,107.559998,12.170000,28.830000
249.709442,106.876663,12.170000,28.830000
249.595551,107.787781,12.170000,28.830000
249.481674,107.104446,12.170000,28.830000
248.912216,108.015556,12.170000,28.830000
248.570557,107.559998,12.170000,28.830000
247.659439,108.471107,12.170000,28.830000
246.862228,108.015556,12.170000,28.830000
245.609451,108.926666,12.170000,28.830000
245.039993,108.812775,12.170000,28.830000
244.470551,109.382225,12.170000,28.830000
243.787216,109.040558,12.170000,28.830000
243.445557,109.382225,12.170000,28.830000
242.762222,109.154442,12.170000,28.830000
242.306671,108.926666,12.170000,28.830000
241.053894,108.812775,12.170000,28.830000
240.598328,109.154442,12.170000,28.830000
240.370560,108.584999,12.170000,28.830000
239.345551,108.926666,12.170000,28.830000
237.978882,108.812775,12.170000,28.830000
235.928894,109.610001,12.170000,28.830000
235.587219,108.926666,12.170000,28.830000
234.220551,109.951668,12.170000,28.830000
233.081665,109.154442,12.170000,28.830000
231.828888,110.065559,12.170000,28.830000
230.690002,109.268333,12.170000,28.830000
229.664993,109.951668,12.170000,28.830000
228.753891,109.610001,12.170000,28.830000
226.703888,108.357224,12.170000,28.830000
225.223328,105.965553,12.170000,28.830000
222.831665,106.307220,12.170000,28.830000
220.895554,105.851669,12.170000,28.830000
221.692780,107.559998,12.170000,28.830000
2
0
0
0
0
1
191.222229,119.333336,14.000000,26.000000
187.666672,120.222221,14.000000,26.000000
184.111115,119.888885,14.000000,26.000000
180.555557,120.222221,14.000000,26.000000
177.222229,119.555557,14.000000,26.000000
173.888885,120.000000,14.000000,26.000000
170.444443,119.444443,14.000000,26.000000
167.222229,119.666664,14.000000,26.000000
164.777771,119.000000,14.000000,26.000000
162.222229,119.888885,14.000000,26.000000
160.000000,119.444443,14.000000,26.000000
157.777771,120.111115,14.000000,26.000000
155.888885,119.888885,14.000000,26.000000
154.333328,120.666664,14.000000,26.000000
153.222229,120.333336,14.000000,26.000000
151.777771,120.888885,14.000000,26.000000
148.000000,120.333336,14.000000,26.000000
145.888885,119.666664,14.000000,26.000000
143.666672,120.222221,14.000000,26.000000
141.333328,119.777779,14.000000,26.000000
139.111115,120.444443,14.000000,26.000000
137.111115,119.777779,14.000000,26.000000
134.333328,119.777779,14.000000,26.000000
132.000000,119.111115,14.000000,26.000000
129.666672,119.777779,14.000000,26.000000
127.222221,119.111115,14.000000,26.000000
124.777779,119.222221,14.000000,26.000000
122.666664,117.666664,14.000000,26.000000
119.222221,117.222221,14.000000,26.000000
115.222221,116.333336,14.000000,26.000000
110.888885,116.555557,14.000000,26.000000
106.666664,116.111115,14.000000,26.000000
101.888885,116.888885,14.000000,26.000000
97.111115,116.777779,14.000000,26.000000
93.000000,117.777779,14.000000,26.000000
89.333336,117.444443,14.000000,26.000000
85.555557,118.666664,14.000000,26.000000
2
0
0
0
0
1
72.555969,108.501915,16.629999,25.260000
67.668808,108.618279,16.629999,25.260000
62.548916,107.803749,16.629999,25.260000
57.661751,108.152832,16.629999,25.260000
52.541862,106.989220,16.629999,25.260000
47.771057,107.105583,16.629999,25.260000
42.418446,106.174690,16.629999,25.260000
37.764000,106.872864,16.629999,25.260000
32.993195,106.058334,16.629999,25.260000
28.687834,106.756500,16.629999,25.260000
24.615194,106.756500,16.629999,25.260000
21.124361,107.454666,16.629999,25.260000
17.633528,106.989220,16.629999,25.260000
14.142694,107.920113,16.629999,25.260000
