1
149.00,321.00,227.00,321.00,227.00,132.00,149.00,132.00
149.00,321.00,227.00,321.00,227.00,132.00,149.00,132.00
132.27,359.39,210.27,359.39,210.27,170.39,132.27,170.39
134.82,357.36,212.82,357.36,212.82,168.36,134.82,168.36
131.58,354.73,209.58,354.73,209.58,165.74,131.58,165.74
134.19,350.35,212.19,350.35,212.19,161.35,134.19,161.35
133.32,347.84,211.32,347.84,211.32,158.84,133.32,158.84
128.82,349.42,206.82,349.42,206.82,160.42,128.82,160.42
125.64,355.58,203.64,355.58,203.64,166.58,125.64,166.58
123.79,358.57,201.79,358.57,201.79,169.57,123.79,169.57
121.00,361.70,199.00,361.70,199.00,172.70,121.00,172.70
121.18,356.83,199.18,356.83,199.18,167.82,121.18,167.82
117.09,360.57,195.09,360.57,195.09,171.57,117.09,171.57
114.30,365.00,192.30,365.00,192.30,176.00,114.30,176.00
112.08,365.94,190.08,365.94,190.08,176.94,112.08,176.94
110.44,366.91,188.44,366.91,188.44,177.91,110.44,177.91
109.07,370.01,187.07,370.01,187.07,181.01,109.07,181.01
108.83,371.92,186.84,371.92,186.84,182.93,108.83,182.93
108.57,372.92,186.57,372.92,186.57,183.92,108.57,183.92
107.63,374.83,185.63,374.83,185.63,185.83,107.63,185.83
107.51,375.48,185.51,375.48,185.51,186.48,107.51,186.48
107.46,380.63,185.46,380.63,185.46,191.63,107.46,191.63
107.76,377.99,185.76,377.99,185.76,188.99,107.76,188.99
107.84,379.16,185.84,379.16,185.84,190.16,107.84,190.16
106.57,378.38,184.57,378.38,184.57,189.38,106.57,189.38
107.06,379.74,185.05,379.74,185.05,190.74,107.06,190.74
107.14,381.12,185.14,381.12,185.14,192.12,107.14,192.12
107.63,379.93,185.63,379.93,185.63,190.93,107.63,190.93
107.75,381.84,185.75,381.84,185.75,192.84,107.75,192.84
108.08,382.12,186.08,382.12,186.08,193.12,108.08,193.12
108.15,382.74,186.15,382.74,186.15,193.74,108.15,193.74
108.93,384.33,186.93,384.33,186.93,195.33,108.93,195.33
109.49,383.65,187.49,383.65,187.49,194.65,109.49,194.65
109.42,388.50,187.42,388.50,187.42,199.50,109.42,199.50
109.87,386.58,187.87,386.58,187.87,197.58,109.87,197.58
110.14,385.42,188.14,385.42,188.14,196.42,110.14,196.42
110.76,386.80,188.76,386.80,188.76,197.80,110.76,197.80
110.48,385.62,188.48,385.62,188.48,196.62,110.48,196.62
110.12,383.94,188.12,383.94,188.12,194.94,110.12,194.94
109.99,383.12,187.99,383.12,187.99,194.12,109.99,194.12
110.55,382.64,188.55,382.64,188.55,193.65,110.55,193.65
110.49,384.14,188.49,384.14,188.49,195.14,110.49,195.14
111.38,384.93,189.38,384.93,189.38,195.93,111.38,195.93
110.65,385.73,188.65,385.73,188.65,196.74,110.65,196.74
111.89,384.97,189.89,384.97,189.89,195.97,111.89,195.97
114.50,387.48,192.50,387.48,192.50,198.48,114.50,198.48
115.45,370.43,193.45,370.43,193.45,181.43,115.45,181.43
153.33,367.05,231.33,367.05,231.33,178.05,153.33,178.05
159.68,357.67,237.68,357.67,237.68,168.67,159.68,168.67
168.05,363.83,246.05,363.83,246.05,174.82,168.05,174.82
2
0
0
0
0
1
112.00,317.00,259.00,254.00,221.00,165.00,74.00,228.00
112.00,317.00,259.00,254.00,221.00,165.00,74.00,228.00
163.10,335.21,310.10,272.21,272.10,183.21,125.10,246.21
159.39,335.51,306.39,272.51,268.39,183.51,121.39,246.51
159.92,336.35,306.92,273.35,268.92,184.35,121.92,247.35
157.77,338.73,304.77,275.73,266.77,186.73,119.77,249.73
158.50,335.47,305.50,272.47,267.50,183.47,120.50,246.47
156.77,330.30,303.77,267.30,265.77,178.29,118.77,241.29
154.45,329.85,301.45,266.85,263.45,177.85,116.45,240.85
151.03,330.25,298.03,267.25,260.03,178.25,113.03,241.25
150.09,335.89,297.09,272.89,259.09,183.90,112.09,246.90
150.18,332.10,297.18,269.10,259.18,180.10,112.18,243.10
151.41,330.71,298.41,267.71,260.41,178.71,113.41,241.71
150.15,331.85,297.15,268.85,259.15,179.85,112.15,242.85
148.40,331.45,295.40,268.45,257.40,179.45,110.40,242.45
147.52,333.48,294.52,270.48,256.52,181.48,109.52,244.48
147.74,334.06,294.74,271.06,256.74,182.06,109.74,245.06
148.68,333.85,295.68,270.85,257.68,181.85,110.68,244.85
150.32,334.07,297.32,271.07,259.32,182.07,112.32,245.07
150.97,332.74,297.97,269.74,259.97,180.74,112.97,243.74
151.00,330.85,298.00,267.85,260.00,178.85,113.00,241.85
151.21,332.54,298.21,269.54,260.21,180.54,113.21,243.54
148.93,333.54,295.93,270.54,257.93,181.54,110.93,244.54
149.58,333.04,296.58,270.04,258.58,181.04,111.58,244.04
148.96,334.19,295.96,271.19,257.96,182.19,110.96,245.19
149.33,333.08,296.33,270.08,258.33,181.09,111.33,244.09
149.32,333.98,296.33,270.98,258.33,181.98,111.32,244.98
151.67,334.32,298.67,271.32,260.67,182.32,113.67,245.32
150.46,336.18,297.46,273.18,259.46,184.18,112.46,247.18
147.39,338.42,294.39,275.42,256.39,186.43,109.39,249.43
150.67,339.94,297.67,276.94,259.67,187.94,112.67,250.94
152.41,339.56,299.41,276.56,261.41,187.56,114.41,250.56
151.17,341.71,298.17,278.71,260.17,189.71,113.17,252.71
151.19,342.60,298.19,279.60,260.19,190.60,113.19,253.60
150.74,342.72,297.74,279.72,259.74,190.72,112.74,253.72
152.66,343.34,299.66,280.34,261.66,191.34,114.66,254.34
152.25,345.71,299.25,282.71,261.25,193.71,114.25,256.71
153.73,344.71,300.73,281.71,262.73,192.71,115.73,255.71
154.38,343.38,301.38,280.38,263.38,191.38,116.38,254.38
153.92,344.60,300.92,281.60,262.92,192.60,115.92,255.60
154.32,345.18,301.32,282.18,263.32,193.18,116.32,256.18
156.42,344.52,303.42,281.52,265.42,192.52,118.42,255.52
155.79,347.44,302.79,284.44,264.79,195.44,117.79,258.44
154.35,349.48,301.35,286.48,263.35,197.49,116.35,260.48
155.09,348.99,302.09,285.99,264.09,196.99,117.09,259.99
155.19,349.88,302.19,286.88,264.19,197.88,117.19,260.88
156.10,349.39,303.10,286.39,265.10,197.39,118.10,260.39
155.73,350.54,302.73,287.54,264.73,198.54,117.73,261.54
156.04,350.42,303.04,287.42,265.04,198.42,118.04,261.42
151.65,356.12,298.65,293.12,260.65,204.12,113.65,267.12
153.99,353.19,300.99,290.19,262.99,201.19,115.99,264.19
155.34,353.35,302.34,290.35,264.34,201.35,117.34,264.35
154.92,353.69,301.92,290.69,263.92,201.69,116.92,264.69
152.36,356.15,299.36,293.15,261.36,204.15,114.36,267.15
156.26,353.20,303.26,290.20,265.26,201.20,118.26,264.20
160.52,347.96,307.52,284.96,269.52,195.96,122.52,258.96
163.38,345.75,310.38,282.75,272.38,193.75,125.38,256.75
161.04,347.40,308.04,284.40,270.04,195.40,123.04,258.40
159.30,349.86,306.30,286.86,268.30,197.86,121.30,260.86
163.44,347.33,310.44,284.33,272.44,195.34,125.44,258.33
158.96,349.85,305.96,286.85,267.96,197.85,120.96,260.85
159.71,350.92,306.71,287.92,268.71,198.93,121.71,261.92
155.50,354.32,302.50,291.32,264.50,202.32,117.50,265.32
158.42,351.05,305.42,288.05,267.42,199.05,120.42,262.05
152.70,355.84,299.70,292.84,261.70,203.84,114.70,266.84
154.16,354.95,301.17,291.95,263.17,202.95,116.17,265.95
157.24,351.93,304.24,288.93,266.24,199.93,119.24,262.93
153.54,356.46,300.54,293.46,262.54,204.46,115.54,267.46
155.64,354.47,302.64,291.47,264.64,202.47,117.64,265.47
142.13,363.48,289.13,300.48,251.13,211.48,104.13,274.48
121.98,378.04,268.98,315.04,230.98,226.04,83.98,289.04
126.15,374.49,273.15,311.49,235.15,222.49,88.15,285.49
120.20,378.42,267.20,315.42,229.20,226.42,82.20,289.42
123.14,377.07,270.14,314.07,232.14,225.07,85.14,288.07
121.19,378.18,268.19,315.18,230.19,226.18,83.19,289.18
119.72,380.42,266.73,317.42,228.73,228.42,81.72,291.42
121.78,381.29,268.78,318.29,230.78,229.29,83.78,292.29
130.90,375.01,277.90,312.01,239.90,223.01,92.90,286.01
119.85,378.31,266.85,315.31,228.85,226.31,81.85,289.31
118.20,374.03,265.20,311.03,227.20,222.03,80.20,285.03
118.34,371.53,265.34,308.53,227.34,219.53,80.34,282.53
117.12,370.62,264.12,307.62,226.12,218.62,79.12,281.62
138.81,358.13,285.81,295.13,247.81,206.13,100.81,269.13
147.97,350.10,294.97,287.10,256.97,198.10,109.97,261.10
151.07,347.84,298.07,284.84,260.07,195.84,113.07,258.84
156.07,348.37,303.07,285.37,265.07,196.37,118.07,259.37
158.48,348.74,305.48,285.74,267.48,196.74,120.48,259.74
157.36,350.54,304.36,287.54,266.36,198.54,119.36,261.54
157.13,347.07,304.13,284.07,266.13,195.07,119.13,258.07
156.89,353.52,303.89,290.52,265.89,201.52,118.89,264.52
154.25,353.50,301.25,290.50,263.25,201.50,116.25,264.50
159.55,352.73,306.55,289.73,268.55,200.74,121.55,263.73
153.29,353.64,300.29,290.64,262.29,201.64,115.29,264.64
139.40,346.41,286.40,283.41,248.40,194.41,101.40,257.41
131.89,348.62,278.89,285.62,240.89,196.62,93.89,259.62
133.65,342.00,280.65,279.00,242.65,190.00,95.65,253.00
141.10,328.51,288.10,265.51,250.10,176.51,103.10,239.51
141.71,326.63,288.71,263.63,250.71,174.63,103.71,237.63
146.36,350.54,293.36,287.54,255.36,198.54,108.36,261.54
133.93,347.23,280.93,284.23,242.93,195.23,95.93,258.23
134.95,348.63,281.95,285.63,243.95,196.63,96.95,259.63
136.74,349.03,283.74,286.03,245.74,197.03,98.74,260.03
138.59,350.20,285.59,287.20,247.59,198.20,100.59,261.20
138.72,351.57,285.72,288.57,247.72,199.57,100.72,262.57
136.89,349.66,283.89,286.66,245.89,197.66,98.89,260.66
132.11,339.17,279.11,276.17,241.11,187.17,94.11,250.17
129.86,345.44,276.86,282.44,238.86,193.44,91.86,256.44
132.25,345.57,279.25,282.57,241.25,193.57,94.25,256.57
126.74,351.85,273.74,288.85,235.74,199.85,88.74,262.85
129.21,353.42,276.21,290.42,238.21,201.42,91.21,264.42
128.17,360.23,275.17,297.23,237.17,208.23,90.17,271.23
126.31,367.17,273.31,304.17,235.31,215.17,88.31,278.17
2
0
0
0
0
1
75.00,152.00,108.00,279.00,180.00,261.00,148.00,134.00
75.00,152.00,108.00,279.00,180.00,261.00,148.00,134.00
95.52,187.69,128.52,314.69,200.52,296.69,168.52,169.69
86.80,195.13,119.80,322.13,191.80,304.13,159.80,177.13
82.14,187.42,115.14,314.42,187.14,296.42,155.14,169.42
74.48,178.85,107.49,305.85,179.49,287.85,147.49,160.85
106.71,212.71,139.71,339.71,211.71,321.71,179.71,194.71
55.22,175.15,88.22,302.15,160.22,284.15,128.22,157.15
31.88,151.93,64.88,278.93,136.88,260.93,104.88,133.93
28.91,150.21,61.91,277.21,133.91,259.21,101.91,132.21
31.50,161.51,64.50,288.51,136.50,270.51,104.50,143.51
24.14,159.54,57.14,286.54,129.14,268.54,97.14,141.54
13.94,144.25,46.94,271.25,118.94,253.25,86.94,126.25
21.40,146.31,54.40,273.31,126.40,255.31,94.40,128.31
90.73,146.69,123.74,273.69,195.74,255.69,163.74,128.69
75.07,148.21,108.07,275.20,180.07,257.20,148.07,130.21
66.05,136.74,99.05,263.74,171.05,245.74,139.05,118.74
23.02,156.48,56.02,283.48,128.02,265.48,96.02,138.48
25.65,207.84,58.65,334.84,130.65,316.84,98.65,189.84
39.17,213.80,72.17,340.80,144.17,322.80,112.17,195.80
31.48,215.81,64.48,342.81,136.48,324.81,104.48,197.81
29.20,215.10,62.20,342.10,134.20,324.10,102.20,197.10
25.00,214.00,58.00,341.00,130.00,323.00,98.00,196.00
115.39,133.22,148.38,260.22,220.38,242.22,188.38,115.22
120.86,145.78,153.86,272.78,225.86,254.78,193.86,127.78
119.86,147.74,152.86,274.74,224.86,256.74,192.86,129.74
114.36,153.30,147.36,280.30,219.36,262.30,187.36,135.30
112.96,152.42,145.96,279.42,217.96,261.42,185.96,134.42
124.91,173.89,157.91,300.89,229.91,282.89,197.91,155.89
126.51,173.04,159.51,300.04,231.51,282.04,199.51,155.04
127.45,173.56,160.45,300.56,232.45,282.56,200.45,155.56
126.10,173.49,159.10,300.49,231.10,282.49,199.10,155.49
131.29,182.00,164.29,309.00,236.29,291.00,204.29,164.00
132.80,183.20,165.80,310.20,237.80,292.20,205.80,165.20
139.15,179.53,172.15,306.53,244.15,288.53,212.15,161.53
140.42,172.44,173.42,299.44,245.42,281.44,213.42,154.44
143.41,180.40,176.41,307.40,248.41,289.40,216.41,162.40
148.61,177.05,181.61,304.05,253.61,286.05,221.61,159.05
153.87,183.16,186.87,310.16,258.87,292.16,226.87,165.16
156.73,183.56,189.73,310.56,261.73,292.56,229.73,165.56
160.85,185.45,193.85,312.45,265.85,294.45,233.85,167.45
197.32,206.24,230.32,333.24,302.32,315.24,270.32,188.24
204.27,226.16,237.27,353.16,309.27,335.16,277.27,208.16
205.09,226.46,238.09,353.46,310.09,335.46,278.09,208.46
205.27,226.74,238.27,353.74,310.27,335.74,278.27,208.74
2
0
0
0
0
1
178.00,261.00,225.00,234.00,185.00,163.00,138.00,190.00
178.00,261.00,225.00,234.00,185.00,163.00,138.00,190.00
170.41,257.09,217.41,230.09,177.41,159.09,130.41,186.09
168.15,263.77,215.15,236.77,175.15,165.77,128.15,192.77
176.37,255.38,223.37,228.38,183.37,157.38,136.37,184.38
184.21,258.02,231.21,231.02,191.21,160.02,144.21,187.02
188.99,249.06,235.99,222.06,195.99,151.06,148.99,178.06
186.21,261.44,233.21,234.44,193.21,163.44,146.21,190.44
190.77,257.96,237.77,230.96,197.77,159.96,150.77,186.96
207.27,253.89,254.27,226.89,214.27,155.89,167.27,182.89
209.99,254.01,256.99,227.01,216.99,156.01,169.99,183.01
199.20,239.21,246.20,212.21,206.20,141.21,159.20,168.21
218.89,257.93,265.89,230.93,225.89,159.93,178.89,186.93
215.37,242.11,262.37,215.11,222.37,144.11,175.37,171.11
219.40,259.26,266.40,232.26,226.40,161.26,179.40,188.26
220.66,263.25,267.66,236.25,227.66,165.25,180.66,192.25
232.83,276.83,279.83,249.83,239.83,178.83,192.83,205.83
240.19,286.82,287.19,259.82,247.19,188.82,200.19,215.82
241.99,284.76,288.99,257.76,248.99,186.76,201.99,213.76
244.58,291.14,291.58,264.14,251.58,193.14,204.58,220.14
251.28,307.60,298.28,280.60,258.28,209.60,211.28,236.60
239.48,297.37,286.48,270.37,246.48,199.37,199.48,226.37
251.48,323.40,298.48,296.40,258.48,225.40,211.48,252.40
254.65,347.51,301.65,320.51,261.65,249.51,214.65,276.51
254.89,346.75,301.89,319.75,261.89,248.75,214.89,275.75
255.27,321.93,302.27,294.93,262.27,223.93,215.27,250.93
210.79,294.24,257.79,267.24,217.79,196.24,170.79,223.24
179.74,298.92,226.74,271.92,186.74,200.92,139.74,227.92
237.47,316.36,284.47,289.36,244.47,218.36,197.47,245.36
254.82,328.39,301.82,301.39,261.82,230.39,214.82,257.39
264.92,335.55,311.92,308.55,271.92,237.55,224.92,264.55
259.57,332.64,306.57,305.64,266.57,234.64,219.57,261.64
258.92,324.77,305.92,297.77,265.92,226.77,218.92,253.77
255.31,316.14,302.31,289.14,262.31,218.14,215.31,245.14
250.14,309.95,297.14,282.95,257.14,211.95,210.14,238.95
254.37,310.64,301.37,283.64,261.37,212.64,214.37,239.64
250.87,308.47,297.87,281.47,257.87,210.47,210.87,237.47
238.52,296.41,285.52,269.41,245.52,198.41,198.52,225.41
236.99,287.27,283.99,260.27,243.99,189.27,196.99,216.27
228.66,285.86,275.66,258.86,235.66,187.86,188.66,214.86
230.17,281.93,277.17,254.93,237.17,183.93,190.17,210.93
241.03,283.58,288.03,256.58,248.03,185.59,201.03,212.59
252.29,267.04,299.29,240.04,259.29,169.04,212.29,196.04
233.27,281.21,280.27,254.21,240.27,183.21,193.27,210.21
246.30,275.31,293.30,248.31,253.30,177.31,206.30,204.31
234.53,270.15,281.53,243.15,241.53,172.15,194.53,199.15
247.83,282.45,294.83,255.45,254.83,184.45,207.83,211.45
249.17,286.49,296.17,259.49,256.17,188.49,209.17,215.49
252.02,289.68,299.02,262.68,259.02,191.68,212.02,218.68
251.25,290.14,298.25,263.14,258.25,192.13,211.25,219.13
249.58,294.31,296.58,267.31,256.58,196.31,209.58,223.31
293.87,300.67,340.87,273.67,300.87,202.67,253.87,229.67
288.53,294.73,335.53,267.73,295.53,196.73,248.53,223.73
285.40,306.23,332.40,279.23,292.40,208.23,245.40,235.23
296.61,323.79,343.61,296.79,303.61,225.79,256.61,252.79
300.80,324.42,347.80,297.42,307.80,226.42,260.80,253.42
306.78,319.30,353.78,292.30,313.78,221.29,266.78,248.29
299.77,345.37,346.77,318.37,306.77,247.37,259.77,274.37
308.66,326.97,355.66,299.97,315.66,228.97,268.66,255.97
327.14,322.02,374.14,295.02,334.14,224.02,287.14,251.02
325.89,326.94,372.89,299.94,332.89,228.94,285.89,255.94
340.50,332.74,387.50,305.74,347.50,234.74,300.50,261.74
337.78,339.07,384.78,312.07,344.78,241.07,297.78,268.07
383.11,345.27,430.11,318.27,390.11,247.27,343.11,274.27
419.32,340.58,466.32,313.58,426.32,242.58,379.32,269.58
476.00,343.13,522.99,316.13,483.00,245.13,436.00,272.13
