1
526.55,54.87,548.04,54.87,548.04,76.36,526.55,76.36
524.59,63.54,545.71,63.54,545.71,84.67,524.59,84.67
522.72,79.82,542.45,79.82,542.45,99.54,522.72,99.54
537.73,88.05,516.42,96.71,523.39,113.88,544.70,105.22
532.22,101.74,512.78,114.45,522.92,129.94,542.35,117.23
517.63,114.06,536.08,114.06,536.08,132.50,517.63,132.50
515.75,126.43,532.76,126.43,532.76,143.44,515.75,143.44
512.41,140.28,531.37,140.28,531.37,159.25,512.41,159.25
532.05,160.83,511.39,152.63,505.39,167.73,526.06,175.93
517.97,162.77,541.21,162.77,541.21,186.02,517.97,186.02
537.75,166.15,526.77,185.91,537.34,191.78,548.31,172.01
547.87,172.72,535.63,190.65,547.15,198.51,559.39,180.58
555.63,184.46,547.67,203.81,561.00,209.30,568.97,189.95
564.36,192.91,557.03,209.90,568.18,214.71,575.51,197.72
573.11,202.03,572.70,222.65,584.89,222.89,585.30,202.27
584.51,210.95,579.05,231.83,589.31,234.51,594.77,213.63
586.58,219.31,582.82,240.74,594.73,242.83,598.49,221.40
594.55,231.47,595.93,249.48,605.76,248.73,604.39,230.72
599.61,240.75,604.69,260.20,614.67,257.59,609.59,238.14
611.28,256.88,605.28,272.54,617.02,277.04,623.02,261.38
611.42,267.51,615.89,285.52,627.59,282.62,623.13,264.61
631.48,284.85,623.84,268.49,614.51,272.84,622.14,289.20
637.01,288.01,624.08,274.47,616.43,281.77,629.36,295.31
2
0
0
0
0
1
627.71,269.03,644.23,269.03,644.23,285.56,627.71,285.56
2
0
0
0
0
1
659.69,280.07,643.47,275.85,640.05,289.01,656.28,293.23
662.32,275.65,643.46,278.62,645.87,293.88,664.73,290.91
647.31,278.14,664.10,278.14,664.10,294.92,647.31,294.92
649.05,274.26,666.26,274.26,666.26,291.46,649.05,291.46
