1
789.000000,248.000000,86.000000,180.000000
790.000000,251.000000,87.000000,181.000000
792.000000,244.000000,87.000000,183.000000
796.000000,241.000000,88.000000,184.000000
802.000000,231.000000,88.000000,184.000000
808.000000,231.000000,88.000000,185.000000
818.000000,228.000000,89.000000,187.000000
825.000000,224.000000,88.000000,183.000000
826.000000,224.000000,89.000000,185.000000
837.000000,222.000000,87.000000,181.000000
847.000000,208.000000,88.000000,183.000000
854.000000,212.000000,89.000000,185.000000
860.000000,216.000000,89.000000,186.000000
864.000000,209.000000,89.000000,185.000000
873.000000,206.000000,90.000000,188.000000
884.000000,207.000000,93.000000,195.000000
889.000000,202.000000,92.000000,192.000000
888.000000,197.000000,95.000000,198.000000
893.000000,194.000000,93.000000,195.000000
896.000000,186.000000,93.000000,194.000000
902.000000,180.000000,94.000000,197.000000
900.000000,179.000000,97.000000,202.000000
900.000000,175.000000,95.000000,198.000000
908.000000,169.000000,96.000000,201.000000
915.000000,163.000000,96.000000,201.000000
920.000000,157.000000,99.000000,207.000000
919.000000,158.000000,98.000000,204.000000
922.000000,154.000000,97.000000,204.000000
922.000000,163.000000,96.000000,201.000000
922.000000,153.000000,98.000000,204.000000
924.000000,150.000000,101.000000,211.000000
919.000000,152.000000,100.000000,210.000000
915.000000,150.000000,100.000000,209.000000
918.000000,156.000000,100.000000,209.000000
916.000000,157.000000,101.000000,210.000000
908.000000,152.000000,101.000000,211.000000
909.000000,173.000000,93.000000,194.000000
898.000000,151.000000,100.000000,208.000000
896.000000,171.000000,91.000000,191.000000
902.000000,145.000000,101.000000,211.000000
898.000000,164.000000,99.000000,207.000000
905.000000,191.000000,91.000000,191.000000
891.000000,177.000000,96.000000,201.000000
889.000000,178.000000,102.000000,212.000000
883.000000,190.000000,92.000000,193.000000
871.000000,212.000000,91.000000,189.000000
858.000000,218.000000,88.000000,184.000000
835.000000,220.000000,96.000000,202.000000
827.000000,228.000000,90.000000,188.000000
821.000000,229.000000,90.000000,187.000000
771.000000,200.000000,92.000000,192.000000
762.000000,198.000000,92.000000,192.000000
763.000000,203.000000,90.000000,188.000000
758.000000,221.000000,90.000000,187.000000
749.000000,222.000000,92.000000,192.000000
737.000000,241.000000,93.000000,194.000000
693.000000,238.000000,101.000000,210.000000
679.000000,247.000000,101.000000,210.000000
675.000000,246.000000,100.000000,209.000000
651.000000,266.000000,90.000000,188.000000
635.000000,261.000000,99.000000,207.000000
630.000000,268.000000,90.000000,189.000000
624.000000,279.000000,89.000000,185.000000
613.000000,285.000000,93.000000,194.000000
604.000000,286.000000,92.000000,192.000000
603.000000,311.000000,90.000000,187.000000
598.000000,301.000000,88.000000,184.000000
592.000000,323.000000,88.000000,184.000000
598.000000,319.000000,88.000000,183.000000
583.000000,324.000000,92.000000,191.000000
577.000000,327.000000,91.000000,189.000000
568.000000,337.000000,91.000000,189.000000
560.000000,342.000000,91.000000,191.000000
566.000000,342.000000,87.000000,181.000000
558.000000,340.000000,89.000000,186.000000
