1
575.000000,479.000000,102.000000,110.000000
577.000000,481.000000,101.000000,108.000000
579.000000,484.000000,100.000000,107.000000
578.000000,479.000000,101.000000,108.000000
577.000000,479.000000,102.000000,109.000000
578.000000,479.000000,103.000000,110.000000
577.000000,479.000000,102.000000,109.000000
579.000000,480.000000,102.000000,109.000000
581.000000,483.000000,101.000000,108.000000
583.000000,481.000000,101.000000,108.000000
584.000000,483.000000,101.000000,108.000000
581.000000,485.000000,100.000000,107.000000
583.000000,485.000000,100.000000,107.000000
580.000000,486.000000,100.000000,107.000000
575.000000,486.000000,101.000000,107.000000
574.000000,488.000000,100.000000,107.000000
577.000000,489.000000,99.000000,106.000000
576.000000,488.000000,100.000000,107.000000
577.000000,489.000000,99.000000,106.000000
577.000000,489.000000,98.000000,105.000000
578.000000,487.000000,99.000000,106.000000
575.000000,486.000000,100.000000,107.000000
577.000000,487.000000,100.000000,107.000000
572.000000,490.000000,99.000000,106.000000
579.000000,493.000000,99.000000,106.000000
579.000000,495.000000,98.000000,105.000000
578.000000,495.000000,98.000000,105.000000
577.000000,496.000000,97.000000,104.000000
579.000000,496.000000,96.000000,103.000000
580.000000,496.000000,97.000000,104.000000
581.000000,497.000000,97.000000,104.000000
583.000000,495.000000,97.000000,104.000000
584.000000,498.000000,96.000000,102.000000
584.000000,499.000000,95.000000,101.000000
592.000000,498.000000,93.000000,100.000000
592.000000,497.000000,95.000000,102.000000
593.000000,495.000000,96.000000,103.000000
593.000000,496.000000,97.000000,104.000000
595.000000,495.000000,99.000000,105.000000
597.000000,491.000000,100.000000,107.000000
596.000000,491.000000,101.000000,108.000000
597.000000,492.000000,101.000000,108.000000
596.000000,493.000000,101.000000,108.000000
598.000000,499.000000,102.000000,109.000000
595.000000,499.000000,104.000000,111.000000
598.000000,505.000000,102.000000,109.000000
596.000000,508.000000,100.000000,107.000000
597.000000,508.000000,99.000000,106.000000
598.000000,512.000000,98.000000,105.000000
601.000000,521.000000,97.000000,103.000000
605.000000,521.000000,96.000000,103.000000
601.000000,514.000000,96.000000,103.000000
605.000000,524.000000,96.000000,103.000000
592.000000,524.000000,96.000000,103.000000
605.000000,499.000000,96.000000,103.000000
615.000000,509.000000,96.000000,103.000000
611.000000,507.000000,96.000000,103.000000
616.000000,520.000000,96.000000,103.000000
620.000000,510.000000,96.000000,103.000000
605.000000,513.000000,98.000000,105.000000
616.000000,531.000000,98.000000,105.000000
624.000000,563.000000,98.000000,105.000000
662.000000,575.000000,98.000000,104.000000
2
0
0
0
0
1
613.000000,575.000000,92.000000,110.000000
616.000000,568.000000,94.000000,112.000000
620.000000,569.000000,96.000000,114.000000
627.000000,556.000000,98.000000,116.000000
626.000000,552.000000,100.000000,119.000000
623.000000,549.000000,102.000000,121.000000
631.000000,547.000000,102.000000,121.000000
633.000000,550.000000,101.000000,120.000000
632.000000,552.000000,100.000000,119.000000
640.000000,542.000000,100.000000,119.000000
661.000000,533.000000,99.000000,118.000000
673.000000,528.000000,101.000000,120.000000
680.000000,529.000000,102.000000,121.000000
681.000000,530.000000,104.000000,124.000000
687.000000,525.000000,103.000000,123.000000
701.000000,521.000000,103.000000,123.000000
714.000000,523.000000,103.000000,123.000000
707.000000,521.000000,103.000000,123.000000
719.000000,516.000000,103.000000,123.000000
726.000000,511.000000,103.000000,123.000000
740.000000,518.000000,101.000000,121.000000
745.000000,515.000000,100.000000,119.000000
740.000000,518.000000,101.000000,120.000000
755.000000,520.000000,99.000000,118.000000
768.000000,513.000000,97.000000,116.000000
777.000000,513.000000,96.000000,114.000000
784.000000,518.000000,95.000000,113.000000
788.000000,518.000000,96.000000,114.000000
799.000000,519.000000,94.000000,112.000000
801.000000,521.000000,93.000000,111.000000
804.000000,518.000000,94.000000,112.000000
809.000000,514.000000,95.000000,113.000000
808.000000,515.000000,97.000000,115.000000
819.000000,515.000000,96.000000,114.000000
818.000000,511.000000,98.000000,117.000000
822.000000,507.000000,98.000000,116.000000
819.000000,504.000000,100.000000,119.000000
817.000000,503.000000,102.000000,121.000000
820.000000,500.000000,103.000000,122.000000
822.000000,508.000000,101.000000,120.000000
823.000000,516.000000,99.000000,118.000000
822.000000,513.000000,100.000000,120.000000
816.000000,512.000000,102.000000,122.000000
810.000000,510.000000,105.000000,124.000000
811.000000,512.000000,106.000000,126.000000
811.000000,512.000000,107.000000,127.000000
807.000000,507.000000,108.000000,129.000000
804.000000,506.000000,107.000000,128.000000
800.000000,514.000000,107.000000,128.000000
794.000000,514.000000,109.000000,130.000000
786.000000,503.000000,108.000000,129.000000
779.000000,501.000000,109.000000,130.000000
777.000000,500.000000,111.000000,132.000000
777.000000,502.000000,110.000000,130.000000
766.000000,501.000000,111.000000,132.000000
759.000000,502.000000,113.000000,134.000000
752.000000,505.000000,115.000000,137.000000
743.000000,502.000000,117.000000,140.000000
743.000000,488.000000,120.000000,142.000000
740.000000,474.000000,122.000000,145.000000
732.000000,474.000000,124.000000,148.000000
728.000000,463.000000,125.000000,148.000000
730.000000,452.000000,125.000000,149.000000
733.000000,435.000000,126.000000,150.000000
731.000000,429.000000,128.000000,153.000000
728.000000,423.000000,128.000000,152.000000
728.000000,415.000000,131.000000,155.000000
724.000000,408.000000,133.000000,159.000000
