1
701.264648,244.105362,36.136497,70.272491
697.890930,244.229187,34.961723,67.957001
694.833374,243.133408,36.124039,70.387474
692.584900,239.928024,34.206432,66.461113
689.099976,242.837402,34.016422,66.213577
687.324158,236.392944,34.650784,67.372093
682.850708,237.186386,33.748474,65.493896
682.922852,238.289841,34.012711,66.258629
680.876953,239.784164,33.026493,64.171844
678.785706,238.747742,33.245949,64.626640
673.826294,242.834030,32.786827,63.700317
670.395325,245.451996,35.117630,68.390366
667.363892,248.777100,33.986984,66.067070
664.454346,245.891464,33.333893,64.621185
657.848267,244.219238,32.774452,63.519310
653.217957,246.420609,32.322094,62.666126
647.975220,246.938995,33.106884,64.163780
645.405701,248.056992,33.048000,64.063217
640.349731,248.856308,32.525387,63.024506
636.992981,248.499161,32.150970,62.232311
636.832214,243.157898,30.096996,58.412823
632.132935,245.480270,29.574331,57.546528
630.391663,244.236420,30.382729,58.845921
624.718079,248.588638,30.596462,59.182800
622.371338,248.267807,28.118319,54.788528
619.932495,244.809967,30.598042,59.233047
618.247437,247.392029,28.885918,56.260727
613.773865,246.729782,28.861225,56.199699
609.486206,246.569550,28.463375,55.514088
610.145996,243.862991,27.055132,52.670521
603.117859,244.913147,29.037296,56.272812
602.627014,244.259125,27.905401,54.266499
598.165466,244.919159,29.583239,57.621025
596.077332,246.272888,28.805082,55.819786
593.993103,249.283035,26.485483,51.550404
589.027588,244.926682,29.127010,56.456341
589.021973,247.228149,24.735149,48.174198
587.798096,246.430771,24.111677,46.977711
582.438782,247.561508,24.337320,47.443775
580.918335,248.124481,24.623407,47.999535
577.481995,250.018311,23.771452,46.249531
575.613647,250.061554,23.138290,45.053734
571.787476,252.762817,21.985912,42.806118
564.537659,249.470688,24.043734,46.795300
562.701111,251.121841,22.510784,43.802433
559.079407,252.248520,23.693745,46.021313
551.859863,248.819565,25.362619,49.266232
550.515625,250.221100,24.771124,48.160957
549.084351,249.972153,22.883205,44.537716
545.839172,250.676331,23.215736,45.191540
543.809082,249.715805,22.147404,43.091934
543.116821,251.270111,22.535479,43.907768
543.116821,251.270111,22.535479,43.907768
541.208679,249.448196,22.824884,44.445324
538.046448,247.458359,24.904364,48.454445
541.033569,250.437271,22.633713,44.099812
538.303955,254.428314,22.613913,43.948723
536.188232,251.472580,23.201075,45.177898
537.737244,249.240540,22.306381,43.370640
536.585510,252.378128,23.880482,46.601696
535.819519,250.768906,22.079679,42.906322
539.135864,249.416763,22.369387,43.609573
538.154053,249.038116,22.746889,44.347271
535.960754,248.788040,20.935886,40.697395
535.713257,248.432693,20.170078,39.328175
533.858582,249.333786,19.661909,38.279049
532.374207,249.669800,19.085777,37.212208
532.374207,249.669800,19.085777,37.212208
532.374207,249.669800,19.085777,37.212208
531.737793,247.575500,20.137856,39.145679
533.351074,245.609985,17.954105,34.982578
533.459045,248.496902,19.814657,38.644360
534.571838,244.433029,18.802004,36.680779
534.571838,244.433029,18.802004,36.680779
534.571838,244.433029,18.802004,36.680779
533.888123,247.379883,19.502222,38.060253
535.501038,247.610458,19.391390,37.806175
535.501038,247.610458,19.391390,37.806175
538.320557,247.507935,19.839319,38.738659
539.978333,247.195969,19.324671,37.731739
540.639893,247.454147,20.668266,40.270523
558.345520,238.639069,16.491806,32.135593
540.498901,251.989151,19.719219,38.513508
544.799255,253.235168,18.130114,35.374916
544.799255,253.235168,18.130114,35.374916
546.919006,251.991150,18.734205,36.482094
557.533997,248.505249,19.001892,37.011242
556.289856,247.758743,21.073500,41.038788
556.556580,249.570221,18.768555,36.557339
558.601196,251.113831,18.433142,35.891338
567.159607,249.217743,19.288807,37.570354
567.159607,249.217743,19.288807,37.570354
567.159607,249.217743,19.288807,37.570354
579.550720,249.339874,19.191248,37.379448
573.189148,251.915695,18.097092,35.214054
577.951233,249.505630,19.013988,37.050743
582.025818,250.148254,18.079800,35.209366
584.292053,249.736710,18.387432,35.731838
580.951538,250.821289,19.203671,37.412914
584.109375,250.859283,17.834896,34.744652
584.902527,250.502029,18.660950,36.376404
586.452637,249.231903,19.593485,38.165451
587.757629,249.509430,20.738714,40.400112
589.873901,249.048279,19.567125,38.206055
591.541748,251.593140,18.949686,36.977238
597.029846,252.161118,18.641811,36.397068
597.029846,252.161118,18.641811,36.397068
599.998535,251.965012,18.212791,35.531643
600.163940,251.809753,18.755991,36.612469
600.163940,251.809753,18.755991,36.612469
600.163940,251.809753,18.755991,36.612469
597.525818,249.027863,20.410067,39.859188
597.546875,247.795822,19.250748,37.513947
596.137817,248.009811,18.382467,35.716190
591.184875,244.473007,18.785049,36.505135
589.063782,244.080170,17.312208,33.679955
582.798767,245.671829,17.080343,33.170509
586.328735,248.128769,20.277344,39.422970
573.374634,241.745026,17.893276,34.778355
577.423645,246.441971,17.473726,33.943314
571.728271,245.951584,17.472918,33.948330
564.566406,245.247345,17.477888,33.970078
555.875244,243.521759,18.430914,35.799072
552.125183,242.732803,16.950264,32.932049
544.432739,239.902206,16.516727,32.073315
535.495300,237.928009,17.891039,34.741993
531.796570,239.190994,14.703579,28.593193
524.171021,238.032043,15.393899,29.936340
501.602020,238.126358,17.108583,33.191666
493.260773,242.055405,15.764463,30.669725
480.509705,238.128525,17.251171,33.449810
469.459351,242.916855,17.932497,34.844738
461.489929,246.830933,16.470772,31.995039
448.799957,247.770157,17.664030,34.322132
432.842163,250.883163,17.746105,34.506275
423.179565,249.123749,18.380302,35.639938
409.678650,246.664536,18.813822,36.504513
399.146790,246.772018,18.913118,36.730625
385.275360,246.610779,18.915028,36.760548
372.432068,248.887360,18.751932,36.453747
358.326233,252.090149,18.516157,36.015411
337.668518,250.446777,18.976671,36.861244
318.860626,252.852219,18.484106,35.957672
293.295532,252.564301,18.456497,35.933170
280.798370,256.314240,18.163412,35.398888
252.924255,254.180023,17.741249,34.573666
243.346985,254.171951,16.002430,31.159163
221.103485,255.459686,15.293116,29.782122
206.890976,257.967377,15.324088,29.812380
184.617828,258.140839,15.077241,29.339605
165.161896,257.289154,13.666460,26.603283
155.465607,258.873077,14.324569,27.848640
144.022308,258.443024,15.345261,29.871836
133.547089,262.683197,13.477784,26.190502
117.899055,263.283600,13.401834,26.115387
102.880096,260.948029,14.247826,27.740181
93.072807,261.698242,13.116982,25.553623
90.359634,266.183838,13.295566,25.876310
86.312492,266.616669,12.713910,24.781704
85.831192,267.981171,11.865324,23.082644
88.096977,268.254547,12.605706,24.567989
90.256714,268.237946,12.621696,24.515610
94.415909,266.747040,13.836549,26.926949
94.494713,269.277557,11.757570,22.922815
94.227989,269.497650,14.044940,27.283596
93.687675,269.030975,15.740766,30.614214
94.575005,272.167786,14.772891,28.741169
94.747658,272.479919,15.171395,29.498863
94.747658,272.479919,15.171395,29.498863
92.409462,273.173767,15.357364,29.904127
95.031166,272.797455,15.711838,30.533583
95.031166,272.797455,15.711838,30.533583
101.831627,274.184113,15.509745,30.161165
103.239067,276.182953,13.941517,27.113447
108.740608,275.957733,14.857085,28.878723
113.981415,276.309967,15.813691,30.733128
119.307053,276.341888,15.184857,29.525187
122.438965,275.151428,15.358520,29.784895
134.232010,273.254456,14.266714,27.800600
145.234314,274.646851,14.177769,27.617250
158.034500,270.759338,14.708480,28.504904
170.184036,271.776794,12.846860,24.983629
182.988129,271.305206,13.757094,26.867893
192.107971,270.573364,12.725665,24.724100
199.285416,269.691772,13.815238,26.950092
212.140671,268.407227,15.204870,29.419964
211.277390,276.783142,11.818675,23.068050
225.612473,273.436401,13.222555,25.654480
232.140060,271.649902,15.792223,30.809349
240.513046,271.363617,15.533632,30.051785
248.276825,274.430328,10.565117,20.583239
257.643524,274.721771,9.559480,18.630846
265.669037,271.707458,9.798470,19.100498
273.169220,272.694702,9.036770,17.613295
277.299927,269.137024,9.315954,18.185102
282.308777,267.477753,9.770984,19.024035
289.545227,266.046173,9.805078,19.113747
296.421234,265.024445,9.820855,19.120573
302.007599,266.643799,9.554088,18.597708
310.243164,269.212921,9.137088,17.776239
313.639801,269.921356,8.886786,17.315090
327.728424,265.143860,10.569129,20.589149
334.870758,264.083923,10.213594,19.896591
342.832825,264.173523,10.134910,19.728188
348.215302,263.577332,8.851003,17.235876
358.881012,262.491241,8.865898,17.292049
367.119232,263.112122,7.751870,15.101580
369.771088,265.660370,6.771832,13.203710
377.457642,265.924255,6.686309,13.020542
383.931458,267.653595,5.726336,11.145319
393.838165,265.037079,5.253204,10.231806
396.552429,260.152374,9.704872,18.895456
406.482635,267.343658,5.670410,11.037306
409.964203,261.728699,9.690295,18.873735
417.199585,262.009979,11.023508,21.469866
430.198395,263.719604,6.610933,12.876964
438.640930,266.522339,6.280144,12.230360
446.055817,265.088623,6.818736,13.271612
454.264984,262.541351,6.211906,12.099104
461.274719,260.215912,7.029633,13.725862
462.363983,260.548340,11.254754,21.910152
475.611298,264.841400,6.788368,13.250883
476.752258,261.485901,12.094155,23.534061
484.740814,263.342438,9.987572,19.471161
489.813965,266.340057,9.592677,18.718250
493.635956,265.215607,10.131372,19.729771
497.634094,267.954224,9.458867,18.410254
500.474640,264.195740,11.004025,21.421570
500.574554,263.599030,12.520603,24.429144
502.685059,262.617340,11.933643,23.237785
508.301331,256.793854,10.898748,21.233509
498.432434,258.413788,10.329057,20.123161
495.807800,259.108032,10.726901,20.899048
494.444244,260.721924,10.940007,21.308910
499.429810,262.469177,9.857726,19.211645
501.508057,263.329620,8.512389,16.610106
501.508057,263.329620,8.512389,16.610106
502.562866,265.896973,8.685931,16.949865
486.649231,252.394409,10.004558,19.473890
2
0
0
0
0
1
415.248566,264.321899,25.989620,41.986168
402.607544,261.849091,27.064970,43.737663
387.934113,264.259857,26.621765,43.032310
376.401855,265.766846,25.960581,41.977608
359.281494,267.005066,26.106037,42.222916
346.195587,268.324005,26.489908,42.851959
335.150574,266.773315,27.991344,45.219376
328.076019,270.092438,26.225946,42.465347
315.762115,274.051178,24.893116,40.199173
305.044464,273.244171,24.072960,38.933910
299.565948,275.753601,25.185369,40.621380
289.644623,275.379883,25.699793,41.514477
286.446259,277.027374,26.134001,42.220078
283.389740,276.460602,26.179161,42.390099
277.778839,278.062256,26.595144,43.035732
271.862915,280.997833,26.734283,43.319866
266.944519,284.100006,27.063696,43.728756
260.288300,288.160431,26.441666,42.761253
250.444443,289.127472,26.336649,42.562069
242.204468,294.148285,25.676725,41.456139
227.777328,298.364166,26.543995,42.937744
215.174576,300.761566,26.279640,42.575481
207.099136,298.943695,26.861460,43.486961
197.459641,304.648468,26.663679,43.290421
182.915207,304.093689,26.424248,42.617523
175.331161,312.013947,26.541531,42.990829
166.829147,308.707886,27.516325,44.505947
163.121613,304.486115,24.854834,40.124245
164.955933,298.694489,24.879499,40.164543
153.398361,290.497253,24.284435,39.188786
173.893448,298.901764,24.366375,39.336781
159.783096,268.895325,22.506514,36.377766
2
0
0
0
0
1
216.497833,305.304443,29.611092,37.499771
223.141861,305.761566,29.288332,37.122005
251.476440,303.392883,29.759686,37.749485
2
0
0
0
0
1
253.605606,296.816986,35.149040,40.148510
257.704376,295.951752,35.228294,40.330078
261.810394,296.318695,34.601116,39.496780
268.821960,297.424286,34.269966,39.230694
274.066406,297.858521,37.328358,42.641090
279.593384,299.040649,37.084717,42.364414
286.884613,299.585876,36.804649,42.003811
290.142456,298.472992,37.515369,42.830635
297.033051,296.960449,34.712357,39.623951
297.603149,300.283295,37.253956,42.574436
304.696655,296.188904,35.023640,39.994556
311.159363,303.183624,35.029343,39.786060
320.068909,300.389526,33.107967,37.897964
329.022095,296.146027,33.793453,38.703789
335.857422,297.099762,33.965885,38.640343
345.605682,295.814575,32.640949,37.399525
343.024292,296.861725,32.895775,37.665115
350.523407,298.342560,33.537735,38.719048
354.643188,305.392914,31.555033,36.272213
351.965607,304.178375,32.288765,36.988235
348.081024,279.180481,34.410835,39.190399
365.586304,273.244720,33.730789,38.474415
375.740814,274.389099,33.679955,38.354061
376.497650,274.769989,34.451191,39.254105
378.022278,271.369629,34.336231,39.184875
383.232513,274.467438,32.188580,36.655972
387.312561,272.093323,31.645254,36.081348
392.457611,268.434967,31.519310,35.923256
394.984131,268.101593,31.978476,36.406681
2
0
0
0
0
1
385.403656,289.079742,22.535604,33.810539
386.070068,286.695160,24.744368,37.181591
386.070068,286.695160,24.744368,37.181591
383.739655,284.760071,23.724972,35.563789
382.948212,282.138794,26.114557,39.080818
382.948212,282.138794,26.114557,39.080818
382.459808,282.684906,24.870092,37.229362
380.338440,282.875397,26.391470,39.551861
379.245819,282.724457,24.928560,37.440437
380.594025,282.746674,24.755634,37.037132
380.594025,282.746674,24.755634,37.037132
378.098358,283.481293,25.796476,38.780476
377.218109,282.672394,25.396833,37.989727
378.832245,285.061462,23.333258,34.975395
377.326752,289.084167,22.145542,33.203468
380.154297,280.999786,23.554728,35.285423
378.942810,282.015076,23.541506,35.300961
375.516876,281.007690,24.438620,36.516132
375.705017,281.891235,23.165667,34.790970
374.515045,281.683868,23.532595,35.305874
369.627594,282.661011,25.423544,38.072742
363.611847,288.841492,22.620806,34.000874
372.143341,291.633331,21.501001,32.331577
372.025818,289.653290,22.582666,33.808041
366.933563,286.877686,21.819843,32.822811
360.893921,284.934906,22.171917,33.388836
358.052246,289.235596,20.980339,31.381109
349.259369,282.434113,22.505461,33.722366
341.285797,281.439697,20.606136,30.964727
2
0
0
0
0
1
239.863403,297.054596,30.214052,36.344746
225.799850,299.796112,32.205853,38.708076
216.986176,295.788788,29.884098,35.930817
209.846802,293.376953,30.747320,37.029781
200.560211,294.222961,30.530430,36.618420
192.991913,296.262543,30.563105,36.761669
185.852966,292.420044,30.255737,36.300186
179.540421,296.227234,29.862677,35.756252
171.549332,291.739441,29.777868,35.814262
171.549332,291.739441,29.777868,35.814262
171.511215,297.383759,30.795433,37.080017
160.134628,300.996704,31.496986,37.879997
163.041016,297.742004,30.744658,37.102234
2
0
0
0
0
1
137.884750,295.797150,23.399601,44.885033
136.810715,296.309967,24.180340,46.384396
138.308746,297.390289,21.802584,41.733109
134.570557,296.814392,20.711571,39.650047
134.570557,296.814392,20.711571,39.650047
133.471405,295.578552,23.612032,45.362232
135.211655,296.858887,20.828470,39.881973
134.914688,303.373322,20.449417,39.132954
134.914688,303.373322,20.449417,39.132954
131.708847,298.696564,20.565695,39.376640
131.369904,299.898163,18.694248,35.789833
133.143890,299.545288,18.535810,35.489231
133.143890,299.545288,18.535810,35.489231
124.721130,276.496674,18.638981,35.654831
126.139236,277.846771,18.260748,34.909424
131.082169,304.770111,19.827253,38.007484
130.000473,303.759583,20.091438,38.478359
130.000473,303.759583,20.091438,38.478359
127.790390,308.604095,20.393002,39.121529
2
