1
216.28,191.56,298.67,189.69,297.55,140.46,215.16,142.32
215.61,193.38,298.86,190.51,297.15,140.76,213.89,143.63
214.19,193.71,298.36,191.20,296.86,140.90,212.69,143.42
206.31,196.49,298.16,200.47,300.53,145.58,208.69,141.61
205.52,196.06,297.48,201.43,300.68,146.48,208.73,141.11
204.00,205.88,302.93,198.92,298.76,139.80,199.84,146.77
203.49,212.15,307.53,197.36,298.69,135.19,194.66,149.98
203.37,212.47,307.24,197.91,298.54,135.84,194.67,150.40
202.95,213.46,307.89,197.87,298.57,135.16,193.63,150.75
202.29,213.76,308.46,198.03,299.06,134.59,192.90,150.32
200.82,215.14,307.19,199.30,297.72,135.74,191.36,151.58
200.53,214.46,307.22,199.90,298.52,136.15,191.84,150.71
199.85,217.61,309.05,200.98,299.12,135.73,189.92,152.35
198.34,218.36,308.73,201.42,298.61,135.46,188.22,152.40
188.65,213.74,290.92,208.10,287.55,146.99,185.28,152.63
189.40,212.16,289.84,207.14,286.84,147.12,186.40,152.14
189.05,214.16,291.26,208.47,287.86,147.39,185.65,153.08
190.25,214.86,293.31,208.90,289.75,147.32,186.69,153.28
189.96,216.82,294.81,210.27,290.89,147.62,186.04,154.17
189.39,218.75,296.17,211.68,291.94,147.87,185.16,154.94
188.75,222.35,297.40,215.20,293.12,150.27,184.47,157.43
188.79,224.19,298.23,217.68,294.34,152.28,184.91,158.79
187.64,226.32,298.39,218.21,293.55,152.03,182.79,160.13
187.06,226.98,298.84,220.11,294.74,153.31,182.95,160.18
186.22,226.70,298.51,220.36,294.73,153.26,182.44,159.59
186.60,226.99,299.08,220.68,295.31,153.47,182.83,159.78
185.96,226.94,298.76,220.09,294.67,152.69,181.86,159.54
185.43,227.64,299.35,220.63,295.16,152.55,181.24,159.57
184.30,228.78,299.83,222.48,296.07,153.44,180.53,159.74
184.18,228.60,300.41,223.20,297.18,153.75,180.96,159.15
182.90,230.81,300.79,223.65,296.51,153.20,178.62,160.37
182.15,230.61,300.56,223.38,296.24,152.62,177.83,159.85
180.88,231.05,300.65,224.12,296.51,152.54,176.73,159.48
181.52,231.34,301.83,222.12,296.32,150.23,176.02,159.45
182.48,230.93,302.76,222.43,297.69,150.56,177.40,159.05
183.74,231.44,305.33,223.16,300.38,150.50,178.79,158.79
184.89,232.39,307.44,224.78,302.90,151.55,180.34,159.15
185.55,233.16,309.31,226.65,305.42,152.69,181.66,159.21
186.58,232.83,311.43,225.25,306.91,150.64,182.05,158.22
187.46,232.30,313.89,224.98,309.52,149.43,183.09,156.75
189.45,232.28,316.37,222.60,310.59,146.75,183.66,156.43
190.07,231.91,319.04,222.02,313.13,144.95,184.16,154.84
192.39,230.94,321.46,219.70,314.74,142.57,185.67,153.81
191.77,229.78,323.00,220.61,317.52,142.20,186.29,151.37
192.76,230.48,325.40,220.87,319.66,141.61,187.02,151.22
194.33,230.70,327.27,221.51,321.78,142.07,188.84,151.26
195.77,230.43,328.99,220.92,323.31,141.31,190.08,150.82
197.61,229.94,330.77,221.72,325.86,142.15,192.70,150.37
199.01,229.56,333.34,221.41,328.47,141.15,194.14,149.29
201.65,230.29,335.80,221.67,330.65,141.50,196.50,150.12
203.15,230.45,337.60,222.21,332.68,141.87,198.23,150.11
205.00,229.95,339.19,222.55,334.76,142.37,200.58,149.77
206.98,229.52,342.52,222.60,338.39,141.61,202.85,148.52
210.16,229.45,345.32,223.15,341.56,142.38,206.40,148.68
212.63,229.18,346.78,222.67,342.88,142.51,208.74,149.02
215.87,229.86,350.54,221.86,345.75,141.39,211.09,149.39
218.08,230.27,352.90,222.42,348.21,141.85,213.39,149.70
220.20,230.40,355.46,223.14,351.12,142.31,215.87,149.57
222.95,231.13,359.03,221.78,353.45,140.46,217.36,149.81
225.50,229.50,361.47,221.78,356.86,140.53,220.89,148.25
227.84,230.10,364.10,223.87,360.38,142.45,224.12,148.68
230.45,231.12,366.71,223.12,361.93,141.70,225.66,149.70
232.12,231.57,368.47,223.66,363.74,142.19,227.39,150.10
234.87,230.61,370.90,224.37,367.17,143.09,231.15,149.32
2
0
0
0
0
1
164.87,212.04,232.29,212.52,232.62,166.24,165.20,165.75
162.70,210.86,229.93,212.43,231.00,166.27,163.78,164.70
162.31,211.47,229.64,212.63,230.43,166.40,163.11,165.25
161.19,211.77,228.73,212.99,229.57,166.62,162.02,165.40
159.73,211.22,227.16,213.35,228.63,167.05,161.20,164.92
158.08,210.42,224.80,213.28,226.77,167.48,160.05,164.61
156.90,209.54,222.92,214.13,226.08,168.80,160.05,164.20
154.31,207.20,218.94,216.02,224.99,171.64,160.36,162.83
153.07,205.47,216.95,215.77,224.02,171.91,160.14,161.61
150.15,204.76,213.35,216.03,221.09,172.64,157.88,161.37
148.25,203.25,210.65,216.51,219.75,173.66,157.35,160.41
146.91,201.83,208.62,216.80,218.89,174.44,157.19,159.47
146.30,201.54,207.49,216.34,217.65,174.33,156.47,159.53
145.59,202.56,206.54,216.77,216.29,174.92,155.34,160.71
144.71,202.11,204.99,217.02,215.23,175.63,154.95,160.73
143.73,201.65,203.49,216.95,213.99,175.92,154.23,160.62
142.88,201.70,202.51,217.14,213.10,176.20,153.48,160.77
141.69,201.62,200.51,216.64,210.82,176.26,152.00,161.24
141.35,200.33,198.11,216.29,209.07,177.32,152.31,161.36
140.97,198.66,195.00,215.74,206.73,178.64,152.69,161.56
141.31,199.04,193.76,214.99,204.71,178.97,152.25,163.03
140.43,196.72,189.62,214.06,201.53,180.28,152.33,162.95
140.07,194.46,186.13,213.37,199.12,181.74,153.05,162.83
139.87,192.02,183.48,212.03,197.22,182.09,153.61,162.08
139.89,192.29,182.66,211.39,195.78,182.03,153.01,162.92
141.47,191.26,182.49,210.84,195.93,182.68,154.91,163.10
142.56,190.83,182.61,210.45,196.08,182.95,156.03,163.33
143.97,190.69,183.55,210.03,196.83,182.86,157.25,163.51
145.49,190.80,184.69,209.70,197.67,182.78,158.46,163.89
146.29,189.56,184.69,209.55,198.42,183.18,160.01,163.19
146.83,191.69,186.11,204.01,194.57,177.04,155.29,164.72
149.40,189.47,186.89,201.56,195.19,175.82,157.70,163.73
152.12,189.56,188.13,201.43,196.28,176.71,160.27,164.84
156.93,190.03,192.54,198.81,198.57,174.36,162.96,165.59
156.52,188.75,191.56,202.61,201.07,178.55,166.03,164.69
155.97,185.92,192.53,204.21,205.09,179.11,168.53,160.82
157.28,184.93,193.48,203.52,206.24,178.67,170.04,160.08
170.28,193.14,210.80,185.71,205.70,157.89,165.18,165.32
170.31,191.09,210.47,184.90,206.22,157.33,166.06,163.52
169.50,191.24,210.65,185.88,206.97,157.62,165.82,162.98
169.42,191.23,211.23,186.15,207.74,157.45,165.94,162.53
168.44,192.12,212.00,187.49,208.82,157.58,165.26,162.21
167.44,193.29,212.36,189.61,209.84,158.77,164.91,162.45
166.71,192.49,212.11,190.31,210.62,159.14,165.21,161.31
165.63,193.14,213.12,191.31,211.87,158.70,164.37,160.53
164.73,193.21,213.45,192.30,212.82,158.85,164.10,159.76
164.38,194.79,213.87,194.51,213.67,160.53,164.19,160.81
163.63,193.78,214.49,193.83,214.53,158.91,163.67,158.85
163.09,194.57,215.19,195.37,215.74,159.60,163.64,158.80
162.61,196.06,216.42,196.92,217.01,159.97,163.20,159.12
162.82,195.99,216.73,198.39,218.37,161.37,164.46,158.98
163.17,196.60,217.34,198.85,218.88,161.66,164.71,159.41
162.57,196.97,218.27,199.86,220.25,161.62,164.56,158.73
161.99,198.25,219.06,201.65,221.40,162.47,164.33,159.06
161.82,198.46,219.53,202.49,222.30,162.86,164.58,158.84
161.08,199.60,220.66,205.17,224.49,164.26,164.91,158.69
161.31,200.28,221.35,205.64,225.03,164.41,164.99,159.06
161.99,200.74,222.89,206.73,227.00,164.93,166.11,158.94
162.52,200.95,223.32,206.95,227.43,165.21,166.64,159.21
162.03,202.48,224.57,208.52,228.72,165.58,166.18,159.55
162.68,202.64,224.76,209.49,229.46,166.87,167.38,160.02
163.35,202.62,224.62,210.48,230.02,168.42,168.75,160.55
163.37,202.54,224.96,212.46,231.77,170.17,170.18,160.25
156.31,192.70,182.54,194.94,184.07,176.92,157.84,174.69
159.08,191.50,183.51,194.56,185.61,177.79,161.18,174.73
160.85,190.78,184.12,192.73,185.46,176.76,162.19,174.81
162.51,189.93,184.14,192.13,185.65,177.29,164.03,175.08
162.30,187.58,179.54,193.91,183.88,182.08,166.65,175.74
166.07,188.34,181.32,190.94,183.10,180.47,167.85,177.87
148.95,190.73,169.83,207.48,181.33,193.15,160.46,176.40
149.82,192.03,172.30,207.42,182.86,191.99,160.38,176.60
151.85,192.13,174.50,207.48,185.03,191.93,162.38,176.58
153.71,192.38,176.74,208.05,187.50,192.24,164.47,176.57
155.64,191.88,178.33,208.58,189.80,193.00,167.11,176.30
158.84,191.72,181.02,208.59,192.60,193.35,170.42,176.49
161.29,191.77,182.53,208.39,193.94,193.81,172.70,177.19
162.80,192.01,183.60,207.61,194.31,193.33,173.51,177.73
163.71,192.04,183.83,206.35,193.65,192.53,173.53,178.23
164.56,192.09,183.61,206.43,193.46,193.35,174.41,179.00
160.93,194.88,183.82,206.91,192.08,191.20,169.19,179.17
152.14,201.36,180.64,206.26,184.01,186.69,155.50,181.79
152.68,200.87,182.49,205.90,185.94,185.43,156.14,180.41
155.04,205.05,185.11,201.15,182.43,180.51,152.36,184.41
156.08,205.65,186.18,201.79,183.53,181.12,153.42,184.98
155.33,204.39,183.81,200.47,181.11,180.92,152.63,184.84
154.02,203.45,183.45,200.53,181.44,180.33,152.01,183.24
152.56,202.55,182.04,202.20,181.80,181.96,152.32,182.31
150.52,202.78,179.04,198.27,175.95,178.68,147.42,183.19
157.49,205.54,177.61,184.90,163.44,171.09,143.32,191.72
156.74,205.52,177.87,185.18,163.91,170.67,142.78,191.01
156.08,205.72,177.97,185.74,164.26,170.71,142.37,190.69
154.99,206.50,177.59,186.54,163.88,171.02,141.28,190.98
156.80,206.05,179.05,186.63,165.71,171.35,143.47,190.77
157.21,206.05,180.12,187.49,167.38,171.77,144.48,190.32
159.18,205.96,181.41,187.09,168.45,171.83,146.22,190.70
161.41,205.71,183.15,186.67,170.08,171.75,148.34,190.78
162.95,206.22,184.70,187.12,171.58,172.18,149.83,191.29
164.69,206.19,186.24,187.00,173.06,172.21,151.51,191.40
166.87,206.32,188.30,187.13,175.13,172.42,153.70,191.61
168.07,205.97,190.15,187.89,177.73,172.73,155.65,190.81
169.07,207.22,191.74,189.06,179.27,173.50,156.60,191.65
170.02,209.09,192.56,191.17,180.26,175.70,157.72,193.62
162.13,211.32,185.44,198.59,176.71,182.59,153.40,195.31
163.75,212.46,186.44,199.76,177.72,184.18,155.03,196.88
164.14,215.09,191.30,201.47,181.95,182.82,154.78,196.44
162.59,214.77,189.47,203.96,182.04,185.50,155.17,196.31
162.52,216.79,189.15,206.36,181.99,188.08,155.36,198.51
162.37,218.00,189.28,207.40,182.00,188.93,155.10,199.53
162.42,219.30,188.67,209.12,181.68,191.10,155.43,201.28
162.94,220.16,188.61,209.74,181.46,192.12,155.79,202.54
162.49,222.19,188.40,212.24,181.57,194.45,155.66,204.40
162.45,223.28,188.49,213.37,181.68,195.50,155.65,205.40
162.27,223.74,188.40,214.65,182.15,196.71,156.02,205.80
161.23,224.51,187.08,215.80,181.10,198.06,155.26,206.76
161.47,225.74,186.76,216.32,180.29,198.95,155.00,208.38
157.84,223.91,181.90,219.96,179.19,203.44,155.13,207.39
157.93,224.49,181.99,219.74,178.73,203.22,154.67,207.97
157.08,224.85,182.18,219.78,178.69,202.55,153.60,207.62
159.99,229.02,184.39,220.39,178.46,203.63,154.06,212.27
158.20,224.06,181.88,219.95,179.06,203.70,155.38,207.80
159.51,224.22,183.39,220.13,180.58,203.74,156.70,207.83
159.76,224.33,183.85,220.34,181.11,203.80,157.02,207.79
159.28,224.70,183.54,220.20,180.45,203.55,156.19,208.05
160.04,225.21,184.09,219.71,180.31,203.20,156.26,208.70
160.41,225.32,184.48,219.84,180.72,203.31,156.65,208.79
159.54,225.12,184.05,220.76,181.05,203.94,156.55,208.30
160.15,225.53,184.76,220.63,181.40,203.74,156.79,208.63
160.03,225.65,184.88,220.81,181.56,203.74,156.70,208.59
160.36,226.01,185.44,221.04,182.03,203.82,156.95,208.79
160.60,226.28,185.66,220.95,182.00,203.74,156.94,209.07
160.90,227.58,186.76,222.20,183.06,204.45,157.20,209.83
161.12,228.55,186.33,222.87,182.43,205.57,157.23,211.24
163.20,233.77,188.96,220.63,179.93,202.94,154.18,216.09
153.26,222.44,182.27,222.52,182.32,202.61,153.32,202.52
152.26,220.57,178.93,226.05,182.69,207.74,156.01,202.26
152.74,220.56,179.30,226.24,183.21,208.01,156.65,202.33
153.20,220.92,179.75,225.59,182.96,207.36,156.40,202.69
153.56,221.56,180.20,225.09,182.62,206.80,155.98,203.27
153.92,221.53,180.56,225.17,183.06,206.88,156.42,203.24
153.94,221.56,180.63,224.99,182.98,206.67,156.30,203.24
153.97,222.30,180.40,226.24,183.10,208.10,156.68,204.16
154.56,222.46,180.83,226.32,183.48,208.28,157.20,204.42
154.48,222.43,180.75,226.47,183.53,208.44,157.26,204.40
153.67,223.38,180.30,228.23,183.63,209.95,157.00,205.10
154.38,224.12,181.22,227.86,183.79,209.43,156.95,205.69
153.94,224.50,181.88,228.23,184.45,209.05,156.50,205.31
150.46,227.03,182.32,229.20,183.81,207.33,151.95,205.15
150.66,224.77,181.71,228.49,184.27,207.17,153.21,203.44
150.34,223.60,180.64,228.50,184.00,207.69,153.70,202.80
150.48,223.46,180.00,228.18,183.24,207.91,153.72,203.19
154.62,229.42,182.02,216.22,172.95,197.41,145.55,210.61
154.98,229.34,181.61,215.55,172.14,197.27,145.51,211.05
156.14,228.78,180.70,215.37,171.49,198.51,146.93,211.92
156.56,229.71,180.24,216.08,170.88,199.82,147.20,213.45
2
0
0
0
0
1
178.41,250.50,237.87,250.50,237.87,211.51,178.41,211.51
178.38,248.90,236.20,249.59,236.65,211.68,178.83,210.98
178.49,249.27,236.14,248.59,235.69,210.79,178.05,211.47
178.42,248.49,235.55,248.97,235.86,211.51,178.73,211.03
178.42,248.54,235.38,248.94,235.64,211.59,178.69,211.19
178.04,248.22,234.62,248.83,235.03,211.73,178.44,211.11
179.54,248.81,237.33,249.66,237.89,211.76,180.10,210.91
178.23,247.83,235.43,248.97,236.17,211.46,178.98,210.33
179.69,248.67,236.05,248.30,235.81,211.34,179.45,211.71
179.01,248.14,234.07,247.58,233.70,211.48,178.65,212.04
180.43,247.47,234.27,246.17,233.42,210.87,179.57,212.17
179.52,246.80,233.10,245.29,232.11,210.16,178.54,211.66
179.62,246.81,232.71,244.91,231.46,210.10,178.38,212.00
180.36,246.65,232.80,245.56,232.08,211.17,179.64,212.26
179.40,245.97,234.59,242.21,232.13,206.02,176.94,209.78
178.96,245.56,233.95,242.17,231.73,206.12,176.74,209.50
180.79,245.99,235.45,242.31,233.03,206.46,178.37,210.15
183.04,246.43,237.42,242.19,234.65,206.53,180.27,210.77
185.70,246.32,239.54,241.26,236.23,205.95,182.39,211.01
187.29,246.94,241.47,241.67,238.01,206.14,183.84,211.41
188.87,247.66,243.35,241.95,239.60,206.22,185.12,211.93
190.44,247.40,244.80,241.46,240.91,205.81,186.54,211.75
191.99,247.73,246.36,241.01,241.95,205.36,187.58,212.08
193.21,248.28,248.36,241.54,243.94,205.37,188.79,212.11
194.31,253.78,248.77,242.95,241.67,207.24,187.21,218.07
195.18,254.23,250.71,243.38,243.60,206.96,188.07,217.81
196.96,256.12,253.70,244.46,246.05,207.26,189.31,218.91
196.17,255.91,253.35,244.19,245.67,206.69,188.48,218.41
197.54,256.83,256.75,244.34,248.56,205.51,189.34,218.00
196.26,256.60,257.60,244.05,249.37,203.82,188.02,216.38
196.72,257.06,259.58,244.65,251.45,203.43,188.59,215.84
195.43,257.58,260.43,245.90,252.77,203.29,187.78,214.96
195.51,256.71,261.55,243.76,253.06,200.45,187.02,213.40
196.66,256.68,263.77,242.27,254.33,198.26,187.22,212.67
195.98,256.09,263.94,240.95,254.01,196.38,186.05,211.52
197.03,255.96,265.56,241.40,256.02,196.46,187.49,211.02
197.30,256.74,266.60,240.71,256.09,195.27,186.79,211.30
197.95,257.29,267.70,240.28,256.54,194.54,186.79,211.55
199.11,256.54,269.67,237.87,257.43,191.60,186.86,210.27
199.17,256.92,270.62,237.85,258.11,191.00,186.66,210.08
200.26,257.42,271.46,237.47,258.38,190.78,187.18,210.73
202.26,257.96,273.52,237.07,259.83,190.34,188.56,211.23
202.02,257.94,274.31,237.42,260.86,190.02,188.57,210.53
203.19,258.50,276.48,237.11,262.46,189.05,189.17,210.44
204.81,258.45,278.20,236.44,263.77,188.31,190.37,210.32
206.14,260.27,279.88,235.91,263.91,187.55,190.17,211.91
206.41,260.77,280.95,235.52,264.40,186.64,189.86,211.89
206.39,260.85,282.49,236.32,266.40,186.42,190.31,210.95
207.12,260.99,284.13,236.38,268.00,185.88,190.98,210.49
206.92,261.57,285.15,236.23,268.53,184.93,190.30,210.27
207.37,262.04,285.91,236.58,269.21,185.08,190.67,210.54
208.89,262.21,287.98,234.87,270.05,183.01,190.96,210.35
208.46,263.16,288.62,236.60,271.21,184.04,191.04,210.59
209.53,263.06,290.55,235.20,272.29,182.06,191.26,209.92
209.04,263.68,291.30,235.50,272.82,181.56,190.57,209.74
210.19,263.89,293.32,235.85,274.93,181.34,191.81,209.38
211.22,263.94,294.89,235.77,276.42,180.90,192.74,209.07
211.82,264.33,295.59,235.35,276.59,180.42,192.82,209.39
213.06,264.20,297.36,235.54,278.56,180.26,194.26,208.92
214.13,265.77,298.72,236.96,279.83,181.49,195.24,210.30
214.83,264.92,300.42,236.12,281.54,180.00,195.95,208.79
215.39,265.63,301.94,237.77,283.67,181.01,197.12,208.88
217.76,265.55,304.56,237.85,286.39,180.94,199.60,208.64
218.72,264.91,306.17,238.70,288.99,181.36,201.54,207.57
219.34,264.79,308.31,239.78,291.91,181.44,202.93,206.45
220.80,264.02,311.34,239.40,295.20,180.03,204.66,204.65
223.28,264.17,313.23,239.16,296.83,180.18,206.88,205.19
224.00,262.60,315.75,239.28,300.46,179.12,208.71,202.44
224.57,261.40,317.25,239.60,302.95,178.83,210.28,200.63
224.54,260.58,317.76,239.54,303.96,178.41,210.74,199.46
224.02,259.62,318.24,239.30,304.91,177.52,210.69,197.84
225.09,257.17,318.54,238.35,306.19,177.07,212.75,195.90
224.99,257.08,319.22,239.07,307.41,177.28,213.18,195.29
225.57,255.21,320.18,237.99,308.88,175.95,214.28,193.17
225.58,255.87,321.85,238.65,310.56,175.52,214.29,192.75
225.46,255.23,324.00,239.01,313.36,174.39,214.83,190.62
226.02,254.46,324.52,238.43,314.01,173.84,215.51,189.87
226.28,254.83,325.93,239.16,315.65,173.82,216.01,189.49
227.22,255.30,328.41,239.74,318.21,173.39,217.01,188.94
229.48,254.65,329.84,240.74,320.72,174.93,220.37,188.84
231.59,254.94,332.69,241.91,324.14,175.62,223.05,188.65
231.24,255.93,333.30,242.96,324.79,176.03,222.73,189.00
231.67,257.51,335.91,244.68,327.49,176.33,223.26,189.16
231.77,258.52,337.65,244.91,328.73,175.48,222.85,189.09
232.73,260.06,339.31,245.91,330.04,176.02,223.45,190.17
231.74,260.29,339.49,246.77,330.63,176.11,222.87,189.63
232.63,261.09,342.20,247.06,333.00,175.21,223.43,189.24
231.96,261.63,344.28,249.08,336.05,175.43,223.73,187.97
232.98,261.63,346.26,249.91,338.58,175.63,225.30,187.35
233.79,262.12,348.78,250.65,341.25,175.24,226.26,186.72
234.84,262.50,350.52,251.98,343.62,176.12,227.93,186.64
238.53,260.65,353.48,252.74,348.29,177.36,233.34,185.28
240.87,260.00,355.02,253.67,350.86,178.82,236.72,185.15
244.73,261.98,359.11,254.27,354.06,179.27,239.67,186.98
247.64,262.27,361.17,254.36,355.98,179.91,242.45,187.83
251.15,263.38,364.22,255.07,358.78,180.93,245.70,189.23
253.12,263.52,366.93,254.83,361.23,180.20,247.42,188.90
254.77,264.17,368.74,254.66,362.51,179.93,248.54,189.44
257.72,266.08,371.71,254.80,364.31,180.05,250.32,191.33
258.25,266.90,373.61,254.93,365.76,179.29,250.40,191.26
260.78,268.87,376.31,254.54,366.91,178.78,251.38,193.11
263.38,268.88,378.03,253.29,367.80,178.11,253.16,193.70
267.01,269.58,380.85,252.14,369.41,177.49,255.58,194.94
268.84,270.81,383.79,251.73,371.28,176.36,256.33,195.43
269.91,270.50,384.85,250.26,371.57,174.88,256.63,195.13
272.38,267.92,386.63,246.63,372.68,171.72,258.43,193.00
273.78,265.45,387.49,243.10,372.84,168.54,259.13,190.88
274.85,264.98,390.02,242.47,375.26,166.95,260.09,189.46
275.31,262.97,389.92,240.15,374.96,164.99,260.34,187.81
279.14,261.58,392.73,237.12,376.69,162.63,263.10,187.10
281.17,259.49,392.66,234.49,376.26,161.38,264.77,186.39
283.69,259.66,395.15,231.84,376.90,158.76,265.45,186.57
287.33,259.95,396.42,230.14,376.87,158.60,267.78,188.42
288.46,261.37,398.31,229.46,377.38,157.42,267.53,189.34
289.29,262.53,402.51,228.50,380.20,154.26,266.98,188.28
291.57,262.25,404.56,225.71,380.60,151.62,267.61,188.16
295.80,262.41,408.33,223.41,382.75,149.62,270.22,188.63
297.65,262.05,410.13,220.54,382.91,146.78,270.43,188.29
296.45,262.41,409.64,218.62,380.92,144.40,267.74,188.19
294.47,263.12,407.81,217.89,378.15,143.57,264.81,188.80
295.41,264.43,407.99,215.52,375.92,141.70,263.34,190.61
296.59,268.99,409.40,214.94,373.96,140.97,261.14,195.02
295.72,270.80,409.85,213.96,372.58,139.11,258.44,195.95
295.43,272.16,410.95,213.88,372.74,138.12,257.21,196.41
295.61,272.95,411.84,213.59,372.92,137.38,256.68,196.73
297.39,274.95,414.15,212.58,373.25,136.01,256.49,198.39
297.46,279.28,416.28,211.46,371.81,133.54,252.99,201.36
297.68,280.47,418.47,209.46,371.90,130.25,251.12,201.27
295.95,280.91,416.75,209.99,370.24,130.78,249.45,201.70
294.27,283.04,416.39,209.42,368.11,129.34,245.99,202.97
292.45,283.07,414.29,208.46,365.36,128.56,243.52,203.17
289.99,284.57,413.31,208.72,363.57,127.85,240.25,203.71
287.37,284.52,410.43,208.93,360.87,128.24,237.81,203.82
286.11,284.20,408.14,208.70,358.63,128.68,236.60,204.19
282.84,284.64,404.80,208.72,355.02,128.74,233.06,204.66
280.90,284.45,402.79,208.99,353.31,129.06,231.42,204.52
277.40,284.71,399.21,209.55,349.92,129.68,228.12,204.84
274.93,282.62,394.20,208.71,345.73,130.51,226.46,204.42
272.42,282.68,391.90,208.53,343.27,130.18,223.79,204.33
269.90,283.91,389.47,209.53,340.70,131.13,221.13,205.50
265.88,282.95,386.16,208.90,337.60,130.03,217.32,204.08
263.73,283.59,383.40,208.81,334.37,130.33,214.69,205.11
260.38,283.76,380.01,209.34,331.21,130.90,211.59,205.31
258.84,285.15,378.58,207.77,327.83,129.25,208.10,206.64
255.96,287.47,374.76,208.56,323.02,130.66,204.22,209.57
253.48,287.41,372.33,207.72,320.07,129.78,201.22,209.48
250.99,287.36,369.22,207.67,316.97,130.14,198.74,209.83
248.24,287.44,366.80,207.91,314.64,130.17,196.09,209.70
244.52,286.67,362.43,207.23,310.34,129.92,192.43,209.36
242.57,286.87,359.29,206.45,306.56,129.91,189.84,210.33
239.67,286.13,356.77,205.49,303.89,128.70,186.79,209.34
236.51,285.82,353.65,205.94,301.27,129.13,184.13,209.01
232.77,285.56,349.12,206.60,297.34,130.30,180.99,209.27
230.47,287.68,348.00,206.61,294.84,129.54,177.31,210.61
227.34,287.58,345.58,207.01,292.74,129.47,174.51,210.05
2
0
0
0
0
1
341.28,224.63,420.31,226.92,421.44,187.91,342.42,185.61
342.70,225.36,421.87,227.75,423.05,188.66,343.88,186.28
344.25,226.24,424.43,230.21,426.39,190.62,346.21,186.66
345.83,226.96,426.15,231.63,428.46,191.98,348.14,187.30
347.82,227.59,428.29,232.71,430.81,192.98,350.34,187.87
350.24,227.25,428.96,232.27,431.44,193.40,352.71,188.38
354.76,232.27,433.07,227.17,430.55,188.52,352.25,193.61
354.23,231.43,434.15,230.78,433.83,191.32,353.91,191.97
357.84,231.45,437.58,230.84,437.28,191.47,357.54,192.08
362.82,232.11,441.46,227.17,439.02,188.35,360.38,193.29
366.08,232.68,445.65,228.36,443.52,189.08,363.95,193.40
368.31,232.15,448.68,228.82,447.04,189.15,366.67,192.47
371.29,232.47,451.35,228.04,449.16,188.52,369.10,192.94
376.06,233.44,456.86,227.67,454.00,187.78,373.21,193.56
382.93,234.74,461.77,226.54,457.73,187.61,378.88,195.82
387.47,234.37,465.74,226.48,461.85,187.84,383.58,195.73
388.90,235.39,469.65,226.78,465.40,186.92,384.65,195.52
393.34,236.34,472.28,224.69,466.53,185.72,387.59,197.37
394.13,237.31,474.04,223.51,467.23,184.05,387.31,197.86
397.17,237.90,478.14,223.93,471.24,183.96,390.28,197.93
400.97,237.10,479.96,221.57,472.30,182.58,393.31,198.10
403.51,236.96,482.05,220.08,473.72,181.31,395.18,198.18
406.35,236.66,483.23,217.35,473.70,179.40,396.82,198.70
407.58,237.54,484.60,217.61,474.76,179.59,397.75,199.52
409.22,236.95,484.69,215.90,474.30,178.64,398.83,199.69
411.75,236.42,485.50,213.94,474.40,177.53,400.65,200.02
411.23,235.97,484.64,213.07,473.33,176.83,399.92,199.73
410.81,235.87,485.11,212.90,473.77,176.23,399.47,199.20
409.84,234.95,484.54,212.02,473.23,175.14,398.53,198.07
408.80,234.07,483.78,211.28,472.53,174.26,397.55,197.06
407.99,233.81,482.02,210.56,470.54,174.01,396.51,197.26
407.85,233.49,481.74,209.65,469.97,173.17,396.08,197.01
406.34,233.10,480.01,208.80,468.02,172.43,394.35,196.73
404.02,232.17,477.55,209.36,466.28,173.06,392.76,195.87
403.33,231.97,476.44,208.91,465.06,172.82,391.95,195.88
401.18,230.76,474.28,209.84,463.96,173.75,390.86,194.67
401.00,230.20,472.84,209.66,462.70,174.19,390.86,194.73
403.10,232.74,479.80,203.76,465.49,165.89,388.79,194.88
403.84,233.22,478.82,203.14,463.97,166.13,388.99,196.21
403.97,232.79,477.18,202.19,462.08,166.05,388.86,196.65
401.84,231.80,480.03,204.59,466.60,165.99,388.41,193.20
404.09,232.37,480.53,205.09,467.07,167.35,390.62,194.63
406.33,230.93,480.95,203.70,467.51,166.86,392.88,194.09
410.69,232.52,483.35,199.85,467.23,163.98,394.56,196.65
418.41,233.40,481.33,191.97,460.87,160.91,397.96,202.34
416.43,233.13,488.66,195.53,470.10,159.87,397.86,197.47
418.20,232.59,495.38,197.54,478.07,159.44,400.89,194.49
420.35,231.84,495.17,196.75,477.85,159.81,403.02,194.90
423.35,230.89,497.84,197.41,481.32,160.64,406.82,194.12
426.48,230.20,499.20,197.27,482.94,161.37,410.22,194.30
428.82,228.63,499.75,197.09,484.18,162.07,413.25,193.61
431.11,227.97,500.90,197.71,485.96,163.26,416.17,193.52
432.33,227.51,502.23,198.62,487.97,164.12,418.07,193.00
433.06,227.18,502.08,198.60,487.97,164.53,418.95,193.12
433.34,227.09,502.35,198.54,488.26,164.48,419.25,193.02
433.93,225.93,502.19,198.94,488.87,165.24,420.61,192.22
434.10,225.37,500.42,199.19,487.50,166.45,421.18,192.63
435.08,225.24,498.83,198.68,485.72,167.20,421.97,193.76
435.02,223.92,496.34,199.08,484.08,168.81,422.76,193.64
434.77,223.80,493.77,198.91,481.48,169.78,422.48,194.67
434.92,222.43,491.30,198.51,479.49,170.68,423.11,194.60
434.87,221.52,488.32,199.81,477.61,173.42,424.15,195.13
434.40,219.13,484.23,200.38,474.97,175.79,425.15,194.53
434.73,218.32,482.81,200.62,474.07,176.89,426.00,194.58
432.59,215.94,480.51,200.43,472.85,176.77,424.93,192.29
431.45,214.89,476.68,202.36,470.49,180.04,425.27,192.57
431.63,213.47,473.54,201.38,467.57,180.69,425.66,192.78
430.89,211.80,469.45,201.70,464.46,182.67,425.91,192.77
430.03,210.55,466.34,201.91,462.07,183.99,425.77,192.63
429.02,209.36,463.27,200.82,459.05,183.91,424.80,192.45
427.43,209.01,459.38,202.01,455.92,186.24,423.98,193.24
428.34,209.41,457.15,203.51,454.24,189.28,425.43,195.18
426.39,209.87,454.77,204.82,452.28,190.81,423.90,195.86
425.47,209.71,451.40,204.93,449.04,192.13,423.11,196.91
426.06,209.40,449.13,204.73,446.83,193.35,423.76,198.01
424.87,208.47,446.01,204.86,444.23,194.42,423.08,198.03
424.55,208.43,443.31,204.73,441.49,195.46,422.72,199.16
424.98,208.09,441.76,203.34,439.42,195.06,422.64,199.80
425.62,206.38,440.72,200.96,438.04,193.50,422.94,198.93
427.04,204.78,439.97,198.47,436.86,192.08,423.93,198.39
426.63,202.88,439.07,195.57,435.46,189.43,423.02,196.74
429.18,201.60,439.67,190.38,434.13,185.20,423.64,196.42
428.18,202.84,438.11,189.45,431.50,184.55,421.57,197.94
427.27,203.57,437.37,189.16,430.26,184.17,420.15,198.58
426.71,202.41,436.05,187.39,428.64,182.77,419.29,197.79
426.62,199.90,434.87,185.37,427.70,181.30,419.45,195.83
427.54,198.42,435.33,184.63,428.52,180.79,420.73,194.57
2
0
0
0
0
1
407.01,215.47,434.07,215.52,434.18,163.41,407.12,163.35
407.38,215.14,434.56,215.37,435.00,163.04,407.83,162.81
407.28,215.22,434.58,215.58,435.27,163.00,407.97,162.64
408.49,216.63,436.19,216.10,435.17,162.76,407.47,163.29
408.66,216.29,436.11,215.64,434.86,162.77,407.41,163.42
409.16,215.93,436.22,215.23,434.87,163.12,407.82,163.82
409.42,216.90,436.75,216.14,435.29,163.50,407.96,164.26
409.69,217.32,437.01,216.41,435.26,163.79,407.93,164.70
409.57,217.86,437.23,216.93,435.43,163.65,407.77,164.59
409.36,218.47,437.52,217.63,435.89,163.39,407.73,164.23
409.57,219.06,438.12,218.23,436.53,163.24,407.98,164.06
409.80,219.49,438.72,218.62,437.03,162.92,408.11,163.79
410.53,219.69,439.07,218.28,436.35,163.32,407.82,164.73
410.46,219.14,438.56,217.96,436.29,163.84,408.19,165.02
406.73,217.70,434.80,218.01,435.41,163.96,407.34,163.64
406.18,217.32,434.31,217.31,434.29,163.12,406.16,163.13
405.36,216.08,433.63,215.79,433.06,161.33,404.79,161.62
405.59,216.61,434.14,216.42,433.79,161.45,405.24,161.63
401.55,210.58,429.57,217.43,442.77,163.46,414.75,156.61
405.24,213.23,437.15,212.61,435.96,151.16,404.05,151.77
405.32,213.75,437.53,213.08,436.25,151.05,404.04,151.71
405.72,214.08,438.09,213.50,436.97,151.16,404.60,151.74
405.53,213.50,437.84,214.03,438.87,151.80,406.56,151.27
405.74,213.25,437.63,214.47,439.98,153.06,408.09,151.84
405.46,212.73,437.05,214.45,440.36,153.61,408.77,151.89
403.43,210.33,434.50,214.66,442.83,154.81,411.75,150.49
403.25,209.68,434.43,214.30,443.33,154.24,412.14,149.62
402.42,210.02,433.83,213.56,440.66,153.05,409.24,149.51
401.95,209.70,433.43,213.71,441.16,153.07,409.67,149.05
400.96,209.99,432.78,214.01,440.54,152.73,408.72,148.71
398.91,210.09,430.90,214.08,438.58,152.47,406.59,148.49
398.77,209.81,430.61,213.42,437.56,152.11,405.72,148.50
397.56,210.47,429.89,214.41,437.47,152.12,405.13,148.19
396.78,211.07,429.85,215.51,438.39,151.82,405.32,147.39
