1
329.65,32.90,366.17,32.74,366.35,73.10,329.83,73.26
333.49,25.04,370.01,24.59,370.51,64.96,333.99,65.41
337.05,16.71,374.30,16.12,374.95,57.29,337.70,57.88
336.99,12.77,374.24,12.07,375.01,53.23,337.76,53.93
341.15,12.62,378.40,12.21,378.85,53.38,341.60,53.79
345.17,16.60,382.42,16.22,382.83,57.40,345.58,57.78
353.37,24.41,390.63,24.41,390.63,65.59,353.37,65.59
357.49,32.31,394.74,32.51,394.51,73.69,357.26,73.49
362.27,44.05,398.08,44.37,397.73,83.95,361.92,83.63
367.03,51.76,401.45,52.20,400.97,90.24,366.55,89.80
367.14,55.67,401.55,56.30,400.86,94.33,366.45,93.70
371.07,60.18,404.13,61.27,402.93,97.82,369.87,96.73
378.24,64.68,410.66,65.49,409.76,101.32,377.34,100.51
372.19,82.90,398.60,61.90,421.81,91.10,395.40,112.10
369.69,84.88,395.68,64.40,418.31,93.12,392.32,113.60
366.74,81.55,393.91,60.42,417.26,90.45,390.09,111.58
2
0
0
0
0
1
321.28,24.25,363.28,24.75,362.72,71.75,320.72,71.25
329.62,27.96,371.61,29.06,370.38,76.04,328.39,74.94
334.25,32.24,375.40,33.71,373.75,79.76,332.60,78.29
334.61,32.72,374.96,34.13,373.39,79.28,333.04,77.87
337.88,28.55,379.05,29.38,378.12,75.45,336.95,74.62
333.91,23.68,375.49,17.78,382.09,64.32,340.51,70.22
336.53,19.14,377.99,12.46,385.47,58.86,344.01,65.54
340.75,18.85,381.32,11.76,389.25,57.15,348.68,64.24
349.42,20.98,389.26,14.44,396.58,59.02,356.74,65.56
363.38,34.66,401.69,28.47,408.62,71.34,370.31,77.53
379.78,44.90,417.82,44.54,418.22,87.10,380.18,87.46
391.58,62.66,428.15,62.42,428.42,103.34,391.85,103.58
399.29,80.46,434.43,80.21,434.71,119.54,399.57,119.79
399.91,97.29,433.68,96.92,434.09,134.71,400.32,135.08
410.77,103.18,445.19,110.30,437.23,148.82,402.81,141.70
407.84,105.92,440.01,120.09,424.16,156.08,391.99,141.91
407.76,105.95,439.97,120.01,424.24,156.05,392.03,141.99
401.60,109.88,435.01,124.73,418.40,162.12,384.99,147.27
401.43,109.36,435.51,124.50,418.57,162.64,384.49,147.50
401.47,100.76,436.11,116.47,418.53,155.24,383.89,139.53
402.08,88.28,437.54,104.03,419.92,143.72,384.46,127.97
404.63,86.51,444.49,92.88,437.37,137.49,397.51,131.12
393.17,89.56,431.51,95.53,424.83,138.44,386.49,132.47
2
0
0
0
0
1
304.90,23.61,353.91,24.40,353.10,74.39,304.09,73.60
312.67,26.86,362.66,28.16,361.33,79.14,311.34,77.84
312.99,26.57,362.95,28.47,361.01,79.43,311.05,77.53
308.79,21.79,359.73,24.25,357.21,76.21,306.27,73.75
308.31,17.24,360.27,19.77,357.69,72.76,305.73,70.23
303.16,11.25,357.23,13.60,354.84,68.75,300.77,66.40
299.01,6.39,353.09,8.45,350.99,63.61,296.91,61.55
294.10,6.17,349.29,7.54,347.90,63.83,292.71,62.46
290.46,6.90,344.57,7.91,343.54,63.10,289.43,62.09
294.41,6.95,348.52,7.86,347.59,63.05,293.48,62.14
302.69,11.04,357.34,3.22,365.31,58.96,310.66,66.78
320.51,4.25,374.14,-2.96,381.49,51.75,327.86,58.96
328.83,-1.44,382.92,0.27,381.17,55.44,327.08,53.73
323.44,1.86,378.61,3.87,376.56,60.14,321.39,58.13
317.32,4.73,374.72,6.72,372.68,65.27,315.28,63.28
320.94,3.75,380.67,5.33,379.06,66.25,319.33,64.67
320.73,13.16,381.16,5.20,389.27,66.84,328.84,74.80
319.72,3.17,380.15,-4.80,388.28,56.83,327.85,64.80
318.11,-2.47,379.77,-10.42,387.89,52.47,326.23,60.42
314.98,8.82,374.40,-9.44,393.02,51.18,333.60,69.44
326.63,-14.30,388.71,-11.02,385.37,52.30,323.29,49.02
312.27,-9.71,373.13,-6.37,369.73,55.71,308.87,52.37
296.47,-1.16,358.57,1.82,355.53,65.16,293.43,62.18
283.22,34.79,336.38,4.98,366.78,59.21,313.62,89.02
280.77,37.52,331.69,8.55,361.23,60.48,310.31,89.45
2
0
0
0
0
1
340.40,152.08,409.65,192.13,371.60,257.92,302.35,217.87
369.04,189.15,430.08,240.86,380.96,298.85,319.92,247.14
2
0
0
0
0
1
178.21,-6.32,273.92,-6.21,273.79,110.32,178.08,110.21
169.12,10.50,263.51,-5.41,282.88,109.50,188.49,125.41
127.59,7.98,222.11,-7.06,240.41,108.02,145.89,123.06
129.25,8.33,222.09,-5.35,238.75,107.67,145.91,121.35
131.32,16.26,224.18,2.70,240.68,115.74,147.82,129.30
132.15,23.35,226.84,9.37,243.85,124.65,149.16,138.63
133.29,30.05,229.95,16.28,246.71,133.95,150.05,147.72
141.70,27.61,238.46,14.60,254.30,132.39,157.54,145.40
157.50,23.41,258.19,10.01,274.50,132.59,173.81,145.99
