1
262.000000,90.000000,68.000000,205.000000
262.000000,90.000000,68.000000,205.000000
262.000000,90.000000,68.000000,205.000000
262.000000,90.000000,68.000000,205.000000
262.000000,90.000000,68.000000,205.000000
262.000000,90.000000,68.000000,205.000000
262.000000,90.000000,68.000000,205.000000
262.000000,90.000000,68.000000,205.000000
262.000000,90.000000,68.000000,205.000000
262.000000,90.000000,68.000000,205.000000
262.000000,90.000000,68.000000,205.000000
262.000000,90.000000,68.000000,205.000000
262.000000,90.000000,68.000000,205.000000
262.000000,90.000000,68.000000,205.000000
262.000000,90.000000,68.000000,205.000000
262.000000,90.000000,68.000000,205.000000
262.000000,90.000000,68.000000,205.000000
262.000000,90.000000,68.000000,205.000000
262.000000,90.000000,68.000000,205.000000
262.000000,90.000000,68.000000,205.000000
262.000000,90.000000,68.000000,205.000000
262.000000,90.000000,68.000000,205.000000
262.000000,90.000000,68.000000,205.000000
262.000000,90.000000,68.000000,205.000000
262.000000,90.000000,68.000000,205.000000
262.000000,90.000000,68.000000,205.000000
262.000000,90.000000,68.000000,205.000000
262.000000,90.000000,68.000000,205.000000
262.000000,90.000000,68.000000,205.000000
262.000000,90.000000,68.000000,205.000000
262.000000,90.000000,68.000000,205.000000
262.000000,90.000000,68.000000,205.000000
262.000000,90.000000,68.000000,205.000000
262.000000,90.000000,68.000000,205.000000
262.000000,90.000000,68.000000,205.000000
262.000000,90.000000,68.000000,205.000000
262.000000,90.000000,68.000000,205.000000
262.000000,90.000000,68.000000,205.000000
262.000000,90.000000,68.000000,205.000000
262.000000,90.000000,68.000000,205.000000
262.000000,90.000000,68.000000,205.000000
262.000000,90.000000,68.000000,205.000000
262.000000,90.000000,68.000000,205.000000
262.000000,90.000000,68.000000,205.000000
262.000000,90.000000,68.000000,205.000000
262.000000,90.000000,68.000000,205.000000
262.000000,90.000000,68.000000,205.000000
262.000000,90.000000,68.000000,205.000000
262.000000,90.000000,68.000000,205.000000
262.000000,90.000000,68.000000,205.000000
262.000000,90.000000,68.000000,205.000000
262.000000,90.000000,68.000000,205.000000
262.000000,90.000000,68.000000,205.000000
262.000000,90.000000,68.000000,205.000000
262.000000,90.000000,68.000000,205.000000
262.000000,90.000000,68.000000,205.000000
262.000000,90.000000,68.000000,205.000000
262.000000,90.000000,68.000000,205.000000
262.000000,90.000000,68.000000,205.000000
262.000000,90.000000,68.000000,205.000000
262.000000,90.000000,68.000000,205.000000
262.000000,90.000000,68.000000,205.000000
262.000000,90.000000,68.000000,205.000000
262.000000,90.000000,68.000000,205.000000
262.000000,90.000000,68.000000,205.000000
262.000000,90.000000,68.000000,205.000000
262.000000,90.000000,68.000000,205.000000
262.000000,90.000000,68.000000,205.000000
262.000000,90.000000,68.000000,205.000000
262.000000,90.000000,68.000000,205.000000
262.000000,90.000000,68.000000,205.000000
262.000000,90.000000,68.000000,205.000000
262.000000,90.000000,68.000000,205.000000
262.000000,90.000000,68.000000,205.000000
262.000000,90.000000,68.000000,205.000000
262.000000,90.000000,68.000000,205.000000
262.000000,90.000000,68.000000,205.000000
260.000000,90.000000,69.000000,205.000000
259.000000,90.000000,69.000000,205.000000
256.000000,90.000000,69.000000,205.000000
253.000000,90.000000,69.000000,205.000000
251.000000,90.000000,68.000000,205.000000
248.000000,90.000000,69.000000,205.000000
245.000000,90.000000,69.000000,205.000000
241.000000,90.000000,69.000000,205.000000
237.000000,90.000000,69.000000,205.000000
234.000000,90.000000,69.000000,205.000000
231.000000,90.000000,69.000000,205.000000
230.000000,90.000000,69.000000,205.000000
230.000000,90.000000,69.000000,205.000000
230.000000,90.000000,69.000000,205.000000
230.000000,90.000000,69.000000,205.000000
230.000000,90.000000,69.000000,205.000000
230.000000,90.000000,69.000000,205.000000
230.000000,90.000000,69.000000,205.000000
229.000000,90.000000,69.000000,205.000000
227.000000,90.000000,69.000000,205.000000
226.000000,90.000000,69.000000,205.000000
225.000000,90.000000,68.000000,205.000000
223.000000,90.000000,69.000000,205.000000
222.000000,90.000000,69.000000,205.000000
220.000000,90.000000,69.000000,205.000000
219.000000,90.000000,69.000000,205.000000
218.000000,90.000000,69.000000,205.000000
218.000000,90.000000,69.000000,205.000000
218.000000,90.000000,69.000000,205.000000
216.000000,90.000000,69.000000,205.000000
216.000000,90.000000,69.000000,205.000000
215.000000,90.000000,69.000000,205.000000
214.000000,90.000000,69.000000,205.000000
214.000000,90.000000,69.000000,205.000000
214.000000,90.000000,69.000000,205.000000
214.000000,90.000000,69.000000,205.000000
214.000000,90.000000,69.000000,205.000000
214.000000,90.000000,69.000000,205.000000
215.000000,90.000000,69.000000,205.000000
216.000000,90.000000,69.000000,205.000000
218.000000,90.000000,69.000000,205.000000
219.000000,90.000000,69.000000,205.000000
220.000000,90.000000,69.000000,205.000000
222.000000,90.000000,69.000000,205.000000
223.000000,90.000000,69.000000,205.000000
225.000000,90.000000,68.000000,205.000000
226.000000,90.000000,69.000000,205.000000
227.000000,90.000000,69.000000,205.000000
227.000000,90.000000,69.000000,205.000000
227.000000,90.000000,69.000000,205.000000
227.000000,90.000000,69.000000,205.000000
227.000000,90.000000,69.000000,205.000000
227.000000,90.000000,69.000000,205.000000
227.000000,90.000000,69.000000,205.000000
227.000000,90.000000,69.000000,205.000000
227.000000,90.000000,69.000000,205.000000
227.000000,90.000000,69.000000,205.000000
227.000000,90.000000,69.000000,205.000000
227.000000,90.000000,69.000000,205.000000
227.000000,90.000000,69.000000,205.000000
227.000000,90.000000,69.000000,205.000000
227.000000,90.000000,69.000000,205.000000
227.000000,90.000000,69.000000,205.000000
227.000000,90.000000,69.000000,205.000000
227.000000,90.000000,69.000000,205.000000
227.000000,90.000000,69.000000,205.000000
227.000000,90.000000,69.000000,205.000000
227.000000,90.000000,69.000000,205.000000
227.000000,90.000000,69.000000,205.000000
227.000000,90.000000,69.000000,205.000000
227.000000,90.000000,69.000000,205.000000
226.000000,90.000000,69.000000,205.000000
226.000000,90.000000,69.000000,205.000000
225.000000,90.000000,68.000000,205.000000
223.000000,90.000000,69.000000,205.000000
222.000000,90.000000,69.000000,205.000000
220.000000,90.000000,69.000000,205.000000
219.000000,90.000000,69.000000,205.000000
218.000000,90.000000,69.000000,205.000000
216.000000,90.000000,69.000000,205.000000
215.000000,90.000000,69.000000,205.000000
214.000000,90.000000,69.000000,205.000000
212.000000,90.000000,69.000000,205.000000
211.000000,90.000000,69.000000,205.000000
211.000000,90.000000,69.000000,205.000000
211.000000,90.000000,69.000000,205.000000
211.000000,90.000000,69.000000,205.000000
212.000000,90.000000,69.000000,205.000000
214.000000,90.000000,69.000000,205.000000
214.000000,90.000000,69.000000,205.000000
214.000000,90.000000,69.000000,205.000000
214.000000,90.000000,69.000000,205.000000
214.000000,90.000000,69.000000,205.000000
216.000000,90.000000,69.000000,205.000000
218.000000,90.000000,69.000000,205.000000
218.000000,90.000000,69.000000,205.000000
216.000000,90.000000,69.000000,205.000000
216.000000,90.000000,69.000000,205.000000
216.000000,90.000000,69.000000,205.000000
216.000000,90.000000,69.000000,205.000000
216.000000,90.000000,69.000000,205.000000
2
0
0
0
0
1
160.000000,84.000000,41.000000,133.000000
160.000000,84.000000,41.000000,133.000000
156.000000,84.000000,41.000000,133.000000
155.000000,84.000000,41.000000,133.000000
154.000000,84.000000,41.000000,133.000000
152.000000,84.000000,42.000000,133.000000
151.000000,84.000000,42.000000,133.000000
151.000000,84.000000,41.000000,133.000000
150.000000,84.000000,41.000000,133.000000
148.000000,84.000000,42.000000,133.000000
147.000000,84.000000,42.000000,133.000000
147.000000,84.000000,41.000000,133.000000
147.000000,84.000000,41.000000,133.000000
146.000000,84.000000,41.000000,133.000000
146.000000,84.000000,41.000000,133.000000
146.000000,84.000000,41.000000,133.000000
146.000000,84.000000,41.000000,133.000000
145.000000,84.000000,41.000000,133.000000
145.000000,84.000000,41.000000,133.000000
145.000000,84.000000,41.000000,133.000000
145.000000,84.000000,41.000000,133.000000
145.000000,84.000000,41.000000,133.000000
144.000000,84.000000,41.000000,133.000000
144.000000,84.000000,41.000000,133.000000
144.000000,84.000000,41.000000,133.000000
144.000000,84.000000,41.000000,133.000000
144.000000,84.000000,41.000000,133.000000
144.000000,84.000000,41.000000,133.000000
144.000000,84.000000,41.000000,133.000000
143.000000,84.000000,42.000000,133.000000
143.000000,84.000000,42.000000,133.000000
143.000000,84.000000,42.000000,133.000000
143.000000,84.000000,42.000000,133.000000
143.000000,84.000000,42.000000,133.000000
143.000000,84.000000,42.000000,133.000000
143.000000,84.000000,42.000000,133.000000
143.000000,84.000000,42.000000,133.000000
143.000000,84.000000,42.000000,133.000000
142.000000,84.000000,42.000000,133.000000
142.000000,84.000000,42.000000,133.000000
142.000000,84.000000,42.000000,133.000000
142.000000,84.000000,42.000000,133.000000
142.000000,84.000000,42.000000,133.000000
142.000000,84.000000,42.000000,133.000000
142.000000,84.000000,41.000000,133.000000
142.000000,84.000000,41.000000,133.000000
142.000000,84.000000,41.000000,133.000000
142.000000,84.000000,41.000000,133.000000
142.000000,84.000000,41.000000,133.000000
142.000000,84.000000,41.000000,133.000000
142.000000,84.000000,41.000000,133.000000
142.000000,84.000000,41.000000,133.000000
142.000000,84.000000,41.000000,133.000000
142.000000,84.000000,41.000000,133.000000
142.000000,84.000000,41.000000,133.000000
142.000000,84.000000,41.000000,133.000000
142.000000,84.000000,41.000000,133.000000
142.000000,84.000000,41.000000,133.000000
142.000000,84.000000,41.000000,133.000000
142.000000,84.000000,41.000000,133.000000
142.000000,84.000000,41.000000,133.000000
142.000000,84.000000,41.000000,133.000000
142.000000,84.000000,41.000000,133.000000
142.000000,84.000000,41.000000,133.000000
142.000000,84.000000,41.000000,133.000000
142.000000,84.000000,41.000000,133.000000
142.000000,84.000000,41.000000,133.000000
142.000000,84.000000,41.000000,133.000000
142.000000,84.000000,41.000000,133.000000
142.000000,84.000000,41.000000,133.000000
142.000000,84.000000,41.000000,133.000000
142.000000,84.000000,41.000000,133.000000
142.000000,84.000000,41.000000,133.000000
142.000000,84.000000,41.000000,133.000000
142.000000,84.000000,41.000000,133.000000
142.000000,84.000000,41.000000,133.000000
142.000000,84.000000,41.000000,133.000000
142.000000,84.000000,41.000000,133.000000
142.000000,84.000000,41.000000,133.000000
142.000000,84.000000,41.000000,133.000000
142.000000,84.000000,41.000000,133.000000
142.000000,84.000000,41.000000,133.000000
142.000000,84.000000,41.000000,133.000000
142.000000,84.000000,41.000000,133.000000
142.000000,84.000000,41.000000,133.000000
142.000000,84.000000,41.000000,133.000000
142.000000,84.000000,41.000000,133.000000
142.000000,84.000000,41.000000,133.000000
142.000000,84.000000,41.000000,133.000000
142.000000,84.000000,41.000000,133.000000
142.000000,84.000000,41.000000,133.000000
142.000000,84.000000,41.000000,133.000000
142.000000,84.000000,41.000000,133.000000
142.000000,84.000000,41.000000,133.000000
142.000000,84.000000,41.000000,133.000000
142.000000,84.000000,41.000000,133.000000
142.000000,84.000000,41.000000,133.000000
142.000000,84.000000,41.000000,133.000000
142.000000,84.000000,41.000000,133.000000
142.000000,84.000000,41.000000,133.000000
142.000000,84.000000,41.000000,133.000000
142.000000,84.000000,41.000000,133.000000
142.000000,84.000000,41.000000,133.000000
142.000000,84.000000,41.000000,133.000000
142.000000,84.000000,41.000000,133.000000
142.000000,84.000000,41.000000,133.000000
142.000000,84.000000,41.000000,133.000000
142.000000,84.000000,41.000000,133.000000
142.000000,84.000000,41.000000,133.000000
142.000000,84.000000,41.000000,133.000000
142.000000,84.000000,41.000000,133.000000
142.000000,84.000000,41.000000,133.000000
142.000000,84.000000,41.000000,133.000000
142.000000,84.000000,41.000000,133.000000
142.000000,84.000000,41.000000,133.000000
142.000000,84.000000,41.000000,133.000000
142.000000,84.000000,41.000000,133.000000
142.000000,84.000000,41.000000,133.000000
142.000000,84.000000,41.000000,133.000000
142.000000,84.000000,41.000000,133.000000
142.000000,84.000000,41.000000,133.000000
142.000000,84.000000,41.000000,133.000000
142.000000,84.000000,41.000000,133.000000
142.000000,84.000000,41.000000,133.000000
142.000000,84.000000,41.000000,133.000000
142.000000,84.000000,41.000000,133.000000
141.000000,84.000000,41.000000,133.000000
141.000000,84.000000,41.000000,133.000000
141.000000,84.000000,41.000000,133.000000
141.000000,84.000000,41.000000,133.000000
141.000000,84.000000,41.000000,133.000000
141.000000,84.000000,41.000000,133.000000
141.000000,84.000000,41.000000,133.000000
141.000000,84.000000,41.000000,133.000000
141.000000,84.000000,41.000000,133.000000
141.000000,84.000000,41.000000,133.000000
142.000000,84.000000,41.000000,133.000000
142.000000,84.000000,41.000000,133.000000
142.000000,84.000000,41.000000,133.000000
142.000000,84.000000,41.000000,133.000000
142.000000,84.000000,41.000000,133.000000
142.000000,84.000000,41.000000,133.000000
142.000000,84.000000,41.000000,133.000000
142.000000,84.000000,41.000000,133.000000
142.000000,84.000000,41.000000,133.000000
142.000000,84.000000,41.000000,133.000000
142.000000,84.000000,41.000000,133.000000
142.000000,84.000000,41.000000,133.000000
142.000000,84.000000,41.000000,133.000000
142.000000,84.000000,41.000000,133.000000
142.000000,84.000000,41.000000,133.000000
142.000000,84.000000,41.000000,133.000000
142.000000,84.000000,41.000000,133.000000
142.000000,84.000000,41.000000,133.000000
142.000000,84.000000,41.000000,133.000000
142.000000,84.000000,41.000000,133.000000
142.000000,84.000000,41.000000,133.000000
142.000000,84.000000,41.000000,133.000000
142.000000,84.000000,41.000000,133.000000
142.000000,84.000000,41.000000,133.000000
2
0
0
0
0
1
198.000000,78.000000,42.000000,169.000000
195.000000,45.000000,50.000000,203.000000
191.000000,1.000000,60.000000,243.000000
188.000000,-52.000000,72.000000,292.000000
187.000000,34.000000,71.000000,293.000000
190.000000,-52.000000,71.000000,292.000000
188.000000,34.000000,72.000000,293.000000
185.000000,-46.000000,72.000000,292.000000
183.000000,34.000000,71.000000,293.000000
184.000000,-52.000000,71.000000,292.000000
183.000000,34.000000,71.000000,293.000000
184.000000,-52.000000,71.000000,292.000000
183.000000,34.000000,71.000000,293.000000
185.000000,-52.000000,72.000000,292.000000
184.000000,34.000000,71.000000,293.000000
185.000000,-52.000000,72.000000,292.000000
184.000000,34.000000,71.000000,293.000000
187.000000,-52.000000,71.000000,292.000000
185.000000,34.000000,72.000000,293.000000
187.000000,-52.000000,71.000000,292.000000
185.000000,34.000000,72.000000,293.000000
187.000000,-52.000000,71.000000,292.000000
185.000000,34.000000,72.000000,293.000000
187.000000,-46.000000,71.000000,292.000000
185.000000,34.000000,72.000000,293.000000
185.000000,-46.000000,72.000000,292.000000
184.000000,34.000000,71.000000,293.000000
184.000000,-46.000000,71.000000,292.000000
181.000000,34.000000,72.000000,293.000000
181.000000,-46.000000,72.000000,292.000000
178.000000,34.000000,72.000000,293.000000
178.000000,-46.000000,72.000000,292.000000
176.000000,34.000000,71.000000,293.000000
176.000000,-46.000000,71.000000,292.000000
174.000000,34.000000,72.000000,293.000000
174.000000,-46.000000,72.000000,292.000000
170.000000,34.000000,71.000000,293.000000
170.000000,-46.000000,71.000000,292.000000
168.000000,34.000000,72.000000,293.000000
168.000000,-46.000000,72.000000,292.000000
167.000000,34.000000,71.000000,293.000000
168.000000,-46.000000,72.000000,292.000000
167.000000,34.000000,71.000000,293.000000
167.000000,-46.000000,71.000000,292.000000
166.000000,34.000000,71.000000,293.000000
166.000000,-46.000000,71.000000,292.000000
164.000000,34.000000,72.000000,293.000000
163.000000,-46.000000,71.000000,292.000000
163.000000,34.000000,71.000000,293.000000
161.000000,-46.000000,72.000000,292.000000
160.000000,34.000000,71.000000,293.000000
160.000000,-46.000000,71.000000,292.000000
159.000000,34.000000,71.000000,293.000000
159.000000,-46.000000,71.000000,292.000000
157.000000,28.000000,72.000000,293.000000
157.000000,-52.000000,72.000000,292.000000
156.000000,34.000000,71.000000,293.000000
154.000000,-46.000000,72.000000,292.000000
153.000000,34.000000,71.000000,293.000000
151.000000,-46.000000,72.000000,292.000000
154.000000,-58.000000,72.000000,292.000000
153.000000,34.000000,71.000000,293.000000
153.000000,-52.000000,71.000000,292.000000
151.000000,34.000000,72.000000,293.000000
150.000000,-46.000000,71.000000,292.000000
153.000000,-58.000000,71.000000,292.000000
150.000000,34.000000,71.000000,293.000000
156.000000,-52.000000,71.000000,292.000000
151.000000,34.000000,72.000000,293.000000
147.000000,-46.000000,72.000000,292.000000
141.000000,-34.000000,72.000000,291.000000
150.000000,-52.000000,71.000000,292.000000
146.000000,34.000000,71.000000,293.000000
143.000000,-46.000000,71.000000,292.000000
147.000000,-58.000000,72.000000,292.000000
144.000000,34.000000,72.000000,293.000000
150.000000,-52.000000,71.000000,292.000000
146.000000,34.000000,71.000000,293.000000
143.000000,-46.000000,71.000000,292.000000
140.000000,34.000000,72.000000,293.000000
140.000000,-52.000000,72.000000,292.000000
140.000000,34.000000,72.000000,293.000000
139.000000,-46.000000,71.000000,292.000000
139.000000,34.000000,71.000000,293.000000
139.000000,-52.000000,71.000000,292.000000
139.000000,34.000000,71.000000,293.000000
139.000000,-52.000000,71.000000,292.000000
137.000000,34.000000,72.000000,293.000000
140.000000,-52.000000,72.000000,292.000000
139.000000,34.000000,71.000000,293.000000
140.000000,-52.000000,72.000000,292.000000
139.000000,34.000000,71.000000,293.000000
140.000000,-52.000000,72.000000,292.000000
136.000000,34.000000,71.000000,293.000000
139.000000,-52.000000,71.000000,292.000000
136.000000,34.000000,71.000000,293.000000
139.000000,-52.000000,71.000000,292.000000
141.000000,34.000000,72.000000,293.000000
141.000000,-52.000000,72.000000,292.000000
144.000000,34.000000,72.000000,293.000000
143.000000,-52.000000,71.000000,292.000000
139.000000,34.000000,71.000000,293.000000
137.000000,-52.000000,72.000000,292.000000
137.000000,34.000000,72.000000,293.000000
143.000000,-52.000000,71.000000,292.000000
134.000000,34.000000,72.000000,293.000000
133.000000,-52.000000,71.000000,292.000000
126.000000,34.000000,71.000000,293.000000
124.000000,-52.000000,72.000000,292.000000
119.000000,34.000000,71.000000,293.000000
120.000000,-52.000000,72.000000,292.000000
123.000000,34.000000,72.000000,293.000000
123.000000,-52.000000,72.000000,292.000000
117.000000,34.000000,72.000000,293.000000
119.000000,-52.000000,71.000000,292.000000
115.000000,34.000000,71.000000,293.000000
117.000000,-52.000000,72.000000,292.000000
112.000000,34.000000,71.000000,293.000000
115.000000,-52.000000,71.000000,292.000000
110.000000,34.000000,72.000000,293.000000
113.000000,-52.000000,72.000000,292.000000
109.000000,34.000000,71.000000,293.000000
112.000000,-52.000000,71.000000,292.000000
107.000000,34.000000,72.000000,293.000000
110.000000,-52.000000,72.000000,292.000000
107.000000,34.000000,72.000000,293.000000
109.000000,-52.000000,71.000000,292.000000
106.000000,34.000000,71.000000,293.000000
107.000000,-52.000000,72.000000,292.000000
105.000000,34.000000,71.000000,293.000000
106.000000,-52.000000,71.000000,292.000000
102.000000,34.000000,71.000000,293.000000
103.000000,-52.000000,72.000000,292.000000
100.000000,34.000000,72.000000,293.000000
100.000000,-46.000000,72.000000,292.000000
98.000000,34.000000,71.000000,293.000000
99.000000,-46.000000,71.000000,292.000000
96.000000,34.000000,72.000000,293.000000
96.000000,-46.000000,72.000000,292.000000
93.000000,34.000000,72.000000,293.000000
93.000000,-46.000000,72.000000,292.000000
92.000000,34.000000,71.000000,293.000000
92.000000,-46.000000,71.000000,292.000000
90.000000,34.000000,72.000000,293.000000
92.000000,-46.000000,71.000000,292.000000
92.000000,34.000000,71.000000,293.000000
92.000000,-46.000000,71.000000,292.000000
92.000000,34.000000,71.000000,293.000000
93.000000,-46.000000,72.000000,292.000000
92.000000,34.000000,71.000000,293.000000
93.000000,-46.000000,72.000000,292.000000
92.000000,34.000000,71.000000,293.000000
95.000000,-52.000000,71.000000,292.000000
95.000000,34.000000,71.000000,293.000000
96.000000,-46.000000,72.000000,292.000000
95.000000,34.000000,71.000000,293.000000
96.000000,-52.000000,72.000000,292.000000
95.000000,34.000000,71.000000,293.000000
95.000000,-46.000000,71.000000,292.000000
93.000000,34.000000,72.000000,293.000000
93.000000,-46.000000,72.000000,292.000000
90.000000,34.000000,72.000000,293.000000
90.000000,-46.000000,72.000000,292.000000
89.000000,34.000000,71.000000,293.000000
89.000000,-46.000000,71.000000,292.000000
86.000000,34.000000,72.000000,293.000000
86.000000,-46.000000,72.000000,292.000000
85.000000,34.000000,71.000000,293.000000
85.000000,-46.000000,71.000000,292.000000
82.000000,34.000000,71.000000,293.000000
83.000000,-52.000000,72.000000,292.000000
85.000000,34.000000,71.000000,293.000000
89.000000,-52.000000,71.000000,292.000000
89.000000,34.000000,71.000000,293.000000
90.000000,-52.000000,72.000000,292.000000
89.000000,34.000000,71.000000,293.000000
89.000000,-46.000000,71.000000,292.000000
88.000000,34.000000,71.000000,293.000000
88.000000,-46.000000,71.000000,292.000000
85.000000,34.000000,71.000000,293.000000
86.000000,-52.000000,72.000000,292.000000
83.000000,34.000000,72.000000,293.000000
85.000000,-52.000000,71.000000,292.000000
82.000000,34.000000,71.000000,293.000000
82.000000,-46.000000,71.000000,292.000000
79.000000,34.000000,72.000000,293.000000
79.000000,-52.000000,72.000000,292.000000
75.000000,34.000000,71.000000,293.000000
78.000000,-52.000000,71.000000,292.000000
78.000000,34.000000,71.000000,293.000000
79.000000,-52.000000,72.000000,292.000000
78.000000,34.000000,71.000000,293.000000
78.000000,-52.000000,71.000000,292.000000
76.000000,34.000000,72.000000,293.000000
78.000000,-52.000000,71.000000,292.000000
76.000000,34.000000,72.000000,293.000000
78.000000,-52.000000,71.000000,292.000000
76.000000,34.000000,72.000000,293.000000
78.000000,-52.000000,71.000000,292.000000
76.000000,34.000000,72.000000,293.000000
78.000000,-52.000000,71.000000,292.000000
76.000000,34.000000,72.000000,293.000000
78.000000,-52.000000,71.000000,292.000000
76.000000,34.000000,72.000000,293.000000
78.000000,-52.000000,71.000000,292.000000
76.000000,34.000000,72.000000,293.000000
78.000000,-52.000000,71.000000,292.000000
76.000000,34.000000,72.000000,293.000000
78.000000,-52.000000,71.000000,292.000000
76.000000,34.000000,72.000000,293.000000
78.000000,-52.000000,71.000000,292.000000
76.000000,34.000000,72.000000,293.000000
78.000000,-52.000000,71.000000,292.000000
81.000000,34.000000,71.000000,293.000000
82.000000,-52.000000,71.000000,292.000000
83.000000,34.000000,72.000000,293.000000
89.000000,-52.000000,71.000000,292.000000
90.000000,34.000000,72.000000,293.000000
96.000000,-52.000000,72.000000,292.000000
89.000000,34.000000,71.000000,293.000000
93.000000,-52.000000,72.000000,292.000000
93.000000,34.000000,72.000000,293.000000
99.000000,-52.000000,71.000000,292.000000
100.000000,34.000000,72.000000,293.000000
99.000000,-46.000000,71.000000,292.000000
95.000000,34.000000,71.000000,293.000000
100.000000,-52.000000,72.000000,292.000000
102.000000,34.000000,71.000000,293.000000
103.000000,-52.000000,72.000000,292.000000
105.000000,34.000000,71.000000,293.000000
106.000000,-52.000000,71.000000,292.000000
109.000000,34.000000,71.000000,293.000000
110.000000,-52.000000,72.000000,292.000000
107.000000,34.000000,72.000000,293.000000
109.000000,-52.000000,71.000000,292.000000
112.000000,34.000000,71.000000,293.000000
113.000000,-52.000000,72.000000,292.000000
115.000000,34.000000,71.000000,293.000000
116.000000,-52.000000,71.000000,292.000000
2
0
0
0
0
1
2
0
0
0
0
1
2
0
0
0
0
1
2
0
0
0
0
1
2
0
0
0
0
1
2
0
0
0
0
1
68.000000,137.000000,86.000000,23.000000
65.000000,136.000000,89.000000,24.000000
65.000000,136.000000,89.000000,24.000000
65.000000,136.000000,89.000000,24.000000
65.000000,136.000000,89.000000,24.000000
2
0
0
0
0
1
53.000000,148.000000,161.000000,23.000000
53.000000,148.000000,175.000000,24.000000
2
0
0
0
0
1
2
0
0
0
0
1
166.000000,184.000000,92.000000,24.000000
169.000000,184.000000,96.000000,25.000000
175.000000,185.000000,96.000000,24.000000
179.000000,185.000000,96.000000,25.000000
183.000000,185.000000,96.000000,25.000000
188.000000,186.000000,96.000000,24.000000
192.000000,186.000000,96.000000,24.000000
198.000000,186.000000,96.000000,25.000000
202.000000,186.000000,96.000000,25.000000
206.000000,187.000000,95.000000,24.000000
211.000000,187.000000,96.000000,25.000000
215.000000,187.000000,96.000000,25.000000
219.000000,187.000000,96.000000,25.000000
223.000000,187.000000,96.000000,25.000000
226.000000,187.000000,96.000000,25.000000
230.000000,188.000000,96.000000,24.000000
234.000000,188.000000,96.000000,24.000000
238.000000,188.000000,96.000000,24.000000
242.000000,188.000000,96.000000,25.000000
245.000000,188.000000,96.000000,25.000000
249.000000,188.000000,96.000000,25.000000
253.000000,189.000000,96.000000,24.000000
257.000000,189.000000,96.000000,24.000000
261.000000,190.000000,96.000000,24.000000
265.000000,190.000000,95.000000,25.000000
268.000000,190.000000,96.000000,25.000000
272.000000,190.000000,96.000000,25.000000
276.000000,190.000000,96.000000,24.000000
280.000000,190.000000,96.000000,24.000000
284.000000,189.000000,95.000000,24.000000
287.000000,188.000000,96.000000,24.000000
