1
346.000000,33.000000,39.000000,43.000000
345.000000,24.000000,39.000000,43.000000
341.000000,16.000000,39.000000,43.000000
345.000000,9.000000,39.000000,43.000000
354.000000,14.000000,39.000000,43.000000
347.000000,27.000000,39.000000,43.000000
361.000000,28.000000,39.000000,43.000000
358.000000,40.000000,39.000000,43.000000
358.000000,45.000000,39.000000,43.000000
360.000000,56.000000,39.000000,43.000000
368.000000,67.000000,39.000000,43.000000
367.000000,65.000000,39.000000,43.000000
359.000000,58.000000,39.000000,43.000000
359.000000,50.000000,39.000000,43.000000
348.000000,41.000000,39.000000,43.000000
338.000000,33.000000,39.000000,43.000000
333.000000,27.000000,39.000000,43.000000
323.000000,22.000000,39.000000,43.000000
320.000000,19.000000,39.000000,43.000000
319.000000,17.000000,39.000000,43.000000
328.000000,21.000000,39.000000,43.000000
329.000000,23.000000,39.000000,43.000000
341.000000,31.000000,39.000000,43.000000
348.000000,18.000000,39.000000,43.000000
346.000000,6.000000,39.000000,43.000000
347.000000,5.000000,39.000000,43.000000
348.000000,2.000000,39.000000,43.000000
354.000000,1.000000,39.000000,43.000000
367.000000,1.000000,39.000000,43.000000
367.000000,1.000000,39.000000,43.000000
353.000000,1.000000,39.000000,43.000000
362.000000,2.000000,39.000000,43.000000
2
0
0
0
0
1
395.000000,93.000000,42.000000,34.000000
396.000000,93.000000,42.000000,34.000000
396.000000,94.000000,42.000000,34.000000
405.000000,90.000000,42.000000,34.000000
401.000000,76.000000,42.000000,34.000000
391.000000,74.000000,42.000000,34.000000
383.000000,64.000000,42.000000,34.000000
372.000000,74.000000,42.000000,34.000000
361.000000,64.000000,42.000000,34.000000
354.000000,63.000000,42.000000,34.000000
2
0
0
0
0
1
293.000000,16.000000,49.000000,57.000000
302.000000,19.000000,49.000000,57.000000
301.000000,15.000000,49.000000,57.000000
288.000000,12.000000,49.000000,57.000000
302.000000,7.000000,49.000000,57.000000
295.000000,5.000000,49.000000,57.000000
291.000000,5.000000,49.000000,57.000000
305.000000,1.000000,49.000000,57.000000
318.000000,1.000000,49.000000,57.000000
319.000000,1.000000,49.000000,57.000000
307.000000,3.000000,49.000000,57.000000
302.000000,2.000000,49.000000,57.000000
316.000000,5.000000,49.000000,57.000000
319.000000,7.000000,49.000000,57.000000
309.000000,1.000000,49.000000,57.000000
316.000000,1.000000,49.000000,57.000000
316.000000,1.000000,49.000000,57.000000
330.000000,1.000000,49.000000,57.000000
344.000000,3.000000,49.000000,57.000000
334.000000,1.000000,49.000000,57.000000
321.000000,8.000000,49.000000,57.000000
2
0
0
0
0
1
316.000000,159.000000,80.000000,79.000000
304.000000,158.000000,80.000000,79.000000
295.000000,147.000000,80.000000,79.000000
293.000000,161.000000,80.000000,79.000000
280.000000,161.000000,80.000000,79.000000
267.000000,154.000000,80.000000,79.000000
2
0
0
0
0
1
145.000000,9.000000,94.000000,117.000000
131.000000,9.000000,94.000000,117.000000
131.000000,16.000000,94.000000,117.000000
126.000000,22.000000,94.000000,117.000000
140.000000,25.000000,94.000000,117.000000
153.000000,18.000000,94.000000,117.000000
