1
332.000000,28.000000,39.000000,43.000000
322.000000,37.000000,39.000000,43.000000
323.000000,28.000000,39.000000,43.000000
327.000000,24.000000,39.000000,43.000000
329.000000,19.000000,39.000000,43.000000
325.000000,28.000000,39.000000,43.000000
335.000000,35.000000,39.000000,43.000000
343.000000,42.000000,39.000000,43.000000
354.000000,51.000000,39.000000,43.000000
344.000000,62.000000,39.000000,43.000000
333.000000,52.000000,39.000000,43.000000
330.000000,50.000000,39.000000,43.000000
325.000000,50.000000,39.000000,43.000000
334.000000,50.000000,39.000000,43.000000
324.000000,40.000000,39.000000,43.000000
322.000000,53.000000,39.000000,43.000000
319.000000,60.000000,39.000000,43.000000
309.000000,49.000000,39.000000,43.000000
307.000000,46.000000,39.000000,43.000000
307.000000,57.000000,39.000000,43.000000
2
0
0
0
0
1
334.000000,44.000000,54.000000,50.000000
334.000000,43.000000,54.000000,50.000000
345.000000,52.000000,54.000000,50.000000
349.000000,47.000000,54.000000,50.000000
350.000000,57.000000,54.000000,50.000000
353.000000,69.000000,54.000000,50.000000
366.000000,76.000000,54.000000,50.000000
377.000000,86.000000,54.000000,50.000000
387.000000,94.000000,54.000000,50.000000
401.000000,93.000000,54.000000,50.000000
392.000000,89.000000,54.000000,50.000000
384.000000,101.000000,54.000000,50.000000
370.000000,98.000000,54.000000,50.000000
369.000000,102.000000,54.000000,50.000000
369.000000,107.000000,54.000000,50.000000
368.000000,113.000000,54.000000,50.000000
365.000000,106.000000,54.000000,50.000000
376.000000,96.000000,54.000000,50.000000
373.000000,84.000000,54.000000,50.000000
2
0
0
0
0
1
289.000000,30.000000,51.000000,52.000000
278.000000,20.000000,51.000000,52.000000
276.000000,6.000000,51.000000,52.000000
283.000000,19.000000,51.000000,52.000000
277.000000,18.000000,51.000000,52.000000
273.000000,15.000000,51.000000,52.000000
269.000000,13.000000,51.000000,52.000000
267.000000,14.000000,51.000000,52.000000
260.000000,13.000000,51.000000,52.000000
259.000000,10.000000,51.000000,52.000000
273.000000,6.000000,51.000000,52.000000
270.000000,4.000000,51.000000,52.000000
2
0
0
0
0
1
328.000000,8.000000,60.000000,66.000000
326.000000,3.000000,60.000000,66.000000
331.000000,1.000000,60.000000,66.000000
321.000000,1.000000,60.000000,66.000000
315.000000,3.000000,60.000000,66.000000
307.000000,10.000000,60.000000,66.000000
320.000000,17.000000,60.000000,66.000000
2
0
0
0
0
1
322.000000,178.000000,81.000000,77.000000
312.000000,167.000000,81.000000,77.000000
312.000000,171.000000,81.000000,77.000000
309.000000,158.000000,81.000000,77.000000
308.000000,160.000000,81.000000,77.000000
2
0
0
0
0
1
133.000000,9.000000,94.000000,117.000000
144.000000,19.000000,94.000000,117.000000
135.000000,20.000000,94.000000,117.000000
142.000000,33.000000,94.000000,117.000000
156.000000,32.000000,94.000000,117.000000
166.000000,23.000000,94.000000,117.000000
