1
73.28,151.01,103.03,150.48,102.63,127.67,72.87,128.20
74.50,150.42,103.36,150.32,103.29,128.20,74.43,128.29
74.30,148.99,103.28,152.35,105.85,130.13,76.87,126.78
74.32,146.72,102.31,152.21,106.52,130.76,78.54,125.26
75.06,149.68,106.04,151.11,107.14,127.36,76.16,125.93
75.81,150.73,107.44,151.23,107.83,126.98,76.20,126.47
77.06,151.41,108.89,150.15,107.92,125.74,76.09,127.01
77.46,151.48,109.87,150.34,108.99,125.50,76.59,126.64
78.67,151.34,111.39,150.38,110.65,125.30,77.93,126.26
77.97,151.11,110.62,149.89,109.69,124.85,77.03,126.07
78.68,151.72,111.62,149.96,110.27,124.70,77.32,126.46
79.90,151.12,112.73,148.50,110.72,123.33,77.90,125.95
80.77,151.13,114.00,148.53,112.01,123.05,78.77,125.65
80.24,150.37,113.14,149.05,112.13,123.82,79.22,125.15
81.07,147.83,112.71,148.19,112.99,123.93,81.35,123.57
81.79,148.64,113.99,148.28,113.71,123.59,81.51,123.95
82.83,148.50,114.86,147.58,114.15,123.03,82.13,123.95
83.32,149.23,115.60,147.93,114.60,123.19,82.32,124.49
83.41,148.74,115.76,147.54,114.84,122.74,82.49,123.94
84.37,149.44,117.53,147.43,115.99,122.01,82.83,124.02
84.78,149.76,118.22,147.00,116.10,121.36,82.66,124.12
85.67,149.82,119.51,147.61,117.82,121.66,83.98,123.88
85.64,150.26,119.68,147.36,117.45,121.26,83.41,124.17
86.84,150.27,120.66,147.25,118.35,121.32,84.53,124.34
86.96,150.79,121.09,147.79,118.78,121.62,84.65,124.63
87.35,150.78,120.61,147.78,118.30,122.28,85.05,125.29
88.71,150.32,120.99,147.59,118.90,122.83,86.61,125.56
88.81,150.16,120.82,147.63,118.88,123.10,86.88,125.62
88.83,150.32,120.92,148.24,119.33,123.64,87.23,125.72
89.24,150.99,122.14,147.95,119.80,122.73,86.91,125.77
88.19,147.24,118.50,148.81,119.70,125.57,89.39,124.00
89.22,147.07,119.75,149.16,121.35,125.75,90.82,123.66
89.40,147.71,120.97,149.55,122.37,125.34,90.81,123.51
89.17,148.56,121.51,149.76,122.43,124.97,90.09,123.76
88.42,148.40,121.17,150.21,122.56,125.11,89.81,123.30
89.40,149.05,122.71,150.39,123.74,124.85,90.43,123.51
88.78,149.72,122.74,150.74,123.53,124.70,89.57,123.68
88.43,149.71,122.72,151.46,124.06,125.18,89.78,123.43
91.67,149.17,122.52,148.36,121.89,124.71,91.04,125.52
91.35,149.33,122.37,148.70,121.89,124.91,90.87,125.54
91.31,150.02,123.03,150.60,123.48,126.28,91.75,125.70
91.39,150.11,123.68,151.14,124.46,126.39,92.18,125.36
92.44,150.85,122.95,151.05,123.10,127.66,92.59,127.46
92.79,151.63,124.05,151.10,123.64,127.14,92.38,127.67
91.56,150.70,121.66,153.25,123.61,130.18,93.52,127.63
92.21,150.98,122.31,153.02,123.88,129.95,93.78,127.90
93.31,150.95,123.50,153.48,125.44,130.34,95.25,127.80
91.89,150.66,122.61,154.18,125.31,130.63,94.59,127.11
93.64,153.69,124.51,152.98,123.97,129.31,93.10,130.02
93.77,153.13,124.47,152.53,124.01,128.99,93.31,129.59
94.47,153.72,125.47,152.34,124.42,128.58,93.42,129.95
94.47,153.99,125.64,152.33,124.37,128.43,93.20,130.09
94.68,152.28,125.07,152.61,125.32,129.31,94.93,128.98
94.76,152.74,126.42,152.86,126.51,128.58,94.86,128.47
95.38,152.73,127.07,151.70,126.28,127.40,94.59,128.43
95.42,152.57,127.15,151.66,126.46,127.34,94.73,128.24
95.11,152.14,127.16,152.33,127.30,127.75,95.25,127.57
95.74,151.69,127.24,152.35,127.74,128.20,96.25,127.54
96.23,151.37,127.24,152.19,127.88,128.41,96.86,127.59
96.73,151.37,127.74,152.19,128.38,128.41,97.36,127.59
97.49,151.33,128.86,151.00,128.61,126.95,97.23,127.28
97.96,152.31,129.96,150.79,128.79,126.26,96.79,127.78
98.07,150.41,128.48,150.88,128.83,127.56,98.42,127.09
97.11,150.29,127.27,150.92,127.74,127.80,97.59,127.18
98.28,149.86,128.35,150.42,128.77,127.36,98.70,126.81
98.41,150.15,128.37,150.74,128.82,127.77,98.86,127.18
98.33,150.61,129.22,150.77,129.35,127.09,98.46,126.93
98.53,151.08,129.87,150.98,129.79,126.95,98.45,127.05
98.75,151.59,130.32,150.84,129.75,126.64,98.18,127.39
97.14,150.07,128.85,152.30,130.56,127.98,98.84,125.75
97.32,149.87,128.89,151.51,130.15,127.30,98.58,125.66
97.42,149.88,128.43,151.52,129.69,127.74,98.68,126.10
101.01,149.83,130.88,149.54,130.66,126.64,100.79,126.93
100.26,149.85,130.04,149.77,129.98,126.94,100.20,127.02
98.35,148.37,127.95,151.52,130.36,128.82,100.76,125.68
97.71,147.90,127.55,151.94,130.65,129.07,100.82,125.03
98.67,148.52,128.59,152.36,131.53,129.43,101.62,125.58
98.77,148.74,128.77,152.18,131.40,129.19,101.41,125.75
98.58,147.87,128.17,152.30,131.56,129.61,101.98,125.18
99.04,148.45,128.68,151.86,131.29,129.13,101.65,125.73
98.97,148.18,128.50,151.92,131.37,129.28,101.84,125.54
98.72,147.68,127.96,151.68,131.03,129.27,101.79,125.27
98.91,147.33,128.09,151.86,131.56,129.49,102.38,124.95
99.75,147.71,128.84,151.54,131.78,129.23,102.69,125.40
99.55,147.11,128.34,151.86,131.98,129.78,103.18,125.04
100.58,147.09,129.25,151.74,132.82,129.76,104.14,125.11
100.59,147.76,129.46,151.93,132.66,129.79,103.78,125.62
99.82,147.31,128.88,152.42,132.80,130.14,103.73,125.02
99.86,147.47,129.42,152.61,133.36,129.95,103.80,124.81
99.52,147.25,129.74,152.96,134.12,129.79,103.90,124.07
99.11,146.78,129.60,153.39,134.67,130.02,104.18,123.41
98.67,148.00,130.66,153.60,134.95,129.07,102.96,123.47
98.54,147.94,130.72,153.83,135.23,129.16,103.05,123.27
99.11,148.65,131.33,153.04,134.70,128.34,102.48,123.94
100.03,147.90,131.73,152.80,135.48,128.50,103.78,123.60
98.89,147.58,130.67,153.56,135.25,129.20,103.48,123.21
98.55,147.53,131.16,153.98,136.10,128.98,103.49,122.53
98.45,147.27,130.80,154.24,136.15,129.44,103.79,122.47
99.23,148.47,132.74,154.06,137.02,128.37,103.51,122.78
98.58,148.17,132.02,154.33,136.74,128.69,103.30,122.53
99.18,149.39,133.70,154.06,137.28,127.59,102.76,122.92
99.42,150.05,134.65,154.05,137.72,127.05,102.49,123.04
99.56,150.80,135.36,153.72,137.60,126.27,101.80,123.35
99.60,151.11,136.04,153.99,138.24,126.05,101.80,123.17
99.81,151.22,136.47,153.57,138.27,125.46,101.61,123.11
100.22,151.84,137.26,152.97,138.12,124.58,101.09,123.45
100.09,151.67,137.24,153.58,138.70,125.10,101.55,123.19
99.41,150.79,136.35,154.27,139.02,125.95,102.08,122.47
99.54,151.44,136.72,154.71,139.23,126.19,102.04,122.93
99.87,151.76,137.50,154.84,139.86,125.98,102.23,122.90
99.44,151.25,137.28,155.35,140.42,126.34,102.58,122.24
99.93,151.26,137.78,155.22,140.81,126.20,102.96,122.24
100.13,151.19,138.31,154.74,141.03,125.48,102.86,121.92
99.97,150.90,138.28,155.20,141.58,125.83,103.27,121.53
99.90,150.20,137.72,154.80,141.24,125.81,103.43,121.21
99.56,149.79,137.74,155.01,141.75,125.74,103.57,120.52
99.82,150.37,138.20,154.82,141.61,125.39,103.22,120.94
100.09,149.93,138.37,153.91,141.42,124.56,103.14,120.58
100.31,150.29,139.06,153.86,141.79,124.15,103.05,120.59
100.32,149.44,138.26,153.66,141.49,124.57,103.55,120.35
100.66,150.49,139.27,153.23,141.36,123.62,102.75,120.89
101.12,150.33,139.31,153.05,141.39,123.78,103.21,121.06
100.73,149.70,138.64,153.44,141.50,124.37,103.60,120.64
100.95,149.29,138.22,153.24,141.25,124.67,103.98,120.72
101.03,149.82,138.26,153.40,141.00,124.85,103.77,121.27
101.41,150.21,138.57,152.88,140.63,124.39,103.46,121.71
100.91,149.75,137.70,153.30,140.42,125.09,103.63,121.54
101.29,149.34,137.94,152.07,140.04,123.97,103.38,121.24
104.64,147.33,135.05,148.41,135.88,125.09,105.47,124.02
104.98,148.42,136.78,148.58,136.90,124.20,105.10,124.04
105.74,147.79,137.57,149.02,138.51,124.62,106.68,123.39
105.13,148.04,137.30,149.11,138.13,124.44,105.95,123.37
104.70,147.49,136.85,149.95,138.73,125.30,106.59,122.85
105.12,148.14,137.51,150.00,138.93,125.17,106.54,123.31
105.33,148.26,137.49,150.10,138.91,125.44,106.74,123.60
105.48,147.95,137.17,150.05,138.79,125.75,107.09,123.65
105.17,147.32,136.29,150.35,138.62,126.49,107.49,123.46
105.79,147.54,136.64,149.79,138.37,126.14,107.51,123.88
104.13,146.57,134.59,150.25,137.41,126.89,106.95,123.21
104.82,146.69,134.98,149.60,137.22,126.47,107.05,123.56
104.26,146.86,134.69,149.88,137.00,126.55,106.57,123.53
103.86,147.24,134.82,149.77,136.76,126.03,105.80,123.50
104.04,146.76,134.92,150.09,137.47,126.41,106.59,123.08
103.52,147.50,134.99,150.40,137.21,126.27,105.74,123.37
104.29,147.69,135.29,149.77,136.88,126.01,105.89,123.93
104.12,145.69,133.75,149.74,136.85,127.03,107.23,122.97
103.33,145.60,133.20,150.41,136.88,127.51,107.02,122.70
103.25,144.83,132.45,150.53,136.82,128.14,107.62,122.44
103.20,145.19,132.30,150.84,136.63,128.53,107.53,122.88
103.15,144.34,131.48,150.94,136.53,129.22,108.20,122.63
103.05,144.33,131.40,151.07,136.57,129.33,108.22,122.59
103.65,144.58,131.99,150.20,136.30,128.46,107.95,122.85
103.60,144.81,131.74,150.59,136.17,129.02,108.03,123.23
103.47,144.32,131.32,150.84,136.32,129.49,108.47,122.97
103.26,143.55,130.37,151.07,136.13,130.28,109.02,122.76
103.70,143.94,130.87,151.35,136.55,130.52,109.38,123.11
103.62,143.46,130.57,151.65,136.85,130.99,109.90,122.80
103.36,143.62,130.29,152.13,136.82,131.48,109.88,122.97
108.43,147.02,135.66,147.03,135.67,126.15,108.43,126.14
107.65,146.72,135.21,147.19,135.57,126.06,108.01,125.59
107.88,147.46,135.75,147.40,135.71,126.03,107.84,126.09
105.56,148.24,134.87,148.02,134.71,125.55,105.40,125.77
105.69,147.69,134.45,147.96,134.65,125.92,105.90,125.65
104.92,147.50,133.86,148.68,134.77,126.48,105.82,125.31
104.87,147.13,133.98,149.25,135.61,126.93,106.50,124.81
105.19,147.28,134.40,148.77,135.55,126.38,106.34,124.89
105.25,147.23,134.37,148.82,135.58,126.50,106.47,124.91
105.01,146.68,133.89,149.31,135.91,127.16,107.03,124.53
105.41,146.84,134.44,149.41,136.41,127.15,107.38,124.59
105.04,146.46,134.12,150.00,136.83,127.71,107.75,124.17
105.23,146.94,134.50,150.13,136.94,127.69,107.68,124.50
105.00,146.31,133.90,150.48,137.09,128.32,108.19,124.15
105.26,146.87,134.33,150.28,136.94,127.99,107.87,124.59
105.75,145.89,134.64,148.95,136.99,126.80,108.10,123.74
103.25,146.91,134.78,150.50,137.53,126.33,106.01,122.74
105.33,146.76,134.86,148.50,136.20,125.87,106.67,124.12
106.24,147.59,135.97,148.51,136.68,125.72,106.95,124.80
105.36,146.96,135.21,149.10,136.85,126.22,107.00,124.08
105.82,147.16,135.96,148.94,137.32,125.83,107.18,124.06
105.62,146.82,136.14,149.32,138.06,125.92,107.54,123.42
105.22,146.29,135.46,149.74,138.11,126.56,107.87,123.10
105.23,145.19,134.44,149.76,137.94,127.37,108.73,122.80
105.43,145.34,134.29,149.97,137.84,127.84,108.98,123.21
105.04,144.83,133.69,150.20,137.80,128.23,109.15,122.87
104.38,142.92,132.82,152.01,139.78,130.21,111.34,121.12
103.15,142.86,131.76,152.64,139.26,130.70,110.65,120.92
107.89,148.66,136.25,148.13,135.85,126.38,107.48,126.91
109.51,148.78,138.03,147.69,137.19,125.83,108.68,126.92
109.28,148.21,137.42,148.00,137.26,126.43,109.12,126.63
109.62,148.35,137.37,148.18,137.24,126.91,109.49,127.08
109.99,148.30,137.33,147.95,137.06,126.98,109.72,127.34
110.48,148.34,137.35,147.32,136.57,126.72,109.70,127.74
108.07,148.49,137.00,149.28,137.60,127.10,108.67,126.31
107.99,148.32,136.75,149.43,137.60,127.38,108.84,126.27
108.31,147.97,136.57,148.99,137.35,127.32,109.10,126.30
107.45,144.69,134.39,151.16,139.36,130.51,112.42,124.03
108.18,145.41,135.60,150.33,139.38,129.30,111.95,124.38
110.93,144.86,137.35,148.48,140.12,128.23,113.70,124.61
110.72,144.68,138.12,149.09,141.50,128.08,114.10,123.68
110.78,144.76,138.07,148.91,141.25,127.98,113.95,123.84
110.85,144.81,138.01,148.79,141.06,127.97,113.91,123.99
110.74,144.26,137.88,148.48,141.12,127.68,113.98,123.45
111.09,144.56,138.46,148.70,141.64,127.72,114.26,123.58
110.41,144.26,137.79,148.91,141.35,127.91,113.97,123.26
110.67,144.59,138.56,148.75,141.75,127.37,113.86,123.21
110.92,144.57,139.34,148.93,142.69,127.14,114.27,122.77
110.35,144.45,138.83,149.01,142.33,127.17,113.84,122.61
110.29,143.97,138.75,149.19,142.75,127.37,114.29,122.15
110.97,144.55,139.07,148.79,142.32,127.24,114.22,123.00
111.16,144.06,139.53,149.19,143.47,127.43,115.09,122.31
111.09,147.49,140.60,148.66,141.50,126.03,111.99,124.87
111.05,147.96,141.33,149.07,142.18,125.86,111.90,124.75
111.18,148.28,142.04,149.46,142.94,125.80,112.09,124.62
110.16,148.53,141.72,150.24,143.03,126.04,111.47,124.33
109.56,147.97,141.09,150.47,143.00,126.29,111.47,123.80
112.11,150.70,143.58,149.25,142.46,125.12,110.99,126.58
112.48,151.01,144.16,149.17,142.76,124.89,111.08,126.72
113.11,151.49,144.77,148.65,142.59,124.37,110.92,127.22
112.92,151.48,144.59,148.91,142.62,124.62,110.95,127.19
113.15,151.60,144.52,148.62,142.23,124.57,110.87,127.55
114.01,152.01,145.34,148.52,142.66,124.50,111.33,127.99
113.06,152.12,145.60,149.35,143.47,124.40,110.93,127.18
112.43,151.95,145.04,149.69,143.31,124.69,110.70,126.95
109.51,149.73,141.38,150.25,141.78,125.82,109.91,125.30
112.95,148.05,140.64,138.75,133.51,117.53,105.82,126.82
101.84,140.44,128.44,145.22,132.10,124.84,105.51,120.06
101.91,140.40,128.41,145.22,132.10,124.90,105.60,120.09
101.83,140.82,129.17,145.83,133.01,124.86,105.67,119.85
100.93,139.41,127.79,145.51,132.46,124.92,105.61,118.82
99.86,140.45,127.30,147.76,132.91,126.72,105.47,119.41
100.93,140.16,129.04,147.56,134.71,126.01,106.60,118.61
100.22,140.43,128.61,147.26,133.84,125.49,105.46,118.67
100.65,140.63,129.24,147.42,134.45,125.50,105.86,118.71
100.64,141.15,130.96,147.57,135.89,124.32,105.56,117.90
100.86,141.10,130.06,147.92,135.29,125.53,106.08,118.71
101.10,140.59,129.07,147.91,134.68,126.46,106.71,119.14
101.66,140.63,129.93,147.36,135.09,125.69,106.82,118.96
100.08,140.07,129.25,149.65,136.60,127.29,107.43,117.70
99.71,139.76,129.66,149.75,137.32,126.79,107.37,116.80
99.91,139.49,130.37,149.73,138.22,126.38,107.76,116.13
100.15,140.19,130.49,150.00,138.01,126.75,107.68,116.93
100.41,140.49,131.12,150.30,138.64,126.75,107.93,116.95
100.54,141.23,130.61,149.68,137.09,126.63,107.02,118.18
102.03,141.42,132.17,149.83,138.63,126.72,108.48,118.31
100.51,141.61,130.92,149.89,137.26,126.57,106.85,118.30
100.61,140.73,130.91,150.26,138.22,127.03,107.92,117.49
101.02,140.89,131.66,150.53,139.06,127.03,108.41,117.39
96.48,136.24,126.71,148.63,136.22,125.46,105.99,113.06
96.43,131.84,121.84,153.54,138.48,134.05,113.06,112.35
96.26,131.79,121.96,152.89,138.14,133.19,112.44,112.09
95.55,131.81,121.65,154.50,139.05,134.48,112.94,111.79
95.69,131.44,121.57,154.51,139.26,134.67,113.38,111.60
95.76,130.78,120.89,154.45,139.04,135.18,113.91,111.51
96.10,130.62,121.85,153.86,139.66,134.12,113.91,110.88
96.46,130.57,122.14,154.03,140.12,134.34,114.45,110.89
95.90,130.79,121.73,154.57,139.96,134.77,114.13,110.99
95.46,131.37,121.82,154.90,139.85,134.69,113.49,111.16
95.53,130.81,121.25,155.05,139.83,135.34,114.12,111.10
95.03,130.11,120.69,155.77,140.36,136.09,114.70,110.44
94.74,130.61,121.34,156.51,141.19,136.12,114.60,110.22
93.89,130.70,121.54,157.41,142.01,136.21,114.37,109.51
94.68,133.87,123.47,148.04,134.33,125.96,105.54,111.80
95.10,134.70,124.09,148.44,134.63,126.21,105.63,112.46
95.77,135.31,124.66,147.86,134.27,125.71,105.39,113.17
95.08,135.43,123.81,147.97,133.43,125.94,104.70,113.40
96.12,135.51,124.97,148.01,134.55,125.89,105.70,113.40
95.30,136.03,124.56,148.29,133.95,125.86,104.70,113.61
2
0
0
0
0
1
140.10,143.17,165.90,142.89,165.66,121.05,139.86,121.33
140.42,142.24,165.63,143.26,166.50,121.94,141.29,120.91
141.17,140.86,165.07,141.28,165.43,121.06,141.52,120.64
143.10,140.93,166.58,140.20,165.97,120.32,142.48,121.05
144.83,140.02,167.52,138.67,166.37,119.48,143.69,120.83
144.46,139.51,167.03,139.10,166.68,120.00,144.11,120.41
145.44,140.64,169.15,139.13,167.87,119.06,144.15,120.58
144.94,139.82,168.51,139.27,168.04,119.33,144.47,119.88
144.23,139.64,168.75,139.97,169.02,119.22,144.51,118.90
145.13,140.40,170.14,139.71,169.56,118.55,144.55,119.24
146.89,141.34,171.74,139.29,170.00,118.27,145.16,120.32
147.38,140.94,171.33,139.09,169.77,118.82,145.81,120.67
147.30,141.64,171.81,140.24,170.63,119.50,146.12,120.90
147.89,142.58,173.83,140.67,172.21,118.72,146.27,120.63
147.72,142.07,173.29,141.44,172.76,119.80,147.18,120.43
146.89,142.85,172.79,142.98,172.89,121.07,147.00,120.94
148.49,142.00,174.21,142.00,174.21,120.23,148.49,120.23
148.73,141.92,174.17,141.81,174.07,120.29,148.64,120.40
149.47,142.51,175.43,141.75,174.79,119.78,148.82,120.55
149.46,143.51,176.45,141.51,174.76,118.67,147.77,120.67
149.50,144.44,177.42,141.56,174.99,117.93,147.06,120.81
150.22,144.07,178.56,141.49,176.38,117.51,148.03,120.09
150.76,143.91,178.68,140.87,176.11,117.24,148.19,120.28
152.07,144.13,180.50,140.58,177.50,116.51,149.06,120.06
152.25,144.69,180.83,139.85,176.74,115.67,148.16,120.51
152.42,144.62,180.98,139.74,176.85,115.57,148.29,120.45
151.79,144.56,180.67,140.53,177.26,116.10,148.38,120.13
152.64,144.82,181.91,139.94,177.79,115.17,148.51,120.04
153.35,145.32,183.01,139.49,178.08,114.40,148.42,120.22
153.85,145.73,183.21,138.70,177.27,113.86,147.90,120.88
153.58,141.59,179.63,140.96,179.10,118.92,153.05,119.55
153.68,141.09,179.16,140.72,178.85,119.16,153.37,119.53
153.50,141.58,179.98,140.89,179.40,118.48,152.91,119.17
152.33,141.28,178.36,142.48,179.38,120.46,153.35,119.25
152.45,142.92,178.52,143.71,179.18,121.65,153.11,120.86
152.70,144.19,178.73,144.88,179.31,122.85,153.28,122.17
154.76,145.15,180.26,143.29,178.68,121.72,153.19,123.58
154.74,145.25,179.96,144.13,179.01,122.80,153.80,123.92
154.29,147.11,179.97,144.99,178.18,123.26,152.50,125.38
153.53,147.88,179.73,145.72,177.90,123.56,151.71,125.71
153.52,147.01,177.54,146.39,177.01,126.06,153.00,126.69
153.70,146.75,177.44,146.54,177.26,126.45,153.52,126.66
153.04,147.31,177.41,147.68,177.72,127.06,153.35,126.68
153.33,148.18,178.49,147.12,177.59,125.83,152.43,126.89
153.86,148.94,179.64,146.86,177.88,125.04,152.10,127.12
151.96,148.21,178.43,146.82,177.25,124.42,150.78,125.82
151.92,147.86,179.09,146.57,178.00,123.58,150.83,124.87
151.42,147.82,179.19,146.53,178.09,123.03,150.33,124.32
151.79,147.71,180.50,144.76,178.00,120.46,149.29,123.41
150.36,146.57,178.59,144.45,176.79,120.56,148.56,122.69
148.26,144.82,176.33,144.69,176.22,120.93,148.14,121.07
148.16,145.51,176.97,144.26,175.91,119.88,147.10,121.14
148.04,144.34,177.23,143.59,176.60,118.88,147.40,119.64
147.20,144.71,176.99,143.47,175.94,118.26,146.15,119.50
147.16,145.57,177.50,142.43,174.85,116.76,144.50,119.89
146.41,143.12,174.68,143.18,174.73,119.26,146.47,119.20
146.74,142.48,174.56,142.61,174.67,119.07,146.85,118.94
145.27,142.39,173.07,143.24,173.79,119.72,145.99,118.86
145.91,142.11,172.82,142.54,173.19,119.78,146.28,119.34
145.17,143.59,172.18,142.76,171.47,119.91,144.46,120.74
144.42,144.03,171.98,142.56,170.74,119.24,143.17,120.71
144.14,144.70,170.72,143.22,169.47,120.73,142.89,122.21
142.12,144.66,170.12,145.53,170.86,121.84,142.86,120.96
141.83,146.94,172.04,147.28,172.32,121.71,142.11,121.38
139.70,148.62,170.95,147.73,170.20,121.28,138.95,122.17
139.33,149.18,171.21,147.82,170.06,120.85,138.18,122.21
137.06,147.93,167.09,149.19,168.15,123.78,138.13,122.52
137.50,147.84,166.95,148.75,167.72,123.83,138.27,122.92
136.19,148.12,165.93,148.46,166.21,123.30,136.47,122.96
135.18,149.01,165.81,150.32,166.92,124.40,136.29,123.09
134.25,149.87,165.48,150.82,166.28,124.40,135.05,123.45
132.13,151.26,164.43,151.74,164.84,124.41,132.54,123.93
131.25,151.53,163.56,151.30,163.37,123.96,131.06,124.19
130.29,152.44,162.43,152.23,162.26,125.03,130.11,125.24
128.58,152.04,160.95,152.43,161.28,125.04,128.91,124.65
127.95,152.20,160.61,152.23,160.64,124.60,127.98,124.57
126.74,152.35,159.63,152.42,159.69,124.59,126.80,124.51
125.12,153.79,158.87,153.82,158.90,125.26,125.15,125.23
124.29,154.12,158.56,153.73,158.24,124.73,123.97,125.12
123.80,153.46,156.73,153.92,157.11,126.06,124.18,125.60
122.88,152.89,155.20,153.83,156.00,126.48,123.68,125.54
122.34,153.12,154.24,153.40,154.47,126.41,122.57,126.13
120.51,152.67,152.57,153.85,153.57,126.71,121.50,125.53
120.42,156.95,153.76,154.46,151.66,126.25,118.32,128.73
119.38,156.69,153.21,154.38,151.25,125.75,117.42,128.06
118.60,153.58,148.73,153.26,148.46,127.76,118.33,128.08
117.27,152.48,147.34,153.12,147.88,127.67,117.81,127.04
118.89,151.67,147.17,152.27,147.68,128.35,119.40,127.74
117.12,150.67,145.36,152.55,146.95,128.65,118.71,126.78
114.57,151.58,142.52,151.66,142.59,128.01,114.64,127.93
112.47,149.91,138.86,150.72,139.54,128.38,113.14,127.58
110.05,149.43,137.04,149.62,137.20,126.79,110.21,126.60
113.32,154.87,143.26,150.04,139.17,124.71,109.24,129.53
110.88,155.36,141.66,151.14,138.10,125.10,107.32,129.32
109.38,154.49,140.82,151.28,138.10,124.67,106.66,127.89
107.47,154.19,139.29,151.38,136.91,124.46,105.09,127.27
106.91,155.22,138.82,151.55,135.72,124.54,103.80,128.21
106.15,155.35,138.50,151.35,135.11,123.98,102.76,127.98
103.69,155.34,136.21,152.09,133.46,124.57,100.93,127.82
103.10,155.31,135.11,151.85,132.18,124.76,100.17,128.23
101.88,154.88,133.83,152.24,131.59,125.20,99.64,127.84
100.17,154.70,131.53,152.13,129.36,125.59,97.99,128.16
99.00,155.06,130.85,153.10,129.20,126.15,97.35,128.10
98.03,155.81,130.28,152.76,127.70,125.47,95.45,128.52
97.09,156.13,128.89,152.10,125.47,125.19,93.67,129.23
96.30,156.22,128.50,152.15,125.06,124.90,92.86,128.97
95.61,155.69,127.26,151.83,123.99,125.05,92.34,128.91
92.17,155.04,123.93,152.89,122.11,126.02,90.35,128.17
91.75,154.49,123.54,153.14,122.40,126.25,90.61,127.60
89.76,154.25,121.57,153.47,120.91,126.56,89.10,127.34
88.25,154.01,120.62,154.21,120.80,126.82,88.42,126.61
85.56,154.37,118.93,155.64,120.02,127.41,86.65,126.13
84.79,153.63,117.20,155.43,118.73,128.01,86.32,126.21
84.43,154.40,116.88,155.47,117.78,128.02,85.34,126.94
83.66,155.23,116.81,156.13,117.57,128.08,84.43,127.18
81.89,155.77,115.48,156.55,116.14,128.13,82.55,127.35
81.05,156.61,114.82,156.05,114.35,127.47,80.58,128.03
79.39,156.76,112.88,155.98,112.22,127.65,78.73,128.43
78.03,156.85,111.93,157.14,112.17,128.45,78.27,128.16
