1
172.807510,24.528915,23.827932,60.576782
174.088150,23.690668,23.805136,60.539356
175.793182,22.040152,24.043354,61.174561
177.487534,18.642443,24.694971,62.646240
174.919022,17.404261,24.903154,63.365028
172.379105,17.688055,25.506638,64.880455
168.560150,22.272911,25.730225,65.458130
165.415985,21.596022,25.685192,65.183990
162.451279,20.182203,25.428501,64.546387
160.809662,22.513369,26.010403,66.214989
158.166016,18.546309,26.043177,66.247612
153.887497,18.983541,25.799135,65.742470
153.767258,19.824152,27.066612,68.796722
152.119156,22.193199,26.255220,66.746254
153.339493,24.458242,27.164305,69.047653
157.320358,24.493916,25.837593,65.618668
158.230560,28.714396,27.275606,69.337051
159.509933,28.475794,27.469288,69.863487
159.401749,30.635481,27.532145,70.017319
159.220871,31.687763,27.297058,69.492905
157.302597,33.283775,27.498331,69.924667
153.147537,37.756771,27.226231,69.287010
147.795074,41.024120,27.690411,70.329613
140.894226,43.292027,27.115713,68.930634
134.830719,45.422897,27.090559,68.934151
136.650253,46.455589,27.175720,68.954300
138.152527,45.209270,27.553099,70.025444
142.726807,49.182945,26.413317,67.207489
145.117203,57.031410,26.205547,66.585037
147.594238,66.161789,25.921780,65.882538
154.082733,69.075470,26.684937,67.795769
155.890701,73.826561,26.571808,67.485184
159.326431,79.615585,25.043377,63.583466
161.402771,89.252251,26.623266,67.576752
161.580765,90.454163,24.789604,62.936905
160.060242,98.663368,26.363958,66.935196
159.362091,104.579254,27.107918,68.810982
161.075668,110.650192,25.685272,65.159073
160.292160,112.597717,25.588644,64.900131
152.665436,118.570412,27.047295,68.679176
156.927048,124.134468,25.215872,63.958782
154.081558,129.914658,25.401970,64.411911
155.568344,131.791901,25.207785,63.962254
155.568344,131.791901,25.207785,63.962254
156.081207,133.049301,25.259087,63.966728
156.304733,132.960480,26.580379,67.309647
158.593262,128.407516,25.445282,64.467735
155.629089,131.144363,25.442747,64.447861
158.253708,129.855286,24.806473,62.875648
158.304138,128.001450,24.729141,62.675495
160.227112,125.027100,25.160002,63.807011
161.438492,115.902214,25.598686,64.807045
161.323975,113.116364,25.455221,64.441902
163.061951,104.140396,25.053280,63.445992
164.565613,99.262154,23.755632,60.229492
164.234268,94.359932,24.014559,60.898586
167.361786,89.088394,25.762310,65.318237
167.366180,86.746887,25.557390,64.755959
170.424683,82.601364,23.975588,60.772831
165.016647,76.758667,23.499662,59.532917
175.100693,96.129410,23.609175,59.875214
169.982803,92.507744,23.852856,60.474003
173.319733,91.622215,23.727114,60.141132
170.007812,87.455833,23.345152,59.223488
169.262512,83.817841,23.534712,59.657516
167.259674,74.521431,26.519379,67.069084
165.943863,74.938568,26.587744,67.221962
164.177948,65.296974,27.549625,69.696045
162.648071,63.962067,27.632509,69.926651
162.794632,65.544861,23.921274,60.711720
160.521545,63.662796,24.046146,61.001808
159.838257,64.720215,23.499838,59.473156
157.875443,68.630455,23.342800,59.305408
157.504395,68.354225,23.269247,59.088497
160.264435,68.015205,24.017262,60.890530
155.797653,71.271629,22.931810,58.196114
152.096024,72.265953,23.711710,60.017334
154.774231,70.732071,22.885937,58.197006
160.452728,68.075111,22.903330,58.188969
159.879044,66.416763,22.714050,57.797630
161.423813,65.492470,23.103954,58.778751
164.743576,65.957115,22.139462,56.285709
168.840332,63.869503,22.045969,56.111080
170.982864,64.201431,21.955633,55.841156
172.193344,64.002510,21.867107,55.630211
171.046478,64.300346,21.818251,55.488815
171.046478,64.300346,21.818251,55.488815
169.575134,65.788445,21.176750,53.848465
169.125504,65.907188,21.394173,54.415394
167.455780,65.332176,21.862894,55.653603
167.455780,65.332176,21.862894,55.653603
167.000046,64.006409,20.981749,53.385590
167.982239,64.898537,21.218494,54.058887
168.251450,66.088425,20.800915,52.828732
168.390610,64.680153,21.536789,54.872353
170.116394,66.008652,20.870567,53.159149
170.791626,65.343391,21.666716,55.271698
172.291656,65.533630,20.757328,52.784309
172.291656,65.533630,20.757328,52.784309
172.413681,65.025261,20.352692,51.760590
170.515915,65.557190,20.533821,52.087761
169.980881,64.880905,20.486786,52.127708
169.280731,64.346016,20.628462,52.504810
169.280731,64.346016,20.628462,52.504810
170.528534,66.504585,19.676819,49.944641
170.970245,66.129631,19.920462,50.531399
170.925385,67.047020,19.874018,50.594910
169.947281,68.139320,19.944769,50.651089
169.947281,68.139320,19.944769,50.651089
170.224045,66.964249,20.558807,52.168056
171.728149,67.252472,18.712122,47.656418
170.324402,67.163292,19.620256,49.994755
171.288086,67.603958,20.216003,51.341488
171.045135,66.409241,20.036558,50.910362
171.915436,65.250099,20.174362,51.244579
171.978119,66.310989,19.951353,50.639786
171.823853,65.597092,20.660227,52.492794
173.505310,67.349442,19.414801,49.413387
171.225693,66.767052,19.877081,50.643364
171.225693,66.767052,19.877081,50.643364
171.413315,69.165855,18.769003,47.810303
171.708405,70.153046,18.360603,46.806816
170.567825,67.407387,19.585012,49.677486
171.337372,67.655807,18.615252,47.439289
172.436874,66.670906,18.432178,46.970219
172.400925,66.912422,18.396622,46.861294
172.292236,65.346664,18.626205,47.454788
172.436615,64.189201,18.172888,46.264729
172.146835,63.109207,17.750370,45.181057
173.568970,61.084347,17.245398,43.899952
173.592804,60.810169,16.745138,42.612507
174.277710,58.333527,17.798424,45.344715
175.468674,59.889679,17.281363,43.939552
175.468674,59.889679,17.281363,43.939552
177.278061,61.086498,16.594231,42.183601
173.002594,61.949387,17.619215,44.911785
173.466797,66.239540,17.261705,43.923168
173.466797,66.239540,17.261705,43.923168
173.202332,67.951897,17.519789,44.620689
173.202332,67.951897,17.519789,44.620689
171.593521,67.870384,18.388634,46.804749
172.751541,67.924324,18.239328,46.442928
172.850006,68.456200,18.347883,46.751942
172.153214,68.493851,18.498734,47.164547
170.545029,68.108559,19.129801,48.642574
173.058014,69.427277,18.232273,46.432781
171.590286,69.289291,18.102921,46.172771
171.592636,70.319229,18.184954,46.283138
170.995224,71.593178,18.369436,46.734051
170.995224,71.593178,18.369436,46.734051
167.863235,74.725388,17.527534,44.647381
162.882339,77.668289,18.532730,47.191334
161.738174,79.993202,17.334484,44.031948
159.938705,78.794617,17.089773,43.550476
160.220718,78.782227,17.839186,45.302929
159.182861,78.798416,18.168968,46.178810
160.746689,79.493622,17.583252,44.664974
160.340866,79.899803,17.880808,45.440334
161.896347,80.321358,18.573742,47.366714
162.045853,78.898262,17.720625,45.059349
162.787170,79.330170,17.358866,44.075195
163.252090,78.498817,18.513433,47.033230
163.864655,77.895889,18.522327,47.244904
164.480087,77.227654,18.171627,46.170082
165.574142,75.971619,18.372908,46.800953
165.446396,75.655624,18.250824,46.508945
166.145462,72.855881,18.261675,46.509212
166.145462,72.855881,18.261675,46.509212
165.607315,72.385239,18.176462,46.275642
166.413452,72.277077,17.887083,45.561630
166.565903,71.187592,17.761501,45.237610
166.892410,70.631805,17.676266,44.971832
166.892410,70.631805,17.676266,44.971832
166.779526,69.743851,17.740963,45.071320
164.657104,68.267776,17.785023,45.390404
166.605637,68.645279,16.927752,42.923508
165.479034,65.345871,17.916405,45.569920
165.927917,60.721699,17.739134,45.122360
165.807571,57.480236,16.988701,43.204880
163.282471,53.339283,17.932348,45.569290
165.268402,51.872765,17.640221,44.832741
164.356247,53.547184,18.085154,45.989037
166.120789,54.944500,17.098091,43.680401
166.458923,55.518314,17.454411,44.395649
167.767273,55.639347,17.238750,43.782127
169.759262,55.451736,17.132074,43.510574
168.512863,53.815250,17.202496,43.929379
166.417267,50.383198,16.856676,42.883938
165.297424,51.331261,16.989761,43.380737
164.808533,54.290306,16.630381,42.269543
164.802170,55.700375,16.712929,42.629234
164.495804,56.150658,16.115049,40.900776
165.834793,54.158081,16.230558,41.186115
165.020569,52.722458,17.164740,43.664467
164.339218,54.571289,16.820961,42.907722
163.105774,56.928307,16.710615,42.742233
161.517456,56.374504,17.423773,44.230530
159.528946,55.084747,17.129107,43.665150
157.394012,57.619267,16.213015,41.479633
153.603378,59.649769,17.373304,44.428005
149.126312,61.919952,17.772154,45.281178
149.995163,63.520779,17.122885,43.626484
150.512283,63.947983,16.368639,41.726604
150.767273,64.835991,16.717079,42.628891
149.953384,64.413025,16.582909,42.154873
150.746719,64.759300,15.111135,38.586365
151.496140,64.052429,16.065731,41.170139
151.413010,63.601242,15.105430,38.583889
150.984787,61.714115,16.542500,42.236385
149.026688,61.567188,16.902414,43.217457
149.170990,60.436935,16.618853,42.311813
147.391266,58.522537,17.378544,44.225212
147.528870,57.936943,16.934212,43.071667
148.745514,58.012646,16.454908,41.840981
147.885880,57.806889,16.701780,42.453846
148.034790,56.933838,17.235424,43.973015
148.034790,56.933838,17.235424,43.973015
148.621078,56.201630,16.637239,42.540039
148.996445,55.279106,16.726288,42.508053
150.036697,55.502556,16.867449,43.148243
149.209427,53.942905,16.522369,42.267338
149.402695,53.529919,16.932240,43.355705
149.402695,53.529919,16.932240,43.355705
149.934082,52.785366,16.539814,42.042980
