1
173.201324,24.864649,23.968105,60.890907
174.204849,23.576347,23.704351,60.259640
176.100693,21.929470,24.232780,61.564823
178.005737,18.360720,24.976315,63.563988
175.252792,17.435406,24.831396,63.055424
173.972153,19.115831,25.536863,65.024590
168.954559,20.278593,25.522633,64.951500
166.927124,20.755066,25.953709,66.105652
162.627396,20.964951,25.839046,65.807175
160.438568,21.843243,25.908655,66.006264
157.481064,20.968454,26.045696,66.386780
155.115082,18.691147,26.156862,66.598778
153.872192,20.643610,25.700344,65.446259
152.497635,22.287632,26.041420,66.310051
153.384567,24.469339,26.738012,68.097107
157.284821,24.729792,26.262253,66.789276
159.995972,27.722946,26.918831,68.584816
160.335220,29.273272,26.830040,68.202049
158.586212,29.254751,27.294750,69.518929
158.385971,32.431789,27.567379,70.170853
156.749069,33.614624,27.518736,70.052124
153.153702,37.368679,27.842924,70.873184
148.758804,41.062115,27.416237,69.774498
142.238983,43.783234,25.670734,65.353531
135.515198,44.693752,27.956718,71.290405
136.553482,46.116051,27.405525,69.703323
140.082809,48.729881,26.226606,66.750648
143.770874,51.027142,26.645380,67.904564
145.689575,58.023121,25.214865,64.229500
147.262848,63.606674,27.056379,68.910728
156.243912,65.933800,26.280445,66.857925
158.181595,74.041588,26.696232,68.017944
160.096481,74.712471,26.571207,67.707321
159.376541,88.736366,26.416620,67.284370
161.237335,90.234581,26.386257,67.291573
160.055069,96.482613,26.611797,67.717613
160.743515,104.473907,26.057854,66.441933
161.571411,107.886879,25.051935,63.607742
160.382095,112.707901,24.950619,63.331646
155.600769,119.909164,26.116655,66.399971
157.290939,122.336769,24.591034,62.475063
158.194855,128.405701,24.178328,61.426445
156.332611,131.893585,24.395699,61.954964
155.543549,131.674606,25.367775,64.457176
156.656845,132.307281,23.760290,60.386662
160.965866,127.387703,23.885731,60.651951
160.647217,127.732239,23.687307,60.203293
162.561157,127.851860,24.045830,61.114529
162.096573,128.621048,23.632208,60.062595
162.096573,128.621048,23.632208,60.062595
164.163910,124.860481,23.707563,60.325333
165.871170,116.351929,23.107489,58.556278
169.035446,109.699203,23.333296,59.142193
169.958328,104.424667,23.204628,58.928818
166.645050,99.137497,22.760616,57.644455
166.560028,92.505646,23.009518,58.264412
172.542542,88.915398,22.969816,58.141411
172.139420,87.459656,23.557997,59.691750
171.764801,85.606102,22.849274,57.841793
165.804977,74.996498,22.605837,57.267620
166.031952,90.166870,22.886211,57.996525
169.502563,92.668274,22.839479,57.891392
163.339645,85.011314,22.528942,57.049339
170.086868,88.250717,23.411724,59.312973
168.779068,83.534897,23.531569,59.602386
168.967865,77.397278,23.856928,60.475250
168.563507,76.475388,23.895369,60.537441
167.043091,68.563072,23.794134,60.311878
164.820404,64.675705,24.133348,61.199764
162.364120,65.783333,22.525692,57.058861
161.784058,66.347290,22.027079,55.842796
161.311737,66.855522,22.057730,55.913685
160.404602,69.303528,21.660315,54.927341
160.708160,69.891327,21.380207,54.209751
157.894272,70.538368,21.411079,54.350189
156.336166,72.794327,21.248663,53.875793
155.641296,73.110054,22.380239,56.822231
156.577240,72.447365,20.659069,52.430820
159.592285,68.642342,22.183903,56.222095
160.430267,67.302841,21.248566,53.935917
164.033630,65.512833,20.880140,52.998009
166.688004,63.968391,20.386246,51.772663
171.608017,64.329102,20.503784,52.052425
168.360352,63.742977,20.577543,52.227486
170.425003,63.366177,20.441896,51.899189
169.769363,64.892487,20.414721,51.831120
169.058426,64.193062,20.899061,53.055798
167.181473,64.967194,20.513685,52.078934
166.595383,64.852158,20.447706,51.862728
166.595383,64.852158,20.447706,51.862728
167.931335,64.630150,20.360622,51.633919
165.848053,64.251213,20.938501,53.116779
167.200073,65.578934,20.453999,51.910500
168.092697,65.403793,19.955769,50.821789
168.693192,65.412079,20.077288,50.930721
168.945145,65.923332,19.820545,50.376278
170.873306,65.945946,19.373686,49.299713
168.337250,64.842896,20.114380,51.036743
172.643448,66.194160,19.744871,50.176624
172.217484,65.506813,19.075335,48.399738
168.416794,65.105659,19.244230,49.039509
168.416794,65.105659,19.244230,49.039509
168.416794,65.105659,19.244230,49.039509
167.304077,65.125854,19.771460,50.262959
166.889542,64.915802,19.284134,48.956741
169.926956,66.975624,18.173523,46.074211
169.193359,66.817741,19.028702,48.327469
169.188370,67.106743,19.041962,48.373436
169.402710,67.800415,18.768675,47.816807
169.208466,67.250717,19.108885,48.512749
169.913940,67.472580,18.336281,46.684505
169.096695,67.262543,18.884521,48.091053
170.069199,67.639458,18.034121,45.909599
169.729446,65.676949,18.982880,48.172050
171.092407,66.243568,18.998610,48.220562
171.174728,66.318535,17.909782,45.343082
168.915390,65.490334,19.548990,49.804096
171.540131,67.058800,17.980471,45.620674
171.191498,67.492622,18.446814,46.971760
168.366058,66.118233,19.307716,49.200375
169.703033,67.905418,18.014526,45.819752
170.610077,69.535164,18.141798,46.168724
170.365936,67.495934,18.892330,48.037403
171.666885,66.113693,18.375330,46.714741
170.817017,66.975601,18.288937,46.521622
171.355438,65.642426,18.063759,45.970261
171.704987,66.086166,17.927917,45.705490
169.778519,63.810986,19.102438,48.558578
171.677734,63.094753,17.637785,44.921398
171.609711,61.163013,17.602583,44.829483
171.428894,58.792149,18.244604,46.358139
173.424271,58.949879,18.058876,45.860455
172.134064,57.132881,18.639952,47.402332
172.820709,57.192745,18.544832,47.111858
171.311996,57.785160,18.413660,46.833809
172.282593,57.823849,18.638659,47.356453
171.935638,63.728058,18.479181,46.995518
170.998688,66.247276,19.023087,48.417496
170.998688,66.247276,19.023087,48.417496
171.700699,66.937614,18.298494,46.562595
171.525696,67.264992,18.915110,48.043465
171.630020,68.636963,18.709551,47.529423
170.338409,67.848358,19.026911,48.347618
170.755051,68.987259,18.736526,47.482052
171.772766,68.861824,17.736702,45.175587
172.434265,69.158806,18.476345,46.933369
171.054398,68.568741,19.068533,48.472195
170.553848,69.012672,19.337439,49.203667
169.556839,69.706726,19.619135,49.737602
168.404037,70.000237,19.517988,49.729839
164.706558,72.584412,19.835896,50.414455
161.561371,75.953087,20.358004,51.907936
160.180283,79.053284,18.884157,47.959332
158.812469,76.787323,19.779514,50.318485
159.765121,78.255684,18.276506,46.370651
159.765121,78.255684,18.276506,46.370651
160.118607,79.665863,18.464651,46.965855
160.118607,79.665863,18.464651,46.965855
158.783752,77.772652,19.779055,50.440247
160.600220,79.215286,18.490717,47.057095
160.119110,78.538826,19.723658,50.211380
161.268372,78.041679,19.360020,49.287827
162.847275,77.179276,19.039194,48.520927
163.337860,76.460449,19.585907,49.820354
166.209702,75.321823,17.957428,45.588898
165.825150,73.378975,18.846525,48.044231
164.294495,71.595009,19.462708,49.551125
164.948898,70.788994,19.785547,50.405083
163.689117,71.276703,18.737045,47.755051
164.936676,71.167763,19.258057,49.060585
164.079834,69.818916,18.920506,48.222687
164.409866,69.331032,18.375259,46.888977
163.815277,69.471001,18.672655,47.388546
162.727737,68.577888,19.177683,48.699322
163.188431,67.246964,19.004684,48.343922
163.598206,66.480347,18.869087,47.949253
164.867294,64.079414,18.603470,47.194679
164.755219,60.385429,18.585508,47.163319
162.585190,54.601646,18.578260,47.093540
161.388031,52.090885,18.431442,46.770462
163.568558,51.983788,18.755423,47.740746
163.089386,52.642857,18.812742,47.858307
164.449814,53.726109,19.137075,48.659618
164.449814,53.726109,19.137075,48.659618
166.762482,56.201756,17.797750,45.180622
167.730087,54.787025,18.321842,46.611889
167.624664,52.881969,17.926889,45.504505
164.862091,49.198158,18.048790,45.808876
163.164719,49.809574,17.456181,44.262611
161.754837,51.847618,18.371296,46.606197
161.921555,54.642761,18.032070,45.845242
160.778351,52.128979,19.627121,49.876965
162.371338,53.492374,18.322111,46.573776
160.803802,51.674416,19.646526,49.906147
161.815414,52.779629,18.879272,47.996983
159.084198,52.579025,20.090698,51.050888
160.241287,55.989262,18.057362,45.931774
155.165024,52.928345,20.107725,51.058094
153.236404,56.046436,18.396261,46.698982
151.411652,58.656689,18.161964,46.139900
148.730347,62.634983,18.102242,45.949203
148.730347,62.634983,18.102242,45.949203
145.700317,61.042992,18.749454,47.737183
149.336304,64.543137,17.099844,43.657173
149.235367,64.364395,16.971771,43.340580
146.787155,63.116695,17.867863,45.332684
149.132187,63.295280,17.162216,43.536427
148.740524,62.962986,16.972233,43.165703
148.856323,61.557701,17.499966,44.664101
147.747467,60.814552,17.464733,44.575924
148.156799,59.727058,17.040762,43.484478
146.684677,57.968834,17.846910,45.277012
146.928955,58.108944,17.511433,44.490246
146.928955,58.108944,17.511433,44.490246
147.639160,57.786011,16.354639,41.505535
147.293045,57.008720,17.298037,43.956123
146.952576,56.311771,17.521511,44.694248
147.531921,55.252945,17.659727,45.071205
147.742630,54.113625,17.874771,45.458126
147.742630,54.113625,17.874771,45.458126
147.836517,53.226353,17.846601,45.572433
147.836517,53.226353,17.846601,45.572433
148.760712,52.369240,16.998896,43.013496
148.760712,52.369240,16.998896,43.013496
