0.034612,0.034795,0.034928,0,0,0,0,0,0,0,0,0,0,0,0
0.034612,0.034795,0.034928,0,0,0,0,0,0,0,0,0,0,0,0
0.034612,0.034795,0.034928,0,0,0,0,0,0,0,0,0,0,0,0
0.034612,0.034795,0.034928,0,0,0,0,0,0,0,0,0,0,0,0
0.034612,0.034795,0.034928,0,0,0,0,0,0,0,0,0,0,0,0
0.034612,0.034795,0.034928,0,0,0,0,0,0,0,0,0,0,0,0
0.034612,0.034795,0.034928,0,0,0,0,0,0,0,0,0,0,0,0
0.034612,0.034795,0.034928,0,0,0,0,0,0,0,0,0,0,0,0
0.034612,0.034795,0.034928,0,0,0,0,0,0,0,0,0,0,0,0
0.034612,0.034795,0.034928,0,0,0,0,0,0,0,0,0,0,0,0
0.034612,0.034795,0.034928,0,0,0,0,0,0,0,0,0,0,0,0
0.034612,0.034795,0.034928,0,0,0,0,0,0,0,0,0,0,0,0
0.034612,0.034795,0.034928,0,0,0,0,0,0,0,0,0,0,0,0
0.034612,0.034795,0.034928,0,0,0,0,0,0,0,0,0,0,0,0
0.034612,0.034795,0.034928,0,0,0,0,0,0,0,0,0,0,0,0
0.034612,0.034795,0.034928,0,0,0,0,0,0,0,0,0,0,0,0
0.034612,0.034795,0.034928,0,0,0,0,0,0,0,0,0,0,0,0
0.034612,0.034795,0.034928,0,0,0,0,0,0,0,0,0,0,0,0
0.034612,0.034795,0.034928,0,0,0,0,0,0,0,0,0,0,0,0
0.034612,0.034795,0.034928,0,0,0,0,0,0,0,0,0,0,0,0
0.034612,0.034795,0.034928,0,0,0,0,0,0,0,0,0,0,0,0
0.034612,0.034795,0.034928,0,0,0,0,0,0,0,0,0,0,0,0
0.034612,0.034795,0.034928,0,0,0,0,0,0,0,0,0,0,0,0
0.034612,0.034795,0.034928,0,0,0,0,0,0,0,0,0,0,0,0
0.034612,0.034795,0.034928,0,0,0,0,0,0,0,0,0,0,0,0
0.034612,0.034795,0.034928,0,0,0,0,0,0,0,0,0,0,0,0
0.034612,0.034795,0.034928,0,0,0,0,0,0,0,0,0,0,0,0
0.034612,0.034795,0.034928,0,0,0,0,0,0,0,0,0,0,0,0
0.034612,0.034795,0.034928,0,0,0,0,0,0,0,0,0,0,0,0
0.034612,0.034795,0.034928,0,0,0,0,0,0,0,0,0,0,0,0
0.034612,0.034795,0.034928,0,0,0,0,0,0,0,0,0,0,0,0
0.034612,0.034795,0.034928,0,0,0,0,0,0,0,0,0,0,0,0
0.034612,0.034795,0.034928,0,0,0,0,0,0,0,0,0,0,0,0
0.034612,0.034795,0.034928,0,0,0,0,0,0,0,0,0,0,0,0
0.034612,0.034795,0.034928,0,0,0,0,0,0,0,0,0,0,0,0
0.034612,0.034795,0.034928,0,0,0,0,0,0,0,0,0,0,0,0
0.034612,0.034795,0.034928,0,0,0,0,0,0,0,0,0,0,0,0
0.034612,0.034795,0.034928,0,0,0,0,0,0,0,0,0,0,0,0
0.034612,0.034795,0.034928,0,0,0,0,0,0,0,0,0,0,0,0
0.034612,0.034795,0.034928,0,0,0,0,0,0,0,0,0,0,0,0
0.034612,0.034795,0.034928,0,0,0,0,0,0,0,0,0,0,0,0
0.034612,0.034795,0.034928,0,0,0,0,0,0,0,0,0,0,0,0
0.034612,0.034795,0.034928,0,0,0,0,0,0,0,0,0,0,0,0
0.034612,0.034795,0.034928,0,0,0,0,0,0,0,0,0,0,0,0
0.034612,0.034795,0.034928,0,0,0,0,0,0,0,0,0,0,0,0
0.034612,0.034795,0.034928,0,0,0,0,0,0,0,0,0,0,0,0
0.034612,0.034795,0.034928,0,0,0,0,0,0,0,0,0,0,0,0
0.034612,0.034795,0.034928,0,0,0,0,0,0,0,0,0,0,0,0
0.034612,0.034795,0.034928,0,0,0,0,0,0,0,0,0,0,0,0
0.034612,0.034795,0.034928,0,0,0,0,0,0,0,0,0,0,0,0
0.034612,0.034795,0.034928,0,0,0,0,0,0,0,0,0,0,0,0
0.034612,0.034795,0.034928,0,0,0,0,0,0,0,0,0,0,0,0
0.034612,0.034795,0.034928,0,0,0,0,0,0,0,0,0,0,0,0
0.034612,0.034795,0.034928,0,0,0,0,0,0,0,0,0,0,0,0
0.034612,0.034795,0.034928,0,0,0,0,0,0,0,0,0,0,0,0
0.034612,0.034795,0.034928,0,0,0,0,0,0,0,0,0,0,0,0
0.034612,0.034795,0.034928,0,0,0,0,0,0,0,0,0,0,0,0
0.034612,0.034795,0.034928,0,0,0,0,0,0,0,0,0,0,0,0
0.034612,0.034795,0.034928,0,0,0,0,0,0,0,0,0,0,0,0
0.034612,0.034795,0.034928,0,0,0,0,0,0,0,0,0,0,0,0
0.034612,0.034795,0.034928,0,0,0,0,0,0,0,0,0,0,0,0
0.034612,0.034795,0.034928,0,0,0,0,0,0,0,0,0,0,0,0
0.034612,0.034795,0.034928,0,0,0,0,0,0,0,0,0,0,0,0
0.034612,0.034795,0.034928,0,0,0,0,0,0,0,0,0,0,0,0
0.034612,0.034795,0.034928,0,0,0,0,0,0,0,0,0,0,0,0
0.034612,0.034795,0.034928,0,0,0,0,0,0,0,0,0,0,0,0
0.034612,0.034795,0.034928,0,0,0,0,0,0,0,0,0,0,0,0
0.034612,0.034795,0.034928,0,0,0,0,0,0,0,0,0,0,0,0
0.034612,0.034795,0.034928,0,0,0,0,0,0,0,0,0,0,0,0
0.034612,0.034795,0.034928,0,0,0,0,0,0,0,0,0,0,0,0
0.034612,0.034795,0.034928,0,0,0,0,0,0,0,0,0,0,0,0
0.034612,0.034795,0.034928,0,0,0,0,0,0,0,0,0,0,0,0
0.034612,0.034795,0.034928,0,0,0,0,0,0,0,0,0,0,0,0
0.034612,0.034795,0.034928,0,0,0,0,0,0,0,0,0,0,0,0
0.034612,0.034795,0.034928,0,0,0,0,0,0,0,0,0,0,0,0
0.034612,0.034795,0.034928,0,0,0,0,0,0,0,0,0,0,0,0
