1
202.49,213.15,182.22,310.99,218.69,318.55,238.97,220.71
201.97,216.90,179.37,318.16,217.99,326.78,240.59,225.52
199.52,211.55,178.47,306.92,218.08,315.66,239.13,220.29
201.79,216.13,175.75,292.02,214.39,305.27,240.43,229.38
202.17,216.92,170.07,292.63,206.90,308.24,239.00,232.53
197.76,215.50,169.03,293.24,207.23,307.36,235.97,229.62
200.00,212.03,160.56,297.24,200.43,315.69,239.86,230.48
198.90,208.79,162.48,298.59,203.65,315.29,240.07,225.49
200.16,214.92,161.57,298.48,201.53,316.94,240.12,233.38
207.67,242.95,165.31,300.67,191.82,320.12,234.18,262.40
213.08,242.34,170.83,296.32,197.53,317.22,239.78,263.24
213.46,242.10,175.91,296.46,202.91,315.12,240.47,260.76
214.69,241.93,185.68,300.85,213.71,314.65,242.72,255.73
221.01,234.77,189.45,297.37,219.17,312.35,250.74,249.76
217.75,238.29,196.24,299.44,227.46,310.42,248.97,249.28
221.33,232.50,198.46,298.41,223.38,307.06,246.25,241.15
217.82,233.79,210.33,303.87,255.30,308.67,262.79,238.60
217.21,230.66,212.58,301.18,256.48,304.06,261.11,233.54
215.79,234.99,221.41,291.25,257.29,287.67,251.68,231.41
210.99,236.13,217.78,292.01,259.92,286.89,253.13,231.01
216.16,237.17,217.09,291.82,258.80,291.11,257.87,236.46
212.81,243.03,222.33,298.37,266.25,290.81,256.73,235.47
215.12,245.68,223.96,306.57,273.40,299.39,264.56,238.51
218.22,245.09,276.68,245.09,276.68,303.55,218.22,303.55
222.22,246.27,287.90,246.27,287.90,311.95,222.22,311.95
219.94,241.78,285.33,241.78,285.33,307.17,219.94,307.17
229.24,241.78,292.37,241.78,292.37,304.91,229.24,304.91
303.01,250.57,234.48,245.32,230.34,299.50,298.86,304.75
307.13,245.80,235.02,248.13,236.82,304.01,308.94,301.68
316.33,251.61,238.52,242.93,232.08,300.68,309.88,309.36
332.77,258.87,248.51,231.80,228.37,294.50,312.62,321.57
342.22,266.11,263.02,231.30,236.83,290.87,316.03,325.69
318.77,227.07,245.55,249.98,263.94,308.76,337.16,285.85
341.08,249.79,256.43,238.71,248.71,297.74,333.35,308.81
342.61,245.38,259.10,240.70,255.89,298.07,339.39,302.76
338.85,234.58,258.46,246.69,267.16,304.45,347.55,292.34
337.36,233.10,260.54,249.63,272.86,306.88,349.68,290.36
349.82,246.23,265.73,246.44,265.87,301.26,349.96,301.05
355.33,254.35,270.80,248.15,266.94,300.71,351.47,306.91
343.23,281.53,301.50,239.81,266.74,274.57,308.46,316.30
274.66,266.75,306.17,314.95,343.34,290.65,311.83,242.45
278.07,267.82,310.46,316.21,345.58,292.70,313.19,244.31
279.48,266.83,311.90,316.39,347.43,293.15,315.01,243.59
280.41,264.05,310.32,315.30,346.10,294.41,316.19,243.17
353.40,284.28,307.22,240.17,276.09,272.77,322.27,316.87
354.79,290.58,309.08,239.44,274.61,270.25,320.31,321.39
353.18,291.17,307.58,238.15,274.08,266.96,319.68,319.98
357.61,288.83,303.97,237.05,270.70,271.52,324.34,323.29
359.42,284.63,295.77,234.83,268.00,270.31,331.65,320.12
357.53,294.30,301.57,236.37,269.98,266.89,325.94,324.82
360.69,292.98,295.22,231.26,264.90,263.41,330.37,325.14
359.23,294.70,292.82,228.64,262.04,259.58,328.46,325.64
339.02,290.90,303.57,234.56,269.54,255.97,304.99,312.32
270.12,252.22,303.42,314.24,337.28,296.06,303.98,234.04
331.24,296.84,301.80,236.31,269.54,252.00,298.97,312.53
334.27,293.20,299.91,234.42,265.81,254.36,300.17,313.14
267.03,250.21,292.59,312.05,326.35,298.09,300.80,236.25
263.06,251.91,291.12,317.68,326.80,302.46,298.73,236.69
265.70,246.33,281.65,314.79,324.26,304.86,308.31,236.40
256.18,250.65,279.13,319.70,322.63,305.24,299.68,236.19
251.94,251.50,277.48,318.04,320.81,301.41,295.27,234.87
320.13,298.54,285.95,231.39,243.85,252.82,278.03,319.97
315.10,294.65,276.73,228.53,236.63,251.80,275.00,317.92
306.02,300.22,266.84,231.95,231.15,252.44,270.34,320.70
299.37,302.55,258.18,232.48,225.31,251.80,266.50,321.87
293.25,301.57,252.46,232.59,221.90,250.66,262.69,319.64
288.10,303.68,250.86,232.92,221.09,248.58,258.33,319.35
218.56,246.61,246.13,314.19,281.20,299.88,253.63,232.30
209.38,249.36,244.82,317.33,282.03,297.92,246.58,229.95
206.53,248.18,246.37,314.30,283.98,291.64,244.15,225.52
200.83,245.01,240.05,312.82,281.49,288.85,242.27,221.04
191.19,245.63,235.34,316.49,282.83,286.90,238.69,216.04
274.63,288.53,225.35,215.37,179.87,246.01,229.15,319.16
272.19,287.86,219.42,212.72,173.21,245.17,225.97,320.31
272.17,287.52,215.01,209.08,165.05,245.48,222.22,323.93
165.10,240.33,203.29,321.57,251.06,299.11,212.87,217.87
160.46,238.75,187.30,322.64,233.71,307.79,206.87,223.90
154.05,240.83,185.59,323.33,223.26,308.93,191.73,226.43
152.75,239.45,172.25,309.61,211.75,298.64,192.24,228.47
149.47,236.04,160.31,309.96,206.30,303.21,195.45,229.29
150.74,232.69,146.85,306.94,198.10,309.63,201.99,235.38
127.57,238.05,148.41,319.28,214.35,302.36,193.51,221.13
117.01,245.34,149.73,320.83,211.57,294.03,178.86,218.54
122.58,228.59,198.36,228.59,198.36,304.37,122.58,304.37
119.11,233.59,194.28,233.59,194.28,308.75,119.11,308.75
108.08,244.58,138.03,314.97,194.22,291.07,164.27,220.67
106.92,241.13,137.27,308.34,189.84,284.60,159.50,217.39
108.83,231.48,177.07,231.48,177.07,299.72,108.83,299.72
110.27,227.66,181.38,227.66,181.38,298.76,110.27,298.76
108.96,229.11,176.69,229.11,176.69,296.84,108.96,296.84
106.13,229.42,174.29,229.42,174.29,297.58,106.13,297.58
187.05,267.53,133.37,213.80,91.62,255.52,145.30,309.25
184.74,268.42,127.29,211.27,87.66,251.11,145.11,308.25
186.31,260.70,116.37,215.64,84.55,265.04,154.49,310.10
78.50,232.30,121.66,313.66,172.74,286.57,129.58,205.21
82.06,228.38,116.62,313.69,179.35,288.28,144.78,202.97
79.97,234.61,123.80,316.26,189.71,280.88,145.88,199.23
95.69,211.81,181.54,211.81,181.54,297.66,95.69,297.66
109.67,211.54,195.90,211.54,195.90,297.77,109.67,297.77
90.67,220.13,107.45,303.00,153.74,293.63,136.96,210.76
102.05,214.59,118.05,304.05,155.45,297.36,139.44,207.90
106.06,208.07,110.32,305.93,151.38,304.14,147.12,206.28
99.56,212.46,126.93,304.64,167.42,292.61,140.05,200.44
102.90,207.93,127.66,303.86,167.28,293.64,142.51,197.70
115.73,201.97,114.70,293.38,164.70,293.94,165.73,202.53
121.50,199.09,114.70,292.10,165.35,295.80,172.15,202.80
127.16,202.32,120.11,294.12,165.53,297.60,172.57,205.80
130.70,202.61,123.68,296.79,164.43,299.83,171.45,205.64
131.99,203.56,135.01,292.58,168.03,291.46,165.01,202.44
142.94,205.66,132.73,288.53,164.04,292.39,174.25,209.52
145.46,202.61,139.78,283.12,167.44,285.07,173.11,204.56
148.89,198.66,144.26,280.89,170.25,282.35,174.87,200.13
149.60,192.66,145.24,278.72,177.10,280.33,181.46,194.27
151.96,191.67,145.00,276.79,179.66,279.62,186.61,194.50
156.80,190.90,142.04,274.19,179.80,280.88,194.55,197.58
157.75,192.27,150.57,269.83,187.51,273.25,194.68,195.68
165.31,192.06,151.55,267.67,190.41,274.75,204.18,199.14
168.41,192.77,155.28,268.32,190.78,274.49,203.91,198.94
173.40,196.10,144.80,270.38,186.74,286.53,215.34,212.25
177.30,195.50,153.09,275.09,191.47,286.76,215.68,207.17
177.57,195.61,159.28,274.86,196.68,283.49,214.97,204.24
182.08,191.76,164.95,262.23,201.09,271.01,218.22,200.54
179.90,189.02,172.39,263.64,207.79,267.20,215.31,192.58
184.72,185.41,169.65,257.76,205.69,265.26,220.76,192.91
191.55,182.68,172.04,260.21,204.28,268.32,223.79,190.79
196.67,181.38,176.25,252.92,208.74,262.19,229.16,190.65
198.51,183.66,184.12,244.26,217.02,252.07,231.41,191.47
206.28,182.60,193.31,246.58,222.62,252.52,235.59,188.54
203.21,184.18,197.29,253.25,228.20,255.90,234.12,186.83
206.85,182.02,193.76,256.19,221.87,261.15,234.95,186.98
211.79,181.01,196.02,254.52,221.33,259.96,237.11,186.45
214.69,178.62,199.64,252.42,225.60,257.71,240.64,183.91
216.13,176.68,199.11,249.94,224.17,255.76,241.19,182.51
220.50,174.76,199.96,245.06,222.55,251.66,243.09,181.37
220.61,173.04,197.68,242.63,222.94,250.95,245.87,181.37
220.62,172.80,193.53,236.23,226.42,250.28,253.52,186.85
223.19,172.28,204.34,237.88,232.56,245.99,251.42,180.39
223.31,169.81,202.51,234.66,236.20,245.46,256.99,180.61
223.47,171.64,206.76,232.44,237.38,240.86,254.09,180.06
226.34,173.79,206.06,231.99,240.22,243.89,260.50,185.69
227.09,171.27,207.61,226.93,240.37,238.39,259.85,182.74
224.26,170.39,210.48,226.30,242.32,234.14,256.09,178.23
220.80,169.05,213.57,219.17,250.03,224.43,257.27,174.31
229.24,168.77,216.76,217.37,250.53,226.05,263.01,177.44
230.46,164.61,215.80,210.82,250.00,221.67,264.66,175.46
220.01,168.31,221.94,222.95,258.07,221.68,256.14,167.04
221.78,167.48,224.49,221.28,260.56,219.46,257.85,165.66
225.54,164.45,230.83,222.58,265.51,219.42,260.22,161.29
232.89,159.65,223.90,216.08,261.03,221.99,270.02,165.56
235.35,160.59,224.47,218.71,263.18,225.95,274.06,167.83
234.05,166.04,236.90,229.50,274.49,227.81,271.64,164.35
229.54,171.26,241.07,231.98,281.12,224.37,269.59,163.66
233.83,167.75,240.53,233.26,278.43,229.39,271.73,163.87
225.17,170.23,234.37,231.35,283.05,224.02,273.85,162.90
225.83,163.80,224.70,228.54,278.67,229.48,279.80,164.74
232.54,162.45,230.53,225.87,281.27,227.48,283.28,164.06
241.72,159.03,235.57,222.21,279.23,226.46,285.38,163.28
244.94,158.52,237.83,221.65,279.52,226.34,286.62,163.21
244.62,157.79,236.69,226.34,280.22,231.38,288.15,162.83
247.22,157.11,235.23,223.59,285.15,232.59,297.14,166.11
246.34,158.78,238.74,222.73,285.74,228.32,293.34,164.36
246.32,156.32,241.08,228.29,286.13,231.57,291.37,159.60
246.08,159.83,243.87,228.96,291.16,230.48,293.38,161.35
252.15,159.27,243.87,224.72,288.77,230.40,297.05,164.95
254.80,156.29,244.89,219.60,291.48,226.89,301.39,163.58
254.42,152.21,243.57,215.80,296.03,224.75,306.88,161.16
253.68,153.83,248.40,217.34,298.01,221.47,303.30,157.95
273.17,149.48,251.32,203.56,290.77,219.50,312.62,165.42
269.62,153.02,252.23,209.03,291.92,221.35,309.30,165.34
283.30,156.44,262.09,213.14,292.29,224.44,313.50,167.73
292.54,157.30,265.42,212.02,290.61,224.50,317.73,169.78
289.04,153.67,263.36,212.57,291.85,224.99,317.53,166.09
290.70,156.64,265.74,216.58,294.24,228.45,319.20,168.51
294.79,158.56,267.05,213.40,292.02,226.03,319.76,171.18
291.15,154.80,271.24,215.37,300.12,224.86,320.03,164.29
289.07,154.38,262.27,206.21,295.08,223.18,321.88,171.34
288.34,154.45,260.86,200.96,294.73,220.98,322.22,174.46
285.45,154.51,262.30,206.75,300.47,223.66,323.62,171.42
286.45,153.85,260.11,205.51,296.75,224.19,323.09,172.53
285.37,154.58,261.50,207.87,296.78,223.67,320.65,170.38
284.88,155.78,267.38,201.72,301.09,214.57,318.60,168.63
282.79,157.76,270.08,202.77,302.22,211.85,314.94,166.84
285.93,154.30,269.29,199.10,300.52,210.70,317.15,165.90
286.67,153.54,269.87,196.45,300.37,208.39,317.17,165.49
287.49,151.38,271.50,189.48,301.00,201.87,317.00,163.77
284.25,152.73,275.74,195.72,303.14,201.14,311.64,158.15
283.79,152.24,274.57,205.64,301.26,210.25,310.48,156.84
286.73,151.63,273.72,203.28,299.32,209.73,312.33,158.08
275.23,158.06,278.22,214.81,309.48,213.17,306.49,156.42
280.85,156.80,276.54,213.76,306.01,215.99,310.32,159.03
277.07,161.50,279.24,220.95,308.09,219.89,305.91,160.44
279.06,160.46,277.55,223.02,306.85,223.72,308.35,161.17
281.24,160.44,278.70,225.04,307.13,226.16,309.68,161.56
284.40,155.22,279.52,225.58,305.20,227.36,310.08,157.00
283.43,154.09,280.10,228.14,306.26,229.32,309.59,155.27
289.84,151.51,280.88,226.45,307.85,229.68,316.81,154.74
289.12,150.24,277.80,222.81,303.95,226.89,315.27,154.31
288.80,150.51,278.67,226.58,304.59,230.03,314.72,153.97
290.65,148.26,278.74,226.48,302.52,230.10,314.43,151.88
294.59,146.25,276.20,229.65,299.96,234.88,318.35,151.49
294.56,144.79,273.11,227.09,299.31,233.92,320.76,151.62
286.97,142.48,269.66,227.93,304.19,234.93,321.50,149.48
287.63,150.78,274.05,229.95,306.45,235.50,320.02,156.33
292.97,151.17,277.89,229.68,307.81,235.43,322.90,156.92
291.72,154.85,280.45,233.81,309.07,237.90,320.35,158.94
294.44,154.06,277.65,236.22,309.40,242.71,326.19,160.54
290.81,153.68,277.09,237.26,311.40,242.89,325.12,159.31
285.72,160.56,284.76,241.68,315.80,242.05,316.76,160.92
286.55,162.31,287.59,243.54,314.41,243.20,313.38,161.96
287.86,161.51,285.75,241.92,314.41,242.67,316.52,162.26
286.05,160.02,284.96,243.30,313.49,243.67,314.57,160.39
284.70,161.76,283.10,236.43,308.74,236.97,310.33,162.31
284.46,163.04,284.81,238.46,309.35,238.34,308.99,162.93
283.00,162.25,283.31,242.84,308.74,242.74,308.43,162.15
282.36,162.65,284.20,242.62,309.47,242.03,307.63,162.07
285.10,159.79,279.91,237.08,308.91,239.03,314.10,161.74
284.96,157.19,280.64,236.50,309.17,238.05,313.49,158.74
284.58,156.46,278.32,237.09,306.80,239.30,313.07,158.68
282.73,161.20,281.43,237.17,309.39,237.65,310.70,161.68
281.26,161.57,282.63,247.47,311.43,247.01,310.06,161.11
278.17,159.87,281.15,252.58,313.31,251.54,310.32,158.84
278.05,157.65,278.87,254.96,312.33,254.68,311.51,157.36
277.45,156.67,275.63,263.28,306.08,263.80,307.90,157.19
274.46,174.93,280.13,263.88,307.64,262.13,301.97,173.17
272.67,170.91,277.38,267.93,304.62,266.60,299.91,169.59
272.93,168.93,274.35,265.64,300.39,265.26,298.97,168.55
272.48,168.57,278.40,266.07,300.80,264.72,294.88,167.21
273.49,166.24,275.01,254.94,297.55,254.56,296.04,165.86
273.86,165.59,272.94,254.28,296.73,254.53,297.66,165.83
266.15,166.89,270.07,256.72,299.01,255.46,295.09,165.63
265.77,165.76,267.88,251.98,295.22,251.31,293.11,165.09
266.15,164.56,260.28,247.98,286.09,249.79,291.97,166.38
265.24,168.67,258.74,248.30,283.65,250.33,290.14,170.70
264.03,168.96,257.46,249.64,281.40,251.59,287.97,170.92
261.44,168.58,254.64,251.04,278.62,253.01,285.42,170.55
259.00,168.24,254.13,255.06,278.71,256.44,283.59,169.62
254.49,168.99,252.92,258.01,278.94,258.47,280.51,169.45
251.22,167.16,248.28,260.53,279.82,261.52,282.75,168.15
246.89,168.32,246.56,266.72,280.04,266.83,280.37,168.43
248.51,168.40,242.72,266.29,272.35,268.04,278.14,170.15
250.21,163.67,237.07,264.68,269.99,268.96,283.13,167.96
242.88,180.19,239.13,267.18,278.46,268.88,282.21,181.89
240.84,176.14,234.06,266.56,277.07,269.79,283.86,179.37
236.18,174.49,231.94,266.87,280.05,269.08,284.29,176.69
223.89,185.96,237.78,270.63,269.33,265.46,255.44,180.78
220.02,183.92,238.29,272.96,269.33,266.59,251.06,177.55
220.43,185.02,239.08,269.40,267.47,263.13,248.82,178.75
216.00,183.37,237.36,267.71,268.34,259.87,246.98,175.53
218.02,180.80,232.24,266.09,264.17,260.77,249.95,175.48
219.66,179.24,229.02,263.51,259.00,260.18,249.64,175.91
219.82,178.75,220.54,261.30,252.15,261.02,251.43,178.47
220.10,177.28,220.58,261.16,250.23,260.99,249.75,177.11
216.81,182.18,217.05,263.47,248.72,263.38,248.48,182.08
215.70,184.24,213.03,265.60,245.22,266.66,247.90,185.30
212.28,182.18,213.73,255.30,246.85,254.65,245.41,181.53
212.76,181.11,210.64,264.32,244.81,265.19,246.93,181.98
208.84,181.95,210.52,270.44,242.77,269.82,241.09,181.34
205.61,181.55,208.11,270.57,238.73,269.71,236.23,180.69
199.92,180.27,207.33,270.60,241.20,267.83,233.79,177.49
200.25,177.45,201.84,269.05,236.69,268.45,235.11,176.84
199.42,178.18,197.38,269.34,234.88,270.19,236.93,179.02
200.58,179.46,193.46,268.61,229.58,271.49,236.70,182.34
199.24,176.45,190.76,267.79,226.21,271.08,234.69,179.74
197.30,169.48,186.41,266.20,226.61,270.72,237.50,174.01
198.97,166.49,183.47,265.41,223.08,271.61,238.58,172.70
191.79,172.52,184.94,270.63,222.42,273.24,229.27,175.14
196.83,169.02,178.68,266.88,217.05,273.99,235.20,176.13
201.30,165.00,174.91,259.97,211.49,270.13,237.88,175.17
206.08,163.73,173.60,254.71,215.89,269.81,248.37,178.82
205.42,159.87,173.40,252.26,214.06,266.35,246.08,173.96
191.04,185.61,180.99,254.56,222.80,260.65,232.85,191.70
187.99,184.63,183.33,258.40,225.31,261.06,229.97,187.28
196.67,185.68,184.19,258.93,220.56,265.13,233.04,191.87
194.92,187.42,185.24,265.32,224.12,270.16,233.81,192.25
193.60,190.16,185.06,268.58,222.59,272.67,231.13,194.25
196.90,189.50,187.32,271.98,226.27,276.50,235.85,194.02
188.82,189.78,183.93,271.42,228.34,274.08,233.24,192.44
187.88,188.70,187.12,266.06,226.50,266.45,227.26,189.08
192.29,184.16,182.94,263.57,221.14,268.07,230.49,188.66
190.10,185.56,186.44,264.51,223.78,266.25,227.45,187.29
187.05,186.79,188.28,266.09,223.46,265.55,222.23,186.24
182.02,190.96,192.40,265.82,224.98,261.30,214.60,186.44
181.99,189.65,192.34,267.36,226.20,262.85,215.85,185.14
187.01,191.52,190.82,269.43,223.40,267.84,219.59,189.93
182.70,193.67,190.78,271.95,226.58,268.25,218.50,189.97
186.56,190.02,187.75,270.67,222.34,270.16,221.15,189.51
181.46,190.17,190.64,269.24,228.46,264.85,219.28,185.78
181.56,189.30,191.08,270.60,229.54,266.10,220.03,184.80
184.79,184.81,181.93,271.70,220.59,272.97,223.45,186.09
190.35,181.69,182.41,269.30,217.88,272.51,225.81,184.90
188.18,182.07,183.59,267.82,218.48,269.68,223.08,183.93
187.96,181.81,182.70,268.74,221.31,271.07,226.57,184.14
189.30,182.38,179.95,268.88,217.33,272.92,226.68,186.42
191.01,183.34,177.72,270.57,215.45,276.32,228.74,189.09
188.80,186.38,180.62,273.81,217.88,277.30,226.06,189.87
184.40,191.73,182.55,277.75,221.30,278.59,223.15,192.56
185.61,191.04,179.53,278.45,218.82,281.18,224.90,193.77
185.68,193.65,180.55,279.42,218.06,281.66,223.18,195.89
177.88,197.00,180.00,277.75,221.02,276.67,218.90,195.92
175.08,199.47,180.46,278.83,218.39,276.26,213.01,196.89
173.53,202.13,177.08,282.80,213.88,281.18,210.34,200.51
168.97,204.66,176.17,284.76,211.97,281.54,204.76,201.44
166.65,205.32,175.20,287.66,208.61,284.19,200.06,201.85
166.84,203.23,174.83,287.21,205.68,284.28,197.69,200.29
166.36,203.33,167.45,287.20,199.30,286.79,198.21,202.91
163.18,206.39,167.48,287.28,198.57,285.63,194.27,204.73
163.14,206.68,164.58,287.37,193.92,286.85,192.48,206.15
162.80,204.15,161.58,291.13,189.58,291.52,190.80,204.54
162.58,200.72,156.25,290.32,187.93,292.56,194.26,202.96
162.74,202.48,155.66,289.39,183.72,291.68,190.81,204.77
159.57,204.01,152.96,290.29,180.23,292.38,186.84,206.10
159.90,199.14,149.72,290.09,175.21,292.94,185.39,201.99
159.90,201.44,148.01,291.86,170.86,294.86,182.74,204.44
159.61,199.19,143.30,289.97,169.26,294.63,185.58,203.86
157.33,204.06,144.17,290.86,167.86,294.45,181.02,207.65
154.48,202.54,141.85,290.69,166.43,294.21,179.06,206.06
152.72,203.24,138.25,290.42,166.20,295.06,180.66,207.87
150.17,202.54,135.49,290.93,166.63,296.10,181.30,207.71
145.93,202.85,128.57,291.67,162.26,298.25,179.62,209.43
144.72,204.05,128.88,295.75,161.90,301.45,177.74,209.75
143.07,202.78,128.73,294.08,161.31,299.20,175.66,207.90
138.46,205.67,127.72,293.10,162.47,297.37,173.21,209.94
141.58,204.85,126.98,297.16,158.56,302.15,173.16,209.84
134.02,205.32,123.89,295.09,162.04,299.39,172.16,209.62
133.80,206.47,127.83,297.74,162.01,299.98,167.97,208.70
135.26,203.27,125.83,297.84,160.52,301.30,169.95,206.73
134.94,203.04,128.16,295.21,161.85,297.69,168.63,205.52
131.98,205.77,128.28,300.38,166.83,301.89,170.53,207.28
138.54,204.54,126.97,299.32,163.55,303.78,175.11,209.00
137.79,205.16,128.17,300.24,166.49,304.11,176.11,209.04
134.81,206.62,128.56,297.21,171.70,300.18,177.95,209.60
136.26,207.22,130.05,302.14,172.92,304.94,179.12,210.02
132.12,217.13,129.65,296.14,173.07,297.50,175.54,218.48
132.81,219.67,132.73,304.58,167.43,304.62,167.52,219.70
139.13,220.31,133.65,300.45,165.81,302.65,171.29,222.51
139.17,221.47,138.24,309.80,170.14,310.13,171.08,221.81
140.60,220.31,139.10,309.58,170.66,310.11,172.16,220.84
138.02,219.83,141.53,311.82,174.65,310.56,171.14,218.57
137.52,221.43,143.46,311.28,177.30,309.05,171.36,219.19
135.84,221.87,142.04,311.90,176.92,309.50,170.72,219.47
144.39,215.85,141.15,309.97,176.84,311.20,180.09,217.08
145.21,215.37,142.43,312.33,178.23,313.36,181.01,216.40
147.04,213.26,144.11,313.85,177.72,314.82,180.64,214.23
145.26,214.61,146.55,314.52,178.92,314.10,177.63,214.19
145.01,217.90,149.22,317.07,181.41,315.70,177.19,216.54
148.66,214.97,146.43,315.99,178.60,316.70,180.84,215.68
144.70,216.62,149.63,319.31,181.43,317.78,176.50,215.09
152.19,213.74,144.71,307.75,175.87,310.24,183.36,216.22
151.75,213.52,143.98,308.22,174.56,310.73,182.33,216.03
147.71,218.15,146.64,311.25,178.36,311.61,179.43,218.51
148.39,218.94,145.98,310.66,175.73,311.44,178.15,219.72
150.49,217.23,143.12,310.63,175.66,313.20,183.03,219.80
149.49,215.64,141.06,312.45,176.93,315.58,185.36,218.77
143.48,219.49,143.69,312.34,179.31,312.26,179.10,219.41
142.66,217.62,141.48,311.48,179.48,311.96,180.66,218.10
140.00,219.26,140.92,310.68,181.21,310.28,180.29,218.85
138.89,213.96,141.06,308.15,184.23,307.16,182.06,212.96
136.79,214.87,142.48,310.04,183.60,307.59,177.92,212.42
134.50,216.95,143.12,312.38,184.37,308.66,175.75,213.22
134.71,217.17,143.59,313.83,184.98,310.03,176.10,213.37
135.53,215.97,141.81,315.88,187.75,312.99,181.46,213.08
132.68,215.61,138.55,315.07,188.28,312.14,182.41,212.68
133.90,215.87,137.43,315.21,188.44,313.40,184.91,214.06
122.60,229.00,142.93,321.06,189.59,310.76,169.26,218.70
125.47,226.74,143.91,325.55,188.97,317.14,170.53,218.33
122.30,229.17,147.73,328.88,194.81,316.87,169.37,217.16
125.15,228.12,147.70,332.32,194.02,322.30,171.47,218.09
126.42,227.81,148.64,329.13,201.26,317.59,179.04,216.27
125.77,228.91,149.52,329.03,200.80,316.86,177.05,216.75
123.92,227.85,153.06,328.29,200.62,314.49,171.49,214.05
124.32,227.09,155.93,333.88,203.56,319.79,171.95,212.99
127.52,227.29,150.27,334.80,205.26,323.16,182.50,215.65
141.71,224.81,148.11,334.13,196.84,331.28,190.44,221.95
143.05,226.15,149.23,336.20,201.59,333.26,195.41,223.21
137.96,227.21,154.20,336.11,202.17,328.95,185.93,220.06
141.67,227.12,155.45,337.58,203.41,331.59,189.62,221.14
141.92,228.15,155.96,336.15,205.91,329.65,191.87,221.66
143.03,227.74,154.71,335.78,205.64,330.27,193.96,222.23
144.95,225.56,154.00,336.04,205.93,331.79,196.87,221.31
146.67,225.12,151.96,336.75,204.51,334.25,199.22,222.63
146.00,225.39,154.50,337.84,206.17,333.93,197.68,221.48
145.46,226.72,156.03,338.90,207.93,334.01,197.36,221.83
145.92,226.07,155.91,337.01,209.49,332.19,199.50,221.25
143.38,229.51,156.54,334.86,213.18,327.79,200.02,222.44
143.05,233.67,156.97,336.80,208.81,329.80,194.89,226.67
142.92,233.49,159.24,335.58,209.93,327.48,193.60,225.39
147.45,236.17,158.54,349.38,211.16,344.23,200.08,231.02
152.44,229.28,153.27,349.80,206.38,349.43,205.55,228.92
154.12,226.76,152.04,349.28,207.51,350.22,209.59,227.71
149.15,226.48,156.48,350.93,210.05,347.78,202.73,223.32
147.48,235.26,159.43,351.78,212.85,346.31,200.90,229.78
148.74,234.17,160.43,351.94,218.82,346.14,207.13,228.37
144.74,242.25,162.99,354.95,216.75,346.24,198.50,233.54
144.38,242.79,161.77,342.31,215.15,332.99,197.76,233.46
149.86,235.56,157.41,345.18,214.06,341.27,206.51,231.65
150.21,233.45,157.12,343.74,216.09,340.05,209.19,229.76
152.31,232.54,153.23,340.02,190.64,339.70,189.72,232.22
143.47,238.19,153.40,343.69,196.08,339.68,186.15,234.17
138.70,240.35,152.17,341.14,200.09,334.74,186.63,233.95
142.40,238.97,153.88,344.60,204.32,339.12,192.83,233.49
142.17,241.21,153.68,345.59,207.69,339.64,196.18,235.25
146.17,239.38,155.00,343.16,206.84,338.75,198.01,234.97
136.01,243.13,154.57,339.09,206.80,328.99,188.25,233.02
138.25,239.29,153.78,338.23,205.18,330.16,189.65,231.22
145.69,237.85,149.64,345.58,201.44,343.68,197.49,235.95
129.98,245.14,154.82,352.01,209.43,339.31,184.59,232.44
132.04,240.55,147.63,351.15,209.02,342.50,193.42,231.90
132.49,239.78,144.40,349.03,207.66,342.14,195.75,232.89
131.72,243.78,148.40,351.49,211.04,341.80,194.36,234.08
134.06,242.75,149.77,350.09,210.77,341.17,195.06,233.82
141.92,237.98,149.89,350.36,209.34,346.15,201.38,233.76
154.16,235.58,152.07,345.35,206.73,346.39,208.83,236.62
153.60,234.60,151.18,344.10,208.45,345.36,210.87,235.86
143.79,240.18,154.78,337.54,214.16,330.83,203.17,233.47
138.71,239.78,157.11,338.80,215.74,327.90,197.35,228.89
141.87,238.84,161.16,339.16,216.58,328.50,197.29,228.19
150.96,229.93,145.88,332.47,212.04,335.75,217.12,233.21
155.19,224.12,143.21,331.48,209.19,338.84,221.16,231.48
132.87,240.35,151.03,340.15,218.66,327.84,200.51,228.05
130.20,241.05,150.80,341.60,220.54,327.32,199.95,226.76
131.19,240.18,151.08,341.15,219.39,327.69,199.50,226.73
153.06,225.50,142.80,328.99,212.62,335.92,222.89,232.42
136.67,235.36,151.13,336.99,217.51,327.55,203.06,225.91
135.46,230.22,153.37,339.85,219.53,329.04,201.62,219.41
135.12,231.40,153.11,339.89,218.22,329.09,200.23,220.60
136.21,234.20,152.42,341.11,219.10,331.00,202.89,224.09
133.62,245.89,154.72,341.79,220.46,327.33,199.36,231.42
134.08,239.35,149.37,342.05,219.10,331.67,203.80,228.97
133.71,240.77,151.07,342.91,219.11,331.34,201.75,229.20
166.10,234.04,169.47,336.20,214.70,334.71,211.33,232.55
168.87,233.39,169.97,337.24,220.93,336.70,219.83,232.85
169.37,235.30,175.26,334.62,223.26,331.77,217.37,232.45
164.93,238.65,174.04,336.07,222.91,331.50,213.80,234.08
171.16,237.19,174.40,335.92,220.56,334.41,217.32,235.67
176.54,236.55,177.79,334.07,222.01,333.50,220.76,235.99
182.84,234.38,175.64,331.82,216.97,334.87,224.18,237.44
183.45,226.10,169.42,331.15,216.04,337.38,230.07,232.33
177.58,230.79,177.95,340.85,227.84,340.68,227.46,230.62
177.75,233.06,182.72,341.19,235.09,338.78,230.12,230.65
178.06,236.53,191.40,330.89,241.29,323.84,227.95,229.48
177.90,235.27,195.90,336.46,244.74,327.77,226.73,226.59
182.06,234.81,199.98,336.81,249.48,328.11,231.56,226.11
187.17,230.77,196.98,331.82,245.58,327.10,235.77,226.06
185.63,234.18,199.58,336.90,249.43,330.13,235.48,227.41
186.85,234.21,200.43,335.84,253.90,328.69,240.32,227.06
187.47,234.66,200.54,337.11,254.78,330.20,241.71,227.74
189.25,233.05,198.50,329.66,251.79,324.56,242.54,227.95
189.07,228.78,196.28,325.13,247.67,321.28,240.45,224.93
188.77,233.98,204.08,326.45,253.73,318.23,238.42,225.76
192.23,233.40,210.27,326.65,257.44,317.52,239.41,224.28
192.43,236.98,216.17,327.99,266.30,314.91,242.56,223.90
191.59,231.73,205.53,326.59,260.45,318.52,246.51,223.65
193.18,231.30,206.47,324.26,262.34,316.27,249.05,223.31
198.00,231.46,205.98,320.30,262.07,315.26,254.10,226.42
193.75,238.80,206.94,322.22,269.03,312.40,255.84,228.98
199.85,238.67,210.64,322.22,270.49,314.49,259.70,230.94
201.46,239.40,203.19,320.62,269.37,319.21,267.65,237.99
200.35,243.41,275.50,243.41,275.50,318.56,200.35,318.56
202.81,243.22,276.91,243.22,276.91,317.32,202.81,317.32
203.58,237.98,283.32,237.98,283.32,317.72,203.58,317.72
258.59,238.84,234.03,318.84,272.78,330.74,297.34,250.74
266.81,234.38,232.39,315.40,272.77,332.55,307.19,251.53
274.05,233.98,232.54,319.31,273.17,339.07,314.68,253.74
278.87,235.63,242.86,321.02,281.23,337.21,317.25,251.82
285.13,236.84,247.67,314.18,294.29,336.75,331.75,259.41
294.48,234.10,253.69,313.70,297.03,335.91,337.82,256.31
290.16,232.72,258.35,313.76,306.83,332.79,338.64,251.76
295.23,230.88,258.93,316.22,304.13,335.44,340.42,250.10
297.63,231.62,273.24,324.45,315.83,335.64,340.22,242.80
295.85,221.95,280.75,326.63,325.56,333.09,340.66,228.41
288.82,229.35,290.27,305.05,343.29,304.03,341.84,228.33
289.13,232.50,294.28,303.98,349.14,300.03,343.99,228.55
283.87,241.21,313.53,309.13,365.61,286.39,335.95,218.47
292.11,240.39,324.35,309.28,371.60,287.16,339.36,218.28
382.74,275.59,329.47,217.28,287.45,255.67,340.72,313.98
391.05,273.06,318.82,211.65,280.96,256.19,353.18,317.60
392.10,253.22,306.22,216.08,283.20,269.31,369.09,306.45
396.53,253.32,299.22,213.65,279.66,261.61,376.97,301.28
363.88,237.10,357.14,291.45,393.02,295.89,399.76,241.54
368.51,238.10,366.06,289.06,400.70,290.73,403.16,239.77
364.20,241.71,371.76,296.60,412.76,290.96,405.19,236.06
372.27,249.43,381.65,301.73,419.77,294.89,410.40,242.60
381.35,246.94,388.38,301.68,428.18,296.57,421.16,241.83
393.02,248.40,392.52,305.73,435.28,306.11,435.79,248.78
391.19,249.57,391.41,305.01,436.90,304.83,436.68,249.39
397.48,254.60,411.36,310.80,445.75,302.30,431.86,246.10
401.12,249.90,415.31,310.19,450.71,301.86,436.52,241.57
398.18,246.04,456.17,246.04,456.17,304.03,398.18,304.03
405.02,253.61,461.89,253.61,461.89,310.47,405.02,310.47
434.32,240.59,392.36,294.95,430.11,324.08,472.06,269.72
437.93,232.84,386.79,287.61,424.22,322.57,475.37,267.79
435.25,229.84,387.65,295.67,426.89,324.04,474.48,258.20
425.16,227.43,390.54,305.66,433.95,324.88,468.58,246.65
423.26,225.47,385.43,304.87,425.50,323.97,463.34,244.56
420.99,217.78,379.15,305.18,420.83,325.14,462.67,237.74
421.19,211.49,372.65,294.38,416.87,320.28,465.41,237.38
418.10,209.43,368.33,294.58,411.60,319.87,461.36,234.72
420.95,204.92,363.92,286.23,413.37,320.91,470.40,239.60
391.58,211.29,413.82,293.59,441.86,286.01,419.61,203.71
391.56,207.24,414.02,292.75,439.95,285.94,417.50,200.43
384.41,205.87,406.52,280.66,437.13,271.61,415.01,196.82
386.02,199.52,398.48,276.55,425.85,272.13,413.39,195.09
384.00,197.14,398.14,280.30,425.95,275.58,411.81,192.42
381.46,193.79,394.28,280.72,422.72,276.53,409.91,189.60
377.24,194.10,390.89,280.74,417.78,276.51,404.13,189.86
372.64,193.99,383.04,282.12,414.04,278.46,403.64,190.34
369.32,195.61,378.15,276.55,412.60,272.79,403.77,191.85
366.46,198.31,375.54,276.94,408.50,273.13,399.41,194.50
363.19,197.96,370.88,275.37,404.74,272.00,397.05,194.59
362.60,196.25,369.40,273.44,401.32,270.63,394.52,193.43
352.66,201.62,367.43,275.92,403.10,268.83,388.32,194.52
348.42,196.92,360.93,273.18,400.28,266.72,387.77,190.46
343.23,194.77,355.98,270.67,399.61,263.35,386.86,187.44
344.36,190.12,345.05,263.59,393.31,263.14,392.62,189.67
354.30,189.31,346.35,255.55,386.75,260.39,394.70,194.16
349.97,184.72,342.15,253.24,388.80,258.56,396.61,190.05
347.67,189.78,340.49,253.40,383.13,258.21,390.31,194.59
351.69,185.22,338.14,252.45,378.81,260.65,392.36,193.42
349.47,186.63,345.06,252.86,381.47,255.28,385.88,189.05
347.72,175.79,337.62,253.25,376.46,258.31,386.56,180.85
352.90,175.28,335.30,251.26,370.33,259.37,387.94,183.40
349.18,172.96,330.63,255.45,367.97,263.84,386.52,181.36
342.54,177.56,329.35,259.20,367.52,265.37,380.70,183.72
348.35,174.71,325.01,255.59,363.10,266.59,386.45,185.71
349.08,174.69,323.29,255.80,361.08,267.81,386.86,186.71
346.97,172.51,317.30,251.72,358.79,267.26,388.46,188.04
335.81,176.72,323.23,259.93,370.90,267.14,383.48,183.93
342.44,172.19,312.98,255.96,362.54,273.39,392.00,189.62
334.38,178.78,321.26,261.14,369.02,268.74,382.13,186.38
342.78,174.41,313.17,253.07,360.53,270.90,390.14,192.24
342.33,170.60,309.86,249.07,361.08,270.26,393.55,191.79
354.13,161.12,302.88,239.50,358.90,276.13,410.15,197.75
359.03,161.39,300.22,235.60,353.85,278.10,412.66,203.89
356.06,160.33,299.47,236.98,351.51,275.41,408.11,198.76
344.28,166.82,301.48,242.80,354.09,272.42,396.88,196.45
352.69,162.59,293.59,232.92,347.87,278.53,406.96,208.19
350.52,163.73,296.82,238.04,349.46,276.09,403.17,201.78
346.30,163.75,296.78,240.36,349.60,274.50,399.12,197.89
342.17,164.05,298.92,244.32,352.02,272.92,395.27,192.65
333.52,167.52,295.93,243.66,352.67,271.68,390.26,195.54
334.87,168.06,292.89,245.22,349.56,276.06,391.54,198.89
330.02,170.21,293.92,250.40,349.63,275.49,385.74,195.30
324.79,174.21,295.76,265.32,353.10,283.59,382.13,192.48
318.83,176.29,296.09,273.00,352.20,286.19,374.94,189.48
326.74,170.15,293.95,243.42,354.16,270.37,386.95,197.10
325.42,169.16,290.31,241.61,351.27,271.14,386.37,198.69
326.91,168.77,291.82,242.12,351.61,270.72,386.70,197.37
307.71,180.48,305.43,261.98,359.97,263.51,362.25,182.01
306.40,178.66,302.19,265.81,357.71,268.49,361.92,181.34
308.23,176.66,301.45,264.23,354.07,268.31,360.85,180.74
309.76,174.48,299.90,263.61,349.55,269.10,359.40,179.96
302.04,177.39,299.56,267.33,353.77,268.82,356.26,178.88
305.46,173.09,296.64,268.46,347.12,273.13,355.94,177.76
305.55,171.62,296.56,267.78,347.19,272.51,356.17,176.35
301.36,169.90,293.05,264.25,347.93,269.09,356.25,174.74
313.21,166.38,297.27,252.98,342.49,261.30,358.44,174.70
312.17,168.77,299.24,253.23,341.93,259.76,354.86,175.30
319.58,167.17,296.29,246.53,342.60,260.11,365.89,180.75
317.65,166.22,298.09,251.29,344.13,261.88,363.69,176.81
314.95,168.66,296.66,251.46,340.87,261.22,359.15,178.42
316.62,167.43,296.13,253.08,343.42,264.38,363.90,178.74
312.18,166.77,291.89,257.71,343.70,269.26,363.99,178.33
316.64,163.66,289.70,253.91,343.16,269.87,370.10,179.62
315.13,161.88,287.12,252.82,341.50,269.57,369.51,178.63
310.80,162.47,287.32,251.53,342.78,266.15,366.26,177.09
318.61,158.48,281.22,246.45,333.55,268.69,370.94,180.72
321.31,158.31,281.16,252.22,329.57,272.92,369.72,179.01
324.70,156.59,281.42,245.87,326.97,267.95,370.25,178.67
299.18,160.17,281.36,252.62,330.10,262.02,347.92,169.56
307.87,155.68,274.34,242.19,326.45,262.38,359.97,175.87
299.94,160.46,274.96,246.05,327.53,261.39,352.51,175.79
298.78,161.46,279.74,247.51,325.74,257.69,344.78,171.64
297.33,162.15,280.17,248.83,325.41,257.78,342.56,171.10
296.10,172.92,284.73,249.25,324.83,255.23,336.21,178.90
294.64,171.67,284.31,247.18,328.86,253.27,339.18,177.76
294.04,172.10,288.27,248.70,327.84,251.67,333.60,175.08
292.93,171.32,287.23,247.92,324.50,250.69,330.19,174.09
294.73,171.47,285.62,246.62,322.00,251.02,331.10,175.88
297.63,172.88,283.57,244.69,319.38,251.70,333.45,179.90
294.65,175.50,288.31,250.55,324.64,253.62,330.99,178.57
295.67,178.60,288.38,247.98,325.72,251.90,333.01,182.52
297.71,177.13,288.35,248.34,326.42,253.35,335.78,182.14
302.73,176.17,285.34,246.74,323.21,256.07,340.60,185.50
300.49,178.52,289.10,248.17,324.02,253.88,335.42,184.24
294.99,177.61,289.01,249.65,327.82,252.87,333.80,180.83
288.14,181.42,292.71,255.41,330.96,253.05,326.39,179.06
292.97,175.87,284.94,247.42,325.20,251.93,333.23,180.39
285.75,177.62,285.01,248.88,328.12,249.33,328.85,178.06
282.65,176.22,286.71,249.37,329.97,246.97,325.91,173.82
279.27,177.89,290.06,252.56,334.04,246.21,323.25,171.54
278.62,177.74,292.62,249.82,339.11,240.79,325.12,168.71
285.40,169.72,290.07,247.08,332.63,244.51,327.96,167.15
287.54,169.77,290.51,246.14,333.39,244.48,330.42,168.10
284.03,171.18,293.84,246.99,337.73,241.31,327.91,165.50
293.91,163.48,282.70,243.30,327.04,249.53,338.25,169.70
288.67,169.27,293.37,256.01,336.99,253.65,332.29,166.90
288.41,171.55,292.81,255.75,334.66,253.56,330.25,169.36
291.75,170.18,289.14,258.13,331.42,259.38,334.03,171.43
291.00,172.69,290.96,256.26,334.78,256.28,334.82,172.71
293.20,171.01,292.28,254.70,335.96,255.18,336.89,171.49
294.71,169.28,296.72,254.35,336.75,253.41,334.74,168.34
303.58,165.91,300.13,252.47,338.10,253.98,341.54,167.42
303.92,165.25,300.83,249.95,340.64,251.40,343.73,166.70
305.16,165.79,304.13,248.96,344.19,249.46,345.23,166.29
311.09,162.08,305.70,246.98,348.24,249.68,353.63,164.78
311.80,163.88,307.61,246.20,345.80,248.14,349.98,165.82
315.55,161.80,308.53,250.88,346.26,253.86,353.28,164.77
315.98,167.29,311.77,250.36,352.24,252.41,356.45,169.34
317.33,169.53,316.08,252.35,353.78,252.91,355.03,170.10
323.13,167.22,314.67,251.37,352.90,255.21,361.36,171.07
324.52,164.87,316.02,252.25,354.97,256.03,363.47,168.66
325.33,162.34,318.82,251.88,358.62,254.78,365.13,165.24
323.05,166.46,324.30,251.69,365.74,251.09,364.49,165.85
328.63,161.79,314.10,251.96,356.62,258.82,371.15,168.64
333.48,163.09,314.33,248.87,356.87,258.37,376.02,172.60
333.59,157.91,313.97,248.76,360.94,258.90,380.55,168.06
332.20,159.12,317.65,253.86,364.47,261.05,379.02,166.31
331.24,159.66,320.89,260.90,364.59,265.37,374.94,164.13
324.07,160.86,330.35,276.88,372.69,274.58,366.41,158.57
320.20,162.18,336.41,275.46,385.09,268.50,368.88,155.22
321.52,159.87,339.74,252.26,386.58,243.02,368.36,150.63
320.64,156.80,343.45,247.94,390.03,236.28,367.21,145.14
320.39,154.46,345.37,250.63,394.95,237.75,369.97,141.58
321.51,151.73,351.30,242.11,398.26,226.63,368.47,136.25
321.57,149.51,349.94,233.17,393.18,218.50,364.81,134.85
395.98,218.62,361.87,135.19,321.62,151.65,355.73,235.08
323.51,147.54,348.57,235.11,378.72,226.48,353.66,138.91
320.84,148.36,340.54,232.86,372.99,225.29,353.30,140.79
324.19,145.92,342.70,233.58,370.20,227.78,351.69,140.11
330.85,143.68,340.61,225.42,366.41,222.34,356.65,140.60
328.39,149.92,339.27,226.33,367.87,222.26,356.99,145.85
327.76,152.47,337.82,228.54,364.24,225.05,354.19,148.98
328.23,149.38,336.00,231.58,363.25,229.00,355.48,146.80
328.84,152.75,331.07,234.86,358.56,234.12,356.33,152.00
327.43,159.38,327.65,241.21,356.60,241.13,356.37,159.30
326.67,163.99,331.04,248.76,360.53,247.24,356.17,162.47
324.13,169.74,329.54,249.25,360.87,247.12,355.46,167.61
325.89,172.63,328.35,247.56,359.98,246.52,357.53,171.59
319.57,171.44,319.73,258.17,358.51,258.10,358.36,171.37
325.27,170.37,316.08,256.90,354.58,260.99,363.77,174.46
320.18,169.95,310.64,256.14,358.22,261.41,367.76,175.21
317.92,170.58,312.94,261.57,360.60,264.18,365.58,173.19
321.64,171.43,312.96,264.51,362.81,269.16,371.49,176.08
321.99,173.04,316.96,269.91,367.04,272.51,372.07,175.64
320.66,175.59,323.94,271.39,373.47,269.70,370.19,173.89
318.70,181.45,331.03,266.98,372.35,261.02,360.02,175.49
322.21,183.75,334.72,268.42,377.73,262.06,365.22,177.40
324.13,184.63,335.19,270.66,379.19,265.01,368.13,178.98
325.13,184.63,348.34,269.40,381.72,260.26,358.52,175.50
325.04,201.02,349.70,289.59,391.62,277.92,366.96,189.35
326.66,202.52,349.38,291.90,388.04,282.08,365.32,192.69
328.64,203.68,352.78,293.82,384.75,285.26,360.61,195.12
327.34,205.50,344.12,298.86,388.73,290.84,371.95,197.48
329.37,202.42,350.88,301.88,394.59,292.43,373.09,192.97
331.72,204.70,354.57,305.49,398.89,295.44,376.04,194.66
336.93,214.41,357.37,309.95,404.28,299.92,383.84,204.38
331.83,221.42,356.58,316.92,407.03,303.84,382.29,208.34
334.42,221.56,357.46,321.13,410.40,308.87,387.37,209.31
332.95,224.85,354.63,326.29,415.18,313.35,393.50,211.91
418.66,307.01,361.48,220.46,323.59,245.48,380.77,332.04
422.83,311.99,363.50,226.04,327.40,250.96,386.73,336.91
426.04,315.96,362.79,225.32,327.69,249.81,390.94,340.45
431.44,319.86,373.47,233.23,336.52,257.96,394.50,344.59
436.13,324.77,379.87,233.71,337.42,259.94,393.68,351.00
441.28,329.35,385.81,229.73,339.86,255.31,395.33,354.93
450.41,337.90,388.13,248.03,345.98,277.24,408.26,367.11
455.23,335.42,387.81,248.51,345.09,281.64,412.51,368.56
458.18,333.73,391.42,251.93,344.45,290.27,411.21,372.07
372.09,291.76,408.97,380.38,462.72,358.01,425.84,269.39
373.93,293.00,412.53,382.79,468.54,358.71,429.94,268.92
376.03,292.54,426.95,379.26,474.64,351.25,423.72,264.54
2
0
0
0
0
1
377.98,205.45,325.35,301.05,354.71,317.22,407.35,221.62
377.83,203.82,326.50,300.01,355.45,315.46,406.78,219.27
382.21,203.66,326.48,297.57,353.42,313.56,409.15,219.65
378.97,208.70,324.67,300.31,352.58,316.86,406.88,225.24
378.17,207.58,323.21,301.77,348.52,316.53,403.48,222.35
385.74,208.65,327.13,291.22,352.87,309.49,411.48,226.92
379.64,226.50,318.47,292.96,341.97,314.59,403.15,248.13
379.59,226.24,320.43,291.25,343.79,312.50,402.95,247.49
378.40,225.94,322.10,292.97,342.47,310.09,398.78,243.05
373.34,223.18,319.63,289.03,344.85,309.60,398.56,243.74
367.14,220.78,320.58,290.37,346.28,307.57,392.85,237.98
367.07,219.98,319.16,288.02,350.58,310.14,398.48,242.10
365.21,218.49,334.21,293.59,365.25,306.41,396.25,231.31
366.11,216.74,332.60,293.88,361.28,306.34,394.79,229.20
367.01,216.28,341.52,280.51,367.18,290.69,392.67,226.46
368.91,214.56,339.87,276.85,367.87,289.90,396.91,227.62
369.86,216.95,335.26,270.12,360.82,286.75,395.41,233.58
361.89,215.70,336.87,273.52,361.48,284.17,386.49,226.35
364.08,216.62,336.83,273.04,362.11,285.25,389.36,228.83
364.88,215.99,336.18,272.02,365.67,287.13,394.38,231.10
363.55,213.71,334.69,272.74,369.59,289.81,398.45,230.78
347.85,204.64,345.20,270.71,387.33,272.39,389.97,206.33
349.30,207.55,334.55,288.30,374.94,295.68,389.70,214.93
358.54,209.70,333.91,283.84,368.51,295.33,393.14,221.19
359.77,213.51,324.96,275.15,362.90,296.58,397.71,234.94
356.01,211.54,331.06,281.01,376.73,297.41,401.68,227.94
347.25,211.08,335.88,284.99,384.81,292.51,396.17,218.60
342.65,206.32,335.84,274.67,384.68,279.54,391.49,211.19
348.81,206.31,337.80,271.62,377.51,278.32,388.52,213.00
340.46,210.38,342.17,277.46,385.35,276.36,383.63,209.28
341.52,206.68,333.67,281.47,379.59,286.29,387.44,211.50
343.18,207.40,327.37,271.64,376.87,283.83,392.68,219.58
333.59,209.49,329.96,277.75,380.91,280.46,384.54,212.20
327.77,216.06,334.42,280.34,379.93,275.64,373.28,211.35
334.90,211.22,320.13,272.40,369.17,284.24,383.94,223.06
328.42,215.55,324.94,281.04,373.96,283.64,377.43,218.16
336.83,214.32,322.39,277.08,367.30,287.42,381.74,224.66
334.69,217.54,328.29,277.65,372.91,282.40,379.31,222.30
342.02,215.10,329.47,279.27,369.45,287.09,382.00,222.92
341.61,212.00,326.70,277.41,367.44,286.70,382.35,221.29
343.37,210.38,324.59,274.55,363.07,285.81,381.85,221.65
342.07,210.84,325.05,280.35,361.53,289.28,378.55,219.78
340.34,208.95,319.85,273.66,356.40,285.24,376.89,220.53
332.70,204.93,314.38,273.92,352.78,284.12,371.10,215.12
332.60,202.65,310.47,272.35,351.56,285.39,373.68,215.68
330.50,201.48,305.33,270.41,340.97,283.42,366.14,214.50
323.83,197.33,294.09,268.24,335.99,285.81,365.72,214.89
