1
135.000000,327.679993,60.480000,106.919998
129.520004,325.679993,62.720001,110.879997
129.520004,321.200012,62.720001,110.879997
129.520004,312.239990,62.720001,110.879997
126.519997,301.279999,69.440002,122.760002
142.559998,319.200012,42.560001,75.239998
134.520004,300.160004,69.440002,122.760002
134.520004,275.359985,69.440002,122.760002
128.559998,258.959991,62.720001,110.879997
133.039993,245.520004,62.720001,110.879997
136.679993,234.240005,64.959999,114.839996
137.679993,231.759995,62.720001,110.879997
136.679993,229.759995,64.959999,114.839996
132.039993,229.759995,64.959999,114.839996
136.039993,237.759995,56.000000,99.000000
135.039993,227.440002,58.240002,102.959999
139.199997,219.119995,58.240002,102.959999
154.759995,236.320007,64.959999,114.839996
164.759995,241.520004,44.799999,79.199997
174.880005,213.119995,42.560001,75.239998
158.080002,157.520004,67.199997,118.800003
148.479996,133.520004,67.199997,118.800003
150.479996,133.039993,62.720001,110.879997
159.440002,128.559998,62.720001,110.879997
167.039993,124.559998,67.199997,118.800003
166.039993,122.559998,69.440002,122.760002
166.039993,122.559998,69.440002,122.760002
175.199997,136.720001,58.240002,102.959999
176.000000,128.720001,67.199997,118.800003
175.000000,126.720001,69.440002,122.760002
179.000000,134.720001,60.480000,106.919998
179.000000,134.720001,60.480000,106.919998
172.360001,130.720001,64.959999,114.839996
173.360001,132.720001,62.720001,110.879997
173.360001,137.199997,62.720001,110.879997
175.360001,141.199997,58.240002,102.959999
175.360001,141.199997,58.240002,102.959999
177.000000,130.559998,64.959999,114.839996
177.000000,130.559998,64.959999,114.839996
180.800003,118.959999,67.199997,118.800003
167.880005,134.880005,64.959999,114.839996
173.880005,129.520004,53.759998,95.040001
210.520004,125.440002,69.440002,122.760002
206.720001,79.440002,67.199997,118.800003
205.720001,62.560001,69.440002,122.760002
207.720001,66.559998,64.959999,114.839996
221.639999,52.639999,64.959999,114.839996
229.559998,43.680000,69.440002,122.760002
246.600006,65.199997,49.279999,87.120003
241.600006,57.200001,58.240002,102.959999
243.080002,65.199997,49.279999,87.120003
250.119995,61.680000,49.279999,87.120003
245.080002,33.759998,69.440002,122.760002
253.399994,33.119999,60.480000,106.919998
264.600006,31.120001,44.799999,79.199997
252.600006,-20.639999,69.440002,122.760002
249.080002,-14.320000,53.759998,95.040001
243.080002,-42.880001,64.959999,114.839996
252.919998,-36.720001,53.759998,95.040001
266.519989,-31.920000,44.799999,79.199997
272.239990,-37.279999,47.040001,83.160004
264.200012,-39.279999,49.279999,87.120003
265.200012,-37.279999,47.040001,83.160004
260.200012,-45.279999,56.000000,99.000000
258.359985,-39.439999,53.759998,95.040001
261.359985,-33.439999,47.040001,83.160004
257.000000,-49.439999,64.959999,114.839996
252.360001,-49.439999,64.959999,114.839996
251.360001,-51.439999,67.199997,118.800003
245.399994,-48.480000,69.440002,122.760002
250.360001,-48.480000,69.440002,122.760002
245.399994,-43.520000,69.440002,122.760002
249.399994,-22.559999,60.480000,106.919998
247.399994,-26.559999,64.959999,114.839996
247.399994,-21.920000,64.959999,114.839996
245.399994,-25.920000,69.440002,122.760002
240.440002,-20.959999,69.440002,122.760002
240.440002,-20.959999,69.440002,122.760002
240.440002,-20.959999,69.440002,122.760002
240.440002,-20.959999,69.440002,122.760002
240.440002,-20.959999,69.440002,122.760002
240.440002,-16.000000,69.440002,122.760002
240.440002,-16.000000,69.440002,122.760002
240.440002,-16.000000,69.440002,122.760002
240.440002,-16.000000,69.440002,122.760002
240.440002,-16.000000,69.440002,122.760002
240.440002,-16.000000,69.440002,122.760002
241.440002,-14.000000,67.199997,118.800003
246.240005,-18.799999,67.199997,118.800003
247.240005,-16.799999,64.959999,114.839996
253.559998,-17.120001,60.480000,106.919998
253.559998,-17.120001,60.480000,106.919998
253.559998,-17.120001,60.480000,106.919998
255.559998,-13.120000,56.000000,99.000000
261.399994,-14.960000,53.759998,95.040001
262.399994,-16.639999,51.520000,91.080002
263.399994,-14.640000,49.279999,87.120003
263.399994,-14.640000,49.279999,87.120003
265.399994,-13.840000,44.799999,79.199997
264.399994,-15.840000,47.040001,83.160004
269.440002,-11.840000,42.560001,75.239998
268.440002,-13.840000,44.799999,79.199997
272.480011,-11.840000,42.560001,75.239998
272.480011,-11.840000,42.560001,75.239998
271.480011,-13.840000,44.799999,79.199997
271.480011,-13.840000,44.799999,79.199997
268.480011,-16.160000,51.520000,91.080002
268.480011,-16.160000,51.520000,91.080002
267.480011,-14.320000,53.759998,95.040001
265.480011,-16.320000,56.000000,99.000000
264.480011,-18.320000,58.240002,102.959999
262.480011,-17.840000,62.720001,110.879997
261.480011,-19.840000,64.959999,114.839996
261.480011,-19.840000,64.959999,114.839996
260.480011,-21.840000,67.199997,118.800003
259.480011,-18.879999,69.440002,122.760002
259.480011,-18.879999,69.440002,122.760002
259.480011,-18.879999,69.440002,122.760002
259.480011,-18.879999,69.440002,122.760002
259.480011,-13.920000,69.440002,122.760002
277.880005,-14.320000,44.799999,79.199997
276.880005,-12.960000,47.040001,83.160004
271.880005,-16.959999,56.000000,99.000000
267.880005,-16.959999,56.000000,99.000000
263.880005,-20.320000,64.959999,114.839996
261.880005,-19.360001,69.440002,122.760002
261.880005,-19.360001,69.440002,122.760002
263.880005,-15.360000,64.959999,114.839996
261.880005,-19.360001,69.440002,122.760002
261.880005,-19.360001,69.440002,122.760002
261.880005,-19.360001,69.440002,122.760002
261.880005,-19.360001,69.440002,122.760002
256.920013,-19.360001,69.440002,122.760002
261.880005,-19.360001,69.440002,122.760002
263.880005,-20.000000,64.959999,114.839996
261.880005,-19.040001,69.440002,122.760002
263.880005,-19.680000,64.959999,114.839996
2
0
0
0
0
1
321.000000,129.000000,68.000000,105.000000
326.839996,138.679993,65.279999,100.800003
320.839996,135.160004,76.160004,117.599998
327.160004,141.479996,73.440002,113.400002
327.160004,141.479996,73.440002,113.400002
333.160004,149.479996,68.000000,105.000000
332.160004,147.479996,70.720001,109.199997
