1
290.32,345.47,375.97,345.54,376.15,149.05,290.50,148.97
288.76,345.07,374.80,345.93,376.76,148.53,290.71,147.68
288.04,344.88,374.55,345.91,376.92,147.45,290.41,146.41
287.95,345.34,375.35,346.46,377.93,145.96,290.53,144.84
286.53,344.77,374.38,346.88,379.21,145.35,291.37,143.25
287.46,344.09,374.85,345.89,378.99,145.41,291.60,143.61
288.10,344.02,375.15,344.98,377.35,145.27,290.30,144.31
289.44,342.70,375.94,343.04,376.73,144.60,290.22,144.26
287.35,341.63,373.31,342.79,375.98,145.60,290.02,144.43
285.78,341.27,371.53,341.69,372.50,144.97,286.75,144.55
293.96,342.57,381.29,333.41,360.28,133.07,272.95,142.23
281.47,339.06,366.04,338.08,363.79,144.06,279.21,145.04
280.58,338.25,364.60,336.85,361.38,144.10,277.36,145.51
277.53,336.80,361.13,335.11,357.26,143.33,273.66,145.02
276.82,335.73,359.76,334.03,355.85,143.77,272.92,145.47
274.39,333.62,356.31,331.84,352.24,143.89,270.31,145.67
273.00,332.61,354.03,330.51,349.22,144.61,268.18,146.71
270.49,330.43,350.79,328.09,345.41,143.86,265.11,146.20
269.46,329.67,349.69,326.85,343.21,142.78,262.98,145.60
266.96,328.12,346.70,325.21,340.03,142.30,260.30,145.20
264.36,326.83,343.81,324.64,338.78,142.37,259.33,144.56
261.47,325.32,340.36,323.11,335.30,142.13,256.41,144.34
259.10,324.28,337.90,322.35,333.47,141.57,254.67,143.50
257.60,323.29,335.76,320.51,329.39,141.22,251.23,143.99
255.15,321.94,332.76,319.64,327.50,141.59,249.88,143.89
253.43,320.38,330.41,318.05,325.05,141.47,248.08,143.80
250.76,318.82,326.53,316.29,320.73,142.47,244.96,145.00
248.62,317.40,324.10,315.05,318.72,141.91,243.25,144.25
246.36,316.26,321.10,313.63,315.05,142.16,240.30,144.80
244.53,315.17,319.07,312.26,312.40,141.26,237.86,144.17
237.73,304.62,307.22,304.91,307.89,145.49,238.40,145.20
2
0
0
0
0
1
310.84,313.72,385.53,313.61,385.25,128.32,310.57,128.44
311.84,313.21,386.37,312.83,385.42,127.92,310.89,128.30
312.92,304.88,383.57,304.97,383.77,129.70,313.13,129.62
317.49,305.02,387.91,303.46,384.06,128.73,313.63,130.28
316.56,303.40,386.48,303.11,385.76,129.63,315.84,129.92
316.75,301.30,385.79,302.02,387.59,130.74,318.55,130.02
323.74,306.75,394.42,305.36,390.98,130.01,320.30,131.39
323.44,305.51,393.76,304.91,392.26,130.43,321.94,131.03
323.19,303.48,392.96,304.75,396.12,131.67,326.36,130.39
323.64,302.49,392.55,304.01,396.33,133.04,327.41,131.52
323.33,301.58,391.64,303.14,395.50,133.65,327.19,132.10
324.03,300.73,391.56,302.37,395.61,134.84,328.08,133.21
324.48,300.11,391.72,301.34,394.77,134.51,327.53,133.28
324.68,298.96,391.96,300.76,396.42,133.84,329.14,132.04
324.75,298.78,391.67,300.64,396.31,134.61,329.38,132.74
326.30,298.08,392.54,299.59,396.29,135.27,330.06,133.75
327.69,297.13,393.31,298.43,396.54,135.64,330.93,134.33
327.91,296.95,393.31,298.59,397.39,136.33,331.99,134.69
329.44,297.54,394.64,298.72,397.58,136.96,332.38,135.78
330.86,296.25,395.15,297.31,397.78,137.81,333.49,136.75
336.47,294.52,402.53,285.91,381.18,122.02,315.12,130.62
336.26,295.06,400.69,295.72,402.34,135.86,337.91,135.20
340.03,295.63,405.26,294.94,403.55,133.12,338.33,133.81
341.11,295.03,405.65,294.84,405.17,134.73,340.64,134.92
344.69,294.34,408.43,293.33,405.92,135.19,342.18,136.20
347.16,294.54,410.31,293.23,407.07,136.56,343.92,137.87
348.69,293.47,411.18,291.92,407.35,136.87,344.86,138.42
352.14,293.74,413.87,291.50,408.32,138.34,346.59,140.58
352.50,292.98,413.85,291.66,410.56,139.45,349.21,140.77
353.71,292.69,415.02,291.59,412.28,139.50,350.98,140.60
351.43,291.64,414.82,293.66,419.84,136.37,356.45,134.35
353.07,291.84,413.50,291.14,411.77,141.20,351.34,141.90
353.88,291.48,412.84,291.16,412.06,144.89,353.10,145.21
356.24,290.80,414.65,290.43,413.72,145.50,355.31,145.88
357.09,290.66,415.63,290.85,416.09,145.61,357.55,145.42
357.10,289.15,415.10,289.93,417.04,146.01,359.03,145.23
361.12,290.25,419.96,289.27,417.51,143.28,358.67,144.27
362.20,289.72,420.82,288.62,418.09,143.17,359.46,144.28
362.32,289.41,420.88,288.95,419.76,143.65,361.20,144.10
362.62,288.18,421.37,288.51,422.18,142.75,363.43,142.43
362.52,287.70,421.15,288.66,423.53,143.20,364.90,142.25
362.62,286.20,420.74,287.74,424.57,143.55,366.45,142.00
364.18,285.52,421.98,287.17,426.08,143.77,368.28,142.12
365.54,285.67,422.88,287.24,426.78,145.00,369.45,143.42
368.38,285.04,425.25,286.11,427.91,145.02,371.04,143.95
363.02,281.84,416.16,274.28,397.40,142.42,344.25,149.98
366.49,286.22,422.63,280.94,409.53,141.66,353.39,146.94
366.60,285.58,422.55,280.17,409.14,141.34,353.18,146.75
367.76,285.28,423.14,280.40,411.02,142.99,355.64,147.88
368.12,285.32,424.20,280.36,411.88,141.20,355.80,146.17
368.08,285.34,424.92,279.29,409.89,138.27,353.05,144.33
367.81,285.06,424.92,279.79,411.83,138.09,354.72,143.37
367.95,297.75,424.56,299.49,428.87,159.04,372.26,157.30
369.48,297.41,425.32,299.38,430.20,160.84,374.36,158.87
372.46,297.33,428.92,299.32,433.87,159.25,377.41,157.26
373.52,298.65,430.57,300.55,435.27,159.01,378.22,157.11
374.63,298.96,432.45,300.69,436.76,157.25,378.94,155.52
375.86,299.17,434.27,300.92,438.63,156.00,380.22,154.24
375.88,299.44,434.79,301.39,439.62,155.25,380.71,153.30
376.60,300.10,436.46,301.88,440.89,153.37,381.03,151.58
376.68,300.40,437.13,302.45,442.21,152.49,381.77,150.44
377.49,300.91,438.94,303.04,444.22,150.60,382.77,148.47
379.86,299.84,437.76,301.55,441.99,157.89,384.09,156.18
381.13,299.83,439.63,301.42,443.56,156.29,385.06,154.70
381.27,300.50,440.43,301.96,444.06,155.18,384.89,153.72
380.83,300.10,439.96,301.97,444.58,155.25,385.45,153.39
380.10,300.93,439.93,302.76,444.47,154.31,384.64,152.48
380.16,301.39,440.57,303.11,444.84,153.23,384.43,151.51
378.88,301.51,439.20,303.53,444.21,153.89,383.89,151.87
379.22,302.17,436.76,303.80,440.81,161.05,383.27,159.41
379.44,301.72,437.40,303.67,442.25,159.87,384.29,157.92
378.41,305.49,438.34,302.86,431.82,154.17,371.89,156.80
378.85,302.23,435.07,303.95,439.34,164.46,383.12,162.74
377.02,302.81,433.79,304.99,439.20,164.14,382.43,161.96
375.22,303.64,432.53,306.10,438.62,163.90,381.30,161.44
374.45,304.23,432.27,306.68,438.36,163.23,380.54,160.78
372.33,304.63,429.95,307.85,437.94,164.88,380.32,161.66
371.66,305.99,430.78,308.46,436.89,161.77,377.77,159.31
370.86,307.45,430.88,309.55,436.10,160.64,376.08,158.54
369.54,307.67,429.35,310.14,435.47,161.75,375.66,159.28
368.63,308.93,429.09,311.33,435.03,161.32,374.57,158.93
366.25,310.14,427.65,313.00,434.76,160.68,373.37,157.81
364.85,310.65,427.23,313.71,434.83,158.94,372.45,155.88
363.00,312.26,426.10,315.11,433.16,158.56,370.07,155.71
362.12,312.92,426.74,315.91,434.15,155.60,369.53,152.61
360.20,314.45,425.47,317.52,433.10,155.59,367.83,152.51
358.84,314.42,425.09,317.99,433.96,153.62,367.71,150.04
357.62,315.50,423.62,319.34,433.16,155.61,367.17,151.76
356.87,316.17,423.45,319.90,432.71,154.71,366.12,150.98
354.67,316.79,421.96,321.13,432.73,154.20,365.45,149.86
353.27,316.71,420.79,321.27,432.12,153.75,364.60,149.18
352.48,318.25,420.71,322.65,431.63,153.36,363.40,148.96
389.81,292.25,444.21,281.68,417.98,146.72,363.59,157.29
388.66,292.45,443.05,282.20,417.62,147.26,363.23,157.51
376.49,295.38,423.03,303.01,441.96,187.55,395.42,179.92
376.26,295.99,423.36,303.80,442.74,186.94,395.64,179.13
385.09,302.09,429.53,301.47,427.99,191.22,383.56,191.84
385.09,302.41,429.73,301.77,428.15,191.02,383.51,191.66
401.77,300.75,443.70,300.92,444.13,196.91,402.21,196.73
402.92,291.13,443.65,286.19,431.39,185.14,390.66,190.08
398.57,303.39,443.42,302.48,441.16,191.20,396.31,192.12
398.00,303.68,442.65,303.48,442.16,192.70,397.51,192.90
391.51,305.26,436.19,305.02,435.60,194.15,390.91,194.39
390.45,306.46,435.23,306.96,436.46,195.87,391.68,195.37
390.79,306.95,435.30,307.88,437.59,197.44,393.08,196.52
392.22,307.28,436.14,308.07,438.12,199.10,394.19,198.30
392.68,308.47,437.18,309.08,438.68,198.67,394.18,198.07
393.68,308.65,437.92,309.47,439.97,199.71,395.73,198.89
392.28,308.75,434.90,308.78,434.98,203.05,392.36,203.01
387.33,310.39,434.66,310.46,434.86,193.03,387.53,192.95
386.99,310.78,434.99,311.51,436.82,192.42,388.82,191.68
387.13,311.21,435.11,311.92,436.86,192.88,388.88,192.17
387.96,312.34,436.14,312.78,437.24,193.25,389.06,192.80
389.01,313.45,437.62,313.90,438.73,193.30,390.12,192.85
391.33,313.81,438.52,313.74,438.36,196.66,391.17,196.73
371.70,331.30,430.66,334.54,438.69,188.25,379.73,185.02
370.89,330.13,428.91,333.49,437.24,189.54,379.22,186.18
349.34,327.96,419.03,326.52,415.44,153.62,345.76,155.06
333.89,332.54,406.63,337.73,419.51,157.25,346.77,152.06
332.17,329.10,403.09,334.92,417.52,158.96,346.60,153.14
332.60,325.53,401.67,331.15,415.62,159.77,346.55,154.15
332.02,323.17,400.16,328.98,414.57,159.94,346.43,154.13
331.34,320.74,398.55,326.90,413.85,160.15,346.64,153.99
330.92,318.33,397.08,324.65,412.76,160.52,346.60,154.20
330.40,316.37,395.53,322.91,411.74,161.30,346.61,154.77
330.89,313.91,395.00,320.59,411.57,161.52,347.46,154.84
340.84,315.19,399.60,314.76,398.54,168.96,339.78,169.38
339.12,312.79,396.74,313.32,398.05,170.36,340.43,169.83
339.20,310.59,399.78,313.63,407.32,163.32,346.74,160.28
339.36,309.26,399.10,312.13,406.22,163.89,346.47,161.02
339.09,307.86,398.04,310.73,405.16,164.49,346.22,161.62
341.04,306.98,399.64,309.70,406.37,164.30,347.77,161.59
320.99,304.74,386.57,314.00,409.54,151.30,343.97,142.04
320.54,304.10,385.94,314.08,410.72,151.82,345.31,141.84
322.65,304.70,388.05,314.49,412.32,152.22,346.92,142.44
323.79,305.83,389.68,315.55,413.78,152.07,347.89,142.36
324.06,305.30,389.21,315.37,414.18,153.73,349.03,143.67
337.14,307.81,396.70,312.79,409.05,165.01,349.49,160.03
338.50,310.13,403.29,314.12,413.17,153.37,348.38,149.39
344.06,312.46,408.09,313.95,411.80,155.09,347.77,153.59
337.60,309.90,392.70,312.68,399.61,175.98,344.51,173.20
352.42,292.36,402.58,287.11,389.56,162.67,339.40,167.91
348.06,312.38,408.84,317.13,420.62,166.32,359.83,161.57
347.95,312.98,409.87,317.82,421.90,164.18,359.97,159.34
351.56,297.93,413.93,298.83,416.15,144.10,353.78,143.20
350.82,298.43,414.92,299.84,418.42,140.81,354.32,139.40
364.89,296.41,433.17,289.03,414.84,119.63,346.57,127.02
349.85,299.07,416.71,292.64,400.76,126.76,333.90,133.19
343.66,316.39,412.57,323.70,430.71,152.74,361.80,145.43
343.38,316.71,413.48,324.68,433.26,150.76,363.16,142.79
344.73,317.35,415.13,325.28,434.80,150.61,364.40,142.68
344.72,318.37,416.74,326.79,437.63,148.11,365.61,139.69
346.01,318.76,418.44,327.02,438.93,147.32,366.50,139.06
346.17,318.88,419.07,327.90,441.43,147.03,368.53,138.02
346.05,318.39,418.86,328.91,444.95,148.27,372.14,137.75
346.97,318.92,420.07,329.68,446.77,148.30,373.66,137.54
347.73,319.52,421.66,330.68,449.36,147.25,375.42,136.08
348.08,319.65,422.10,331.64,451.84,148.01,377.83,136.02
348.91,320.20,423.63,332.69,454.62,147.32,379.90,134.83
349.11,320.67,424.50,333.78,457.03,146.72,381.64,133.61
350.26,321.10,425.84,334.50,459.07,146.99,383.49,133.59
350.51,321.66,426.88,335.65,461.58,146.19,385.21,132.20
350.78,321.55,427.59,336.28,464.15,145.71,387.33,130.98
351.77,322.16,429.64,337.39,467.41,144.20,389.55,128.97
354.19,323.37,432.77,337.88,468.77,142.94,390.19,128.43
399.18,318.72,477.13,315.22,468.47,121.83,390.52,125.32
393.99,321.47,478.32,334.97,511.81,125.74,427.48,112.24
393.97,320.32,478.35,334.93,514.57,125.59,430.20,110.99
395.66,321.04,480.48,336.03,517.67,125.60,432.85,110.61
397.19,320.89,482.47,336.35,520.83,124.76,435.54,109.30
398.32,319.84,483.50,335.33,521.95,124.01,436.77,108.52
405.93,320.28,490.94,337.07,532.60,126.16,447.59,109.37
405.45,319.29,490.89,337.18,535.29,125.20,449.85,107.31
406.43,324.50,507.45,341.19,548.85,90.54,447.83,73.86
406.51,324.12,508.35,341.76,552.11,89.11,450.28,71.47
404.80,319.48,514.94,343.72,575.07,70.49,464.94,46.25
405.90,318.83,516.40,343.62,577.90,69.45,467.40,44.67
407.78,319.29,518.95,344.23,580.81,68.40,469.64,43.47
407.48,319.38,519.86,345.28,584.12,66.46,471.74,40.56
408.54,319.86,522.10,346.00,586.95,64.27,473.40,38.12
2
0
0
0
0
1
336.08,314.42,429.78,314.67,430.30,122.68,336.59,122.43
336.57,315.02,430.88,315.74,432.36,122.51,338.05,121.79
338.01,315.81,433.26,316.45,434.58,121.30,339.33,120.66
335.99,315.66,431.02,318.21,436.24,123.50,341.21,120.96
335.72,316.86,432.15,320.19,438.98,122.63,342.55,119.30
335.66,317.09,432.38,321.14,440.69,122.97,343.97,118.92
336.45,316.44,433.17,320.28,441.05,122.13,344.33,118.28
336.64,317.32,434.07,321.47,442.57,121.84,345.13,117.70
337.99,317.64,435.66,320.46,441.42,120.35,343.75,117.54
339.96,319.51,439.41,321.94,444.39,118.19,344.94,115.76
338.83,321.00,438.85,323.82,444.63,118.89,344.61,116.07
339.88,321.21,440.49,324.01,446.24,117.88,345.63,115.08
337.90,321.61,438.98,325.64,447.24,118.55,346.16,114.52
337.10,322.27,438.68,326.84,448.04,118.72,346.46,114.15
336.42,322.60,438.29,327.48,448.28,118.76,346.41,113.89
335.71,322.70,437.88,328.25,449.25,118.92,347.08,113.37
334.94,323.19,437.62,328.90,449.32,118.52,346.64,112.81
334.33,324.30,437.71,329.62,448.62,117.82,345.24,112.49
333.43,324.32,436.91,329.90,448.36,117.89,344.88,112.30
332.07,323.78,435.26,329.43,446.84,118.02,343.65,112.36
331.13,325.05,434.42,330.92,446.44,119.30,343.15,113.43
328.96,324.24,432.23,330.66,445.37,119.09,342.11,112.68
327.92,323.86,431.25,330.23,444.29,118.53,340.96,112.16
326.66,325.05,430.68,331.92,444.77,118.81,340.75,111.94
324.45,325.60,428.56,332.79,443.29,119.50,339.18,112.31
322.13,325.85,426.32,332.75,440.46,119.29,336.27,112.39
321.06,327.40,425.51,332.31,435.56,118.30,331.11,113.40
319.42,328.50,424.53,332.94,433.63,117.59,328.52,113.15
319.79,326.35,423.31,328.59,427.91,116.49,324.38,114.25
317.18,330.35,423.05,333.07,428.63,116.17,322.76,113.45
314.99,331.35,421.46,333.38,425.60,115.24,319.13,113.22
313.54,332.09,420.28,333.56,423.30,114.87,316.56,113.40
312.18,332.21,418.81,333.40,421.24,114.94,314.61,113.75
310.96,332.30,417.62,333.03,419.11,114.50,312.45,113.78
308.11,331.81,414.93,332.73,416.81,113.90,310.00,112.97
304.31,343.06,439.47,338.81,430.75,61.89,295.59,66.14
295.52,338.16,415.17,336.25,411.26,91.11,291.60,93.01
292.05,339.08,412.86,336.81,408.21,89.31,287.40,91.58
290.50,339.25,411.68,336.80,406.66,88.52,285.48,90.97
288.72,340.01,411.11,337.18,405.33,86.43,282.94,89.26
285.32,340.33,408.55,337.75,403.25,85.27,280.02,87.85
287.11,341.05,411.02,336.75,402.22,82.89,278.31,87.18
284.51,341.63,408.77,336.80,398.86,82.22,274.61,87.06
281.68,343.03,406.82,337.92,396.36,81.54,271.22,86.65
276.60,342.24,402.33,338.62,394.92,81.02,269.19,84.64
275.02,337.88,388.70,336.82,386.53,103.91,272.84,104.97
2
0
0
0
0
1
394.74,320.52,477.46,322.68,482.79,117.89,400.07,115.74
390.79,321.56,474.49,324.93,482.81,117.72,399.11,114.36
388.08,321.41,472.31,325.63,482.75,117.12,398.52,112.90
384.57,321.47,469.50,326.23,481.28,115.96,396.35,111.20
380.63,320.89,466.00,326.87,480.81,115.53,395.44,109.55
369.43,319.40,455.97,330.66,483.85,116.41,397.30,105.15
381.02,324.39,469.25,326.59,474.71,108.17,386.48,105.96
378.51,323.97,466.64,325.66,470.84,107.50,382.71,105.80
374.87,324.68,463.71,326.20,467.48,106.27,378.64,104.75
372.34,326.40,461.52,327.15,463.37,106.37,374.18,105.62
370.14,326.42,458.81,326.07,457.94,106.56,369.27,106.92
366.86,327.55,454.91,326.47,452.23,108.50,364.18,109.58
363.14,327.33,450.42,326.32,447.93,110.24,360.65,111.25
359.60,327.89,446.12,326.86,443.58,112.66,357.06,113.69
358.41,326.82,439.09,322.37,428.06,122.63,347.38,127.09
354.35,328.06,434.75,322.68,421.42,123.66,341.03,129.04
351.35,328.82,431.92,322.35,415.90,122.90,335.33,129.37
347.92,330.28,429.37,323.28,412.05,121.64,330.60,128.64
345.34,331.45,427.43,323.62,408.05,120.40,325.96,128.23
341.94,333.31,425.30,324.65,403.87,118.27,320.50,126.92
340.66,334.27,425.28,324.37,400.77,114.88,316.15,124.78
335.70,335.09,421.93,325.52,398.24,112.03,312.01,121.60
332.00,335.80,419.59,326.70,397.06,109.86,309.47,118.96
286.29,340.47,389.32,346.21,403.53,91.15,300.50,85.41
295.66,340.18,397.41,341.23,400.00,89.35,298.26,88.31
293.78,340.81,395.66,342.02,398.68,89.81,296.80,88.59
291.38,341.38,393.62,342.51,396.42,89.40,294.18,88.27
290.49,341.95,392.86,343.12,395.75,89.68,293.37,88.51
273.17,346.18,374.30,344.27,369.56,93.91,268.43,95.83
272.32,345.12,374.44,343.10,369.45,90.30,267.33,92.31
284.91,345.51,386.81,340.68,374.85,88.43,272.96,93.26
283.03,346.18,385.16,340.64,371.45,87.79,269.32,93.32
280.64,347.07,383.18,341.19,368.62,87.34,266.08,93.22
277.01,345.69,374.11,342.77,366.90,102.40,269.80,105.31
275.50,345.56,371.93,342.71,364.89,104.00,268.46,106.84
272.70,345.40,369.49,343.08,363.75,103.45,266.95,105.77
288.46,340.08,373.91,339.96,373.61,128.41,288.16,128.53
286.89,341.18,373.09,340.87,372.31,127.49,286.11,127.80
285.30,342.23,373.99,342.33,374.23,122.78,285.54,122.68
281.52,342.17,372.60,344.68,378.81,119.21,287.74,116.70
280.81,342.91,373.24,345.26,379.06,116.43,286.63,114.08
279.63,342.69,372.14,345.84,379.92,116.81,287.40,113.67
277.78,343.39,371.78,346.84,380.31,114.14,286.31,110.70
287.11,341.36,368.93,337.42,359.17,134.86,277.35,138.81
288.37,340.69,370.26,335.48,357.38,132.75,275.48,137.95
287.56,340.51,369.65,334.95,355.89,131.72,273.80,137.28
286.72,340.17,368.77,334.12,353.79,130.99,271.73,137.04
263.99,335.76,365.10,319.75,325.47,69.43,224.36,85.44
234.60,350.66,347.13,349.37,343.96,70.79,231.43,72.08
233.08,350.64,345.68,348.95,341.49,70.20,228.89,71.89
231.99,350.73,345.01,348.63,339.80,68.85,226.78,70.95
230.73,350.42,343.59,348.54,338.94,69.14,226.08,71.01
244.43,380.04,377.91,362.09,333.47,31.64,199.99,49.59
242.79,375.91,374.21,358.74,331.70,33.41,200.29,50.58
244.81,373.91,373.40,356.37,329.99,38.05,201.41,55.58
240.78,374.18,370.38,359.04,332.91,38.20,203.31,53.34
240.80,374.60,371.26,359.85,334.74,36.88,204.28,51.63
241.99,374.85,372.28,360.08,335.72,37.53,205.43,52.30
245.51,375.04,375.19,358.97,335.41,37.93,205.73,54.00
248.72,376.73,378.51,359.66,336.26,38.34,206.47,55.40
224.72,354.60,332.58,345.41,309.84,78.39,201.98,87.57
226.98,354.48,334.82,345.40,312.34,78.43,204.50,87.51
218.55,357.79,326.55,347.90,302.07,80.53,194.07,90.42
222.12,357.39,329.42,347.21,304.23,81.59,196.94,91.76
225.86,356.93,333.03,346.68,307.65,81.37,200.48,91.62
230.53,356.48,336.98,346.20,311.54,82.68,205.10,92.95
246.51,358.40,369.09,346.04,338.49,42.58,215.91,54.94
252.13,357.79,374.16,345.27,343.18,43.18,221.15,55.69
242.70,353.64,368.94,356.14,375.14,43.61,248.90,41.10
263.10,354.85,393.83,355.83,396.27,32.19,265.54,31.20
270.48,352.74,400.93,352.35,399.98,29.41,269.53,29.79
262.17,380.92,395.41,389.26,416.06,59.41,282.82,51.07
276.77,353.74,400.57,349.07,389.01,42.60,265.21,47.27
233.21,361.22,360.30,356.36,348.26,41.71,221.16,46.58
236.85,361.05,361.93,354.73,346.29,45.09,221.21,51.41
244.12,365.60,381.72,357.61,361.95,16.96,224.34,24.95
268.98,361.65,402.40,350.38,374.50,20.09,241.08,31.36
273.63,352.05,388.86,355.27,396.81,70.02,281.59,66.80
273.69,353.48,391.71,356.55,399.31,64.38,281.29,61.31
273.49,354.80,395.82,356.66,400.45,53.82,278.12,51.96
263.78,361.94,395.68,359.44,389.49,32.92,257.59,35.42
265.83,363.74,399.16,357.91,384.74,27.83,251.40,33.66
266.48,364.19,399.62,357.58,383.26,27.97,250.12,34.58
271.52,364.54,404.53,354.80,380.41,25.50,247.40,35.25
269.51,364.26,400.91,356.21,380.99,30.90,249.59,38.95
247.65,366.40,385.42,365.53,383.28,24.47,245.51,25.33
245.26,357.63,349.89,356.98,348.29,97.96,243.66,98.61
251.99,348.37,329.30,351.88,338.01,160.48,260.70,156.96
254.43,372.19,340.49,363.44,318.85,150.39,232.79,159.13
232.54,375.79,331.66,375.95,332.05,130.58,232.93,130.42
