1
272.000000,68.000000,23.000000,67.000000
295.000000,71.000000,23.000000,67.000000
294.000000,71.000000,23.000000,67.000000
294.000000,72.000000,23.000000,67.000000
294.000000,71.000000,23.000000,67.000000
294.000000,71.000000,23.000000,67.000000
294.000000,71.000000,23.000000,67.000000
294.000000,71.000000,23.000000,67.000000
295.000000,70.000000,23.000000,67.000000
295.000000,71.000000,23.000000,67.000000
295.000000,70.000000,23.000000,67.000000
295.000000,71.000000,23.000000,67.000000
295.000000,71.000000,23.000000,67.000000
295.000000,71.000000,23.000000,67.000000
296.000000,70.000000,23.000000,67.000000
295.000000,71.000000,23.000000,67.000000
296.000000,71.000000,23.000000,67.000000
296.000000,70.000000,23.000000,67.000000
296.000000,70.000000,23.000000,67.000000
296.000000,70.000000,23.000000,67.000000
296.000000,71.000000,23.000000,67.000000
296.000000,71.000000,23.000000,67.000000
296.000000,70.000000,23.000000,67.000000
296.000000,70.000000,23.000000,67.000000
296.000000,69.000000,23.000000,67.000000
296.000000,69.000000,23.000000,67.000000
296.000000,70.000000,23.000000,67.000000
296.000000,69.000000,23.000000,67.000000
296.000000,68.000000,23.000000,67.000000
296.000000,67.000000,23.000000,67.000000
296.000000,69.000000,23.000000,67.000000
296.000000,68.000000,23.000000,67.000000
296.000000,69.000000,23.000000,67.000000
296.000000,68.000000,23.000000,67.000000
296.000000,67.000000,23.000000,67.000000
297.000000,68.000000,23.000000,67.000000
296.000000,68.000000,23.000000,67.000000
297.000000,68.000000,23.000000,67.000000
296.000000,68.000000,23.000000,67.000000
296.000000,68.000000,23.000000,67.000000
296.000000,68.000000,23.000000,67.000000
296.000000,68.000000,23.000000,67.000000
296.000000,68.000000,23.000000,67.000000
296.000000,68.000000,23.000000,67.000000
296.000000,69.000000,23.000000,67.000000
296.000000,69.000000,23.000000,67.000000
296.000000,69.000000,23.000000,67.000000
296.000000,68.000000,23.000000,67.000000
296.000000,68.000000,23.000000,67.000000
297.000000,69.000000,23.000000,67.000000
297.000000,68.000000,23.000000,67.000000
297.000000,68.000000,23.000000,67.000000
297.000000,68.000000,23.000000,67.000000
297.000000,68.000000,23.000000,67.000000
297.000000,67.000000,23.000000,67.000000
297.000000,68.000000,23.000000,67.000000
297.000000,69.000000,23.000000,67.000000
297.000000,68.000000,23.000000,67.000000
297.000000,68.000000,23.000000,67.000000
297.000000,68.000000,23.000000,67.000000
297.000000,69.000000,23.000000,67.000000
297.000000,69.000000,23.000000,67.000000
297.000000,70.000000,23.000000,67.000000
297.000000,69.000000,23.000000,67.000000
297.000000,69.000000,23.000000,67.000000
2
0
0
0
0
1
270.000000,60.000000,26.790009,72.400002
270.000000,60.000000,26.790009,72.400002
267.000000,60.000000,26.790009,72.400002
263.000000,62.000000,26.790009,72.400002
261.000000,63.000000,26.790009,72.400002
262.000000,63.000000,26.790009,72.400002
262.000000,63.000000,26.790009,72.400002
261.000000,63.000000,26.790009,72.400002
261.000000,63.000000,26.790009,72.400002
264.000000,64.000000,26.790009,72.400002
264.000000,64.000000,26.790009,72.400002
264.000000,63.000000,26.790009,72.400002
264.000000,62.000000,26.790009,72.400002
263.000000,62.000000,26.790009,72.400002
262.000000,61.000000,26.790009,72.400002
257.000000,62.000000,26.790009,72.400002
257.000000,62.000000,26.790009,72.400002
258.000000,62.000000,26.790009,72.400002
258.000000,62.000000,26.790009,72.400002
259.000000,62.000000,26.790009,72.400002
259.000000,63.000000,26.790009,72.400002
259.000000,64.000000,26.790009,72.400002
258.000000,65.000000,26.790009,72.400002
262.000000,67.000000,26.790009,72.400002
264.000000,68.000000,26.790009,72.400002
265.000000,69.000000,26.790009,72.400002
262.000000,67.000000,26.790009,72.400002
259.000000,65.000000,26.790009,72.400002
260.000000,67.000000,26.790009,72.400002
260.000000,68.000000,26.790009,72.400002
260.000000,70.000000,26.790009,72.400002
259.000000,70.000000,26.790009,72.400002
258.000000,71.000000,26.790009,72.400002
258.000000,74.000000,26.790009,72.400002
260.000000,74.000000,26.790009,72.400002
258.000000,75.000000,26.790009,72.400002
258.000000,73.000000,26.790009,72.400002
258.000000,73.000000,26.790009,72.400002
257.000000,71.000000,26.790009,72.400002
259.000000,72.000000,26.790009,72.400002
259.000000,73.000000,26.790009,72.400002
259.000000,74.000000,26.790009,72.400002
261.000000,72.000000,26.790009,72.400002
261.000000,73.000000,26.790009,72.400002
261.000000,75.000000,26.790009,72.400002
262.000000,76.000000,26.790009,72.400002
263.000000,76.000000,26.790009,72.400002
263.000000,76.000000,26.790009,72.400002
265.000000,76.000000,26.790009,72.400002
266.000000,72.000000,26.790009,72.400002
266.000000,73.000000,26.790009,72.400002
266.000000,75.000000,26.790009,72.400002
269.000000,74.000000,26.790009,72.400002
270.000000,73.000000,26.790009,72.400002
270.000000,72.000000,26.790009,72.400002
269.000000,74.000000,26.790009,72.400002
270.000000,75.000000,26.790009,72.400002
270.000000,76.000000,26.790009,72.400002
269.000000,76.000000,26.790009,72.400002
269.000000,74.000000,26.790009,72.400002
270.000000,74.000000,26.790009,72.400002
269.000000,70.000000,26.790009,72.400002
269.000000,69.000000,26.790009,72.400002
269.000000,68.000000,26.790009,72.400002
269.000000,67.000000,26.790009,72.400002
270.000000,67.000000,26.790009,72.400002
269.000000,67.000000,26.790009,72.400002
269.000000,67.000000,26.790009,72.400002
268.000000,67.000000,26.790009,72.400002
269.000000,67.000000,26.790009,72.400002
269.000000,67.000000,26.790009,72.400002
269.000000,67.000000,26.790009,72.400002
269.000000,66.000000,26.790009,72.400002
269.000000,66.000000,26.790009,72.400002
269.000000,67.000000,26.790009,72.400002
269.000000,67.000000,26.790009,72.400002
269.000000,67.000000,26.790009,72.400002
269.000000,67.000000,26.790009,72.400002
269.000000,67.000000,26.790009,72.400002
269.000000,67.000000,26.790009,72.400002
269.000000,66.000000,26.790009,72.400002
269.000000,66.000000,26.790009,72.400002
268.000000,66.000000,26.790009,72.400002
268.000000,66.000000,26.790009,72.400002
269.000000,65.000000,26.790009,72.400002
269.000000,65.000000,26.790009,72.400002
269.000000,66.000000,26.790009,72.400002
269.000000,66.000000,26.790009,72.400002
269.000000,66.000000,26.790009,72.400002
268.000000,66.000000,26.790009,72.400002
268.000000,66.000000,26.790009,72.400002
268.000000,66.000000,26.790009,72.400002
268.000000,66.000000,26.790009,72.400002
268.000000,67.000000,26.790009,72.400002
268.000000,67.000000,26.790009,72.400002
268.000000,67.000000,26.790009,72.400002
268.000000,67.000000,26.790009,72.400002
268.000000,66.000000,26.790009,72.400002
268.000000,67.000000,26.790009,72.400002
268.000000,67.000000,26.790009,72.400002
268.000000,67.000000,26.790009,72.400002
268.000000,67.000000,26.790009,72.400002
268.000000,67.000000,26.790009,72.400002
268.000000,67.000000,26.790009,72.400002
268.000000,67.000000,26.790009,72.400002
268.000000,67.000000,26.790009,72.400002
268.000000,67.000000,26.790009,72.400002
268.000000,67.000000,26.790009,72.400002
267.000000,67.000000,26.790009,72.400002
268.000000,67.000000,26.790009,72.400002
268.000000,68.000000,26.790009,72.400002
268.000000,67.000000,26.790009,72.400002
268.000000,68.000000,26.790009,72.400002
2
0
0
0
0
1
295.000000,51.000000,31.329987,91.000000
296.000000,51.000000,31.329987,91.000000
297.000000,55.000000,31.329987,91.000000
297.000000,55.000000,31.329987,91.000000
297.000000,55.000000,31.329987,91.000000
297.000000,55.000000,31.329987,91.000000
298.000000,53.000000,31.329987,91.000000
298.000000,54.000000,31.329987,91.000000
297.000000,59.000000,31.329987,91.000000
296.000000,59.000000,31.329987,91.000000
295.000000,56.000000,31.329987,91.000000
294.000000,55.000000,31.329987,91.000000
295.000000,55.000000,31.329987,91.000000
297.000000,54.000000,31.329987,91.000000
298.000000,55.000000,31.329987,91.000000
298.000000,58.000000,31.329987,91.000000
298.000000,56.000000,31.329987,91.000000
298.000000,54.000000,31.329987,91.000000
298.000000,53.000000,31.329987,91.000000
298.000000,53.000000,31.329987,91.000000
295.000000,58.000000,31.329987,91.000000
295.000000,63.000000,31.329987,91.000000
294.000000,60.000000,31.329987,91.000000
295.000000,59.000000,31.329987,91.000000
295.000000,59.000000,31.329987,91.000000
297.000000,57.000000,31.329987,91.000000
298.000000,58.000000,31.329987,91.000000
298.000000,58.000000,31.329987,91.000000
299.000000,55.000000,31.329987,91.000000
299.000000,57.000000,31.329987,91.000000
300.000000,57.000000,31.329987,91.000000
298.000000,57.000000,31.329987,91.000000
298.000000,61.000000,31.329987,91.000000
299.000000,62.000000,31.329987,91.000000
298.000000,59.000000,31.329987,91.000000
298.000000,59.000000,31.329987,91.000000
299.000000,58.000000,31.329987,91.000000
299.000000,58.000000,31.329987,91.000000
300.000000,59.000000,31.329987,91.000000
298.000000,57.000000,31.329987,91.000000
299.000000,57.000000,31.329987,91.000000
299.000000,58.000000,31.329987,91.000000
297.000000,58.000000,31.329987,91.000000
296.000000,61.000000,31.329987,91.000000
297.000000,66.000000,31.329987,91.000000
298.000000,66.000000,31.329987,91.000000
298.000000,65.000000,31.329987,91.000000
301.000000,64.000000,31.329987,91.000000
299.000000,61.000000,31.329987,91.000000
299.000000,59.000000,31.329987,91.000000
299.000000,62.000000,31.329987,91.000000
299.000000,58.000000,31.329987,91.000000
302.000000,59.000000,31.329987,91.000000
300.000000,60.000000,31.329987,91.000000
302.000000,61.000000,31.329987,91.000000
301.000000,63.000000,31.329987,91.000000
301.000000,66.000000,31.329987,91.000000
299.000000,66.000000,31.329987,91.000000
297.000000,62.000000,31.329987,91.000000
297.000000,61.000000,31.329987,91.000000
299.000000,64.000000,31.329987,91.000000
300.000000,63.000000,31.329987,91.000000
299.000000,64.000000,31.329987,91.000000
302.000000,60.000000,31.329987,91.000000
301.000000,60.000000,31.329987,91.000000
300.000000,60.000000,31.329987,91.000000
300.000000,61.000000,31.329987,91.000000
300.000000,63.000000,31.329987,91.000000
294.000000,60.000000,31.329987,91.000000
294.000000,62.000000,31.329987,91.000000
295.000000,62.000000,31.329987,91.000000
296.000000,62.000000,31.329987,91.000000
296.000000,63.000000,31.329987,91.000000
297.000000,58.000000,31.329987,91.000000
299.000000,64.000000,31.329987,91.000000
298.000000,62.000000,31.329987,91.000000
299.000000,61.000000,31.329987,91.000000
298.000000,62.000000,31.329987,91.000000
298.000000,64.000000,31.329987,91.000000
299.000000,65.000000,31.329987,91.000000
296.000000,62.000000,31.329987,91.000000
296.000000,62.000000,31.329987,91.000000
297.000000,62.000000,31.329987,91.000000
298.000000,63.000000,31.329987,91.000000
296.000000,63.000000,31.329987,91.000000
299.000000,63.000000,31.329987,91.000000
299.000000,66.000000,31.329987,91.000000
300.000000,65.000000,31.329987,91.000000
299.000000,65.000000,31.329987,91.000000
298.000000,66.000000,31.329987,91.000000
295.000000,66.000000,31.329987,91.000000
297.000000,70.000000,31.329987,91.000000
292.000000,63.000000,31.329987,91.000000
293.000000,62.000000,31.329987,91.000000
293.000000,63.000000,31.329987,91.000000
293.000000,64.000000,31.329987,91.000000
290.000000,61.000000,31.329987,91.000000
287.000000,62.000000,31.329987,91.000000
288.000000,64.000000,31.329987,91.000000
289.000000,64.000000,31.329987,91.000000
289.000000,63.000000,31.329987,91.000000
290.000000,65.000000,31.329987,91.000000
290.000000,66.000000,31.329987,91.000000
288.000000,66.000000,31.329987,91.000000
287.000000,63.000000,31.329987,91.000000
285.000000,60.000000,31.329987,91.000000
285.000000,61.000000,31.329987,91.000000
285.000000,61.000000,31.329987,91.000000
282.000000,58.000000,31.329987,91.000000
278.000000,59.000000,31.329987,91.000000
273.000000,58.000000,31.329987,91.000000
274.000000,59.000000,31.329987,91.000000
284.000000,67.000000,31.329987,91.000000
282.000000,67.000000,31.329987,91.000000
278.000000,61.000000,31.329987,91.000000
276.000000,62.000000,31.329987,91.000000
274.000000,60.000000,31.329987,91.000000
274.000000,59.000000,31.329987,91.000000
273.000000,60.000000,31.329987,91.000000
272.000000,60.000000,31.329987,91.000000
272.000000,60.000000,31.329987,91.000000
270.000000,61.000000,31.329987,91.000000
283.000000,82.000000,31.329987,91.000000
283.000000,81.000000,31.329987,91.000000
280.000000,80.000000,31.329987,91.000000
280.000000,83.000000,31.329987,91.000000
280.000000,85.000000,31.329987,91.000000
279.000000,92.000000,31.329987,91.000000
270.000000,115.000000,31.329987,91.000000
267.000000,125.000000,31.329987,91.000000
267.000000,129.000000,31.329987,91.000000
269.000000,128.000000,31.329987,91.000000
269.000000,129.000000,31.329987,91.000000
270.000000,129.000000,31.329987,91.000000
273.000000,129.000000,31.329987,91.000000
272.000000,130.000000,31.329987,91.000000
271.000000,130.000000,31.329987,91.000000
269.000000,128.000000,31.329987,91.000000
267.000000,129.000000,31.329987,91.000000
267.000000,131.000000,31.329987,91.000000
266.000000,131.000000,31.329987,91.000000
268.000000,132.000000,31.329987,91.000000
270.000000,133.000000,31.329987,91.000000
269.000000,134.000000,31.329987,91.000000
266.000000,131.000000,31.329987,91.000000
265.000000,131.000000,31.329987,91.000000
260.000000,134.000000,31.329987,91.000000
259.000000,135.000000,31.329987,91.000000
262.000000,135.000000,31.329987,91.000000
259.000000,134.000000,31.329987,91.000000
259.000000,133.000000,31.329987,91.000000
259.000000,132.000000,31.329987,91.000000
260.000000,133.000000,31.329987,91.000000
265.000000,134.000000,31.329987,91.000000
265.000000,136.000000,31.329987,91.000000
264.000000,139.000000,31.329987,91.000000
263.000000,135.000000,31.329987,91.000000
262.000000,137.000000,31.329987,91.000000
258.000000,137.000000,31.329987,91.000000
253.000000,147.000000,31.329987,91.000000
253.000000,147.000000,31.329987,91.000000
253.000000,146.000000,31.329987,91.000000
259.000000,137.000000,31.329987,91.000000
258.000000,139.000000,31.329987,91.000000
254.000000,147.000000,31.329987,91.000000
258.000000,143.000000,31.329987,91.000000
260.000000,142.000000,31.329987,91.000000
263.000000,143.000000,31.329987,91.000000
263.000000,140.000000,31.329987,91.000000
263.000000,140.000000,31.329987,91.000000
261.000000,140.000000,31.329987,91.000000
260.000000,141.000000,31.329987,91.000000
259.000000,143.000000,31.329987,91.000000
259.000000,146.000000,31.329987,91.000000
260.000000,141.000000,31.329987,91.000000
256.000000,147.000000,31.329987,91.000000
256.000000,146.000000,31.329987,91.000000
258.000000,146.000000,31.329987,91.000000
255.000000,147.000000,31.329987,91.000000
256.000000,146.000000,31.329987,91.000000
256.000000,146.000000,31.329987,91.000000
257.000000,145.000000,31.329987,91.000000
257.000000,145.000000,31.329987,91.000000
257.000000,145.000000,31.329987,91.000000
257.000000,145.000000,31.329987,91.000000
256.000000,146.000000,31.329987,91.000000
257.000000,145.000000,31.329987,91.000000
257.000000,145.000000,31.329987,91.000000
257.000000,144.000000,31.329987,91.000000
257.000000,144.000000,31.329987,91.000000
257.000000,144.000000,31.329987,91.000000
257.000000,144.000000,31.329987,91.000000
258.000000,143.000000,31.329987,91.000000
257.000000,144.000000,31.329987,91.000000
257.000000,144.000000,31.329987,91.000000
257.000000,144.000000,31.329987,91.000000
257.000000,144.000000,31.329987,91.000000
257.000000,144.000000,31.329987,91.000000
257.000000,143.000000,31.329987,91.000000
257.000000,143.000000,31.329987,91.000000
257.000000,142.000000,31.329987,91.000000
2
0
0
0
0
1
291.000000,52.000000,56.410004,182.529999
292.000000,54.000000,56.410004,182.529999
297.000000,55.000000,56.410004,182.529999
311.000000,42.000000,56.410004,182.529999
312.000000,40.000000,56.410004,182.529999
310.000000,56.000000,56.410004,182.529999
309.000000,56.000000,56.410004,182.529999
306.000000,54.000000,56.410004,182.529999
303.000000,55.000000,56.410004,182.529999
299.000000,56.000000,56.410004,182.529999
294.000000,56.000000,56.410004,182.529999
294.000000,55.000000,56.410004,182.529999
293.000000,53.000000,56.410004,182.529999
293.000000,51.000000,56.410004,182.529999
294.000000,55.000000,56.410004,182.529999
297.000000,56.000000,56.410004,182.529999
295.000000,56.000000,56.410004,182.529999
296.000000,56.000000,56.410004,182.529999
297.000000,56.000000,56.410004,182.529999
298.000000,54.000000,56.410004,182.529999
299.000000,55.000000,56.410004,182.529999
297.000000,56.000000,56.410004,182.529999
297.000000,56.000000,56.410004,182.529999
298.000000,55.000000,56.410004,182.529999
297.000000,53.000000,56.410004,182.529999
298.000000,55.000000,56.410004,182.529999
297.000000,55.000000,56.410004,182.529999
296.000000,56.000000,56.410004,182.529999
302.000000,56.000000,56.410004,182.529999
302.000000,56.000000,56.410004,182.529999
303.000000,56.000000,56.410004,182.529999
304.000000,56.000000,56.410004,182.529999
302.000000,56.000000,56.410004,182.529999
303.000000,56.000000,56.410004,182.529999
302.000000,56.000000,56.410004,182.529999
302.000000,56.000000,56.410004,182.529999
304.000000,54.000000,56.410004,182.529999
304.000000,49.000000,56.410004,182.529999
305.000000,49.000000,56.410004,182.529999
306.000000,56.000000,56.410004,182.529999
304.000000,56.000000,56.410004,182.529999
307.000000,56.000000,56.410004,182.529999
308.000000,56.000000,56.410004,182.529999
307.000000,56.000000,56.410004,182.529999
307.000000,56.000000,56.410004,182.529999
308.000000,56.000000,56.410004,182.529999
309.000000,56.000000,56.410004,182.529999
310.000000,56.000000,56.410004,182.529999
310.000000,56.000000,56.410004,182.529999
308.000000,49.000000,56.410004,182.529999
309.000000,45.000000,56.410004,182.529999
312.000000,46.000000,56.410004,182.529999
315.000000,47.000000,56.410004,182.529999
317.000000,51.000000,56.410004,182.529999
325.000000,56.000000,56.410004,182.529999
323.000000,56.000000,56.410004,182.529999
321.000000,56.000000,56.410004,182.529999
319.000000,56.000000,56.410004,182.529999
319.000000,55.000000,56.410004,182.529999
320.000000,56.000000,56.410004,182.529999
335.000000,37.000000,56.410004,182.529999
334.000000,40.000000,56.410004,182.529999
335.000000,38.000000,56.410004,182.529999
335.000000,33.000000,56.410004,182.529999
338.000000,33.000000,56.410004,182.529999
338.000000,38.000000,56.410004,182.529999
341.000000,45.000000,56.410004,182.529999
349.000000,36.000000,56.410004,182.529999
342.000000,56.000000,56.410004,182.529999
338.000000,56.000000,56.410004,182.529999
339.000000,56.000000,56.410004,182.529999
338.000000,56.000000,56.410004,182.529999
337.000000,56.000000,56.410004,182.529999
330.000000,33.000000,56.410004,182.529999
326.000000,54.000000,56.410004,182.529999
327.000000,51.000000,56.410004,182.529999
323.000000,48.000000,56.410004,182.529999
320.000000,56.000000,56.410004,182.529999
318.000000,56.000000,56.410004,182.529999
316.000000,56.000000,56.410004,182.529999
329.000000,55.000000,56.410004,182.529999
327.000000,56.000000,56.410004,182.529999
323.000000,56.000000,56.410004,182.529999
325.000000,56.000000,56.410004,182.529999
322.000000,56.000000,56.410004,182.529999
321.000000,56.000000,56.410004,182.529999
345.000000,51.000000,56.410004,182.529999
321.000000,49.000000,56.410004,182.529999
322.000000,44.000000,56.410004,182.529999
316.000000,56.000000,56.410004,182.529999
318.000000,56.000000,56.410004,182.529999
320.000000,56.000000,56.410004,182.529999
323.000000,56.000000,56.410004,182.529999
331.000000,56.000000,56.410004,182.529999
333.000000,56.000000,56.410004,182.529999
332.000000,56.000000,56.410004,182.529999
331.000000,50.000000,56.410004,182.529999
333.000000,55.000000,56.410004,182.529999
338.000000,52.000000,56.410004,182.529999
362.000000,46.000000,56.410004,182.529999
338.000000,52.000000,56.410004,182.529999
320.000000,56.000000,56.410004,182.529999
320.000000,56.000000,56.410004,182.529999
318.000000,56.000000,56.410004,182.529999
317.000000,56.000000,56.410004,182.529999
315.000000,56.000000,56.410004,182.529999
318.000000,55.000000,56.410004,182.529999
339.000000,48.000000,56.410004,182.529999
330.000000,50.000000,56.410004,182.529999
327.000000,56.000000,56.410004,182.529999
327.000000,56.000000,56.410004,182.529999
330.000000,53.000000,56.410004,182.529999
337.000000,56.000000,56.410004,182.529999
355.000000,56.000000,56.410004,182.529999
356.000000,56.000000,56.410004,182.529999
369.000000,56.000000,56.410004,182.529999
378.000000,56.000000,56.410004,182.529999
2
0
0
0
0
1
211.000000,36.000000,135.239990,198.500000
199.000000,40.000000,135.239990,198.500000
192.000000,38.000000,135.239990,198.500000
194.000000,40.000000,135.239990,198.500000
197.000000,40.000000,135.239990,198.500000
200.000000,40.000000,135.239990,198.500000
200.000000,40.000000,135.239990,198.500000
207.000000,40.000000,135.239990,198.500000
222.000000,40.000000,135.239990,198.500000
243.000000,40.000000,135.239990,198.500000
251.000000,40.000000,135.239990,198.500000
249.000000,40.000000,135.239990,198.500000
247.000000,40.000000,135.239990,198.500000
229.000000,40.000000,135.239990,198.500000
235.000000,40.000000,135.239990,198.500000
234.000000,40.000000,135.239990,198.500000
230.000000,40.000000,135.239990,198.500000
228.000000,40.000000,135.239990,198.500000
225.000000,40.000000,135.239990,198.500000
220.000000,38.000000,135.239990,198.500000
220.000000,40.000000,135.239990,198.500000
223.000000,40.000000,135.239990,198.500000
238.000000,40.000000,135.239990,198.500000
239.000000,40.000000,135.239990,198.500000
240.000000,40.000000,135.239990,198.500000
243.000000,40.000000,135.239990,198.500000
249.000000,40.000000,135.239990,198.500000
252.000000,40.000000,135.239990,198.500000
256.000000,40.000000,135.239990,198.500000
253.000000,40.000000,135.239990,198.500000
251.000000,40.000000,135.239990,198.500000
254.000000,40.000000,135.239990,198.500000
261.000000,40.000000,135.239990,198.500000
263.000000,40.000000,135.239990,198.500000
259.000000,40.000000,135.239990,198.500000
261.000000,40.000000,135.239990,198.500000
263.000000,40.000000,135.239990,198.500000
262.000000,40.000000,135.239990,198.500000
256.000000,40.000000,135.239990,198.500000
256.000000,40.000000,135.239990,198.500000
251.000000,40.000000,135.239990,198.500000
247.000000,40.000000,135.239990,198.500000
240.000000,40.000000,135.239990,198.500000
238.000000,40.000000,135.239990,198.500000
239.000000,40.000000,135.239990,198.500000
232.000000,40.000000,135.239990,198.500000
229.000000,40.000000,135.239990,198.500000
225.000000,40.000000,135.239990,198.500000
222.000000,40.000000,135.239990,198.500000
220.000000,40.000000,135.239990,198.500000
219.000000,40.000000,135.239990,198.500000
215.000000,40.000000,135.239990,198.500000
214.000000,40.000000,135.239990,198.500000
211.000000,40.000000,135.239990,198.500000
210.000000,40.000000,135.239990,198.500000
210.000000,40.000000,135.239990,198.500000
191.000000,24.000000,135.239990,198.500000
202.000000,40.000000,135.239990,198.500000
213.000000,40.000000,135.239990,198.500000
227.000000,40.000000,135.239990,198.500000
234.000000,40.000000,135.239990,198.500000
246.000000,40.000000,135.239990,198.500000
256.000000,40.000000,135.239990,198.500000
264.000000,40.000000,135.239990,198.500000
272.000000,40.000000,135.239990,198.500000
282.000000,40.000000,135.239990,198.500000
289.000000,40.000000,135.239990,198.500000
298.000000,40.000000,135.239990,198.500000
306.000000,40.000000,135.239990,198.500000
313.000000,40.000000,135.239990,198.500000
320.000000,40.000000,135.239990,198.500000
327.000000,40.000000,135.239990,198.500000
332.000000,40.000000,135.239990,198.500000
337.000000,40.000000,135.239990,198.500000
340.000000,40.000000,135.239990,198.500000
2
0
0
0
0
1
296.000000,169.000000,26.670013,66.000000
295.000000,170.000000,26.670013,66.000000
295.000000,171.000000,26.670013,66.000000
297.000000,170.000000,26.670013,66.000000
298.000000,167.000000,26.670013,66.000000
298.000000,167.000000,26.670013,66.000000
301.000000,167.000000,26.670013,66.000000
307.000000,165.000000,26.670013,66.000000
311.000000,164.000000,26.670013,66.000000
314.000000,165.000000,26.670013,66.000000
2
0
0
0
0
1
295.000000,169.000000,21.659973,50.000000
294.000000,169.000000,21.659973,50.000000
296.000000,168.000000,21.659973,50.000000
304.000000,170.000000,21.659973,50.000000
307.000000,171.000000,21.659973,50.000000
310.000000,171.000000,21.659973,50.000000
312.000000,171.000000,21.659973,50.000000
313.000000,172.000000,21.659973,50.000000
315.000000,173.000000,21.659973,50.000000
317.000000,174.000000,21.659973,50.000000
2
0
0
0
0
1
288.000000,165.000000,22.000000,39.000000
288.000000,165.000000,22.000000,39.000000
287.000000,166.000000,22.000000,39.000000
290.000000,167.000000,22.000000,39.000000
290.000000,166.000000,22.000000,39.000000
290.000000,165.000000,22.000000,39.000000
292.000000,167.000000,22.000000,39.000000
292.000000,166.000000,22.000000,39.000000
289.000000,165.000000,22.000000,39.000000
2
0
0
0
0
1
261.000000,164.000000,19.070007,39.000000
255.000000,144.000000,19.070007,39.000000
254.000000,147.000000,19.070007,39.000000
255.000000,148.000000,19.070007,39.000000
254.000000,151.000000,19.070007,39.000000
253.000000,149.000000,19.070007,39.000000
251.000000,147.000000,19.070007,39.000000
248.000000,151.000000,19.070007,39.000000
246.000000,152.000000,19.070007,39.000000
244.000000,151.000000,19.070007,39.000000
240.000000,154.000000,19.070007,39.000000
239.000000,151.000000,19.070007,39.000000
235.000000,148.000000,19.070007,39.000000
234.000000,149.000000,19.070007,39.000000
232.000000,148.000000,19.070007,39.000000
230.000000,151.000000,19.070007,39.000000
229.000000,152.000000,19.070007,39.000000
226.000000,152.000000,19.070007,39.000000
225.000000,151.000000,19.070007,39.000000
223.000000,150.000000,19.070007,39.000000
222.000000,151.000000,19.070007,39.000000
220.000000,150.000000,19.070007,39.000000
219.000000,150.000000,19.070007,39.000000
218.000000,160.000000,19.070007,39.000000
217.000000,161.000000,19.070007,39.000000
219.000000,163.000000,19.070007,39.000000
219.000000,163.000000,19.070007,39.000000
220.000000,164.000000,19.070007,39.000000
2
0
0
0
0
1
191.000000,165.000000,18.000000,35.000000
189.000000,166.000000,18.000000,35.000000
188.000000,166.000000,18.000000,35.000000
186.000000,166.000000,18.000000,35.000000
184.000000,167.000000,18.000000,35.000000
182.000000,166.000000,18.000000,35.000000
181.000000,167.000000,18.000000,35.000000
181.000000,167.000000,18.000000,35.000000
180.000000,165.000000,18.000000,35.000000
178.000000,168.000000,18.000000,35.000000
178.000000,163.000000,18.000000,35.000000
176.000000,163.000000,18.000000,35.000000
175.000000,167.000000,18.000000,35.000000
173.000000,168.000000,18.000000,35.000000
172.000000,166.000000,18.000000,35.000000
171.000000,166.000000,18.000000,35.000000
170.000000,166.000000,18.000000,35.000000
172.000000,163.000000,18.000000,35.000000
171.000000,163.000000,18.000000,35.000000
169.000000,166.000000,18.000000,35.000000
170.000000,166.000000,18.000000,35.000000
169.000000,167.000000,18.000000,35.000000
168.000000,168.000000,18.000000,35.000000
169.000000,168.000000,18.000000,35.000000
168.000000,168.000000,18.000000,35.000000
168.000000,168.000000,18.000000,35.000000
166.000000,169.000000,18.000000,35.000000
163.000000,167.000000,18.000000,35.000000
165.000000,168.000000,18.000000,35.000000
163.000000,170.000000,18.000000,35.000000
164.000000,169.000000,18.000000,35.000000
165.000000,170.000000,18.000000,35.000000
164.000000,170.000000,18.000000,35.000000
163.000000,170.000000,18.000000,35.000000
165.000000,169.000000,18.000000,35.000000
164.000000,170.000000,18.000000,35.000000
164.000000,170.000000,18.000000,35.000000
164.000000,169.000000,18.000000,35.000000
165.000000,171.000000,18.000000,35.000000
165.000000,169.000000,18.000000,35.000000
166.000000,167.000000,18.000000,35.000000
165.000000,169.000000,18.000000,35.000000
166.000000,167.000000,18.000000,35.000000
165.000000,169.000000,18.000000,35.000000
165.000000,170.000000,18.000000,35.000000
166.000000,170.000000,18.000000,35.000000
166.000000,171.000000,18.000000,35.000000
165.000000,170.000000,18.000000,35.000000
165.000000,171.000000,18.000000,35.000000
165.000000,171.000000,18.000000,35.000000
164.000000,171.000000,18.000000,35.000000
165.000000,171.000000,18.000000,35.000000
164.000000,171.000000,18.000000,35.000000
165.000000,170.000000,18.000000,35.000000
164.000000,171.000000,18.000000,35.000000
163.000000,171.000000,18.000000,35.000000
165.000000,170.000000,18.000000,35.000000
162.000000,171.000000,18.000000,35.000000
162.000000,171.000000,18.000000,35.000000
162.000000,170.000000,18.000000,35.000000
162.000000,171.000000,18.000000,35.000000
163.000000,170.000000,18.000000,35.000000
163.000000,170.000000,18.000000,35.000000
162.000000,171.000000,18.000000,35.000000
161.000000,171.000000,18.000000,35.000000
163.000000,171.000000,18.000000,35.000000
163.000000,172.000000,18.000000,35.000000
165.000000,172.000000,18.000000,35.000000
165.000000,172.000000,18.000000,35.000000
164.000000,173.000000,18.000000,35.000000
168.000000,172.000000,18.000000,35.000000
170.000000,171.000000,18.000000,35.000000
170.000000,173.000000,18.000000,35.000000
173.000000,172.000000,18.000000,35.000000
173.000000,171.000000,18.000000,35.000000
174.000000,172.000000,18.000000,35.000000
174.000000,171.000000,18.000000,35.000000
177.000000,172.000000,18.000000,35.000000
180.000000,174.000000,18.000000,35.000000
181.000000,175.000000,18.000000,35.000000
183.000000,176.000000,18.000000,35.000000
186.000000,176.000000,18.000000,35.000000
188.000000,175.000000,18.000000,35.000000
190.000000,174.000000,18.000000,35.000000
192.000000,174.000000,18.000000,35.000000
195.000000,173.000000,18.000000,35.000000
199.000000,174.000000,18.000000,35.000000
200.000000,175.000000,18.000000,35.000000
201.000000,172.000000,18.000000,35.000000
203.000000,174.000000,18.000000,35.000000
205.000000,175.000000,18.000000,35.000000
207.000000,175.000000,18.000000,35.000000
208.000000,175.000000,18.000000,35.000000
211.000000,175.000000,18.000000,35.000000
212.000000,176.000000,18.000000,35.000000
214.000000,176.000000,18.000000,35.000000
214.000000,176.000000,18.000000,35.000000
214.000000,176.000000,18.000000,35.000000
214.000000,176.000000,18.000000,35.000000
214.000000,176.000000,18.000000,35.000000
2
0
0
0
0
1
246.000000,166.000000,18.199997,37.199997
249.000000,166.000000,18.199997,37.199997
252.000000,165.000000,18.199997,37.199997
253.000000,166.000000,18.199997,37.199997
256.000000,167.000000,18.199997,37.199997
259.000000,166.000000,18.199997,37.199997
261.000000,166.000000,18.199997,37.199997
265.000000,165.000000,18.199997,37.199997
268.000000,163.000000,18.199997,37.199997
269.000000,166.000000,18.199997,37.199997
274.000000,162.000000,18.199997,37.199997
277.000000,161.000000,18.199997,37.199997
281.000000,162.000000,18.199997,37.199997
283.000000,163.000000,18.199997,37.199997
287.000000,166.000000,18.199997,37.199997
288.000000,167.000000,18.199997,37.199997
290.000000,166.000000,18.199997,37.199997
290.000000,162.000000,18.199997,37.199997
290.000000,166.000000,18.199997,37.199997
289.000000,170.000000,18.199997,37.199997
2
0
0
0
0
1
327.000000,167.000000,16.600006,36.400009
326.000000,168.000000,16.600006,36.400009
325.000000,169.000000,16.600006,36.400009
326.000000,168.000000,16.600006,36.400009
326.000000,169.000000,16.600006,36.400009
2
0
0
0
0
1
356.000000,170.000000,19.250000,35.000000
353.000000,169.000000,19.250000,35.000000
356.000000,169.000000,19.250000,35.000000
359.000000,172.000000,19.250000,35.000000
361.000000,173.000000,19.250000,35.000000
362.000000,174.000000,19.250000,35.000000
363.000000,175.000000,19.250000,35.000000
360.000000,175.000000,19.250000,35.000000
360.000000,175.000000,19.250000,35.000000
360.000000,175.000000,19.250000,35.000000
361.000000,175.000000,19.250000,35.000000
361.000000,176.000000,19.250000,35.000000
361.000000,175.000000,19.250000,35.000000
362.000000,175.000000,19.250000,35.000000
361.000000,174.000000,19.250000,35.000000
361.000000,174.000000,19.250000,35.000000
359.000000,175.000000,19.250000,35.000000
360.000000,175.000000,19.250000,35.000000
