1
553.87,244.09,359.18,225.21,346.85,352.30,541.54,371.18
559.45,245.39,360.37,220.53,344.16,350.34,543.24,375.20
563.18,243.17,361.02,217.56,344.25,349.95,546.41,375.56
553.67,233.93,358.06,224.96,352.35,349.58,547.96,358.55
552.36,230.46,354.90,228.38,353.63,349.30,551.09,351.38
548.78,229.50,356.28,224.29,352.96,347.22,545.45,352.43
561.99,232.84,363.17,200.04,339.83,341.49,538.65,374.29
558.56,226.85,360.82,202.39,343.60,341.63,541.35,366.09
557.45,230.66,357.36,209.04,343.15,340.53,543.25,362.15
559.85,233.39,361.27,204.93,341.84,340.51,540.42,368.97
559.83,224.53,361.47,198.62,343.08,339.41,541.44,365.32
565.34,227.86,364.79,188.61,336.10,335.22,536.65,374.46
554.20,223.02,358.65,208.63,348.97,340.30,544.51,354.68
561.87,226.59,360.10,198.00,341.10,332.15,542.86,360.74
553.64,219.27,357.16,210.55,351.64,335.16,548.12,343.87
552.22,218.59,359.74,214.34,357.03,337.29,549.50,341.54
558.27,224.39,358.68,204.93,346.30,331.86,545.90,351.31
550.26,214.18,356.92,213.17,356.28,334.27,549.62,335.28
557.55,221.94,359.06,208.59,350.78,331.71,549.27,345.05
550.68,207.50,356.61,214.76,361.42,343.18,555.49,335.91
555.28,216.30,358.85,208.93,354.18,333.39,550.61,340.76
553.05,213.94,359.37,206.01,354.25,331.09,547.93,339.02
548.59,204.29,356.60,211.78,361.69,342.34,553.68,334.85
559.43,196.66,349.21,218.56,363.37,354.45,573.59,332.56
552.82,220.05,357.07,221.10,357.74,345.53,553.49,344.47
551.03,220.71,357.42,227.91,362.42,362.23,556.03,355.03
555.35,233.18,360.26,233.70,360.61,364.15,555.70,363.63
559.19,241.04,363.42,223.81,352.09,352.54,547.86,369.78
568.24,248.50,368.46,216.37,346.38,353.71,546.16,385.83
558.00,231.04,358.90,240.42,365.01,370.17,564.12,360.79
558.84,231.52,353.44,246.15,362.89,378.81,568.29,364.18
568.23,237.16,356.40,226.14,349.39,360.78,561.23,371.80
574.49,238.74,362.51,235.21,360.40,362.10,572.38,365.63
560.92,238.57,362.85,210.08,342.46,351.87,540.52,380.36
547.31,218.93,323.87,242.25,337.93,376.92,561.37,353.59
535.41,201.36,313.19,247.39,343.86,395.48,566.08,349.45
555.48,223.73,337.00,241.32,347.86,376.13,566.34,358.53
563.21,241.80,363.09,198.86,329.84,353.87,529.95,396.80
559.19,238.95,356.67,203.30,331.19,348.02,533.71,383.67
554.37,230.15,341.84,234.76,344.61,362.23,557.14,357.61
554.53,239.33,347.81,220.08,335.43,353.00,542.15,372.25
562.35,232.21,342.81,232.96,343.23,356.15,562.77,355.40
555.07,228.18,340.29,233.88,343.62,359.12,558.39,353.42
555.78,242.33,343.48,229.00,335.77,351.73,548.08,365.06
549.36,216.54,336.33,233.81,347.23,368.41,560.27,351.15
542.22,200.57,329.64,242.20,358.23,388.19,570.81,346.56
540.03,197.18,324.36,244.87,356.54,390.39,572.21,342.70
537.20,215.48,324.89,241.52,341.30,375.31,553.61,349.27
532.32,203.21,315.93,239.51,339.47,379.80,555.85,343.50
526.09,210.01,315.94,236.65,333.21,372.83,543.36,346.18
549.98,209.96,313.95,243.36,332.76,376.23,568.79,342.82
546.51,214.31,309.75,242.85,325.41,372.76,562.17,344.22
529.30,212.94,304.73,243.99,322.82,374.81,547.39,343.76
511.72,210.11,298.18,242.68,318.79,377.80,532.32,345.24
538.26,206.78,297.24,237.84,314.75,373.73,555.77,342.68
531.41,202.72,288.67,243.00,311.28,379.21,554.01,338.93
526.57,205.35,291.08,231.93,306.88,371.89,542.36,345.32
512.24,211.73,284.87,230.70,296.25,367.17,523.63,348.20
509.82,208.53,283.63,228.11,295.40,364.07,521.59,344.49
508.77,209.97,279.42,234.59,293.43,365.03,522.77,340.41
514.99,198.76,273.05,234.43,293.01,369.78,534.94,334.11
507.68,200.92,272.24,232.93,290.54,367.49,525.98,335.48
507.21,170.52,258.37,240.15,299.62,387.56,548.45,317.93
515.22,173.99,270.19,232.35,306.01,382.74,551.04,324.39
518.65,179.50,282.30,227.70,312.66,376.59,549.02,328.40
529.79,191.19,288.34,223.88,306.88,360.87,548.33,328.18
510.62,180.93,268.62,235.06,301.20,380.68,543.19,326.56
508.59,171.46,267.93,236.67,309.47,389.98,550.13,324.77
519.85,162.94,263.41,236.14,305.62,384.00,562.05,310.80
506.84,169.45,272.48,233.50,312.39,379.52,546.75,315.47
510.14,171.99,270.71,231.63,307.31,378.53,546.74,318.89
506.24,164.30,266.70,232.66,309.38,382.23,548.92,313.87
499.74,167.69,269.54,234.94,313.02,383.78,543.22,316.53
498.03,168.27,266.46,227.81,305.20,378.51,536.78,318.96
500.37,164.14,264.59,237.23,309.90,383.42,545.69,310.33
496.54,158.39,265.01,232.14,313.18,383.34,544.70,309.59
502.93,160.23,265.21,238.45,313.49,385.17,551.21,306.94
506.01,183.55,269.06,223.79,292.68,362.92,529.64,322.68
492.72,160.10,257.44,225.40,299.33,376.32,534.61,311.03
497.11,149.73,256.17,224.26,303.48,377.22,544.42,302.69
497.61,144.27,258.13,219.53,306.10,372.17,545.58,296.91
493.65,140.25,257.26,217.51,307.45,371.07,543.84,293.82
500.07,128.88,257.48,218.49,313.64,370.54,556.24,280.94
517.06,163.02,268.41,197.45,288.31,341.18,536.96,306.76
488.05,156.03,263.03,203.79,295.21,355.43,520.24,307.66
480.23,151.70,263.88,195.70,294.89,348.16,511.24,304.16
475.08,148.77,261.67,192.25,293.34,347.69,506.75,304.22
486.68,160.29,282.84,186.65,301.61,331.79,505.45,305.43
516.82,149.60,285.57,191.56,312.29,338.86,543.55,296.90
502.98,149.22,282.24,187.59,307.98,335.64,528.72,297.27
500.27,130.88,271.79,193.50,314.56,349.54,543.03,286.92
506.00,148.07,286.35,183.48,310.63,334.09,530.28,298.68
501.04,153.67,284.85,188.38,308.27,334.25,524.46,299.54
504.65,160.19,287.43,187.50,305.60,331.99,522.82,304.69
501.65,147.60,280.44,195.64,309.73,330.53,530.95,282.49
503.29,143.99,277.98,199.45,311.92,337.35,537.23,281.89
502.32,141.88,278.11,208.19,318.29,344.03,542.49,277.73
506.04,140.84,282.57,216.18,328.12,351.29,551.59,275.95
524.05,159.55,289.14,220.07,323.87,354.91,558.79,294.40
532.70,180.57,298.52,221.76,322.20,356.39,556.37,315.21
495.11,173.87,284.12,248.49,331.32,381.95,542.31,307.33
515.20,192.15,293.97,242.41,324.62,377.31,545.85,327.05
502.10,203.32,292.91,256.44,326.55,388.94,535.74,335.83
499.71,202.96,286.80,264.20,324.76,396.16,537.66,334.92
520.85,214.82,299.49,267.92,330.45,396.96,551.80,343.86
516.74,240.37,315.34,258.57,327.21,389.97,528.62,371.76
514.87,217.65,296.29,293.54,341.60,424.04,560.18,348.15
532.40,228.12,308.23,273.73,335.95,409.94,560.11,364.32
523.36,223.13,298.89,295.38,340.82,425.64,565.28,353.40
522.17,235.45,317.80,280.60,347.95,417.10,552.33,371.95
508.74,223.49,305.62,307.08,358.90,436.55,562.02,352.97
514.76,237.64,309.93,300.56,351.10,434.56,555.92,371.64
506.88,241.06,312.69,312.16,359.88,441.06,554.08,369.95
528.72,245.94,316.57,315.80,359.22,445.34,571.37,375.48
531.61,237.02,318.82,319.37,369.50,450.30,582.28,367.96
522.22,227.36,323.28,329.11,390.57,460.66,589.50,358.91
532.01,249.04,326.58,325.87,375.25,455.99,580.68,379.16
539.20,249.55,331.04,323.39,377.70,454.94,585.86,381.10
541.27,254.52,330.56,323.89,373.58,454.58,584.29,385.21
532.69,246.95,324.44,327.63,375.51,459.43,583.75,378.74
531.62,251.74,329.23,331.48,379.45,458.96,581.84,379.22
526.78,237.49,325.63,326.91,386.35,463.50,587.50,374.08
523.56,227.45,314.41,335.31,383.85,469.98,593.01,362.13
532.86,228.37,315.24,334.19,380.70,468.80,598.32,362.99
551.26,254.59,328.23,320.67,367.16,452.05,590.19,385.96
529.69,233.73,321.04,339.18,384.88,465.50,593.53,360.05
525.83,244.66,319.70,340.77,376.66,462.92,582.78,366.82
530.30,239.03,315.92,340.01,374.37,464.10,588.75,363.13
533.28,248.15,314.17,334.00,362.56,457.50,581.67,371.65
517.10,239.35,314.30,333.21,372.63,459.25,575.43,365.38
501.05,226.79,318.09,345.99,396.93,467.00,579.89,347.80
505.01,225.24,316.93,345.33,394.14,466.25,582.22,346.15
522.74,225.24,320.61,341.60,392.53,466.53,594.66,350.17
533.09,223.45,307.02,339.80,375.31,472.49,601.38,356.14
525.60,231.49,322.80,343.82,392.57,469.79,595.37,357.45
478.80,227.24,316.56,361.95,421.49,488.33,583.73,353.62
493.83,223.61,307.64,343.63,395.26,479.56,581.45,359.53
489.85,219.80,292.93,349.19,383.64,487.23,580.55,357.83
536.85,234.64,301.83,346.26,367.62,484.81,602.65,373.19
554.78,239.72,311.01,325.68,359.10,462.08,602.88,376.12
548.08,236.59,317.49,331.84,372.15,464.17,602.75,368.92
520.29,236.78,313.01,344.34,378.47,470.48,585.75,362.91
517.02,242.24,310.58,339.43,370.81,467.36,577.25,370.16
512.29,237.68,309.44,341.94,375.08,469.65,577.93,365.38
518.12,240.21,317.16,340.33,381.29,469.04,582.25,368.92
518.66,235.55,318.40,345.59,395.69,486.24,595.95,376.21
510.89,228.74,314.58,350.90,400.52,488.99,596.82,366.82
518.10,222.92,319.58,346.81,406.77,486.51,605.29,362.61
523.95,224.45,331.87,342.26,421.24,487.98,613.32,370.17
551.89,221.67,333.04,351.63,415.72,490.87,634.57,360.92
547.00,236.66,330.49,365.62,421.82,518.94,638.32,389.97
548.64,249.75,335.62,381.52,427.39,529.88,640.41,398.11
527.33,245.66,332.91,383.54,433.72,525.69,628.14,387.81
546.09,256.08,338.57,374.86,423.46,523.16,630.97,404.38
537.71,255.37,336.06,385.36,430.94,532.55,632.59,402.56
529.29,257.52,328.70,397.94,405.71,507.95,606.30,367.53
522.00,258.91,326.26,401.20,404.03,508.19,599.77,365.90
516.50,253.72,326.97,399.95,409.65,507.11,599.18,360.88
523.97,250.61,331.89,409.91,419.95,516.10,612.03,356.80
537.34,245.80,344.69,410.34,435.20,516.32,627.86,351.78
539.82,235.24,338.19,413.28,431.17,518.58,632.80,340.54
536.28,237.43,346.58,407.06,437.10,508.29,626.80,338.66
531.55,241.75,341.26,413.09,431.17,512.95,621.47,341.62
537.10,249.89,324.58,394.37,396.34,499.93,608.86,355.44
514.43,245.74,317.47,404.27,399.63,506.35,596.59,347.82
523.71,241.47,325.08,405.37,407.60,505.38,606.23,341.48
546.97,255.31,338.41,392.22,407.45,497.39,616.01,360.47
544.83,244.52,338.52,376.54,415.22,496.39,621.52,364.37
542.76,241.73,319.62,372.56,391.62,495.36,614.76,364.53
539.55,236.09,310.51,350.45,376.28,482.18,605.33,367.82
507.28,227.34,301.76,346.19,372.86,469.13,578.37,350.28
491.59,191.81,309.09,365.63,404.18,465.47,586.68,291.64
480.88,180.98,306.48,363.43,408.90,461.34,583.31,278.89
476.13,182.05,306.69,374.88,413.53,468.76,582.97,275.93
493.19,186.38,295.58,365.34,386.34,465.57,583.96,286.61
482.14,185.14,298.93,372.10,394.25,465.51,577.46,278.55
488.04,171.34,298.94,354.31,394.52,453.08,583.61,270.11
505.55,143.52,311.84,342.73,408.45,436.67,602.16,237.46
517.10,126.27,310.76,310.59,396.82,406.93,603.16,222.61
513.29,92.69,314.80,287.81,409.94,384.59,608.43,189.47
534.32,77.40,325.03,252.57,409.68,353.71,618.97,178.54
535.95,63.16,330.19,242.43,428.57,355.36,634.34,176.08
554.56,50.51,339.40,209.10,424.19,324.14,639.35,165.55
551.73,52.99,338.52,201.59,418.28,316.03,631.49,167.43
548.58,63.32,335.18,207.62,413.07,322.81,626.47,178.51
535.93,54.56,351.01,221.24,451.39,332.61,636.31,165.93
533.17,43.14,370.38,221.08,478.94,320.40,641.73,142.45
536.49,31.21,358.25,202.18,458.11,306.28,636.35,135.31
532.41,21.06,340.84,171.50,428.51,283.14,620.09,132.70
529.03,10.30,332.97,154.20,416.95,268.62,613.01,124.72
522.12,-5.62,329.66,146.54,419.28,259.91,611.75,107.76
522.77,-22.28,339.43,138.12,434.79,247.12,618.13,86.72
526.35,-28.26,339.86,125.05,428.31,232.64,614.80,79.32
537.89,-28.54,334.83,135.97,419.38,240.33,622.44,75.81
511.55,-21.86,323.38,153.36,417.96,254.92,606.12,79.71
504.07,-10.61,320.69,164.32,416.48,264.74,599.87,89.81
509.08,-4.36,328.92,150.30,420.21,256.65,600.37,101.99
501.11,-2.42,336.56,156.47,431.98,255.30,596.54,96.42
516.51,-0.34,333.72,131.57,415.79,245.29,598.58,113.37
514.34,9.05,332.89,136.84,413.09,250.72,594.54,122.94
511.63,-11.67,339.04,150.11,435.97,253.51,608.56,91.74
524.09,2.71,342.15,150.93,430.75,259.69,612.69,111.46
526.62,8.99,342.91,165.29,434.33,272.74,618.04,116.44
539.48,39.14,346.29,177.04,427.85,291.30,621.03,153.41
535.18,42.41,352.92,214.08,449.27,316.37,631.52,144.70
541.15,62.13,358.92,234.93,454.68,335.93,636.92,163.13
547.22,78.87,370.10,248.38,463.90,346.40,641.03,176.88
525.88,90.95,361.26,281.95,464.39,370.83,629.01,179.83
532.60,110.19,373.95,296.55,475.25,382.79,633.90,196.42
554.91,109.84,386.69,296.19,484.64,384.61,652.86,198.26
541.12,114.69,385.18,291.98,483.74,378.67,639.68,201.39
519.98,116.27,371.60,286.58,473.62,375.47,622.00,205.16
501.65,122.00,355.60,295.35,458.80,382.30,604.85,208.95
502.09,116.21,348.57,302.19,452.28,387.81,605.81,201.83
511.42,117.62,363.88,294.77,464.40,378.49,611.94,201.34
511.87,118.73,366.90,293.58,466.01,375.75,610.98,200.90
506.35,121.09,345.79,312.75,442.56,393.82,603.12,202.16
494.92,130.96,344.90,316.20,441.26,394.24,591.28,208.99
496.19,138.34,330.00,322.90,423.25,406.87,589.44,222.30
480.28,141.74,327.22,337.77,424.46,413.70,577.52,217.67
477.43,147.84,320.27,355.08,416.25,427.86,573.41,220.62
457.04,153.88,321.75,372.18,427.97,438.01,563.26,219.71
471.53,152.69,323.89,361.44,428.70,435.56,576.34,226.82
473.07,162.46,329.06,368.26,432.51,440.65,576.52,234.84
484.78,158.51,332.17,370.21,430.59,441.16,583.20,229.45
487.38,153.52,335.81,372.80,439.50,444.48,591.08,225.19
481.48,156.11,345.38,373.51,448.43,438.03,584.53,220.62
487.99,154.26,341.60,367.39,446.30,439.30,592.68,226.16
500.45,154.65,344.34,366.77,444.72,440.64,600.83,228.52
503.21,149.07,346.51,366.59,453.96,444.00,610.66,226.48
500.82,159.09,352.09,377.15,456.25,448.19,604.97,230.12
501.88,171.20,357.92,386.74,455.91,452.19,599.86,236.64
481.18,170.69,362.67,404.60,472.81,460.40,591.31,226.49
475.67,176.27,367.80,404.49,478.56,456.85,586.44,228.63
484.85,180.66,361.82,406.31,464.90,462.51,587.93,236.86
476.29,189.54,348.57,406.54,449.23,465.78,576.95,248.77
472.14,193.39,341.07,405.46,440.90,467.17,571.98,255.10
484.46,189.71,344.97,413.08,444.37,475.15,583.86,251.77
491.70,195.23,350.46,416.73,449.65,479.98,590.89,258.48
486.28,202.79,352.12,420.91,450.73,481.56,584.88,263.43
455.09,211.69,370.89,432.53,478.43,473.53,562.64,252.70
465.98,219.36,363.89,424.06,463.58,473.78,565.68,269.08
478.69,220.98,354.47,419.53,450.39,479.54,574.61,280.99
487.95,228.77,357.90,414.03,451.35,479.63,581.39,294.37
484.88,231.40,360.79,417.36,455.97,480.88,580.06,294.92
490.32,222.89,357.47,426.15,453.21,488.73,586.06,285.46
493.64,223.57,363.73,414.72,458.39,479.06,588.30,287.91
494.99,225.79,368.28,421.96,462.35,482.72,589.06,286.56
478.67,229.00,373.36,426.13,469.36,477.41,574.67,280.28
475.84,220.47,376.74,427.76,476.63,475.52,575.73,268.23
482.30,212.79,377.43,431.42,473.99,477.74,578.87,259.11
474.79,225.32,378.94,432.73,477.23,478.15,573.08,270.74
455.55,246.10,383.96,442.72,485.94,479.85,557.53,283.23
475.14,222.74,376.51,424.45,470.11,470.22,568.74,268.51
449.42,223.07,376.52,431.27,484.79,469.19,557.70,260.99
435.79,220.98,372.33,428.70,483.37,462.63,546.84,254.91
454.39,207.18,364.14,414.37,464.91,458.26,555.15,251.08
438.69,194.27,377.52,406.18,486.27,437.57,547.44,225.66
436.28,188.48,375.08,396.38,486.77,429.26,547.98,221.36
445.31,186.82,360.09,382.11,463.00,427.02,548.22,231.73
439.27,186.75,353.38,378.23,453.25,423.03,539.14,231.55
444.73,175.92,360.80,366.71,463.80,412.02,547.73,221.23
437.90,170.13,357.56,365.66,461.53,408.38,541.88,212.85
456.06,163.05,355.80,346.67,451.84,399.12,552.11,215.50
443.60,146.05,366.86,344.99,470.69,385.05,547.43,186.10
438.02,141.84,368.49,344.78,475.34,381.39,544.87,178.45
463.01,136.53,358.22,330.44,452.84,381.57,557.63,187.67
453.20,144.45,356.26,315.73,450.74,369.20,547.67,197.92
483.89,152.65,361.06,276.41,435.39,350.18,558.22,226.42
450.06,137.43,364.75,307.27,461.80,356.02,547.11,186.18
479.77,141.71,362.66,284.70,442.30,349.93,559.41,206.94
490.12,146.29,368.28,273.43,444.66,346.62,566.50,219.48
462.51,138.46,373.84,286.64,464.10,340.65,552.77,192.47
478.98,131.15,372.78,279.50,457.85,340.40,564.05,192.05
486.56,131.65,370.84,277.21,448.88,339.24,564.59,193.69
494.47,134.77,364.87,259.82,441.46,339.19,571.06,214.13
487.37,135.31,362.18,269.97,437.91,340.37,563.11,205.71
466.24,131.55,364.66,282.09,447.43,337.94,549.00,187.39
446.36,143.23,364.94,293.48,453.92,341.69,535.34,191.45
451.29,144.30,372.08,282.75,456.35,330.96,535.56,192.51
452.20,132.22,372.41,280.32,464.55,329.96,544.34,181.86
439.19,145.92,366.24,276.47,456.31,326.80,529.26,196.24
391.95,168.21,367.15,297.05,470.68,316.98,495.48,188.15
391.43,162.28,360.22,297.17,458.06,319.81,489.27,184.92
368.83,174.64,366.72,305.46,472.27,307.16,474.38,176.35
365.92,139.04,376.65,305.16,472.70,298.95,461.97,132.84
370.79,148.67,354.51,301.26,457.06,312.20,473.34,159.61
362.47,134.73,354.74,304.89,456.71,309.53,464.44,139.36
378.67,136.26,342.84,295.98,447.06,319.36,482.89,159.64
363.73,138.25,311.14,288.73,425.31,328.63,477.90,178.15
364.38,139.67,316.00,291.32,429.33,327.47,477.71,175.82
356.95,137.56,318.19,294.74,428.10,321.83,466.85,164.66
358.29,142.56,317.26,292.64,427.98,322.90,469.00,172.82
359.44,150.35,307.08,281.55,415.47,324.81,467.83,193.60
350.90,143.89,310.16,294.10,417.46,323.20,458.21,172.99
346.91,156.98,295.29,285.28,401.21,327.90,452.83,199.60
339.00,149.87,297.08,290.61,401.90,321.83,443.82,181.10
337.63,151.79,289.50,287.02,398.79,325.92,446.92,190.69
341.67,153.05,296.55,293.44,403.75,327.89,448.87,187.50
347.15,153.54,320.49,297.00,421.01,315.68,447.67,172.22
357.36,155.55,310.39,296.05,413.12,330.40,460.10,189.90
363.69,157.93,318.77,294.66,419.28,327.68,464.19,190.94
367.72,158.57,326.86,293.63,427.58,324.11,468.44,189.05
371.02,143.87,322.97,294.12,422.61,325.99,470.67,175.74
379.02,146.20,318.82,289.41,414.02,329.43,474.21,186.22
359.51,143.09,306.20,291.12,413.06,329.60,466.37,181.57
355.80,142.29,305.68,295.34,406.89,328.49,457.01,175.43
353.69,144.62,305.77,295.89,404.12,327.05,452.04,175.77
347.64,140.94,291.25,291.38,394.23,329.99,450.62,179.54
342.15,147.15,298.41,297.75,397.30,326.47,441.03,175.86
343.89,133.82,308.08,299.75,399.25,319.42,435.06,153.50
341.79,120.17,299.62,298.34,394.07,320.69,436.25,142.53
346.39,117.71,299.90,296.34,396.96,321.61,443.45,142.97
360.14,112.72,308.99,294.55,399.78,320.09,450.93,138.26
363.32,88.59,306.51,287.25,399.76,313.91,456.57,115.25
369.96,82.26,302.15,286.84,394.85,317.57,462.66,112.98
373.20,80.73,301.80,280.04,386.61,310.42,458.00,111.11
362.91,127.06,321.60,280.77,402.48,302.50,443.79,148.80
366.53,126.42,321.74,287.81,408.39,311.86,453.18,150.47
372.45,127.78,331.01,287.36,414.88,309.14,456.32,149.56
367.51,130.85,339.72,279.69,428.90,296.34,456.69,147.51
384.20,116.33,341.62,286.44,426.30,307.63,468.89,137.52
391.51,111.18,347.90,291.59,428.79,311.14,472.40,130.73
388.79,109.60,366.06,291.70,445.95,301.67,468.68,119.57
402.42,105.59,374.42,290.34,448.30,301.53,476.29,116.79
403.30,104.97,369.16,287.89,452.62,303.47,486.77,120.55
414.44,98.23,381.40,287.37,458.07,300.76,491.11,111.62
414.58,109.98,375.97,296.99,449.34,312.14,487.95,125.12
414.35,125.61,375.50,296.53,445.29,312.39,484.15,141.48
399.94,120.08,368.28,296.66,450.36,311.37,482.02,134.80
408.74,122.56,365.06,292.54,438.80,311.49,482.47,141.51
412.16,124.49,370.42,288.65,438.92,306.07,480.66,141.91
400.56,116.89,368.22,287.88,439.04,301.28,471.39,130.29
396.12,124.82,374.23,289.96,443.63,299.15,465.51,134.01
400.93,116.65,373.70,289.77,441.33,300.40,468.55,127.28
406.13,106.10,370.41,286.21,434.34,298.90,470.06,118.78
407.82,99.80,369.21,284.90,432.80,298.16,471.41,113.07
409.55,98.41,364.13,282.10,432.42,298.99,477.84,115.30
405.11,108.07,370.50,282.53,436.56,295.63,471.17,121.17
402.04,111.26,375.30,285.12,437.59,294.70,464.33,120.84
406.51,97.08,368.39,283.98,427.96,296.13,466.09,109.23
403.86,91.04,369.76,284.15,432.57,295.24,466.66,102.13
401.79,88.13,366.95,285.65,430.12,296.79,464.96,99.27
404.71,89.56,367.74,281.71,428.99,293.49,465.96,101.34
403.72,90.45,368.05,279.68,427.35,290.86,463.02,101.62
401.56,101.76,366.02,288.47,426.04,299.90,461.59,113.19
399.30,120.86,363.30,289.31,422.11,301.88,458.10,133.43
394.34,115.63,361.05,291.65,420.07,302.81,453.36,126.79
390.96,125.40,362.18,292.79,421.01,302.91,449.79,135.52
393.81,122.08,358.93,296.24,416.05,307.67,450.92,133.52
397.98,117.20,363.43,288.83,413.51,298.91,448.07,127.29
398.34,131.18,358.59,293.15,409.98,305.76,449.72,143.79
399.25,128.77,352.44,292.78,406.08,308.09,452.89,144.08
396.29,137.02,353.27,286.62,406.75,302.00,449.77,152.39
388.31,129.73,352.47,299.44,404.27,310.38,440.11,140.67
396.82,124.24,350.30,295.21,399.77,308.67,446.29,137.70
393.67,127.36,343.66,297.23,395.41,312.47,445.42,142.60
392.02,132.11,345.89,298.88,396.53,312.89,442.66,146.12
411.86,123.40,336.41,290.83,385.82,313.09,461.27,145.67
403.48,126.61,339.50,288.94,391.38,309.39,455.36,147.06
406.19,130.02,335.69,305.69,383.89,325.03,454.38,149.36
401.91,128.22,330.36,309.88,381.25,329.92,452.80,148.26
400.95,131.55,336.13,305.55,383.42,323.17,448.25,149.17
400.62,133.77,335.40,307.73,381.61,325.05,446.83,151.09
402.32,123.97,337.02,301.09,382.51,317.86,447.80,140.74
400.98,133.24,336.49,302.46,379.19,318.73,443.68,149.52
378.05,172.84,337.71,304.83,381.16,318.11,421.50,186.13
375.56,169.90,333.70,310.53,379.02,324.02,420.89,183.40
383.05,168.23,331.48,311.76,372.45,326.48,424.02,182.95
379.51,171.02,332.66,311.96,369.91,324.34,416.76,183.40
371.54,174.35,332.67,312.40,375.11,324.35,413.98,186.30
367.65,195.63,332.23,310.04,374.27,323.06,409.69,208.64
365.48,197.32,331.59,318.70,372.87,330.22,406.76,208.84
371.88,189.83,325.12,325.22,364.74,338.90,411.50,203.51
362.89,206.41,325.77,326.40,369.24,339.85,406.37,219.86
362.45,214.46,325.65,329.99,367.96,343.47,404.76,227.94
353.10,230.16,325.60,336.48,368.17,347.50,395.68,241.18
352.21,225.59,324.59,336.27,368.85,347.31,396.47,236.64
351.22,238.15,325.13,338.95,366.50,349.66,392.59,248.86
356.45,243.02,323.64,339.77,366.18,354.19,398.99,257.45
355.28,249.62,323.13,341.24,366.09,356.31,398.24,264.70
357.34,241.51,322.74,353.12,362.39,365.41,396.99,253.79
355.41,246.11,322.83,348.55,362.05,361.02,394.63,258.58
368.66,248.64,322.56,339.10,358.25,357.29,404.36,266.84
357.88,254.47,322.27,354.92,359.16,368.00,394.77,267.55
350.86,260.73,319.25,358.95,355.15,370.50,386.76,272.28
339.85,252.03,314.49,361.79,352.56,370.58,377.92,260.82
327.00,266.78,310.80,355.65,350.82,362.95,367.02,274.08
327.93,262.88,307.03,355.68,342.86,363.76,363.76,270.95
329.22,275.79,301.92,353.06,339.43,366.31,366.73,289.04
314.13,291.33,297.29,361.66,334.01,370.45,350.85,300.13
308.96,273.71,284.76,366.35,324.32,376.69,348.51,284.04
310.76,271.28,283.22,364.77,319.04,375.32,346.58,281.83
312.36,277.55,281.69,366.48,318.05,379.02,348.73,290.09
299.17,268.71,281.21,366.86,316.88,373.39,334.83,275.23
310.37,271.66,279.81,366.72,311.83,377.01,342.39,281.95
317.03,254.01,275.24,366.42,310.06,379.36,351.85,266.96
313.65,256.89,271.24,375.22,305.05,387.33,347.46,269.00
311.00,256.50,268.63,377.65,303.28,389.76,345.65,268.62
310.37,257.50,268.31,378.92,298.36,389.32,340.41,267.90
310.70,262.87,271.78,374.35,302.16,384.95,341.07,273.47
311.73,262.69,273.16,379.58,297.54,387.62,336.11,270.74
304.23,270.83,275.57,380.46,311.36,389.82,340.02,280.19
302.83,270.78,278.23,381.82,311.13,389.11,335.73,278.07
308.97,268.98,275.43,382.19,309.31,392.23,342.85,279.02
308.97,271.40,283.13,388.51,312.61,395.01,338.45,277.90
321.40,278.96,283.59,385.82,313.16,396.28,350.97,289.42
314.91,284.18,278.23,392.23,301.82,400.23,338.49,292.18
314.74,281.60,284.74,390.48,312.71,398.19,342.71,289.31
313.09,281.82,285.38,391.38,314.14,398.66,341.85,289.10
310.26,285.04,288.10,392.05,317.89,398.22,340.05,291.21
313.04,286.97,288.99,394.17,314.28,399.84,338.32,292.64
305.27,291.74,289.30,396.90,316.85,401.08,332.82,295.92
304.09,296.31,279.94,400.56,314.81,408.64,338.96,304.38
309.65,295.87,286.49,391.86,316.98,399.21,340.14,303.22
313.56,296.56,286.65,393.72,318.70,402.60,345.61,305.44
295.20,300.02,282.26,398.95,323.40,404.33,336.34,305.40
296.11,296.36,283.59,397.97,324.12,402.97,336.64,301.36
288.53,296.33,279.78,396.64,324.41,400.53,333.16,300.23
295.25,303.43,282.66,397.32,324.33,402.91,336.91,309.01
287.63,307.45,292.75,440.27,335.27,438.63,330.15,305.82
287.72,307.18,292.35,438.66,335.20,437.15,330.58,305.67
270.73,313.73,298.08,443.24,355.13,431.20,327.78,301.68
275.33,322.59,315.19,448.42,364.84,432.69,324.97,306.86
281.09,316.50,318.26,449.04,371.37,434.14,334.20,301.61
283.53,325.66,323.59,447.31,369.73,432.11,329.67,310.47
288.01,325.63,327.31,447.54,374.18,432.43,334.88,310.52
294.14,326.06,328.79,444.00,369.86,431.93,335.21,314.00
294.53,326.99,333.28,442.56,372.56,429.39,333.81,313.82
378.59,437.13,339.47,317.70,307.98,328.01,347.10,447.45
374.31,433.99,335.00,312.81,300.43,324.03,339.74,445.20
376.71,433.58,337.10,308.58,296.76,321.37,336.37,446.36
387.53,451.86,325.90,297.23,284.06,313.90,345.69,468.53
387.42,450.56,338.44,301.15,292.12,316.33,341.10,465.74
377.35,447.78,333.26,300.00,295.71,311.20,339.80,458.99
379.16,444.48,332.18,299.93,292.56,312.81,339.54,457.36
372.66,434.42,329.32,296.92,293.60,308.18,336.94,445.68
297.21,293.68,325.60,436.64,369.09,428.00,340.71,285.05
364.26,421.65,332.18,283.01,293.42,291.98,325.49,430.61
362.32,418.52,325.48,283.14,286.26,293.81,323.10,429.19
362.52,414.20,327.02,270.83,287.65,280.58,323.16,423.95
361.68,419.21,324.12,277.79,283.77,288.51,321.33,429.93
359.94,404.33,323.25,270.80,277.64,283.34,314.33,416.86
352.13,401.43,315.40,273.01,271.99,285.42,308.72,413.84
277.34,271.20,306.05,414.50,343.41,407.02,314.71,263.71
281.08,262.36,305.98,413.54,339.55,408.01,314.64,256.83
267.60,259.68,308.52,416.36,348.22,405.99,307.31,249.31
273.96,263.85,302.24,408.76,338.56,401.68,310.28,256.76
283.39,259.28,299.00,402.98,335.39,399.03,319.78,255.33
293.07,251.64,287.39,394.55,332.76,396.36,338.44,253.45
292.88,254.47,286.18,391.67,326.34,393.63,333.05,256.43
305.78,249.92,285.65,391.30,325.15,396.92,345.28,255.54
301.96,230.62,275.90,384.96,321.26,392.61,347.32,238.28
275.70,226.69,269.73,378.92,333.48,381.42,339.45,229.19
266.77,226.85,273.20,382.69,340.76,379.90,334.32,224.06
264.23,226.71,270.51,372.98,340.05,370.00,333.76,223.72
283.40,221.73,267.84,371.35,331.39,377.97,346.96,228.34
293.85,220.19,262.61,372.92,324.44,385.57,355.68,232.83
275.23,226.44,258.13,369.53,331.93,378.35,349.04,235.26
290.28,207.87,256.89,366.81,326.31,381.39,359.71,222.45
302.47,208.82,257.27,361.28,321.84,380.42,367.03,227.96
304.98,201.76,256.39,368.63,318.13,386.61,366.72,219.74
318.66,201.59,253.98,363.94,314.57,388.08,379.24,225.73
303.90,205.66,251.35,358.58,313.62,379.98,366.18,227.07
300.68,204.07,247.57,361.59,309.98,382.63,363.08,225.11
305.49,204.19,244.77,361.89,306.54,385.67,367.25,227.97
305.87,203.19,244.00,359.23,301.36,381.98,363.23,225.93
311.98,196.33,243.48,357.18,299.32,380.96,367.82,220.11
295.89,188.72,239.52,359.34,317.76,385.19,374.13,214.57
298.28,178.49,232.63,354.74,315.41,385.58,381.07,209.33
304.00,173.40,226.25,352.31,307.47,387.60,385.22,208.70
277.52,253.90,220.18,352.83,295.85,396.69,353.19,297.76
262.24,242.99,212.90,347.67,293.31,385.57,342.65,280.89
267.87,245.09,208.44,347.04,285.27,391.82,344.69,289.88
269.20,247.05,209.22,344.51,277.97,386.82,337.95,289.36
271.18,249.76,206.46,341.85,275.83,390.60,340.55,298.51
272.57,246.84,203.39,339.72,270.84,389.97,340.03,297.09
280.67,249.65,198.62,339.76,257.55,393.42,339.60,303.31
278.81,246.27,198.98,339.82,261.05,392.79,340.88,299.24
281.07,245.72,184.76,342.08,244.02,401.31,340.33,304.94
286.23,242.84,186.31,339.10,241.35,396.23,341.27,299.97
280.78,239.19,184.77,336.52,240.05,391.05,336.05,293.71
289.03,248.03,185.03,334.35,230.83,389.53,334.83,303.20
286.85,237.74,185.63,332.79,243.67,394.59,344.89,299.54
290.39,235.39,190.07,331.16,243.08,386.69,343.41,290.93
294.20,238.27,190.01,327.63,238.88,384.60,343.06,295.25
299.91,231.59,188.25,327.05,236.40,383.38,348.06,287.92
305.08,230.59,191.37,326.32,238.17,381.92,351.88,286.19
313.74,234.71,198.08,326.72,239.01,378.18,354.68,286.17
316.33,231.41,196.61,323.16,239.71,379.40,359.43,287.65
311.85,226.10,197.75,320.42,243.30,375.54,357.41,281.22
310.45,229.36,201.96,322.62,247.20,375.24,355.68,281.98
312.06,217.73,200.81,318.15,253.34,376.35,364.59,275.93
324.32,219.47,205.17,319.61,252.00,375.33,371.16,275.18
337.75,235.67,213.95,322.87,250.22,374.36,374.02,287.16
335.76,227.70,218.14,323.02,262.14,377.32,379.76,282.00
340.66,229.88,222.16,326.80,266.14,380.58,384.65,283.66
340.87,232.89,218.02,335.45,256.13,381.09,378.97,278.53
346.18,243.71,227.34,342.19,264.10,386.54,382.93,288.06
353.38,240.60,231.66,320.94,264.71,371.02,386.44,290.68
355.52,238.59,237.56,323.45,275.70,376.48,393.66,291.61
361.73,239.15,235.15,328.88,273.16,382.50,399.74,292.77
367.78,249.88,239.10,330.15,275.69,388.81,404.37,308.54
366.55,244.53,235.18,330.85,272.65,387.86,404.01,301.54
377.75,251.36,222.71,335.94,252.78,391.07,407.82,306.49
381.00,259.27,215.47,337.57,241.70,393.03,407.24,314.73
391.18,260.53,221.62,334.95,248.23,395.57,417.78,321.15
378.84,253.07,220.59,339.81,258.70,409.33,416.94,322.59
383.37,255.38,221.88,335.58,256.01,404.30,417.50,324.09
380.80,259.68,222.27,345.93,253.88,404.03,412.41,317.78
381.77,256.87,221.49,345.03,256.80,409.23,417.08,321.07
376.21,253.65,218.70,351.29,260.46,418.66,417.97,321.03
374.18,249.52,225.44,357.74,272.87,422.92,421.60,314.70
375.04,247.56,223.49,361.56,274.00,428.71,425.56,314.71
378.26,255.02,203.30,379.42,249.73,444.73,424.70,320.33
379.10,255.42,205.39,379.39,251.72,444.30,425.43,320.33
377.97,256.43,199.42,378.76,245.68,446.27,424.23,323.94
380.52,257.95,204.28,379.16,248.93,444.09,425.18,322.88
380.28,254.12,206.38,375.49,253.67,443.24,427.56,321.87
369.64,241.15,207.88,370.82,268.03,445.86,429.79,316.19
375.32,245.88,207.24,370.57,259.92,441.57,427.99,316.89
374.90,246.08,204.24,373.45,257.41,444.69,428.07,317.33
373.88,241.53,205.30,372.03,260.48,443.30,429.05,312.80
366.78,238.15,202.30,370.85,262.29,445.21,426.77,312.52
370.10,233.27,200.42,366.73,262.98,446.27,432.66,312.80
378.18,240.37,202.25,363.73,257.62,442.69,433.55,319.33
384.02,247.97,196.19,372.52,241.83,441.35,429.66,316.80
374.31,232.22,196.45,363.56,252.73,439.77,430.59,308.43
371.16,229.58,194.34,363.07,253.38,441.28,430.20,307.79
376.86,228.54,193.42,359.68,251.75,441.27,435.19,310.13
399.97,272.65,191.58,355.12,223.29,435.23,431.68,352.76
402.65,274.01,189.37,353.37,220.81,437.87,434.09,358.51
403.02,275.28,185.44,344.95,218.21,447.32,435.80,377.66
2
0
0
0
0
1
396.97,256.88,402.00,278.52,416.84,275.07,411.80,253.42
395.66,256.19,400.39,277.50,414.98,274.26,410.24,252.95
394.58,256.12,398.72,277.36,412.90,274.60,408.76,253.36
391.87,256.81,395.26,277.65,409.59,275.31,406.19,254.48
389.47,252.31,389.41,276.53,402.56,276.56,402.62,252.34
384.42,253.31,387.35,277.77,400.14,276.23,397.20,251.77
382.75,253.13,382.63,276.89,394.83,276.96,394.95,253.19
376.30,254.74,380.17,277.67,392.96,275.52,389.09,252.58
372.41,255.02,374.93,277.54,387.36,276.15,384.84,253.63
370.85,253.61,368.69,275.89,382.23,277.20,384.39,254.92
368.08,253.29,366.28,275.83,380.08,276.93,381.88,254.39
365.70,253.14,366.02,276.74,379.47,276.56,379.14,252.96
366.04,255.32,363.31,276.48,376.63,278.19,379.36,257.03
365.19,255.47,362.49,275.21,375.92,277.05,378.62,257.31
364.21,256.59,362.19,276.76,375.72,278.12,377.74,257.95
363.56,253.73,362.60,277.92,376.26,278.46,377.22,254.27
363.34,254.64,363.06,278.88,376.58,279.04,376.87,254.80
366.18,255.29,364.10,278.54,377.37,279.72,379.44,256.47
365.74,256.24,365.20,279.40,378.36,279.71,378.91,256.55
368.36,255.80,367.24,280.26,379.92,280.85,381.05,256.39
369.15,256.61,368.33,280.89,380.82,281.32,381.64,257.03
370.38,258.29,369.12,282.78,381.82,283.44,383.09,258.95
372.23,260.00,371.03,282.39,383.45,283.06,384.65,260.67
373.79,259.32,373.27,280.90,385.56,281.20,386.08,259.61
374.47,259.39,374.72,279.67,387.59,279.52,387.34,259.23
377.54,254.43,375.85,277.32,387.71,278.20,389.40,255.31
376.07,252.27,377.62,275.64,389.60,274.84,388.05,251.47
379.94,244.18,378.65,265.31,390.43,266.03,391.73,244.90
378.32,237.41,379.89,260.23,391.80,259.41,390.23,236.59
379.90,233.85,383.27,257.66,395.26,255.97,391.90,232.15
383.85,230.31,385.31,254.53,397.64,253.79,396.18,229.57
386.84,229.09,389.12,255.98,401.39,254.94,399.10,228.05
389.66,224.17,392.69,251.74,404.88,250.41,401.85,222.83
394.72,226.54,397.09,250.39,409.72,249.13,407.35,225.28
393.45,227.16,401.91,249.28,412.72,245.15,404.26,223.02
398.32,222.91,402.90,245.77,415.56,243.23,410.99,220.37
401.74,225.62,408.82,245.74,421.99,241.11,414.92,220.99
407.65,221.95,410.46,242.70,422.30,241.09,419.48,220.34
411.40,221.02,414.46,242.03,426.76,240.24,423.70,219.23
413.69,221.24,419.06,240.70,430.27,237.60,424.90,218.15
417.21,219.10,421.91,240.13,433.16,237.62,428.46,216.58
424.69,218.84,423.69,239.03,435.21,239.60,436.21,219.41
422.09,221.05,429.76,241.01,441.24,236.60,433.58,216.64
422.82,222.56,431.94,241.92,443.87,236.29,434.74,216.93
422.75,221.18,430.47,241.33,442.83,236.60,435.11,216.44
426.30,218.84,429.51,239.25,441.96,237.29,438.75,216.88
423.91,216.93,429.48,240.25,441.86,237.30,436.29,213.98
423.02,216.43,428.62,239.29,441.65,236.10,436.05,213.24
421.93,216.21,428.66,238.51,441.14,234.74,434.41,212.44
422.80,217.02,428.66,237.92,441.09,234.44,435.24,213.54
421.78,217.24,428.94,237.81,441.97,233.28,434.82,212.70
422.05,218.72,428.46,238.11,441.77,233.71,435.36,214.32
421.34,216.04,427.90,236.21,441.23,231.87,434.67,211.70
421.72,214.68,428.36,235.80,440.82,231.88,434.18,210.77
422.18,213.87,429.21,235.07,441.81,230.89,434.79,209.69
423.24,214.25,429.46,234.47,442.16,230.56,435.94,210.34
423.52,211.58,431.11,233.50,445.42,228.55,437.82,206.63
425.87,211.22,432.89,232.48,446.97,227.84,439.95,206.57
427.03,210.05,434.34,231.18,448.54,226.26,441.22,205.14
431.32,210.70,436.61,230.14,450.67,226.31,445.37,206.88
431.86,210.09,437.94,229.10,451.96,224.62,445.88,205.61
433.22,208.43,442.83,228.56,456.05,222.25,446.44,202.12
436.84,204.92,443.68,225.42,457.17,220.91,450.33,200.42
438.71,202.69,446.75,222.26,460.39,216.65,452.36,197.08
444.39,198.41,449.88,219.14,464.34,215.31,458.85,194.58
448.09,196.10,450.80,216.06,464.49,214.20,461.78,194.24
449.88,193.97,454.14,214.70,467.54,211.95,463.28,191.22
453.41,191.49,457.16,211.79,469.93,209.43,466.18,189.13
456.17,185.83,461.75,206.62,475.34,202.97,469.76,182.18
460.68,183.75,465.64,205.58,480.14,202.28,475.18,180.45
475.90,175.74,456.52,186.85,464.00,199.89,483.37,188.77
463.09,167.94,450.38,188.26,463.16,196.27,475.88,175.95
464.90,165.49,451.00,185.50,463.70,194.32,477.60,174.31
459.68,159.81,448.18,179.11,459.65,185.94,471.14,166.64
457.01,158.11,444.36,178.25,456.97,186.17,469.62,166.02
453.28,159.09,436.87,176.58,449.47,188.40,465.88,170.91
442.17,161.04,430.60,180.99,446.08,189.97,457.65,170.01
439.54,158.08,421.43,174.38,433.31,187.57,451.42,171.27
432.67,157.69,415.43,174.42,428.37,187.76,445.62,171.03
426.56,157.29,409.90,175.41,422.74,187.21,439.40,169.09
413.99,163.16,432.12,163.16,432.12,181.30,413.99,181.30
408.62,161.70,425.73,161.70,425.73,178.80,408.62,178.80
393.15,164.42,404.35,181.86,418.98,172.46,407.78,155.02
388.87,158.49,408.07,158.49,408.07,177.68,388.87,177.68
381.59,159.67,384.89,179.88,401.52,177.16,398.22,156.95
371.19,159.78,378.91,179.23,394.67,172.98,386.95,153.53
372.72,158.22,390.69,158.22,390.69,176.20,372.72,176.20
375.65,157.88,393.19,157.88,393.19,175.43,375.65,175.43
382.34,156.86,401.29,156.86,401.29,175.80,382.34,175.80
392.47,155.39,410.60,155.39,410.60,173.52,392.47,173.52
406.69,158.16,413.04,176.70,428.67,171.34,422.32,152.80
417.97,157.16,436.13,157.16,436.13,175.32,417.97,175.32
2
0
0
0
0
1
366.36,156.44,383.60,156.44,383.60,173.68,366.36,173.68
369.50,155.38,385.81,155.38,385.81,171.70,369.50,171.70
375.31,151.18,396.96,151.18,396.96,172.83,375.31,172.83
399.44,145.25,381.59,161.62,394.97,176.20,412.81,159.82
390.98,148.72,411.93,148.72,411.93,169.67,390.98,169.67
418.33,157.10,402.62,147.32,394.43,160.48,410.14,170.26
397.46,152.96,414.11,152.96,414.11,169.62,397.46,169.62
394.66,151.78,399.09,167.26,411.04,163.84,406.61,148.36
407.66,157.37,393.38,144.07,383.20,155.00,397.48,168.30
401.41,156.61,387.54,142.10,376.33,152.82,390.20,167.33
379.04,147.37,377.48,163.97,390.72,165.22,392.29,148.62
371.98,149.79,386.80,149.79,386.80,164.61,371.98,164.61
365.96,148.74,380.95,148.74,380.95,163.73,365.96,163.73
361.56,147.75,377.09,147.75,377.09,163.28,361.56,163.28
355.16,149.84,370.51,149.84,370.51,165.19,355.16,165.19
349.35,150.79,365.40,150.79,365.40,166.84,349.35,166.84
346.55,150.98,362.07,150.98,362.07,166.50,346.55,166.50
341.87,152.38,357.27,152.38,357.27,167.78,341.87,167.78
345.31,153.76,359.40,153.76,359.40,167.85,345.31,167.85
346.03,153.91,360.78,153.91,360.78,168.66,346.03,168.66
347.86,154.05,363.25,154.05,363.25,169.44,347.86,169.44
349.85,154.20,364.79,154.20,364.79,169.13,349.85,169.13
354.36,152.47,370.07,152.47,370.07,168.17,354.36,168.17
357.65,150.48,374.71,150.48,374.71,167.54,357.65,167.54
360.75,146.20,378.71,146.20,378.71,164.16,360.75,164.16
366.71,145.21,384.53,145.21,384.53,163.04,366.71,163.04
372.76,143.78,390.83,143.78,390.83,161.85,372.76,161.85
378.75,143.88,395.91,143.88,395.91,161.04,378.75,161.04
384.25,143.14,402.02,143.14,402.02,160.91,384.25,160.91
388.09,141.93,406.25,141.93,406.25,160.10,388.09,160.10
391.08,142.47,408.67,142.47,408.67,160.06,391.08,160.06
392.78,141.28,411.74,141.28,411.74,160.24,392.78,160.24
396.06,143.24,414.29,143.24,414.29,161.46,396.06,161.46
421.10,146.18,402.49,138.75,396.25,154.38,414.86,161.81
425.40,147.13,407.10,141.33,402.25,156.65,420.54,162.45
405.29,141.25,424.53,141.25,424.53,160.50,405.29,160.50
431.33,146.72,411.65,141.87,407.72,157.84,427.40,162.69
433.64,147.61,414.54,142.96,410.75,158.53,429.85,163.18
434.13,145.20,413.86,140.77,410.28,157.13,430.55,161.57
434.28,147.52,414.01,139.39,407.84,154.77,428.11,162.90
431.65,146.55,410.77,140.57,406.31,156.13,427.18,162.12
430.85,144.44,408.78,138.00,404.26,153.50,426.33,159.93
428.46,142.66,405.76,137.76,402.32,153.72,425.02,158.61
424.24,141.47,405.36,140.47,404.60,154.84,423.48,155.84
404.71,139.99,422.59,139.99,422.59,157.87,404.71,157.87
402.53,138.67,420.90,138.67,420.90,157.05,402.53,157.05
403.24,140.40,419.54,140.40,419.54,156.70,403.24,156.70
401.77,138.79,418.41,138.79,418.41,155.44,401.77,155.44
414.92,137.44,398.62,143.05,403.06,155.97,419.37,150.36
399.63,137.70,415.60,137.70,415.60,153.68,399.63,153.68
410.74,134.63,395.71,144.27,403.58,156.55,418.61,146.90
409.97,136.47,394.42,144.16,400.46,156.39,416.02,148.71
407.77,135.75,391.30,144.11,397.68,156.68,414.15,148.33
393.05,138.89,409.86,138.89,409.86,155.70,393.05,155.70
404.16,138.24,386.29,143.34,389.90,155.97,407.76,150.87
402.55,139.23,384.34,144.15,387.76,156.79,405.97,151.86
401.15,140.88,383.00,145.43,386.26,158.43,404.41,153.87
400.23,143.71,380.63,145.70,382.04,159.65,401.64,157.67
400.33,144.94,380.35,144.48,379.98,160.16,399.97,160.63
397.36,146.01,377.77,146.28,377.99,162.05,397.58,161.78
394.79,146.76,375.16,148.27,376.35,163.68,395.98,162.17
393.03,147.53,373.13,150.70,375.41,165.04,395.31,161.87
391.92,148.99,371.28,149.02,371.30,164.81,391.93,164.79
388.94,149.02,367.62,151.65,369.46,166.60,390.78,163.97
383.05,149.02,361.98,152.61,364.57,167.76,385.63,164.17
378.47,146.86,356.62,150.43,359.25,166.55,381.10,162.98
373.08,147.83,352.51,151.47,355.14,166.35,375.71,162.71
370.70,147.91,350.10,151.47,352.67,166.32,373.27,162.76
367.79,147.40,348.27,151.94,351.53,165.97,371.05,161.43
365.00,147.34,346.03,152.92,350.36,167.65,369.34,162.07
