1
566.24,247.56,364.42,203.99,333.02,349.45,534.84,393.02
565.14,247.66,362.58,207.50,334.30,350.08,536.87,390.24
553.51,238.54,360.39,220.69,348.21,352.41,541.33,370.27
551.55,229.89,357.87,219.91,351.14,350.49,544.82,360.47
550.74,231.16,352.38,227.37,350.05,349.46,548.40,353.26
555.00,228.75,356.51,215.91,348.15,345.17,546.64,358.01
554.18,228.79,358.50,217.71,351.30,344.96,546.98,356.04
553.45,228.68,356.49,215.20,347.76,342.75,544.72,356.24
555.46,225.36,358.11,210.28,348.10,341.33,545.44,356.41
559.88,227.60,359.63,200.91,341.36,338.01,541.61,364.70
558.84,229.71,359.57,204.21,342.53,337.39,541.80,362.89
549.33,216.05,353.25,214.28,352.10,342.02,548.17,343.79
555.52,223.39,359.17,206.68,348.03,337.60,544.38,354.31
550.80,216.95,355.77,216.31,355.37,341.50,550.39,342.13
551.14,215.14,355.49,215.03,355.42,338.95,551.07,339.05
548.86,209.41,357.00,216.31,361.64,345.15,553.49,338.25
548.74,203.20,353.05,219.18,363.76,350.31,559.45,334.34
546.61,197.27,349.68,219.86,365.15,354.77,562.08,332.18
550.95,207.84,355.39,213.59,359.10,339.61,554.66,333.86
543.37,194.63,345.88,223.04,365.86,361.93,563.36,333.52
549.85,205.86,356.37,214.83,362.35,343.89,555.83,334.93
571.98,194.35,350.85,219.80,366.36,354.59,587.49,329.15
574.31,207.63,357.20,212.89,360.27,339.54,577.38,334.28
574.60,209.13,353.96,216.43,358.08,340.94,578.72,333.64
574.40,200.74,346.34,233.45,366.06,370.94,594.12,338.23
575.86,205.39,347.65,241.44,368.90,375.93,597.10,339.87
575.06,208.41,346.36,246.82,370.47,390.37,599.17,351.96
568.10,210.42,347.49,245.99,370.51,388.75,591.12,353.19
565.27,208.93,342.52,252.84,370.68,395.68,593.43,351.77
570.29,230.33,356.87,240.40,363.01,370.44,576.42,360.38
551.21,231.20,356.38,240.34,362.56,372.16,557.40,363.02
541.81,223.79,348.65,240.17,360.43,379.13,553.59,362.76
549.28,221.76,354.09,243.98,370.14,385.03,565.34,362.82
537.88,219.63,344.40,245.12,362.99,386.22,556.47,360.73
516.40,221.52,321.91,241.87,336.32,379.65,530.82,359.30
509.41,220.69,316.64,242.81,332.75,383.17,525.51,361.05
530.17,226.95,337.00,240.00,346.02,373.65,539.20,360.60
563.91,219.07,348.13,239.17,360.72,374.28,576.49,354.18
554.51,214.66,339.91,236.88,354.34,376.25,568.94,354.03
547.87,219.20,337.56,239.18,350.50,375.45,560.81,355.48
571.17,208.65,335.50,238.70,353.30,378.28,588.97,348.23
570.11,206.63,335.21,240.20,355.06,379.04,589.95,345.47
588.79,222.95,340.85,232.45,345.75,360.22,593.69,350.72
548.85,208.65,335.76,241.07,357.08,381.21,570.17,348.78
547.17,206.35,333.83,241.29,356.88,382.02,570.22,347.08
550.35,211.82,337.59,234.93,352.49,372.12,565.25,349.01
550.75,219.88,338.87,230.86,345.64,361.49,557.52,350.51
551.14,215.26,325.64,236.21,338.23,371.67,563.73,350.71
549.36,215.71,321.91,233.32,332.33,368.04,559.79,350.44
538.69,214.22,318.10,233.61,329.77,366.40,550.36,347.01
531.08,210.36,311.26,234.81,326.51,371.92,546.33,347.46
523.52,208.63,304.67,236.41,322.22,374.65,541.06,346.87
530.54,210.46,299.47,237.25,315.24,373.31,546.31,346.53
532.19,209.34,296.43,237.80,312.84,373.74,548.60,345.28
525.11,230.17,302.22,228.67,301.41,349.23,524.30,350.73
525.41,226.82,298.72,228.97,299.89,352.20,526.58,350.04
514.77,217.55,290.37,233.59,299.78,365.15,524.17,349.12
516.65,222.20,291.35,224.68,292.77,354.06,518.08,351.58
507.83,215.04,279.82,225.61,285.91,356.90,513.92,346.33
495.04,198.56,270.11,231.26,290.58,372.06,515.51,339.36
506.15,203.79,271.25,229.72,286.11,364.38,521.01,338.45
506.28,198.67,268.58,225.03,283.87,362.96,521.58,336.60
501.50,196.81,266.44,223.89,282.23,360.96,517.29,333.89
501.30,195.34,266.28,225.47,284.63,368.60,519.65,338.47
501.19,193.62,269.30,228.63,291.01,372.40,522.90,337.38
503.33,187.77,267.96,225.60,290.69,367.03,526.06,329.21
512.26,189.52,275.61,225.49,296.78,364.76,533.43,328.78
520.41,190.05,278.27,224.43,298.92,369.84,541.06,335.46
527.73,176.60,275.46,229.16,305.26,372.19,557.53,319.64
515.01,183.14,277.30,224.91,302.05,365.76,539.76,323.99
508.54,179.84,272.61,228.06,302.04,372.06,537.97,323.84
503.75,177.42,267.39,226.67,297.78,372.50,534.13,323.25
512.34,178.21,270.20,225.36,298.82,372.38,540.96,325.24
530.27,178.21,267.37,224.91,293.06,369.57,555.96,322.87
537.59,180.68,267.46,222.27,289.16,363.18,559.29,321.59
516.06,179.85,270.02,219.59,293.06,362.22,539.09,322.48
499.18,182.73,267.83,220.63,291.10,362.71,522.46,324.81
503.43,178.40,266.14,219.25,290.93,363.22,528.21,322.37
497.50,186.59,266.85,210.79,281.35,348.98,512.00,324.78
491.10,186.02,268.56,206.14,280.82,341.69,503.36,321.57
493.37,178.23,266.16,206.85,283.51,344.63,510.73,316.01
485.73,180.57,268.13,201.05,280.75,335.12,498.35,314.63
490.93,173.25,269.57,195.95,283.97,336.37,505.33,313.67
493.14,171.95,268.56,190.20,280.35,335.35,504.93,317.11
505.34,169.29,269.28,191.67,283.10,337.50,519.17,315.12
499.54,159.99,266.09,193.18,286.96,339.92,520.40,306.73
493.62,160.54,267.08,190.67,287.04,340.76,513.58,310.63
505.96,162.01,279.34,190.61,297.30,332.90,523.92,304.29
499.03,169.93,288.71,184.00,297.14,309.95,507.45,295.88
513.09,166.28,283.76,184.57,293.84,310.92,523.17,292.63
499.52,165.07,284.98,180.98,294.43,308.43,508.96,292.52
503.69,172.74,288.55,181.55,293.54,303.44,508.68,294.63
501.72,167.48,286.69,182.42,295.28,306.00,510.31,291.06
499.02,177.07,294.17,179.95,295.92,303.95,500.76,301.07
498.00,174.53,289.43,190.87,298.91,311.87,507.48,295.53
505.28,173.47,290.13,193.23,301.39,315.84,516.54,296.08
504.18,172.62,288.91,196.93,303.07,322.32,518.35,298.01
538.14,171.52,291.60,208.10,310.24,333.75,556.78,297.17
542.08,177.07,290.12,219.80,311.14,343.70,563.10,300.97
518.06,196.32,295.93,221.57,310.72,351.66,532.84,326.42
503.15,205.30,295.32,232.52,312.04,360.18,519.87,332.96
511.67,218.65,297.69,237.20,308.77,364.93,522.74,346.38
519.52,228.83,303.72,245.86,313.79,373.44,529.58,356.41
511.17,236.89,306.81,242.62,310.48,373.55,514.84,367.83
525.92,242.97,307.87,257.80,316.45,383.91,534.50,369.08
532.45,253.26,332.49,235.33,318.81,387.90,518.77,405.83
529.90,249.67,311.11,273.21,325.00,402.27,543.79,378.73
536.54,242.96,307.65,280.98,328.65,407.39,557.54,369.37
528.64,250.19,310.02,278.88,326.68,405.85,545.30,377.16
537.40,268.45,346.70,240.88,324.56,393.96,515.26,421.54
526.45,267.10,331.57,263.70,329.13,403.51,524.01,406.91
535.27,256.36,316.50,293.08,338.64,424.95,557.41,388.23
536.85,272.32,321.45,293.76,334.26,422.49,549.67,401.05
538.72,270.87,323.78,301.25,341.99,430.13,556.94,399.75
555.66,259.64,319.38,308.89,346.06,436.85,582.33,387.60
558.71,261.10,320.98,317.39,350.68,442.80,588.40,386.51
545.28,252.35,320.00,323.82,363.22,460.06,588.51,388.58
541.33,255.86,317.37,324.50,358.40,458.35,582.35,389.71
538.88,264.62,327.37,327.76,366.14,457.63,577.65,394.49
547.37,261.06,325.47,328.53,365.87,461.42,587.78,393.95
550.69,264.18,324.75,333.06,363.42,459.90,589.36,391.02
555.60,273.36,329.86,336.88,361.90,450.75,587.64,387.24
540.48,255.76,322.34,325.34,367.86,468.09,586.01,398.51
530.58,269.64,320.24,321.18,353.08,455.21,563.42,403.66
544.87,266.77,327.56,314.80,355.74,442.27,573.04,394.25
536.45,247.93,328.82,321.28,378.06,460.64,585.68,387.29
540.58,257.61,322.14,317.53,359.24,452.76,577.68,392.84
540.15,252.91,319.17,318.92,359.73,454.71,580.71,388.70
542.37,258.19,320.63,312.51,354.32,450.04,576.06,395.72
535.11,247.37,310.36,312.99,353.31,460.07,578.05,394.45
543.56,251.84,316.17,311.57,354.33,456.84,581.72,397.10
539.96,234.46,317.05,319.63,367.04,450.45,589.95,365.28
544.12,235.61,321.06,323.61,372.85,454.89,595.91,366.89
544.15,239.48,323.66,325.66,373.26,452.54,593.74,366.37
524.16,229.48,312.91,345.62,382.65,472.47,593.90,356.34
525.76,227.37,308.62,345.70,377.45,472.00,594.59,353.67
527.40,224.83,315.52,336.95,384.30,466.90,596.17,354.78
516.06,229.22,316.89,339.79,386.54,465.25,585.71,354.68
525.33,225.72,312.57,341.25,384.09,472.96,596.85,357.43
527.14,234.13,318.68,333.36,383.19,468.89,591.65,369.66
550.10,234.21,323.72,323.87,376.01,455.91,602.39,366.25
544.89,237.41,310.80,332.08,362.66,460.31,596.75,365.64
520.51,237.43,304.37,337.35,363.83,465.99,579.98,366.07
520.19,232.77,303.15,338.19,365.68,466.93,582.72,361.52
517.18,230.95,306.70,341.52,374.60,470.76,585.08,360.19
517.22,221.47,307.08,354.34,387.94,482.23,598.08,349.35
520.42,216.32,307.96,344.70,385.63,473.23,598.08,344.85
534.04,233.04,324.30,319.30,384.15,464.83,593.89,378.57
543.08,231.09,328.69,317.57,388.62,466.15,603.01,379.66
556.93,239.71,340.60,327.52,399.82,473.42,616.15,385.61
559.51,247.20,339.62,346.81,410.35,502.95,630.24,403.34
560.70,250.80,335.85,350.43,402.08,499.89,626.93,400.26
560.22,254.30,337.81,351.58,403.58,501.92,625.98,404.63
551.11,263.67,337.76,354.02,403.87,510.13,617.22,419.77
548.24,274.56,330.97,357.07,391.02,515.20,608.29,432.69
544.67,263.87,324.17,366.08,381.20,489.11,601.70,386.90
539.26,261.61,323.79,366.45,385.95,494.20,601.42,389.36
542.88,253.69,317.06,373.51,381.02,494.06,606.85,374.23
550.63,256.09,329.17,376.72,394.26,496.22,615.72,375.59
556.46,255.73,340.37,381.93,409.52,500.33,625.61,374.14
566.51,242.00,335.42,376.99,406.55,498.76,637.64,363.76
548.93,237.85,338.66,381.93,422.16,503.80,632.44,359.71
560.25,253.11,345.01,379.79,410.27,490.68,625.51,364.00
535.52,259.40,330.05,375.27,395.50,491.33,600.97,375.45
526.04,267.13,323.96,380.05,385.05,489.37,587.13,376.46
533.73,267.48,324.74,379.77,383.45,489.04,592.44,376.74
545.94,232.65,346.18,392.08,431.64,499.16,631.40,339.73
564.07,229.70,346.45,390.06,425.00,496.66,642.62,336.30
552.32,222.43,329.85,364.63,401.03,476.00,623.50,333.80
543.28,205.11,314.96,359.83,392.10,473.67,620.42,318.96
541.73,194.50,311.31,347.69,389.04,464.62,619.47,311.43
540.94,181.16,315.64,330.85,392.83,447.03,618.13,297.34
523.86,180.32,298.29,339.71,379.07,454.03,604.64,294.64
512.52,186.60,294.82,345.95,377.37,458.71,595.06,299.36
513.96,187.69,293.31,345.90,374.71,459.43,595.36,301.21
524.11,204.38,297.15,326.96,358.85,441.19,585.81,318.60
506.64,181.70,295.60,335.99,378.51,449.38,589.55,295.09
525.57,173.40,310.66,312.03,383.33,424.68,598.24,286.05
542.77,142.58,312.21,278.28,380.31,393.98,610.87,258.29
536.47,104.74,317.33,265.20,398.37,375.88,617.52,215.42
558.12,98.08,327.17,231.32,391.84,343.40,622.79,210.17
553.19,83.59,334.61,212.80,400.89,324.91,619.46,195.71
566.98,60.52,347.31,183.75,417.83,309.45,637.49,186.22
562.45,52.99,342.02,185.54,414.88,306.72,635.31,174.17
563.34,66.49,341.44,194.02,411.89,316.62,633.80,189.08
568.87,63.85,334.97,203.07,406.95,324.00,640.84,184.78
574.81,58.43,354.33,192.14,428.37,314.23,648.85,180.53
575.16,49.79,349.33,169.12,415.67,294.68,641.51,175.35
558.39,36.43,340.57,147.98,403.17,270.22,620.99,158.67
536.61,17.76,332.95,140.94,405.99,261.71,609.66,138.52
538.46,5.59,340.40,122.71,413.70,246.68,611.77,129.57
540.54,-7.03,341.18,110.49,414.66,235.16,614.03,117.64
550.54,-5.15,340.31,107.36,406.48,231.01,616.72,118.50
544.33,-0.10,339.06,113.87,405.36,233.28,610.63,119.31
544.07,5.76,330.44,122.70,396.51,243.41,610.15,126.47
539.91,12.43,325.58,130.00,391.76,250.64,606.08,133.07
539.44,17.08,330.38,129.85,396.11,251.70,605.16,138.93
538.40,13.15,330.02,131.05,398.64,252.33,607.02,134.43
537.95,-3.59,330.12,137.42,409.75,254.79,617.58,113.78
515.10,2.79,329.63,143.49,414.84,255.80,600.30,115.10
525.73,10.53,336.87,136.44,413.41,251.26,602.27,125.36
548.55,12.74,347.93,138.56,419.80,253.16,620.42,127.34
541.31,17.00,353.24,154.09,432.88,263.35,620.96,126.26
546.31,29.36,354.91,183.71,438.17,286.95,629.56,132.60
547.04,53.58,350.76,208.56,434.03,314.02,630.31,159.03
564.63,68.95,356.61,224.11,438.85,334.36,646.87,179.20
565.76,92.20,358.69,245.97,440.53,356.19,647.61,202.42
550.41,114.75,357.36,277.23,439.10,374.35,632.15,211.87
559.67,137.62,362.73,281.97,440.58,388.18,637.52,243.83
573.67,137.59,377.86,281.54,456.20,388.10,652.00,244.16
562.26,132.90,387.59,273.67,470.95,377.11,645.62,236.33
556.21,121.55,367.96,274.55,451.58,377.43,639.82,224.43
535.67,127.01,338.68,286.12,420.90,387.91,617.89,228.80
529.20,123.85,338.13,295.38,426.61,393.94,617.68,222.41
526.04,148.81,349.25,284.11,429.18,388.55,605.97,253.25
542.89,123.11,363.66,276.82,448.85,376.15,628.07,222.43
538.25,125.21,353.57,287.34,437.45,382.89,622.14,220.76
529.53,139.54,345.87,302.71,426.75,393.75,610.41,230.58
509.48,144.29,343.12,306.10,431.35,396.81,597.71,235.00
514.08,145.84,335.51,309.54,422.49,404.42,601.06,240.72
496.55,149.66,331.26,325.71,425.06,413.77,590.34,237.72
505.63,167.82,315.59,330.09,398.63,427.35,588.67,265.07
486.30,171.24,316.06,341.99,408.11,433.76,578.35,263.01
496.95,170.70,320.93,348.09,412.99,439.45,589.02,262.07
489.27,181.19,332.48,350.63,427.92,438.95,584.71,269.51
502.70,163.34,332.75,361.29,430.76,445.44,600.71,247.49
501.17,163.23,339.21,359.77,437.94,441.13,599.90,244.60
508.23,157.88,342.85,358.84,439.65,438.50,605.03,237.54
518.61,156.45,344.22,357.48,439.06,439.75,613.45,238.72
506.83,151.28,347.79,369.87,447.12,442.13,606.16,223.55
513.22,148.90,344.17,376.21,443.96,450.41,613.00,223.10
505.55,164.56,353.14,378.51,453.13,449.74,605.54,235.79
510.59,165.12,352.14,371.39,455.65,450.90,614.10,244.63
515.79,158.67,348.19,379.19,451.04,457.37,618.65,236.85
490.49,189.45,347.80,386.90,452.68,462.69,595.37,265.25
482.11,191.34,345.47,385.61,455.68,463.13,592.32,268.86
471.49,192.35,342.75,399.00,450.56,466.17,579.31,259.52
482.14,204.77,340.09,393.11,448.86,475.15,590.91,286.81
486.90,206.31,351.81,406.96,456.00,477.11,591.08,276.46
470.93,217.57,352.02,417.03,456.69,479.43,575.60,279.97
470.72,220.94,352.69,423.62,458.81,485.42,576.85,282.75
469.45,231.74,351.65,419.96,455.97,485.25,573.77,297.02
469.24,233.46,350.62,412.62,454.55,481.43,573.17,302.28
472.01,235.83,355.20,413.04,459.42,481.74,576.23,304.52
460.97,243.97,360.29,426.62,464.79,484.22,565.47,301.58
469.57,229.35,366.17,433.90,468.60,485.68,572.00,281.13
465.34,227.93,371.08,435.57,475.64,483.04,569.91,275.41
468.32,230.57,369.47,438.35,473.89,488.03,572.74,280.24
470.63,224.62,366.87,436.10,471.10,487.24,574.86,275.75
479.16,219.89,370.33,437.54,471.71,488.24,580.54,270.59
481.07,216.65,370.02,441.02,473.68,492.33,584.73,267.96
482.18,213.02,373.21,439.02,476.50,488.82,585.47,262.83
479.62,218.27,375.56,438.49,476.32,486.11,580.39,265.88
483.22,205.36,369.51,430.16,469.17,480.57,582.88,255.77
463.14,207.39,365.47,432.44,466.85,476.44,564.53,251.39
429.13,235.68,365.40,436.92,471.96,470.66,535.69,269.43
439.86,229.20,369.84,423.78,469.22,459.55,539.25,264.97
436.52,220.87,380.92,413.94,483.50,443.49,539.10,250.41
460.77,189.73,372.05,396.99,467.69,437.93,556.41,230.66
446.42,187.24,360.75,391.87,457.40,432.33,543.07,227.71
456.19,178.49,351.57,380.00,446.38,429.22,551.00,227.71
460.56,171.07,358.15,363.70,453.46,414.38,555.88,221.75
463.25,164.94,343.24,344.42,439.79,408.98,559.81,229.50
455.56,162.27,354.74,347.42,449.36,398.94,550.17,213.79
457.08,155.49,360.10,340.64,451.59,388.56,548.58,203.41
453.64,158.31,362.66,338.63,454.38,384.91,545.36,204.59
450.42,154.26,364.89,336.84,454.91,379.01,540.44,196.43
446.38,146.41,362.48,326.58,456.26,370.25,540.16,190.09
451.90,145.55,360.81,308.25,451.43,358.97,542.51,196.27
453.33,139.34,366.94,301.28,452.00,346.66,538.39,184.72
454.45,137.20,375.29,297.43,458.63,338.60,537.79,178.38
457.51,137.30,379.33,293.43,463.16,335.40,541.33,179.27
451.00,141.28,379.85,297.41,466.10,336.72,537.25,180.58
454.02,126.60,372.27,290.66,462.13,335.44,543.89,171.38
456.08,126.29,375.39,289.13,463.23,332.66,543.92,169.81
449.36,130.07,385.35,296.92,470.49,329.58,534.50,162.73
442.05,131.52,385.02,287.60,472.72,319.64,529.75,163.56
447.36,128.07,374.63,290.35,460.23,328.72,532.96,166.44
440.80,126.04,370.11,288.43,460.67,327.85,531.36,165.46
455.00,121.79,349.61,271.37,436.67,332.71,542.06,183.13
461.19,120.10,341.27,255.79,425.99,330.66,545.91,194.98
446.18,116.34,330.03,291.00,415.81,348.04,531.96,173.39
438.19,119.85,325.00,288.01,408.71,344.35,521.90,176.20
435.40,114.72,312.20,285.73,396.30,346.31,519.50,175.30
430.77,114.54,309.03,287.75,393.53,347.14,515.27,173.93
426.52,117.88,310.68,273.35,396.68,337.43,512.52,181.96
418.55,117.64,308.11,276.33,394.92,336.75,505.36,178.05
415.39,124.76,309.94,276.33,394.39,335.08,499.84,183.51
406.67,128.70,295.71,279.70,382.91,343.77,493.86,192.77
389.07,139.65,288.58,290.78,375.95,348.88,476.44,197.75
389.47,141.93,286.05,288.99,373.19,350.28,476.62,203.22
374.19,145.63,285.42,295.90,375.85,349.33,464.63,199.06
378.64,144.25,286.10,290.58,374.96,346.78,467.50,200.44
376.80,158.65,295.84,311.75,374.25,353.22,455.21,200.11
373.74,148.59,295.46,300.47,378.90,343.48,457.18,191.59
364.50,146.84,284.03,290.95,368.72,338.24,449.19,194.13
357.37,148.26,278.78,288.06,367.44,337.90,446.03,198.10
361.72,141.90,278.29,287.85,364.61,337.20,448.04,191.25
359.61,149.43,284.42,301.79,370.39,344.21,445.58,191.85
360.63,155.51,293.97,308.24,382.93,347.06,449.58,194.34
364.43,163.02,301.04,310.32,391.13,349.09,454.51,201.78
374.97,154.05,299.30,304.46,388.84,349.51,464.51,199.10
389.16,158.30,304.15,287.99,385.11,341.05,470.11,211.36
397.20,146.43,301.53,284.31,379.18,338.18,474.85,200.31
378.73,154.71,300.45,291.25,380.77,337.31,459.06,200.76
375.11,155.64,296.23,299.23,373.28,341.56,452.17,197.97
370.06,153.98,294.35,306.31,373.39,345.59,449.10,193.26
346.08,163.79,332.03,329.68,415.14,336.72,429.19,170.83
345.63,162.67,301.20,317.97,386.84,342.48,431.27,187.18
347.01,151.46,304.44,323.08,387.71,343.74,430.29,172.13
338.37,157.01,299.15,318.45,388.02,340.04,427.24,178.60
331.95,163.20,306.33,326.39,391.38,339.74,416.99,176.55
329.74,167.38,316.52,326.96,391.17,333.14,404.39,173.56
337.04,164.63,328.85,327.16,404.46,330.97,412.65,168.44
349.03,160.01,312.71,318.49,398.26,338.10,434.58,179.61
342.81,163.64,302.95,310.37,392.15,334.61,432.01,187.88
347.18,158.72,318.77,321.32,401.10,335.70,429.51,173.10
348.59,158.46,332.56,294.08,415.61,303.90,431.64,168.28
362.51,143.27,340.10,292.50,419.35,304.40,441.77,155.18
377.59,135.19,336.20,280.90,414.90,303.26,456.29,157.55
381.22,137.60,348.56,295.36,425.46,311.28,458.12,153.52
386.87,131.95,346.01,290.38,422.62,310.13,463.48,151.71
379.98,128.59,356.81,292.28,437.05,303.64,460.22,139.94
392.90,115.98,366.27,295.12,442.69,306.47,469.31,127.34
405.44,113.02,376.52,307.10,439.70,316.52,468.62,122.44
409.03,100.34,376.01,297.86,441.69,308.84,474.70,111.32
427.34,93.25,379.57,297.73,442.37,312.40,490.15,107.93
417.79,91.49,378.45,298.83,444.59,311.38,483.93,104.04
416.42,108.05,381.51,298.72,444.81,310.31,479.72,119.64
388.55,110.65,353.31,292.01,450.88,310.98,486.13,129.61
394.36,105.11,360.14,288.71,446.10,304.74,480.33,121.14
405.45,101.49,362.35,284.92,442.33,303.71,485.43,120.28
405.07,116.60,371.03,286.47,439.75,300.24,473.79,130.37
403.08,110.81,369.02,286.26,438.90,299.83,472.96,124.37
408.05,109.65,368.33,284.64,437.88,300.43,477.60,125.44
410.17,118.86,365.17,284.76,429.26,302.15,474.27,136.25
420.59,110.58,363.07,278.92,428.38,301.23,485.90,132.89
412.78,113.49,365.24,278.45,430.94,297.38,478.47,132.43
416.34,103.14,364.99,279.86,429.05,298.48,480.41,121.76
415.49,99.83,363.55,276.07,427.53,294.92,479.47,118.69
407.90,99.20,357.97,277.89,426.64,297.08,476.58,118.39
413.77,99.78,366.06,284.49,428.92,300.73,476.63,116.01
414.07,99.23,364.14,282.71,421.47,298.31,471.40,114.83
411.99,107.25,363.10,283.53,419.10,299.06,467.99,122.78
415.44,104.92,359.78,290.30,416.00,307.18,471.66,121.80
411.69,114.19,359.39,288.41,418.43,306.14,470.74,131.91
410.57,111.57,360.26,292.66,416.06,308.16,466.37,127.08
403.20,113.46,360.13,291.70,414.70,304.88,457.77,126.64
406.98,112.05,357.41,286.19,411.14,301.49,460.71,127.34
413.05,128.47,356.23,285.32,404.65,302.86,461.47,146.01
410.21,134.32,354.68,291.19,403.04,308.31,458.58,151.45
411.55,127.38,352.10,286.35,401.09,304.67,460.54,145.70
405.31,130.38,355.45,291.62,401.86,305.97,451.72,144.73
399.17,126.67,349.07,291.36,393.00,304.73,443.11,140.04
400.60,131.68,344.78,291.55,388.53,306.82,444.35,146.96
399.72,135.42,344.33,292.52,386.08,307.24,441.47,150.14
398.19,129.21,341.88,294.65,385.65,309.55,441.96,144.10
396.48,136.14,336.18,296.65,381.01,313.49,441.31,152.98
397.26,140.56,341.75,295.59,378.94,308.91,434.45,153.88
397.29,144.67,340.40,297.93,380.45,312.80,437.35,159.54
380.77,129.68,340.85,307.35,382.42,316.69,422.35,139.03
383.86,136.08,332.46,304.17,375.38,317.29,426.79,149.21
393.54,139.09,334.40,308.49,371.21,321.34,430.35,151.94
393.22,143.28,334.37,307.83,370.13,320.62,428.97,156.07
387.33,147.51,334.58,304.73,381.87,320.59,434.61,163.37
386.10,151.15,337.95,313.72,380.00,326.17,428.15,163.61
380.96,155.39,335.96,315.05,379.30,327.26,424.30,167.60
372.20,159.11,337.34,318.74,380.89,328.25,415.75,168.61
375.88,156.11,331.07,316.71,377.89,329.77,422.70,169.17
368.30,155.61,337.97,321.55,381.91,329.58,412.24,163.64
370.07,158.53,335.77,318.20,377.23,327.11,411.53,167.44
352.44,164.04,330.67,328.12,378.47,334.46,400.24,170.38
351.91,173.28,330.81,331.07,373.92,336.83,395.02,179.05
367.61,169.38,326.02,328.43,370.49,340.05,412.08,181.01
369.29,164.40,327.30,333.25,369.71,343.80,411.69,174.95
382.57,144.27,327.18,338.01,365.00,348.82,420.39,155.08
385.09,144.00,325.86,340.51,362.35,351.51,421.58,155.00
356.20,219.09,327.21,343.11,364.59,351.85,393.57,227.83
349.83,228.91,326.94,345.32,367.31,353.25,390.20,236.85
347.69,230.56,327.12,350.76,368.18,357.79,388.76,237.59
350.19,241.03,327.67,344.70,363.49,352.48,386.01,248.81
353.10,242.47,327.50,349.79,363.48,358.37,389.08,251.06
351.98,246.90,325.96,352.18,361.40,360.94,387.42,255.66
346.74,252.65,326.88,354.60,361.21,361.29,381.07,259.34
357.81,255.69,325.13,353.91,357.76,364.76,390.44,266.54
349.58,262.15,322.43,358.68,356.14,368.16,383.29,271.63
341.57,272.50,316.76,361.70,347.73,370.32,372.54,281.11
330.71,274.26,308.72,358.17,343.97,367.41,365.96,283.49
325.36,279.23,300.76,365.25,335.04,375.06,359.65,289.04
316.21,287.40,299.70,368.64,328.18,374.42,344.68,293.19
315.61,295.18,293.75,365.36,318.00,372.92,339.86,302.74
311.79,286.94,282.01,365.55,312.65,377.16,342.44,298.56
303.24,295.87,281.95,370.58,307.03,377.73,328.31,303.01
300.66,302.72,280.92,373.56,304.74,380.20,324.48,309.35
297.99,301.94,275.79,368.01,300.38,376.28,322.58,310.20
299.85,304.09,276.61,372.85,300.48,380.92,323.72,312.16
305.20,285.50,276.21,370.50,310.11,382.06,339.10,297.06
293.61,297.38,273.23,376.30,306.02,384.77,326.41,305.86
299.94,293.97,267.12,379.00,299.15,391.37,331.98,306.33
300.88,266.71,272.87,378.97,300.82,385.95,328.84,273.68
288.95,274.78,272.21,381.11,306.79,386.56,323.53,280.22
299.01,271.65,270.06,383.01,303.14,391.61,332.08,280.24
312.34,261.04,274.72,381.74,304.02,390.88,341.65,270.18
307.75,268.47,275.91,383.40,297.64,389.42,329.49,274.50
300.72,270.11,274.05,386.23,311.87,394.92,338.54,278.79
305.31,279.94,276.81,386.07,316.13,396.64,344.64,290.50
310.52,276.69,276.84,389.40,316.93,401.38,350.60,288.67
310.08,284.83,278.10,392.29,316.72,403.78,348.70,296.32
311.42,286.70,281.89,390.40,310.43,398.53,339.96,294.82
311.00,283.66,285.56,386.28,303.72,390.78,329.16,288.17
312.12,284.21,282.61,392.00,311.81,400.00,341.32,292.20
320.23,283.23,283.20,392.72,316.49,403.98,353.53,294.49
305.13,289.55,281.05,392.57,321.12,401.94,345.21,298.92
318.92,293.92,273.74,398.95,302.13,411.16,347.31,306.14
318.12,296.72,281.78,396.69,311.25,407.40,347.60,307.43
315.81,295.71,285.02,397.17,314.35,406.07,345.14,304.61
304.26,299.66,275.50,401.04,303.20,408.90,331.96,307.52
311.77,298.41,284.27,396.86,321.06,407.13,348.56,308.68
306.98,297.95,283.68,394.70,321.49,403.80,344.78,307.05
306.94,303.13,284.46,392.26,321.53,401.61,344.01,312.48
311.77,312.46,287.15,395.80,324.84,406.93,349.46,323.59
305.71,313.96,284.61,394.50,325.25,405.15,346.35,324.61
315.27,315.89,285.36,398.94,325.74,413.49,355.66,330.43
290.04,332.35,291.77,433.55,345.15,432.63,343.42,331.43
296.27,333.07,299.27,433.75,347.47,432.32,344.47,331.63
293.66,336.93,313.94,441.07,361.20,431.86,340.92,327.73
297.17,332.74,311.62,443.30,354.52,437.69,340.06,327.14
294.03,354.96,325.31,444.94,360.68,432.65,329.40,342.66
298.27,358.13,331.01,444.18,365.52,431.05,332.78,344.99
306.60,368.41,340.20,441.15,373.09,425.96,339.49,353.22
303.40,352.37,326.38,443.83,362.60,434.73,339.62,343.27
299.60,367.47,333.43,441.66,367.39,426.17,333.56,351.99
383.46,448.04,329.36,348.19,290.99,368.97,345.09,468.83
292.53,351.17,330.88,453.49,366.21,440.25,327.86,337.93
289.24,350.83,333.08,450.30,367.86,434.97,324.02,335.50
293.27,345.12,325.87,444.18,362.60,432.09,330.00,333.03
297.95,333.07,325.87,440.43,358.90,431.84,330.97,324.48
296.05,330.39,327.83,434.24,362.07,423.76,330.29,319.91
298.82,326.09,318.06,430.60,358.19,423.22,338.96,318.70
291.90,320.02,324.88,441.65,366.77,430.29,333.79,308.66
296.04,315.21,324.56,429.07,357.40,420.85,328.88,306.99
299.81,307.13,318.50,419.01,349.01,413.91,330.32,302.04
293.73,319.60,315.93,418.45,346.30,411.63,324.11,312.78
289.10,304.07,308.16,413.03,341.75,407.15,322.69,298.19
297.97,294.29,302.47,406.21,339.78,404.71,335.28,292.79
292.49,309.12,298.53,400.62,338.85,397.96,332.81,306.46
291.92,295.09,293.24,400.50,337.16,399.95,335.84,294.54
292.75,284.85,287.66,400.34,333.87,402.38,338.96,286.88
294.23,292.14,286.25,397.44,327.93,400.60,335.91,295.30
295.43,305.51,288.46,392.38,325.97,395.39,332.94,308.52
293.11,298.83,284.67,390.77,327.51,394.70,335.94,302.76
288.55,300.55,281.39,386.83,329.83,390.84,336.98,304.56
289.25,301.80,276.93,382.20,322.48,389.18,334.80,308.77
277.66,298.14,270.43,379.08,318.41,383.37,325.64,302.42
287.90,293.42,267.68,385.28,306.38,393.80,326.60,301.94
278.54,286.16,267.52,372.75,312.41,378.46,323.42,291.87
291.84,287.41,263.85,372.38,304.11,385.64,332.10,300.67
283.42,283.91,262.75,369.63,308.74,380.73,329.42,295.00
283.38,282.39,258.17,367.52,302.45,380.63,327.66,295.51
281.16,282.93,258.32,362.15,304.44,375.45,327.27,296.22
303.27,285.66,260.57,358.49,295.32,378.86,338.01,306.03
297.99,280.98,258.16,356.93,294.13,375.79,333.95,299.84
306.82,284.35,254.77,358.32,284.26,379.07,336.31,305.09
303.39,274.73,243.82,357.55,279.73,383.38,339.30,300.56
300.78,271.67,247.79,358.60,284.32,380.87,337.31,293.94
309.09,276.65,231.10,353.34,262.13,384.90,340.12,308.20
316.12,275.13,235.62,353.71,261.37,380.08,341.87,301.50
311.28,276.42,241.13,354.97,269.02,379.87,339.17,301.32
306.60,280.74,229.90,346.17,256.41,377.25,333.11,311.82
301.31,277.21,230.30,347.11,257.43,374.66,328.43,304.76
301.41,275.05,226.98,354.35,253.94,379.66,328.37,300.35
289.84,266.62,218.61,351.42,253.56,380.78,324.79,295.98
294.52,268.74,208.20,350.14,235.68,379.29,322.01,297.89
291.72,262.00,201.19,345.05,228.47,374.79,319.00,291.74
293.93,263.81,199.61,345.11,225.76,375.44,320.07,294.14
289.92,261.63,196.68,340.76,223.99,372.95,317.23,293.82
292.96,263.39,200.26,341.46,237.68,385.89,330.38,307.82
290.06,260.05,198.55,336.00,232.69,377.13,324.20,301.18
291.97,263.01,192.12,337.84,223.38,379.55,323.23,304.72
297.03,262.68,194.84,335.76,225.25,378.28,327.44,305.20
297.23,262.31,191.28,334.87,220.29,377.23,326.24,304.67
300.75,260.21,191.99,332.84,228.41,387.39,337.18,314.76
298.62,258.86,184.73,321.07,219.47,384.68,333.37,322.47
298.49,254.97,183.65,315.73,217.95,380.55,332.79,319.79
301.79,254.00,189.25,325.70,223.71,379.78,336.24,308.08
302.05,250.48,187.17,315.39,223.24,379.23,338.12,314.32
311.18,253.20,176.92,320.04,209.56,385.61,343.83,318.77
314.02,252.05,177.01,323.32,208.90,384.62,345.91,313.36
319.93,253.49,180.91,326.43,210.47,382.76,349.49,309.83
324.71,254.50,194.79,325.76,223.99,379.01,353.91,307.75
325.95,251.51,186.58,321.18,215.06,378.14,354.42,308.47
307.31,227.40,202.77,317.60,248.22,370.27,352.76,280.07
318.55,230.75,189.88,329.85,229.15,380.84,357.82,281.74
321.19,229.96,195.65,330.15,233.72,377.85,359.26,277.66
326.16,229.69,202.80,329.22,240.30,375.70,363.67,276.17
335.86,242.97,210.47,332.47,240.55,374.62,365.95,285.13
347.45,246.19,218.84,331.80,246.85,373.88,375.46,288.27
342.89,246.61,218.17,338.11,247.40,377.96,372.13,286.46
345.85,245.04,225.93,340.62,257.80,380.60,377.72,285.02
349.47,233.65,227.44,329.83,266.15,378.94,388.18,282.77
347.23,232.22,230.35,328.58,282.38,391.69,399.26,295.33
359.24,242.84,235.84,325.16,277.51,387.62,400.91,305.30
354.75,238.36,239.48,330.38,285.92,388.54,401.19,296.52
361.17,236.31,225.88,321.99,267.66,387.97,402.96,302.28
364.11,243.17,227.29,324.99,264.53,387.25,401.34,305.43
362.49,241.89,226.81,327.43,268.23,393.13,403.91,307.59
367.46,249.23,230.05,329.66,266.52,391.96,403.93,311.53
375.10,258.31,212.82,334.39,239.86,392.06,402.13,315.98
377.02,258.15,212.86,326.94,238.98,389.29,403.14,320.49
373.44,257.11,214.35,329.79,250.32,408.53,409.41,335.85
373.53,255.47,217.33,328.48,253.48,405.82,409.68,332.81
373.35,260.72,221.22,338.82,255.58,405.76,407.72,327.65
375.07,266.64,212.13,337.73,241.75,405.61,404.69,334.52
379.35,268.25,219.68,341.03,250.53,408.71,410.20,335.93
377.50,261.83,218.31,346.20,252.45,410.62,411.65,326.25
379.34,261.30,224.29,342.07,259.53,409.73,414.59,328.96
378.94,257.03,211.72,338.79,247.85,412.68,415.07,330.92
379.44,258.60,224.88,342.75,262.66,412.14,417.22,327.99
388.64,260.61,223.75,341.12,255.90,406.97,420.79,326.47
391.70,265.37,231.01,340.87,260.70,404.05,421.38,328.56
393.44,263.55,226.59,339.40,259.31,411.37,426.16,335.53
391.49,262.82,197.86,354.78,231.67,425.97,425.30,334.01
385.93,253.76,195.00,351.43,231.86,423.49,422.79,325.83
390.35,262.89,190.76,357.29,221.73,422.78,421.33,328.38
383.26,251.86,181.54,371.09,221.36,438.47,423.08,319.24
382.52,250.78,183.87,372.51,224.07,438.10,422.71,316.37
380.89,250.75,181.43,363.28,219.55,430.85,419.01,318.33
377.98,250.86,210.78,347.53,250.07,415.49,417.27,318.82
377.19,245.12,209.72,343.71,251.10,413.99,418.57,315.40
373.52,231.17,204.84,346.20,255.18,420.03,423.87,305.00
376.18,230.41,213.62,335.61,262.92,411.81,425.49,306.60
383.94,242.08,207.52,337.37,250.16,416.32,426.58,321.02
384.26,237.36,207.75,340.31,253.30,418.40,429.81,315.45
379.84,225.53,194.90,340.10,250.40,429.70,435.34,315.13
389.82,231.80,200.33,332.69,248.62,423.39,438.12,322.50
392.74,229.33,190.59,323.63,237.65,424.52,439.80,330.23
412.55,267.21,190.56,305.57,208.55,409.66,430.54,371.30
412.14,264.62,207.26,319.05,232.46,413.91,437.34,359.47
410.04,264.04,198.54,316.59,223.65,417.65,435.15,365.10
408.59,261.60,193.58,327.70,222.68,422.38,437.70,356.28
410.13,260.01,193.40,326.15,221.56,418.44,438.29,352.30
398.94,239.89,189.28,334.70,231.90,428.94,441.56,334.13
2
0
0
0
0
1
369.16,258.14,371.19,277.09,384.18,275.70,382.15,256.74
367.95,257.21,368.18,276.32,380.24,276.17,380.01,257.07
367.23,257.60,367.20,276.80,379.07,276.82,379.10,257.62
363.27,258.95,365.63,278.21,378.87,276.59,376.51,257.33
363.28,257.66,365.49,276.99,377.80,275.58,375.58,256.25
362.41,258.77,364.56,278.27,377.37,276.86,375.22,257.36
362.73,258.90,364.15,278.24,376.88,277.31,375.46,257.97
361.46,260.15,364.43,279.83,378.92,277.64,375.96,257.96
362.34,260.45,365.97,280.44,380.82,277.74,377.19,257.75
362.68,259.41,366.64,281.32,381.62,278.61,377.65,256.70
362.21,262.04,368.16,283.38,383.78,279.02,377.83,257.69
368.64,257.92,368.17,280.65,382.46,280.95,382.92,258.21
369.30,261.36,369.52,282.73,383.65,282.58,383.43,261.21
369.99,261.68,371.39,282.76,385.75,281.81,384.35,260.73
377.52,258.22,370.14,277.21,384.06,282.61,391.43,263.63
373.56,258.61,375.04,279.93,389.51,278.93,388.03,257.61
375.11,256.18,375.80,277.80,389.96,277.35,389.28,255.73
380.50,254.61,376.44,273.18,389.28,275.99,393.34,257.42
377.64,249.98,380.16,266.96,394.32,264.86,391.79,247.88
383.71,240.75,376.15,256.58,389.41,262.91,396.97,247.08
383.09,239.41,382.07,255.77,395.30,256.59,396.32,240.23
388.71,234.47,382.73,252.49,396.41,257.03,402.39,239.01
391.17,233.74,387.40,254.42,400.55,256.82,404.32,236.14
392.23,229.93,392.02,250.80,404.66,250.93,404.86,230.06
395.81,228.71,396.58,250.06,409.62,249.59,408.85,228.24
398.76,228.44,399.27,247.04,412.19,246.68,411.68,228.08
401.29,224.35,402.66,245.60,415.15,244.80,413.78,223.55
407.22,222.23,407.35,243.63,419.93,243.55,419.79,222.15
407.65,222.47,412.40,244.54,425.37,241.75,420.63,219.68
410.51,223.44,417.07,244.41,431.03,240.04,424.46,219.07
415.10,221.99,419.51,242.35,433.37,239.35,428.96,218.99
417.87,220.92,422.86,241.59,437.19,238.13,432.20,217.46
421.03,221.17,425.91,242.07,440.11,238.75,435.23,217.85
424.58,219.99,428.15,240.54,441.86,238.16,438.28,217.60
424.21,221.26,430.01,240.39,444.10,236.12,438.30,216.99
425.45,219.77,429.03,238.74,442.83,236.14,439.25,217.17
426.14,220.15,430.21,238.80,444.06,235.78,439.99,217.12
428.21,218.43,428.58,238.12,441.25,237.88,440.88,218.19
425.78,217.79,428.74,237.84,442.03,235.88,439.06,215.82
422.52,216.35,429.19,237.63,442.83,233.35,436.16,212.08
424.66,215.32,428.64,236.48,442.58,233.85,438.60,212.70
422.43,215.91,429.43,237.10,443.91,232.32,436.91,211.13
426.60,216.77,427.04,236.86,440.68,236.56,440.24,216.48
426.10,214.61,426.65,235.28,439.96,234.92,439.41,214.25
426.40,214.52,426.45,234.53,440.00,234.50,439.96,214.49
426.12,213.81,427.12,234.37,441.39,233.68,440.39,213.12
426.54,213.60,427.78,233.62,442.33,232.72,441.09,212.70
428.17,213.03,428.97,232.56,443.92,231.94,443.11,212.41
426.43,217.22,433.97,235.12,448.93,228.82,441.40,210.92
427.14,214.65,435.36,233.65,450.42,227.14,442.19,208.14
434.21,208.66,434.61,227.74,448.80,227.44,448.41,208.36
432.49,210.29,437.64,229.40,452.78,225.32,447.63,206.21
434.22,211.74,443.16,229.07,457.39,221.74,448.45,204.41
436.79,206.10,444.29,225.93,458.07,220.72,450.58,200.89
441.08,201.66,446.70,221.34,460.63,217.36,455.01,197.68
444.12,198.94,451.34,219.58,465.30,214.70,458.08,194.06
446.03,197.49,453.66,217.91,467.86,212.61,460.23,192.19
449.00,195.76,456.41,216.39,470.14,211.45,462.72,190.83
454.88,191.61,457.09,212.04,471.23,210.51,469.01,190.08
462.50,184.97,460.20,203.06,473.36,204.73,475.66,186.65
463.02,183.21,465.21,203.75,478.89,202.29,476.70,181.75
479.08,189.31,458.39,177.91,450.81,191.66,471.50,203.07
474.01,184.44,449.34,182.27,447.90,198.61,472.57,200.78
468.90,187.88,452.93,172.82,442.50,183.89,458.47,198.94
446.84,174.08,463.19,174.08,463.19,190.43,446.84,190.43
443.50,171.73,448.60,189.43,460.96,185.87,455.87,168.17
437.96,171.08,444.50,189.44,457.28,184.89,450.74,166.53
430.93,171.19,438.12,189.22,450.73,184.20,443.53,166.16
423.87,169.26,430.78,186.69,442.62,182.01,435.72,164.57
418.56,168.08,426.05,185.59,437.94,180.50,430.45,162.99
411.71,168.49,417.56,186.17,430.48,181.89,424.63,164.21
410.50,166.20,418.11,184.51,432.48,178.53,424.86,160.22
410.07,161.18,408.24,177.84,420.48,179.18,422.31,162.53
396.14,161.73,401.06,179.57,415.03,175.73,410.11,157.88
387.91,161.22,392.42,178.93,406.80,175.27,402.28,157.55
380.47,162.80,386.20,179.88,399.49,175.42,393.76,158.34
373.18,160.25,377.22,176.95,390.35,173.77,386.31,157.08
372.28,161.05,380.60,178.86,392.99,173.07,384.67,155.26
380.23,154.76,379.22,173.51,393.27,174.26,394.28,155.52
379.78,160.71,391.62,176.73,404.76,167.02,392.93,151.00
391.78,152.42,412.04,152.42,412.04,172.67,391.78,172.67
428.80,158.26,410.57,154.27,407.34,169.04,425.57,173.03
419.79,155.34,436.99,155.34,436.99,172.54,419.79,172.54
2
0
0
0
0
1
367.38,157.72,382.34,157.72,382.34,172.68,367.38,172.68
370.83,156.82,387.53,156.82,387.53,173.52,370.83,173.52
380.51,155.02,397.05,155.02,397.05,171.56,380.51,171.56
401.91,152.00,388.46,161.06,396.16,172.48,409.60,163.43
395.23,153.65,411.04,153.65,411.04,169.47,395.23,169.47
400.59,152.01,417.13,152.01,417.13,168.54,400.59,168.54
400.87,151.75,416.79,151.75,416.79,167.67,400.87,167.67
418.72,153.16,400.62,144.82,394.60,157.88,412.70,166.23
411.61,146.74,387.63,151.03,390.10,164.86,414.08,160.58
404.14,145.13,380.26,151.29,383.92,165.46,407.80,159.30
398.92,142.80,378.51,149.52,383.17,163.66,403.57,156.93
373.07,146.93,375.60,165.33,388.60,163.54,386.07,145.14
368.57,146.70,384.68,146.70,384.68,162.80,368.57,162.80
364.19,147.00,380.24,147.00,380.24,163.04,364.19,163.04
357.78,149.05,373.75,149.05,373.75,165.02,357.78,165.02
352.82,149.93,369.42,149.93,369.42,166.54,352.82,166.54
348.53,147.86,367.04,147.86,367.04,166.37,348.53,166.37
343.69,149.59,361.69,149.59,361.69,167.59,343.69,167.59
346.61,148.60,365.41,148.60,365.41,167.40,346.61,167.40
345.91,147.69,366.29,147.69,366.29,168.06,345.91,168.06
368.36,157.74,350.87,151.15,345.75,164.74,363.23,171.33
369.71,157.46,351.43,150.97,346.48,164.91,364.75,171.41
372.45,156.06,354.72,151.43,351.06,165.44,368.78,170.08
377.02,154.50,359.02,150.42,355.68,165.17,373.68,169.25
380.40,150.39,362.26,147.86,360.18,162.80,378.32,165.33
387.04,150.27,369.88,144.91,365.48,159.02,382.64,164.37
393.81,151.05,374.50,141.85,368.51,154.45,387.82,163.64
398.76,148.61,378.25,141.58,373.46,155.55,393.97,162.58
404.92,148.50,384.26,141.40,379.53,155.15,400.20,162.25
408.25,145.90,387.35,141.94,384.47,157.14,405.37,161.10
410.24,145.77,390.03,143.68,388.55,158.08,408.75,160.17
412.19,145.44,392.09,144.56,391.46,158.99,411.56,159.87
415.51,146.77,395.55,145.70,394.79,159.94,414.75,161.01
419.40,145.05,398.34,143.65,397.40,157.77,418.47,159.17
424.48,146.38,403.66,145.24,402.90,159.10,423.72,160.24
427.26,147.46,406.69,142.74,403.49,156.69,424.06,161.41
432.17,147.96,412.10,143.87,409.28,157.67,429.35,161.76
434.90,147.76,413.93,144.51,411.79,158.37,432.76,161.61
435.10,145.95,413.44,143.82,412.08,157.60,433.74,159.73
434.43,146.37,412.26,141.93,409.40,156.22,431.57,160.66
432.21,146.09,411.11,143.34,409.21,157.91,430.31,160.66
430.91,143.99,410.51,141.97,409.17,155.55,429.56,157.57
429.85,142.59,409.43,140.74,408.11,155.25,428.53,157.11
427.09,141.74,406.02,139.16,404.26,153.51,425.33,156.09
425.24,141.79,403.32,139.16,401.52,154.14,423.44,156.78
423.99,140.69,400.99,139.65,400.33,154.13,423.33,155.17
421.07,139.71,398.07,139.04,397.62,154.74,420.61,155.41
420.35,138.66,396.76,137.11,395.74,152.73,419.33,154.28
419.54,138.57,394.98,136.61,393.75,152.01,418.31,153.96
418.06,138.33,393.59,136.08,392.19,151.29,416.66,153.55
417.25,138.25,391.91,136.63,390.95,151.71,416.28,153.33
415.38,138.40,394.99,137.69,394.47,152.93,414.85,153.63
413.45,138.46,392.13,137.29,391.31,152.30,412.62,153.47
411.98,139.83,389.33,138.32,388.35,153.13,411.00,154.64
409.57,140.35,385.54,136.68,383.34,151.10,407.37,154.77
407.83,141.13,384.30,137.76,382.17,152.60,405.71,155.97
405.31,142.23,383.64,141.48,383.13,156.30,404.79,157.05
402.70,143.96,381.31,144.09,381.40,159.71,402.79,159.59
400.43,144.84,379.43,146.70,380.76,161.71,401.76,159.86
397.04,145.51,376.73,149.08,379.47,164.74,399.79,161.18
395.91,146.69,374.65,148.62,376.12,164.76,397.38,162.83
394.14,147.86,373.46,149.87,374.99,165.65,395.68,163.64
393.21,149.79,370.99,150.07,371.18,165.47,393.41,165.19
389.87,149.75,367.04,151.34,368.14,167.18,390.97,165.59
385.58,150.35,362.45,150.65,362.65,166.63,385.79,166.33
381.95,148.45,357.76,147.82,357.32,164.70,381.51,165.33
375.41,149.48,352.34,149.29,352.21,164.62,375.28,164.82
371.41,148.51,350.07,149.79,351.04,166.06,372.39,164.78
369.71,148.34,348.85,149.27,349.58,165.49,370.43,164.56
368.64,150.15,346.59,147.90,344.98,163.64,367.04,165.89
