1
145.463882,61.938889,50.000000,59.000000
145.463882,61.938889,50.000000,59.000000
145.463882,61.938889,50.000000,59.000000
145.463882,61.938889,50.000000,59.000000
145.463882,61.938889,50.000000,59.000000
145.463882,61.030556,50.000000,59.000000
145.463882,60.122223,50.000000,59.000000
146.069443,58.305557,50.000000,59.000000
146.372223,57.397221,50.000000,59.000000
147.583328,55.883331,50.000000,59.000000
150.005554,54.672222,50.000000,59.000000
152.427780,52.855556,50.000000,59.000000
153.638885,50.736111,50.000000,59.000000
155.455551,48.313889,50.000000,59.000000
157.272217,46.497223,50.000000,59.000000
159.088882,45.588890,50.000000,59.000000
162.722229,45.588890,50.000000,59.000000
166.355560,47.405556,50.000000,59.000000
169.383331,49.827778,50.000000,59.000000
172.411118,53.763889,50.000000,59.000000
172.108337,56.488888,50.000000,59.000000
169.383331,58.305557,50.000000,59.000000
169.383331,59.213890,50.000000,59.000000
168.777771,58.608334,50.000000,59.000000
167.263885,58.911110,50.000000,59.000000
166.355560,59.213890,50.000000,59.000000
165.750000,58.911110,50.000000,59.000000
165.750000,58.911110,50.000000,59.000000
165.750000,58.911110,50.000000,59.000000
2
0
0
0
0
1
218.769440,99.925003,42.000000,35.000000
210.213882,96.288887,42.000000,35.000000
203.155563,90.086113,42.000000,35.000000
193.744446,87.091667,42.000000,35.000000
184.119446,81.958336,42.000000,35.000000
174.066666,76.824997,42.000000,35.000000
163.372223,71.263885,42.000000,35.000000
153.319443,65.916664,42.000000,35.000000
143.694443,61.638889,42.000000,35.000000
136.422226,58.002777,42.000000,35.000000
127.438889,53.724998,42.000000,35.000000
118.455559,49.875000,42.000000,35.000000
109.472221,46.666668,42.000000,35.000000
101.558334,45.597221,42.000000,35.000000
94.286110,45.169445,42.000000,35.000000
88.297218,45.597221,42.000000,35.000000
83.591667,45.597221,42.000000,35.000000
79.099998,45.811111,42.000000,35.000000
75.463890,46.025002,42.000000,35.000000
70.544441,45.383331,42.000000,35.000000
67.763885,49.447224,42.000000,35.000000
66.052780,53.511112,42.000000,35.000000
64.341667,58.858334,42.000000,35.000000
62.416668,62.708332,42.000000,35.000000
62.630554,66.772224,42.000000,35.000000
65.411110,71.263885,42.000000,35.000000
73.111115,77.466667,42.000000,35.000000
83.591667,82.813889,42.000000,35.000000
95.997223,81.958336,42.000000,35.000000
104.766670,72.547218,42.000000,35.000000
112.894447,65.702782,42.000000,35.000000
119.311111,65.061111,42.000000,35.000000
121.022224,62.708332,42.000000,35.000000
119.311111,62.066666,42.000000,35.000000
2
0
0
0
0
1
204.134003,72.247002,61.099998,71.739998
201.182007,71.877998,61.099998,71.739998
200.074997,71.509003,61.099998,71.739998
201.919998,71.877998,61.099998,71.739998
200.444000,73.353996,61.099998,71.739998
196.016006,69.664001,61.099998,71.739998
193.432999,65.973999,61.099998,71.739998
190.112000,67.819000,61.099998,71.739998
186.052994,68.926003,61.099998,71.739998
180.518005,68.926003,61.099998,71.739998
174.613998,69.664001,61.099998,71.739998
170.554993,70.402000,61.099998,71.739998
166.126999,71.509003,61.099998,71.739998
162.436996,71.877998,61.099998,71.739998
158.009003,71.877998,61.099998,71.739998
153.580994,71.877998,61.099998,71.739998
149.891006,71.509003,61.099998,71.739998
146.938995,71.509003,61.099998,71.739998
142.880005,70.402000,61.099998,71.739998
138.082993,68.556999,61.099998,71.739998
136.606995,65.973999,61.099998,71.739998
118.526001,75.568001,61.099998,71.739998
120.371002,73.353996,61.099998,71.739998
116.311996,65.236000,61.099998,71.739998
112.252998,65.236000,61.099998,71.739998
2
0
0
0
0
1
222.080002,92.800003,46.200001,52.200001
224.813339,95.533333,46.200001,52.200001
226.179993,97.173332,46.200001,52.200001
227.546661,99.086670,46.200001,52.200001
229.186661,101.273331,46.200001,52.200001
228.639999,103.733330,46.200001,52.200001
227.820007,105.373337,46.200001,52.200001
225.086670,108.106667,46.200001,52.200001
223.993332,108.653336,46.200001,52.200001
221.533340,109.199997,46.200001,52.200001
219.893326,109.746666,46.200001,52.200001
219.619995,106.739998,46.200001,52.200001
221.259995,103.733330,46.200001,52.200001
220.986664,97.993332,46.200001,52.200001
216.886673,92.526665,46.200001,52.200001
213.333328,86.513336,46.200001,52.200001
219.073334,99.086670,46.200001,52.200001
220.166672,100.726669,46.200001,52.200001
220.440002,100.453331,46.200001,52.200001
2
0
0
0
0
1
113.046669,40.806110,55.599998,58.599998
104.481667,40.806110,55.599998,58.599998
98.137222,38.902779,55.599998,58.599998
96.551109,36.047779,55.599998,58.599998
94.647781,34.461666,55.599998,58.599998
94.647781,36.047779,55.599998,58.599998
95.282219,37.633888,55.599998,58.599998
96.868332,39.537224,55.599998,58.599998
98.771667,40.171665,55.599998,58.599998
100.992226,40.806110,55.599998,58.599998
100.992226,41.757778,55.599998,58.599998
2
0
0
0
0
1
219.833328,110.033333,51.000000,45.000000
218.766663,111.099998,51.000000,45.000000
220.633331,112.433334,51.000000,45.000000
223.033340,112.699997,51.000000,45.000000
225.699997,114.033333,51.000000,45.000000
227.833328,114.833336,51.000000,45.000000
229.166672,115.633331,51.000000,45.000000
229.699997,115.633331,51.000000,45.000000
228.899994,116.166664,51.000000,45.000000
227.566666,115.900002,51.000000,45.000000
224.100006,111.900002,51.000000,45.000000
218.233337,104.433334,51.000000,45.000000
216.633331,113.233330,51.000000,45.000000
219.033340,111.900002,51.000000,45.000000
218.233337,112.433334,51.000000,45.000000
2
0
0
0
0
1
175.230896,40.987556,46.340000,40.340000
181.731888,40.987556,46.340000,40.340000
190.399887,43.154556,46.340000,40.340000
201.957230,46.766220,46.340000,40.340000
214.959229,51.581779,46.340000,40.340000
225.794220,55.674999,46.340000,40.340000
230.128220,59.286667,46.340000,40.340000
231.813660,61.453667,46.340000,40.340000
231.091339,61.935223,46.340000,40.340000
231.813660,61.935223,46.340000,40.340000
231.813660,62.175999,46.340000,40.340000
231.091339,62.175999,46.340000,40.340000
228.924332,61.453667,46.340000,40.340000
227.238892,60.972111,46.340000,40.340000
227.238892,59.768223,46.340000,40.340000
227.479660,58.323555,46.340000,40.340000
223.867996,56.878887,46.340000,40.340000
217.367004,53.989555,46.340000,40.340000
208.939774,51.822556,46.340000,40.340000
199.308670,50.137112,46.340000,40.340000
187.269775,48.210888,46.340000,40.340000
175.230896,47.247780,46.340000,40.340000
162.710449,47.729332,46.340000,40.340000
152.356995,49.896332,46.340000,40.340000
142.003555,48.692444,46.340000,40.340000
130.446228,49.414780,46.340000,40.340000
120.092781,49.655556,46.340000,40.340000
110.702446,49.655556,46.340000,40.340000
100.348999,49.896332,46.340000,40.340000
91.921776,49.896332,46.340000,40.340000
81.809113,51.100224,46.340000,40.340000
73.863441,51.581779,46.340000,40.340000
68.566330,53.026443,46.340000,40.340000
64.232330,55.193443,46.340000,40.340000
61.102222,57.360443,46.340000,40.340000
60.139111,60.731335,46.340000,40.340000
63.028442,65.065331,46.340000,40.340000
67.362442,72.288666,46.340000,40.340000
74.345001,76.141113,46.340000,40.340000
80.123665,83.364441,46.340000,40.340000
90.958664,90.587776,46.340000,40.340000
101.312111,93.477112,46.340000,40.340000
104.923775,96.607224,46.340000,40.340000
95.774223,96.848000,46.340000,40.340000
95.533447,99.737335,46.340000,40.340000
95.051888,99.496559,46.340000,40.340000
94.811111,98.774223,46.340000,40.340000
94.570335,99.014999,46.340000,40.340000
95.292664,99.737335,46.340000,40.340000
95.774223,99.737335,46.340000,40.340000
96.496559,99.978111,46.340000,40.340000
97.459663,99.255775,46.340000,40.340000
96.737335,100.218887,46.340000,40.340000
95.051888,102.145111,46.340000,40.340000
95.533447,103.348999,46.340000,40.340000
96.014999,103.589775,46.340000,40.340000
96.737335,104.071335,46.340000,40.340000
96.978111,104.552887,46.340000,40.340000
96.978111,105.275223,46.340000,40.340000
96.255775,105.034447,46.340000,40.340000
96.255775,105.997559,46.340000,40.340000
94.811111,105.515999,46.340000,40.340000
95.292664,104.793671,46.340000,40.340000
96.255775,104.071335,46.340000,40.340000
97.218887,105.756775,46.340000,40.340000
97.459663,106.479111,46.340000,40.340000
96.978111,105.515999,46.340000,40.340000
96.978111,105.515999,46.340000,40.340000
96.978111,105.515999,46.340000,40.340000
96.978111,105.515999,46.340000,40.340000
96.978111,105.515999,46.340000,40.340000
2
0
0
0
0
1
156.608337,66.316666,50.000000,61.000000
155.066666,65.083336,50.000000,61.000000
153.216660,64.775002,50.000000,61.000000
152.291672,64.466667,50.000000,61.000000
150.441666,64.466667,50.000000,61.000000
148.591660,64.158333,50.000000,61.000000
148.283340,64.775002,50.000000,61.000000
147.666672,64.775002,50.000000,61.000000
146.433334,64.775002,50.000000,61.000000
145.816666,64.775002,50.000000,61.000000
145.508331,64.775002,50.000000,61.000000
145.508331,64.775002,50.000000,61.000000
145.508331,64.775002,50.000000,61.000000
146.125000,64.775002,50.000000,61.000000
146.741669,64.775002,50.000000,61.000000
146.741669,64.775002,50.000000,61.000000
147.666672,64.775002,50.000000,61.000000
147.666672,64.775002,50.000000,61.000000
147.666672,64.775002,50.000000,61.000000
147.666672,64.775002,50.000000,61.000000
