1
439.00,380.00,534.00,380.00,534.00,436.00,439.00,436.00
439.00,380.00,534.00,380.00,534.00,436.00,439.00,436.00
439.00,380.00,534.00,380.00,534.00,436.00,439.00,436.00
439.00,380.00,534.00,380.00,534.00,436.00,439.00,436.00
439.00,380.00,534.00,380.00,534.00,436.00,439.00,436.00
439.00,380.00,534.00,380.00,534.00,436.00,439.00,436.00
439.00,380.00,534.00,380.00,534.00,436.00,439.00,436.00
439.00,380.00,534.00,380.00,534.00,436.00,439.00,436.00
439.00,380.00,534.00,380.00,534.00,436.00,439.00,436.00
439.00,380.00,534.00,380.00,534.00,436.00,439.00,436.00
439.00,380.00,534.00,380.00,534.00,436.00,439.00,436.00
439.00,380.00,534.00,380.00,534.00,436.00,439.00,436.00
439.00,380.00,534.00,380.00,534.00,436.00,439.00,436.00
439.00,380.00,534.00,380.00,534.00,436.00,439.00,436.00
439.00,380.00,534.00,380.00,534.00,436.00,439.00,436.00
439.00,380.00,534.00,380.00,534.00,436.00,439.00,436.00
439.00,380.00,534.00,380.00,534.00,436.00,439.00,436.00
439.00,380.00,534.00,380.00,534.00,436.00,439.00,436.00
439.00,380.00,534.00,380.00,534.00,436.00,439.00,436.00
439.00,380.00,534.00,380.00,534.00,436.00,439.00,436.00
439.00,380.00,534.00,380.00,534.00,436.00,439.00,436.00
439.00,380.00,534.00,380.00,534.00,436.00,439.00,436.00
439.00,380.00,534.00,380.00,534.00,436.00,439.00,436.00
439.00,380.00,534.00,380.00,534.00,436.00,439.00,436.00
439.00,380.00,534.00,380.00,534.00,436.00,439.00,436.00
439.00,380.00,534.00,380.00,534.00,436.00,439.00,436.00
439.00,380.00,534.00,380.00,534.00,436.00,439.00,436.00
439.00,380.00,534.00,380.00,534.00,436.00,439.00,436.00
439.00,380.00,534.00,380.00,534.00,436.00,439.00,436.00
439.00,380.00,534.00,380.00,534.00,436.00,439.00,436.00
439.00,380.00,534.00,380.00,534.00,436.00,439.00,436.00
439.00,380.00,534.00,380.00,534.00,436.00,439.00,436.00
439.00,380.00,534.00,380.00,534.00,436.00,439.00,436.00
439.00,380.00,534.00,380.00,534.00,436.00,439.00,436.00
2
0
0
0
0
1
540.00,380.00,601.00,380.00,601.00,434.00,540.00,434.00
540.00,380.00,601.00,380.00,601.00,434.00,540.00,434.00
540.00,380.00,601.00,380.00,601.00,434.00,540.00,434.00
540.00,380.00,601.00,380.00,601.00,434.00,540.00,434.00
540.00,380.00,601.00,380.00,601.00,434.00,540.00,434.00
540.00,380.00,601.00,380.00,601.00,434.00,540.00,434.00
540.00,380.00,601.00,380.00,601.00,434.00,540.00,434.00
540.00,380.00,601.00,380.00,601.00,434.00,540.00,434.00
540.00,380.00,601.00,380.00,601.00,434.00,540.00,434.00
540.00,380.00,601.00,380.00,601.00,434.00,540.00,434.00
540.00,380.00,601.00,380.00,601.00,434.00,540.00,434.00
540.00,380.00,601.00,380.00,601.00,434.00,540.00,434.00
540.00,380.00,601.00,380.00,601.00,434.00,540.00,434.00
540.00,380.00,601.00,380.00,601.00,434.00,540.00,434.00
540.00,380.00,601.00,380.00,601.00,434.00,540.00,434.00
540.00,380.00,601.00,380.00,601.00,434.00,540.00,434.00
540.00,380.00,601.00,380.00,601.00,434.00,540.00,434.00
540.00,380.00,601.00,380.00,601.00,434.00,540.00,434.00
540.00,380.00,601.00,380.00,601.00,434.00,540.00,434.00
540.00,380.00,601.00,380.00,601.00,434.00,540.00,434.00
540.00,380.00,601.00,380.00,601.00,434.00,540.00,434.00
540.00,380.00,601.00,380.00,601.00,434.00,540.00,434.00
540.00,380.00,601.00,380.00,601.00,434.00,540.00,434.00
540.00,380.00,601.00,380.00,601.00,434.00,540.00,434.00
540.00,380.00,601.00,380.00,601.00,434.00,540.00,434.00
540.00,380.00,601.00,380.00,601.00,434.00,540.00,434.00
540.00,380.00,601.00,380.00,601.00,434.00,540.00,434.00
540.00,380.00,601.00,380.00,601.00,434.00,540.00,434.00
540.00,380.00,601.00,380.00,601.00,434.00,540.00,434.00
540.00,380.00,601.00,380.00,601.00,434.00,540.00,434.00
540.00,380.00,601.00,380.00,601.00,434.00,540.00,434.00
540.00,380.00,601.00,380.00,601.00,434.00,540.00,434.00
540.00,380.00,601.00,380.00,601.00,434.00,540.00,434.00
540.00,380.00,601.00,380.00,601.00,434.00,540.00,434.00
540.00,380.00,601.00,380.00,601.00,434.00,540.00,434.00
540.00,380.00,601.00,380.00,601.00,434.00,540.00,434.00
540.00,380.00,601.00,380.00,601.00,434.00,540.00,434.00
540.00,380.00,601.00,380.00,601.00,434.00,540.00,434.00
540.00,380.00,601.00,380.00,601.00,434.00,540.00,434.00
540.00,380.00,601.00,380.00,601.00,434.00,540.00,434.00
540.00,380.00,601.00,380.00,601.00,434.00,540.00,434.00
540.00,380.00,601.00,380.00,601.00,434.00,540.00,434.00
540.00,380.00,601.00,380.00,601.00,434.00,540.00,434.00
540.00,380.00,601.00,380.00,601.00,434.00,540.00,434.00
540.00,380.00,601.00,380.00,601.00,434.00,540.00,434.00
540.00,380.00,601.00,380.00,601.00,434.00,540.00,434.00
540.00,380.00,601.00,380.00,601.00,434.00,540.00,434.00
540.00,380.00,601.00,380.00,601.00,434.00,540.00,434.00
540.00,380.00,601.00,380.00,601.00,434.00,540.00,434.00
540.00,380.00,601.00,380.00,601.00,434.00,540.00,434.00
540.00,380.00,601.00,380.00,601.00,434.00,540.00,434.00
540.00,380.00,601.00,380.00,601.00,434.00,540.00,434.00
540.00,380.00,601.00,380.00,601.00,434.00,540.00,434.00
540.00,380.00,601.00,380.00,601.00,434.00,540.00,434.00
540.00,380.00,601.00,380.00,601.00,434.00,540.00,434.00
540.00,380.00,601.00,380.00,601.00,434.00,540.00,434.00
540.00,380.00,601.00,380.00,601.00,434.00,540.00,434.00
540.00,380.00,601.00,380.00,601.00,434.00,540.00,434.00
540.00,380.00,601.00,380.00,601.00,434.00,540.00,434.00
540.00,380.00,601.00,380.00,601.00,434.00,540.00,434.00
540.00,380.00,601.00,380.00,601.00,434.00,540.00,434.00
540.00,380.00,601.00,380.00,601.00,434.00,540.00,434.00
540.00,380.00,601.00,380.00,601.00,434.00,540.00,434.00
540.00,380.00,601.00,380.00,601.00,434.00,540.00,434.00
540.00,380.00,601.00,380.00,601.00,434.00,540.00,434.00
540.00,380.00,601.00,380.00,601.00,434.00,540.00,434.00
540.00,380.00,601.00,380.00,601.00,434.00,540.00,434.00
540.00,380.00,601.00,380.00,601.00,434.00,540.00,434.00
540.00,380.00,601.00,380.00,601.00,434.00,540.00,434.00
540.00,380.00,601.00,380.00,601.00,434.00,540.00,434.00
540.00,380.00,601.00,380.00,601.00,434.00,540.00,434.00
540.00,380.00,601.00,380.00,601.00,434.00,540.00,434.00
540.00,380.00,601.00,380.00,601.00,434.00,540.00,434.00
540.00,380.00,601.00,380.00,601.00,434.00,540.00,434.00
540.00,380.00,601.00,380.00,601.00,434.00,540.00,434.00
540.00,380.00,601.00,380.00,601.00,434.00,540.00,434.00
540.00,380.00,601.00,380.00,601.00,434.00,540.00,434.00
540.00,380.00,601.00,380.00,601.00,434.00,540.00,434.00
540.00,380.00,601.00,380.00,601.00,434.00,540.00,434.00
540.00,380.00,601.00,380.00,601.00,434.00,540.00,434.00
540.00,380.00,601.00,380.00,601.00,434.00,540.00,434.00
540.00,380.00,601.00,380.00,601.00,434.00,540.00,434.00
540.00,380.00,601.00,380.00,601.00,434.00,540.00,434.00
540.00,380.00,601.00,380.00,601.00,434.00,540.00,434.00
540.00,380.00,601.00,380.00,601.00,434.00,540.00,434.00
540.00,380.00,601.00,380.00,601.00,434.00,540.00,434.00
540.00,380.00,601.00,380.00,601.00,434.00,540.00,434.00
540.00,380.00,601.00,380.00,601.00,434.00,540.00,434.00
540.00,380.00,601.00,380.00,601.00,434.00,540.00,434.00
540.00,380.00,601.00,380.00,601.00,434.00,540.00,434.00
540.00,380.00,601.00,380.00,601.00,434.00,540.00,434.00
540.00,380.00,601.00,380.00,601.00,434.00,540.00,434.00
540.00,380.00,601.00,380.00,601.00,434.00,540.00,434.00
540.00,380.00,601.00,380.00,601.00,434.00,540.00,434.00
540.00,380.00,601.00,380.00,601.00,434.00,540.00,434.00
540.00,380.00,601.00,380.00,601.00,434.00,540.00,434.00
540.00,380.00,601.00,380.00,601.00,434.00,540.00,434.00
540.00,380.00,601.00,380.00,601.00,434.00,540.00,434.00
540.00,380.00,601.00,380.00,601.00,434.00,540.00,434.00
540.00,380.00,601.00,380.00,601.00,434.00,540.00,434.00
540.00,380.00,601.00,380.00,601.00,434.00,540.00,434.00
540.00,380.00,601.00,380.00,601.00,434.00,540.00,434.00
540.00,380.00,601.00,380.00,601.00,434.00,540.00,434.00
540.00,380.00,601.00,380.00,601.00,434.00,540.00,434.00
540.00,380.00,601.00,380.00,601.00,434.00,540.00,434.00
540.00,380.00,601.00,380.00,601.00,434.00,540.00,434.00
540.00,380.00,601.00,380.00,601.00,434.00,540.00,434.00
540.00,380.00,601.00,380.00,601.00,434.00,540.00,434.00
540.00,380.00,601.00,380.00,601.00,434.00,540.00,434.00
540.00,380.00,601.00,380.00,601.00,434.00,540.00,434.00
540.00,380.00,601.00,380.00,601.00,434.00,540.00,434.00
540.00,380.00,601.00,380.00,601.00,434.00,540.00,434.00
540.00,380.00,601.00,380.00,601.00,434.00,540.00,434.00
540.00,380.00,601.00,380.00,601.00,434.00,540.00,434.00
540.00,380.00,601.00,380.00,601.00,434.00,540.00,434.00
540.00,380.00,601.00,380.00,601.00,434.00,540.00,434.00
540.00,380.00,601.00,380.00,601.00,434.00,540.00,434.00
540.00,380.00,601.00,380.00,601.00,434.00,540.00,434.00
540.00,380.00,601.00,380.00,601.00,434.00,540.00,434.00
540.00,380.00,601.00,380.00,601.00,434.00,540.00,434.00
540.00,380.00,601.00,380.00,601.00,434.00,540.00,434.00
540.00,380.00,601.00,380.00,601.00,434.00,540.00,434.00
540.00,380.00,601.00,380.00,601.00,434.00,540.00,434.00
540.00,380.00,601.00,380.00,601.00,434.00,540.00,434.00
540.00,380.00,601.00,380.00,601.00,434.00,540.00,434.00
540.00,380.00,601.00,380.00,601.00,434.00,540.00,434.00
540.00,380.00,601.00,380.00,601.00,434.00,540.00,434.00
540.00,380.00,601.00,380.00,601.00,434.00,540.00,434.00
540.00,380.00,601.00,380.00,601.00,434.00,540.00,434.00
540.00,380.00,601.00,380.00,601.00,434.00,540.00,434.00
540.00,380.00,601.00,380.00,601.00,434.00,540.00,434.00
540.00,380.00,601.00,380.00,601.00,434.00,540.00,434.00
540.00,380.00,601.00,380.00,601.00,434.00,540.00,434.00
540.00,380.00,601.00,380.00,601.00,434.00,540.00,434.00
540.00,380.00,601.00,380.00,601.00,434.00,540.00,434.00
540.00,380.00,601.00,380.00,601.00,434.00,540.00,434.00
540.00,380.00,601.00,380.00,601.00,434.00,540.00,434.00
540.00,380.00,601.00,380.00,601.00,434.00,540.00,434.00
540.00,380.00,601.00,380.00,601.00,434.00,540.00,434.00
540.00,380.00,601.00,380.00,601.00,434.00,540.00,434.00
540.00,380.00,601.00,380.00,601.00,434.00,540.00,434.00
540.00,380.00,601.00,380.00,601.00,434.00,540.00,434.00
540.00,380.00,601.00,380.00,601.00,434.00,540.00,434.00
540.00,380.00,601.00,380.00,601.00,434.00,540.00,434.00
540.00,380.00,601.00,380.00,601.00,434.00,540.00,434.00
540.00,380.00,601.00,380.00,601.00,434.00,540.00,434.00
540.00,380.00,601.00,380.00,601.00,434.00,540.00,434.00
540.00,380.00,601.00,380.00,601.00,434.00,540.00,434.00
540.00,380.00,601.00,380.00,601.00,434.00,540.00,434.00
540.00,380.00,601.00,380.00,601.00,434.00,540.00,434.00
540.00,380.00,601.00,380.00,601.00,434.00,540.00,434.00
540.00,380.00,601.00,380.00,601.00,434.00,540.00,434.00
540.00,380.00,601.00,380.00,601.00,434.00,540.00,434.00
540.00,380.00,601.00,380.00,601.00,434.00,540.00,434.00
540.00,380.00,601.00,380.00,601.00,434.00,540.00,434.00
540.00,380.00,601.00,380.00,601.00,434.00,540.00,434.00
540.00,380.00,601.00,380.00,601.00,434.00,540.00,434.00
540.00,380.00,601.00,380.00,601.00,434.00,540.00,434.00
540.00,380.00,601.00,380.00,601.00,434.00,540.00,434.00
540.00,380.00,601.00,380.00,601.00,434.00,540.00,434.00
540.00,380.00,601.00,380.00,601.00,434.00,540.00,434.00
540.00,380.00,601.00,380.00,601.00,434.00,540.00,434.00
540.00,380.00,601.00,380.00,601.00,434.00,540.00,434.00
540.00,380.00,601.00,380.00,601.00,434.00,540.00,434.00
540.00,380.00,601.00,380.00,601.00,434.00,540.00,434.00
540.00,380.00,601.00,380.00,601.00,434.00,540.00,434.00
540.00,380.00,601.00,380.00,601.00,434.00,540.00,434.00
540.00,380.00,601.00,380.00,601.00,434.00,540.00,434.00
540.00,380.00,601.00,380.00,601.00,434.00,540.00,434.00
540.00,380.00,601.00,380.00,601.00,434.00,540.00,434.00
540.00,380.00,601.00,380.00,601.00,434.00,540.00,434.00
540.00,380.00,601.00,380.00,601.00,434.00,540.00,434.00
540.00,380.00,601.00,380.00,601.00,434.00,540.00,434.00
540.00,380.00,601.00,380.00,601.00,434.00,540.00,434.00
540.00,380.00,601.00,380.00,601.00,434.00,540.00,434.00
540.00,380.00,601.00,380.00,601.00,434.00,540.00,434.00
540.00,380.00,601.00,380.00,601.00,434.00,540.00,434.00
540.00,380.00,601.00,380.00,601.00,434.00,540.00,434.00
540.00,380.00,601.00,380.00,601.00,434.00,540.00,434.00
540.00,380.00,601.00,380.00,601.00,434.00,540.00,434.00
540.00,380.00,601.00,380.00,601.00,434.00,540.00,434.00
540.00,380.00,601.00,380.00,601.00,434.00,540.00,434.00
540.00,380.00,601.00,380.00,601.00,434.00,540.00,434.00
540.00,380.00,601.00,380.00,601.00,434.00,540.00,434.00
540.00,380.00,601.00,380.00,601.00,434.00,540.00,434.00
540.00,380.00,601.00,380.00,601.00,434.00,540.00,434.00
540.00,380.00,601.00,380.00,601.00,434.00,540.00,434.00
540.00,380.00,601.00,380.00,601.00,434.00,540.00,434.00
540.00,380.00,601.00,380.00,601.00,434.00,540.00,434.00
540.00,380.00,601.00,380.00,601.00,434.00,540.00,434.00
540.00,380.00,601.00,380.00,601.00,434.00,540.00,434.00
540.00,380.00,601.00,380.00,601.00,434.00,540.00,434.00
540.00,380.00,601.00,380.00,601.00,434.00,540.00,434.00
540.00,380.00,601.00,380.00,601.00,434.00,540.00,434.00
540.00,380.00,601.00,380.00,601.00,434.00,540.00,434.00
540.00,380.00,601.00,380.00,601.00,434.00,540.00,434.00
540.00,380.00,601.00,380.00,601.00,434.00,540.00,434.00
540.00,380.00,601.00,380.00,601.00,434.00,540.00,434.00
540.00,380.00,601.00,380.00,601.00,434.00,540.00,434.00
540.00,380.00,601.00,380.00,601.00,434.00,540.00,434.00
540.00,380.00,601.00,380.00,601.00,434.00,540.00,434.00
540.00,380.00,601.00,380.00,601.00,434.00,540.00,434.00
540.00,380.00,601.00,380.00,601.00,434.00,540.00,434.00
540.00,380.00,601.00,380.00,601.00,434.00,540.00,434.00
540.00,380.00,601.00,380.00,601.00,434.00,540.00,434.00
540.00,380.00,601.00,380.00,601.00,434.00,540.00,434.00
540.00,380.00,601.00,380.00,601.00,434.00,540.00,434.00
540.00,380.00,601.00,380.00,601.00,434.00,540.00,434.00
540.00,380.00,601.00,380.00,601.00,434.00,540.00,434.00
540.00,380.00,601.00,380.00,601.00,434.00,540.00,434.00
540.00,380.00,601.00,380.00,601.00,434.00,540.00,434.00
540.00,380.00,601.00,380.00,601.00,434.00,540.00,434.00
540.00,380.00,601.00,380.00,601.00,434.00,540.00,434.00
540.00,380.00,601.00,380.00,601.00,434.00,540.00,434.00
540.00,380.00,601.00,380.00,601.00,434.00,540.00,434.00
540.00,380.00,601.00,380.00,601.00,434.00,540.00,434.00
540.00,380.00,601.00,380.00,601.00,434.00,540.00,434.00
540.00,380.00,601.00,380.00,601.00,434.00,540.00,434.00
540.00,380.00,601.00,380.00,601.00,434.00,540.00,434.00
540.00,380.00,601.00,380.00,601.00,434.00,540.00,434.00
540.00,380.00,601.00,380.00,601.00,434.00,540.00,434.00
540.00,380.00,601.00,380.00,601.00,434.00,540.00,434.00
540.00,380.00,601.00,380.00,601.00,434.00,540.00,434.00
540.00,380.00,601.00,380.00,601.00,434.00,540.00,434.00
540.00,380.00,601.00,380.00,601.00,434.00,540.00,434.00
540.00,380.00,601.00,380.00,601.00,434.00,540.00,434.00
540.00,380.00,601.00,380.00,601.00,434.00,540.00,434.00
540.00,380.00,601.00,380.00,601.00,434.00,540.00,434.00
540.00,380.00,601.00,380.00,601.00,434.00,540.00,434.00
540.00,380.00,601.00,380.00,601.00,434.00,540.00,434.00
540.00,380.00,601.00,380.00,601.00,434.00,540.00,434.00
540.00,380.00,601.00,380.00,601.00,434.00,540.00,434.00
540.00,380.00,601.00,380.00,601.00,434.00,540.00,434.00
540.00,380.00,601.00,380.00,601.00,434.00,540.00,434.00
540.00,380.00,601.00,380.00,601.00,434.00,540.00,434.00
540.00,380.00,601.00,380.00,601.00,434.00,540.00,434.00
540.00,380.00,601.00,380.00,601.00,434.00,540.00,434.00
540.00,380.00,601.00,380.00,601.00,434.00,540.00,434.00
540.00,380.00,601.00,380.00,601.00,434.00,540.00,434.00
540.00,380.00,601.00,380.00,601.00,434.00,540.00,434.00
540.00,380.00,601.00,380.00,601.00,434.00,540.00,434.00
540.00,380.00,601.00,380.00,601.00,434.00,540.00,434.00
540.00,380.00,601.00,380.00,601.00,434.00,540.00,434.00
540.00,380.00,601.00,380.00,601.00,434.00,540.00,434.00
540.00,380.00,601.00,380.00,601.00,434.00,540.00,434.00
540.00,380.00,601.00,380.00,601.00,434.00,540.00,434.00
540.00,380.00,601.00,380.00,601.00,434.00,540.00,434.00
540.00,380.00,601.00,380.00,601.00,434.00,540.00,434.00
540.00,380.00,601.00,380.00,601.00,434.00,540.00,434.00
540.00,380.00,601.00,380.00,601.00,434.00,540.00,434.00
540.00,380.00,601.00,380.00,601.00,434.00,540.00,434.00
540.00,380.00,601.00,380.00,601.00,434.00,540.00,434.00
540.00,380.00,601.00,380.00,601.00,434.00,540.00,434.00
540.00,380.00,601.00,380.00,601.00,434.00,540.00,434.00
540.00,380.00,601.00,380.00,601.00,434.00,540.00,434.00
539.00,380.00,600.00,380.00,600.00,434.00,539.00,434.00
539.00,380.00,600.00,380.00,600.00,434.00,539.00,434.00
539.00,380.00,600.00,380.00,600.00,434.00,539.00,434.00
539.00,380.00,600.00,380.00,600.00,434.00,539.00,434.00
539.00,380.00,600.00,380.00,600.00,434.00,539.00,434.00
539.00,380.00,600.00,380.00,600.00,434.00,539.00,434.00
539.00,380.00,600.00,380.00,600.00,434.00,539.00,434.00
539.00,380.00,600.00,380.00,600.00,434.00,539.00,434.00
539.00,380.00,600.00,380.00,600.00,434.00,539.00,434.00
539.00,380.00,600.00,380.00,600.00,434.00,539.00,434.00
539.00,380.00,600.00,380.00,600.00,434.00,539.00,434.00
539.00,380.00,600.00,380.00,600.00,434.00,539.00,434.00
539.00,380.00,600.00,380.00,600.00,434.00,539.00,434.00
539.00,380.00,600.00,380.00,600.00,434.00,539.00,434.00
539.00,380.00,600.00,380.00,600.00,434.00,539.00,434.00
539.00,380.00,600.00,380.00,600.00,434.00,539.00,434.00
539.00,380.00,600.00,380.00,600.00,434.00,539.00,434.00
539.00,380.00,600.00,380.00,600.00,434.00,539.00,434.00
539.00,380.00,600.00,380.00,600.00,434.00,539.00,434.00
539.00,380.00,600.00,380.00,600.00,434.00,539.00,434.00
539.00,380.00,600.00,380.00,600.00,434.00,539.00,434.00
539.00,380.00,600.00,380.00,600.00,434.00,539.00,434.00
539.00,380.00,600.00,380.00,600.00,434.00,539.00,434.00
539.00,380.00,600.00,380.00,600.00,434.00,539.00,434.00
539.00,380.00,600.00,380.00,600.00,434.00,539.00,434.00
539.00,380.00,600.00,380.00,600.00,434.00,539.00,434.00
539.00,380.00,600.00,380.00,600.00,434.00,539.00,434.00
539.00,380.00,600.00,380.00,600.00,434.00,539.00,434.00
539.00,380.00,600.00,380.00,600.00,434.00,539.00,434.00
539.00,380.00,600.00,380.00,600.00,434.00,539.00,434.00
539.00,380.00,600.00,380.00,600.00,434.00,539.00,434.00
539.00,380.00,600.00,380.00,600.00,434.00,539.00,434.00
539.00,380.00,600.00,380.00,600.00,434.00,539.00,434.00
539.00,380.00,600.00,380.00,600.00,434.00,539.00,434.00
539.00,380.00,600.00,380.00,600.00,434.00,539.00,434.00
539.00,380.00,600.00,380.00,600.00,434.00,539.00,434.00
539.00,380.00,600.00,380.00,600.00,434.00,539.00,434.00
539.00,380.00,600.00,380.00,600.00,434.00,539.00,434.00
539.00,380.00,600.00,380.00,600.00,434.00,539.00,434.00
539.00,380.00,600.00,380.00,600.00,434.00,539.00,434.00
539.00,380.00,600.00,380.00,600.00,434.00,539.00,434.00
539.00,380.00,600.00,380.00,600.00,434.00,539.00,434.00
539.00,380.00,600.00,380.00,600.00,434.00,539.00,434.00
539.00,380.00,600.00,380.00,600.00,434.00,539.00,434.00
539.00,380.00,600.00,380.00,600.00,434.00,539.00,434.00
539.00,380.00,600.00,380.00,600.00,434.00,539.00,434.00
539.00,380.00,600.00,380.00,600.00,434.00,539.00,434.00
539.00,380.00,600.00,380.00,600.00,434.00,539.00,434.00
539.00,380.00,600.00,380.00,600.00,434.00,539.00,434.00
539.00,380.00,600.00,380.00,600.00,434.00,539.00,434.00
539.00,380.00,600.00,380.00,600.00,434.00,539.00,434.00
539.00,380.00,600.00,380.00,600.00,434.00,539.00,434.00
539.00,380.00,600.00,380.00,600.00,434.00,539.00,434.00
541.00,385.00,602.00,385.00,602.00,439.00,541.00,439.00
545.00,391.00,606.00,391.00,606.00,445.00,545.00,445.00
549.00,398.00,610.00,398.00,610.00,452.00,549.00,452.00
553.00,407.00,614.00,407.00,614.00,461.00,553.00,461.00
553.00,407.00,614.00,407.00,614.00,461.00,553.00,461.00
558.00,415.00,619.00,415.00,619.00,469.00,558.00,469.00
563.00,422.00,624.00,422.00,624.00,476.00,563.00,476.00
569.00,431.00,630.00,431.00,630.00,485.00,569.00,485.00
576.00,441.00,637.00,441.00,637.00,495.00,576.00,495.00
576.00,441.00,637.00,441.00,637.00,495.00,576.00,495.00
584.00,451.00,645.00,451.00,645.00,505.00,584.00,505.00
593.00,462.00,654.00,462.00,654.00,516.00,593.00,516.00
603.00,475.00,664.00,475.00,664.00,529.00,603.00,529.00
612.00,487.00,673.00,487.00,673.00,540.00,612.00,540.00
612.00,487.00,673.00,487.00,673.00,540.00,612.00,540.00
624.00,500.00,685.00,500.00,685.00,540.00,624.00,540.00
625.00,501.00,686.00,501.00,686.00,540.00,625.00,540.00
624.00,501.00,685.00,501.00,685.00,540.00,624.00,540.00
623.00,501.00,684.00,501.00,684.00,540.00,623.00,540.00
623.00,501.00,684.00,501.00,684.00,540.00,623.00,540.00
622.00,501.00,683.00,501.00,683.00,540.00,622.00,540.00
621.00,501.00,682.00,501.00,682.00,540.00,621.00,540.00
621.00,501.00,682.00,501.00,682.00,540.00,621.00,540.00
621.00,501.00,682.00,501.00,682.00,540.00,621.00,540.00
621.00,501.00,682.00,501.00,682.00,540.00,621.00,540.00
620.00,501.00,681.00,501.00,681.00,540.00,620.00,540.00
620.00,501.00,681.00,501.00,681.00,540.00,620.00,540.00
620.00,501.00,681.00,501.00,681.00,540.00,620.00,540.00
619.00,501.00,680.00,501.00,680.00,540.00,619.00,540.00
619.00,501.00,680.00,501.00,680.00,540.00,619.00,540.00
619.00,501.00,680.00,501.00,680.00,540.00,619.00,540.00
619.00,501.00,680.00,501.00,680.00,540.00,619.00,540.00
618.00,501.00,679.00,501.00,679.00,540.00,618.00,540.00
617.00,501.00,678.00,501.00,678.00,540.00,617.00,540.00
617.00,501.00,678.00,501.00,678.00,540.00,617.00,540.00
617.00,501.00,678.00,501.00,678.00,540.00,617.00,540.00
617.00,501.00,678.00,501.00,678.00,540.00,617.00,540.00
616.00,501.00,677.00,501.00,677.00,540.00,616.00,540.00
624.00,497.00,685.00,497.00,685.00,536.00,624.00,536.00
632.00,494.00,693.00,494.00,693.00,533.00,632.00,533.00
652.00,493.00,713.00,493.00,713.00,532.00,652.00,532.00
652.00,493.00,713.00,493.00,713.00,532.00,652.00,532.00
652.00,492.00,713.00,492.00,713.00,531.00,652.00,531.00
652.00,491.00,713.00,491.00,713.00,530.00,652.00,530.00
652.00,491.00,713.00,491.00,713.00,530.00,652.00,530.00
651.00,490.00,712.00,490.00,712.00,529.00,651.00,529.00
650.00,490.00,711.00,490.00,711.00,529.00,650.00,529.00
649.00,490.00,710.00,490.00,710.00,529.00,649.00,529.00
648.00,490.00,709.00,490.00,709.00,529.00,648.00,529.00
648.00,490.00,709.00,490.00,709.00,529.00,648.00,529.00
648.00,490.00,709.00,490.00,709.00,529.00,648.00,529.00
648.00,490.00,709.00,490.00,709.00,529.00,648.00,529.00
648.00,490.00,709.00,490.00,709.00,529.00,648.00,529.00
648.00,490.00,709.00,490.00,709.00,529.00,648.00,529.00
648.00,490.00,709.00,490.00,709.00,529.00,648.00,529.00
648.00,491.00,709.00,491.00,709.00,530.00,648.00,530.00
648.00,492.00,709.00,492.00,709.00,531.00,648.00,531.00
647.00,492.00,708.00,492.00,708.00,531.00,647.00,531.00
637.00,481.00,698.00,481.00,698.00,520.00,637.00,520.00
634.00,476.00,695.00,476.00,695.00,515.00,634.00,515.00
624.00,465.00,685.00,465.00,685.00,504.00,624.00,504.00
617.00,457.00,678.00,457.00,678.00,496.00,617.00,496.00
608.00,446.00,669.00,446.00,669.00,485.00,608.00,485.00
599.00,436.00,660.00,436.00,660.00,475.00,599.00,475.00
595.00,436.00,656.00,436.00,656.00,475.00,595.00,475.00
587.00,426.00,648.00,426.00,648.00,465.00,587.00,465.00
582.00,419.00,643.00,419.00,643.00,458.00,582.00,458.00
576.00,411.00,637.00,411.00,637.00,450.00,576.00,450.00
570.00,403.00,631.00,403.00,631.00,442.00,570.00,442.00
568.00,400.00,629.00,400.00,629.00,439.00,568.00,439.00
564.00,394.00,625.00,394.00,625.00,433.00,564.00,433.00
563.00,393.00,624.00,393.00,624.00,432.00,563.00,432.00
562.00,393.00,623.00,393.00,623.00,432.00,562.00,432.00
562.00,393.00,623.00,393.00,623.00,432.00,562.00,432.00
562.00,393.00,623.00,393.00,623.00,432.00,562.00,432.00
562.00,392.00,623.00,392.00,623.00,431.00,562.00,431.00
562.00,392.00,623.00,392.00,623.00,431.00,562.00,431.00
562.00,392.00,623.00,392.00,623.00,431.00,562.00,431.00
562.00,392.00,623.00,392.00,623.00,431.00,562.00,431.00
562.00,392.00,623.00,392.00,623.00,431.00,562.00,431.00
561.00,391.00,622.00,391.00,622.00,430.00,561.00,430.00
561.00,391.00,622.00,391.00,622.00,430.00,561.00,430.00
560.00,390.00,621.00,390.00,621.00,429.00,560.00,429.00
560.00,390.00,621.00,390.00,621.00,429.00,560.00,429.00
560.00,390.00,621.00,390.00,621.00,429.00,560.00,429.00
560.00,390.00,621.00,390.00,621.00,429.00,560.00,429.00
560.00,390.00,621.00,390.00,621.00,429.00,560.00,429.00
560.00,390.00,621.00,390.00,621.00,429.00,560.00,429.00
560.00,390.00,621.00,390.00,621.00,429.00,560.00,429.00
560.00,390.00,621.00,390.00,621.00,429.00,560.00,429.00
560.00,390.00,621.00,390.00,621.00,429.00,560.00,429.00
560.00,390.00,621.00,390.00,621.00,429.00,560.00,429.00
560.00,390.00,621.00,390.00,621.00,429.00,560.00,429.00
560.00,390.00,621.00,390.00,621.00,429.00,560.00,429.00
560.00,390.00,621.00,390.00,621.00,429.00,560.00,429.00
561.00,389.00,622.00,389.00,622.00,428.00,561.00,428.00
561.00,389.00,622.00,389.00,622.00,428.00,561.00,428.00
563.00,389.00,624.00,389.00,624.00,428.00,563.00,428.00
565.00,389.00,626.00,389.00,626.00,428.00,565.00,428.00
566.00,389.00,627.00,389.00,627.00,428.00,566.00,428.00
568.00,388.00,629.00,388.00,629.00,427.00,568.00,427.00
568.00,388.00,629.00,388.00,629.00,427.00,568.00,427.00
570.00,388.00,631.00,388.00,631.00,427.00,570.00,427.00
571.00,387.00,632.00,387.00,632.00,426.00,571.00,426.00
571.00,387.00,632.00,387.00,632.00,426.00,571.00,426.00
571.00,387.00,632.00,387.00,632.00,426.00,571.00,426.00
571.00,387.00,632.00,387.00,632.00,426.00,571.00,426.00
571.00,387.00,632.00,387.00,632.00,426.00,571.00,426.00
571.00,387.00,632.00,387.00,632.00,426.00,571.00,426.00
571.00,387.00,632.00,387.00,632.00,426.00,571.00,426.00
571.00,387.00,632.00,387.00,632.00,426.00,571.00,426.00
571.00,387.00,632.00,387.00,632.00,426.00,571.00,426.00
571.00,387.00,632.00,387.00,632.00,426.00,571.00,426.00
571.00,387.00,632.00,387.00,632.00,426.00,571.00,426.00
571.00,387.00,632.00,387.00,632.00,426.00,571.00,426.00
571.00,387.00,632.00,387.00,632.00,426.00,571.00,426.00
571.00,387.00,632.00,387.00,632.00,426.00,571.00,426.00
571.00,387.00,632.00,387.00,632.00,426.00,571.00,426.00
571.00,387.00,632.00,387.00,632.00,426.00,571.00,426.00
571.00,387.00,632.00,387.00,632.00,426.00,571.00,426.00
571.00,387.00,632.00,387.00,632.00,426.00,571.00,426.00
571.00,387.00,632.00,387.00,632.00,426.00,571.00,426.00
571.00,387.00,632.00,387.00,632.00,426.00,571.00,426.00
571.00,387.00,632.00,387.00,632.00,426.00,571.00,426.00
571.00,387.00,632.00,387.00,632.00,426.00,571.00,426.00
571.00,387.00,632.00,387.00,632.00,426.00,571.00,426.00
571.00,387.00,632.00,387.00,632.00,426.00,571.00,426.00
571.00,387.00,632.00,387.00,632.00,426.00,571.00,426.00
571.00,387.00,632.00,387.00,632.00,426.00,571.00,426.00
571.00,387.00,632.00,387.00,632.00,426.00,571.00,426.00
571.00,387.00,632.00,387.00,632.00,426.00,571.00,426.00
571.00,387.00,632.00,387.00,632.00,426.00,571.00,426.00
572.00,386.00,633.00,386.00,633.00,425.00,572.00,425.00
573.00,385.00,634.00,385.00,634.00,424.00,573.00,424.00
573.00,385.00,634.00,385.00,634.00,424.00,573.00,424.00
574.00,385.00,635.00,385.00,635.00,424.00,574.00,424.00
574.00,385.00,635.00,385.00,635.00,424.00,574.00,424.00
575.00,385.00,636.00,385.00,636.00,424.00,575.00,424.00
576.00,385.00,637.00,385.00,637.00,424.00,576.00,424.00
576.00,385.00,637.00,385.00,637.00,424.00,576.00,424.00
576.00,385.00,637.00,385.00,637.00,424.00,576.00,424.00
576.00,385.00,637.00,385.00,637.00,424.00,576.00,424.00
576.00,385.00,637.00,385.00,637.00,424.00,576.00,424.00
576.00,385.00,637.00,385.00,637.00,424.00,576.00,424.00
576.00,385.00,637.00,385.00,637.00,424.00,576.00,424.00
576.00,385.00,637.00,385.00,637.00,424.00,576.00,424.00
576.00,385.00,637.00,385.00,637.00,424.00,576.00,424.00
576.00,385.00,637.00,385.00,637.00,424.00,576.00,424.00
576.00,385.00,637.00,385.00,637.00,424.00,576.00,424.00
576.00,385.00,637.00,385.00,637.00,424.00,576.00,424.00
576.00,385.00,637.00,385.00,637.00,424.00,576.00,424.00
576.00,385.00,637.00,385.00,637.00,424.00,576.00,424.00
576.00,385.00,637.00,385.00,637.00,424.00,576.00,424.00
576.00,385.00,637.00,385.00,637.00,424.00,576.00,424.00
576.00,385.00,637.00,385.00,637.00,424.00,576.00,424.00
576.00,385.00,637.00,385.00,637.00,424.00,576.00,424.00
576.00,385.00,637.00,385.00,637.00,424.00,576.00,424.00
575.00,385.00,636.00,385.00,636.00,424.00,575.00,424.00
574.00,385.00,635.00,385.00,635.00,424.00,574.00,424.00
574.00,385.00,635.00,385.00,635.00,424.00,574.00,424.00
573.00,385.00,634.00,385.00,634.00,424.00,573.00,424.00
573.00,385.00,634.00,385.00,634.00,424.00,573.00,424.00
572.00,385.00,633.00,385.00,633.00,424.00,572.00,424.00
571.00,385.00,632.00,385.00,632.00,424.00,571.00,424.00
571.00,385.00,632.00,385.00,632.00,424.00,571.00,424.00
571.00,385.00,632.00,385.00,632.00,424.00,571.00,424.00
571.00,385.00,632.00,385.00,632.00,424.00,571.00,424.00
570.00,385.00,631.00,385.00,631.00,424.00,570.00,424.00
570.00,385.00,631.00,385.00,631.00,424.00,570.00,424.00
570.00,385.00,631.00,385.00,631.00,424.00,570.00,424.00
570.00,385.00,631.00,385.00,631.00,424.00,570.00,424.00
570.00,385.00,631.00,385.00,631.00,424.00,570.00,424.00
570.00,385.00,631.00,385.00,631.00,424.00,570.00,424.00
570.00,385.00,631.00,385.00,631.00,424.00,570.00,424.00
570.00,385.00,631.00,385.00,631.00,424.00,570.00,424.00
570.00,385.00,631.00,385.00,631.00,424.00,570.00,424.00
570.00,385.00,631.00,385.00,631.00,424.00,570.00,424.00
570.00,385.00,631.00,385.00,631.00,424.00,570.00,424.00
570.00,385.00,631.00,385.00,631.00,424.00,570.00,424.00
570.00,385.00,631.00,385.00,631.00,424.00,570.00,424.00
570.00,385.00,631.00,385.00,631.00,424.00,570.00,424.00
570.00,385.00,631.00,385.00,631.00,424.00,570.00,424.00
570.00,385.00,631.00,385.00,631.00,424.00,570.00,424.00
570.00,385.00,631.00,385.00,631.00,424.00,570.00,424.00
570.00,385.00,631.00,385.00,631.00,424.00,570.00,424.00
570.00,385.00,631.00,385.00,631.00,424.00,570.00,424.00
570.00,385.00,631.00,385.00,631.00,424.00,570.00,424.00
570.00,385.00,631.00,385.00,631.00,424.00,570.00,424.00
570.00,385.00,631.00,385.00,631.00,424.00,570.00,424.00
570.00,385.00,631.00,385.00,631.00,424.00,570.00,424.00
