0.97702,0.97136,0.9634,0,0,0,0,0,0,0,0,0,0,0,0
0.97702,0.97136,0.9634,0,0,0,0,0,0,0,0,0,0,0,0
0.97702,0.97136,0.9634,0,0,0,0,0,0,0,0,0,0,0,0
0.97702,0.97136,0.9634,0,0,0,0,0,0,0,0,0,0,0,0
0.97702,0.97136,0.9634,0,0,0,0,0,0,0,0,0,0,0,0
0.97702,0.97136,0.9634,0,0,0,0,0,0,0,0,0,0,0,0
0.97702,0.97136,0.9634,0,0,0,0,0,0,0,0,0,0,0,0
0.97702,0.97136,0.9634,0,0,0,0,0,0,0,0,0,0,0,0
0.97702,0.97136,0.9634,0,0,0,0,0,0,0,0,0,0,0,0
0.97702,0.97136,0.9634,0,0,0,0,0,0,0,0,0,0,0,0
0.97702,0.97136,0.9634,0,0,0,0,0,0,0,0,0,0,0,0
0.97702,0.97136,0.9634,0,0,0,0,0,0,0,0,0,0,0,0
0.97702,0.97136,0.9634,0,0,0,0,0,0,0,0,0,0,0,0
0.97702,0.97136,0.9634,0,0,0,0,0,0,0,0,0,0,0,0
0.97702,0.97136,0.9634,0,0,0,0,0,0,0,0,0,0,0,0
0.97702,0.97136,0.9634,0,0,0,0,0,0,0,0,0,0,0,0
0.97702,0.97136,0.9634,0,0,0,0,0,0,0,0,0,0,0,0
0.97702,0.97136,0.9634,0,0,0,0,0,0,0,0,0,0,0,0
0.97702,0.97136,0.9634,0,0,0,0,0,0,0,0,0,0,0,0
0.97702,0.97136,0.9634,0,0,0,0,0,0,0,0,0,0,0,0
0.97702,0.97136,0.9634,0,0,0,0,0,0,0,0,0,0,0,0
0.97702,0.97136,0.9634,0,0,0,0,0,0,0,0,0,0,0,0
0.97702,0.97136,0.9634,0,0,0,0,0,0,0,0,0,0,0,0
0.97702,0.97136,0.9634,0,0,0,0,0,0,0,0,0,0,0,0
0.97702,0.97136,0.9634,0,0,0,0,0,0,0,0,0,0,0,0
0.97702,0.97136,0.9634,0,0,0,0,0,0,0,0,0,0,0,0
0.97702,0.97136,0.9634,0,0,0,0,0,0,0,0,0,0,0,0
0.97702,0.97136,0.9634,0,0,0,0,0,0,0,0,0,0,0,0
0.97702,0.97136,0.9634,0,0,0,0,0,0,0,0,0,0,0,0
0.97702,0.97136,0.9634,0,0,0,0,0,0,0,0,0,0,0,0
0.97702,0.97136,0.9634,0,0,0,0,0,0,0,0,0,0,0,0
0.97702,0.97136,0.9634,0,0,0,0,0,0,0,0,0,0,0,0
0.97702,0.97136,0.9634,0,0,0,0,0,0,0,0,0,0,0,0
0.97702,0.97136,0.9634,0,0,0,0,0,0,0,0,0,0,0,0
0.97702,0.97136,0.9634,0,0,0,0,0,0,0,0,0,0,0,0
0.97702,0.97136,0.9634,0,0,0,0,0,0,0,0,0,0,0,0
0.97702,0.97136,0.9634,0,0,0,0,0,0,0,0,0,0,0,0
0.97702,0.97136,0.9634,0,0,0,0,0,0,0,0,0,0,0,0
0.97702,0.97136,0.9634,0,0,0,0,0,0,0,0,0,0,0,0
0.97702,0.97136,0.9634,0,0,0,0,0,0,0,0,0,0,0,0
0.97702,0.97136,0.9634,0,0,0,0,0,0,0,0,0,0,0,0
