1
261.545990,91.962624,68.713150,35.848164
261.837524,95.456200,68.549179,35.748573
262.718353,98.424866,68.346436,35.609890
263.143158,99.801857,69.338959,36.176430
262.614716,102.078720,68.507309,35.555744
262.648712,104.234352,68.093864,35.606430
261.594788,105.964645,67.650017,35.284100
260.680206,108.317650,67.473236,35.242752
259.137299,107.583229,68.080322,35.355530
258.941650,109.128532,67.079575,34.932602
258.941650,109.128532,67.079575,34.932602
257.489899,107.565376,66.188820,34.394222
257.489899,107.565376,66.188820,34.394222
257.582153,108.004478,66.249664,34.394558
255.697601,107.994675,66.200287,34.356735
255.084961,107.664268,65.938103,34.244022
255.084961,107.664268,65.938103,34.244022
255.021011,106.941109,66.112862,34.321735
251.936127,106.885193,65.910217,34.186832
251.453781,105.971130,65.837502,34.074905
250.232224,105.529228,63.349281,32.911339
247.295013,103.371368,65.538010,34.009804
245.383286,105.734879,64.190193,33.179592
244.809540,106.298317,63.201118,32.908218
244.149704,103.339302,63.328835,32.872101
241.000549,105.961197,62.431480,32.497734
238.277374,101.977318,66.133430,34.286201
237.098862,100.744675,67.125992,34.747467
237.432724,103.950020,62.151264,32.369389
235.055222,102.087105,63.181065,32.824680
231.889038,104.709824,62.096821,32.223232
231.889038,104.709824,62.096821,32.223232
230.058472,101.816750,62.059681,32.147182
228.004150,105.233948,63.015160,32.399403
226.087448,105.106468,61.137505,31.796646
224.245636,106.991241,63.524044,32.672024
224.894333,108.063278,63.353752,32.920597
224.850433,105.441711,61.054104,31.623674
224.850433,105.441711,61.054104,31.623674
222.100311,111.402832,63.423370,33.117954
225.514069,112.887566,61.520618,32.010685
227.436813,109.310631,60.268841,31.223627
227.950424,109.768890,60.224243,31.130247
230.832962,112.449661,59.655750,30.913128
231.368835,113.290428,60.618111,31.286757
232.625214,113.411491,60.617928,31.262083
232.092941,115.786377,59.106575,30.709709
233.952896,115.633354,61.120090,31.550562
233.208313,113.351654,60.509148,31.298229
232.213058,110.498932,59.030159,30.651709
232.062271,111.169891,59.165340,30.688343
235.405960,112.001671,59.212250,30.767731
233.186493,110.957314,60.025814,31.114704
234.263565,111.001335,59.707680,31.013811
232.826782,110.733139,58.725296,30.551502
233.642532,108.471886,58.683784,30.442261
236.463898,109.623077,56.733677,29.480013
235.707626,109.972649,57.464741,29.841797
234.556442,110.247986,57.258743,29.766264
238.022461,111.810669,56.687077,29.640942
238.111130,110.562302,57.158619,29.692595
235.495819,111.895111,57.861572,29.917154
238.484772,112.397552,56.904377,29.482145
238.129211,114.646637,55.451565,28.731150
237.811371,112.153427,57.916965,29.903769
238.263397,113.476776,55.500343,28.750706
239.046234,113.170242,55.681881,28.825218
238.747482,114.243309,56.896168,29.554655
238.747482,114.243309,56.896168,29.554655
240.014481,115.725288,56.109032,29.058104
237.411575,115.569176,58.899395,30.467377
239.994476,114.846252,55.860653,29.165651
239.098633,116.737656,54.791130,28.803261
239.098633,116.737656,54.791130,28.803261
240.676682,115.668190,55.272758,28.555731
240.676682,115.668190,55.272758,28.555731
242.298859,115.744301,53.621967,28.275352
239.678223,115.591469,54.136902,28.446552
238.205826,114.794106,55.003868,28.305862
237.980209,114.998390,55.276016,28.442694
237.977478,114.126831,54.919720,28.314690
237.236511,115.022034,53.827492,27.739582
237.236511,115.022034,53.827492,27.739582
237.236511,115.022034,53.827492,27.739582
238.041290,115.284218,55.073727,28.201059
241.453720,115.178413,53.045609,27.389059
241.207581,115.612778,53.520397,27.384371
241.207581,115.612778,53.520397,27.384371
242.463333,114.232285,52.237865,27.013161
240.193558,113.344200,53.605213,27.664955
240.193558,113.344200,53.605213,27.664955
239.521332,114.646111,53.451973,27.737225
241.697479,114.408180,53.861694,27.507362
241.697479,114.408180,53.861694,27.507362
240.961411,114.156189,53.067890,27.057220
240.961411,114.156189,53.067890,27.057220
241.743912,113.469337,52.247303,26.689959
244.351151,114.493988,51.826748,26.429239
244.739380,112.702721,52.442463,27.158382
244.783386,113.524628,51.288338,26.217417
245.624603,112.831032,52.820065,26.955656
248.313705,112.077942,50.974224,26.094860
247.490936,112.224670,50.690136,25.943104
249.433823,112.897636,51.453785,26.265497
249.475784,114.212959,50.835991,26.095768
250.335663,112.028610,50.537197,25.740915
250.158707,113.393570,50.446037,25.712610
249.792725,113.542236,51.196064,26.271957
248.263565,114.119110,50.171543,25.562637
249.295746,113.292908,49.393616,25.079967
249.295746,113.292908,49.393616,25.079967
249.422943,111.939438,49.749592,25.243383
246.581543,109.921638,49.196178,24.941929
246.581543,109.921638,49.196178,24.941929
246.581543,109.921638,49.196178,24.941929
245.129150,109.750542,48.756527,24.927200
244.929520,111.284554,49.076588,24.808802
245.712708,110.542435,48.140392,24.538456
244.575409,110.884987,48.895958,24.715267
244.516678,111.353004,47.596733,24.192904
244.516678,111.353004,47.596733,24.192904
244.232681,110.271034,48.335941,24.401291
243.221741,109.789032,47.903496,24.343107
240.781342,109.496544,47.131569,23.919050
239.627151,110.198898,48.364353,24.491577
239.482025,110.880257,46.967033,23.886545
236.779282,109.846962,47.604313,24.241205
235.175995,108.301239,47.057518,23.794552
231.960800,109.321320,46.831558,23.731070
228.810715,110.226280,47.107502,23.834776
228.810715,110.226280,47.107502,23.834776
226.099182,110.931343,46.969723,23.862345
224.413452,111.762039,46.479519,23.669004
221.477295,111.956024,46.571922,23.479748
221.499496,112.616188,46.154057,23.393969
219.437836,112.013382,46.528061,23.577681
217.631042,113.777946,46.469765,23.760443
215.854889,114.056503,46.457767,23.649395
213.664322,115.180199,46.894547,23.906330
211.625000,115.088684,45.505802,23.197084
210.863724,116.008400,45.843746,23.125731
207.395187,115.749336,46.333065,23.435074
207.395187,115.749336,46.333065,23.435074
206.227661,116.297676,45.860035,23.107101
205.460297,117.151825,45.883041,23.123266
202.174835,116.557159,46.928425,23.611750
201.714813,118.061119,45.515591,22.928846
199.179764,117.829041,45.846333,23.347523
200.654785,119.467201,45.458874,23.176186
199.419785,120.536674,45.561050,23.227785
196.106750,122.867508,45.433884,22.806589
197.667068,123.650017,45.825020,23.381912
195.017593,125.187660,45.453125,22.804386
194.662643,127.006424,44.890736,22.906231
194.746643,125.587090,44.343014,22.216417
195.547440,124.900978,44.308067,22.121603
194.530136,125.701393,43.877586,21.886759
193.313095,126.309387,42.850777,21.479404
193.884003,127.285957,43.315678,21.743353
189.962143,127.788170,42.504444,21.292791
186.346268,127.133095,42.393806,21.363390
186.346268,127.133095,42.393806,21.363390
185.622375,127.164894,42.439644,21.222353
186.086212,125.966759,42.656857,21.264271
186.400269,125.136475,41.919544,21.023130
185.325241,124.485939,43.262119,21.675550
184.063232,122.739845,42.899651,21.445381
182.611969,120.649124,41.408966,20.708462
182.052582,120.621178,41.308842,20.656155
180.514847,119.180138,41.340889,20.741459
179.319061,117.157486,41.181988,20.593056
176.318207,116.744072,40.019722,20.028685
175.424622,114.079094,41.715996,20.888580
173.634598,114.094017,40.696266,20.471046
173.535645,112.639282,39.563263,19.719330
170.530563,111.547295,41.769245,20.947990
170.781250,111.688698,39.330807,19.575855
170.534195,109.390854,39.103745,19.464254
169.132080,108.762840,39.259933,19.612915
168.117233,106.316757,38.859001,19.417938
165.289078,107.358643,40.275181,20.193144
166.134048,106.169106,40.005589,19.932503
163.007965,105.621864,40.876083,20.330952
163.257874,105.793564,40.212154,20.063663
157.983383,106.132385,39.203270,19.368355
157.983383,106.132385,39.203270,19.368355
155.995956,105.448853,39.498978,19.688311
154.324127,104.215340,39.723495,19.642429
154.942245,104.670387,38.758705,19.402739
153.797119,104.041481,38.421452,19.282084
153.771606,104.412804,38.215836,18.652899
152.351685,103.788933,38.575691,18.815081
152.351685,103.788933,38.575691,18.815081
151.669937,102.609886,38.051174,18.847668
151.669937,102.609886,38.051174,18.847668
151.601257,102.200340,37.157513,18.060457
151.601257,102.200340,37.157513,18.060457
151.601257,102.200340,37.157513,18.060457
148.264496,102.121841,39.810612,19.609365
149.388657,102.799232,36.790356,17.903267
148.286179,103.918007,37.275333,18.153301
149.567017,103.260826,36.189678,17.579483
149.217865,104.445541,35.756977,17.435171
147.066193,103.998566,38.541882,18.858431
146.064529,105.722610,37.301296,18.085886
148.460907,105.456703,35.170975,17.169073
148.460907,105.456703,35.170975,17.169073
147.173431,106.861267,34.914875,17.055738
146.752228,106.866150,34.945000,17.039310
146.900421,107.692406,34.925282,17.046492
145.649094,107.022163,34.996925,17.065514
144.611847,107.838623,38.084476,18.754452
146.561905,108.507347,35.629105,17.467859
146.970047,107.952492,34.611702,16.834141
146.065964,108.084892,33.646992,16.311255
146.065964,108.084892,33.646992,16.311255
145.902878,107.661407,35.024792,17.065998
145.283829,106.912697,33.815029,16.392630
145.283829,106.912697,33.815029,16.392630
144.000748,106.953186,35.804440,17.594543
145.117645,106.224846,35.061893,16.996710
145.676147,107.006561,33.049309,16.113026
144.924652,107.998238,33.821693,16.584265
146.054062,107.640869,33.267891,16.168303
145.049866,107.585823,33.776268,16.487497
144.833420,107.645790,34.373856,16.874521
144.833420,107.645790,34.373856,16.874521
145.802322,107.842171,33.368488,16.242245
146.218445,108.086449,32.561882,15.738027
146.218445,108.086449,32.561882,15.738027
144.613480,107.921562,34.422321,16.737438
143.322235,107.653908,35.565689,17.092056
145.801956,107.897682,32.914249,15.986845
144.173538,108.253448,35.467606,17.080637
143.737106,108.225517,34.538803,16.551506
142.694962,106.401222,35.437580,16.960415
141.657288,106.975929,36.151054,17.490063
142.834839,107.055214,35.715019,17.270172
142.928040,106.243828,35.380363,16.996960
140.343185,106.281059,35.861469,17.227732
140.343185,106.281059,35.861469,17.227732
139.373352,106.769409,35.640453,17.090521
138.709122,106.414711,34.478886,16.596460
137.519012,106.526100,35.604740,17.242689
137.918716,106.390533,34.878311,16.780825
135.678009,106.712990,36.232800,17.408981
137.395447,105.609955,36.384594,17.480684
136.560471,105.815277,36.691990,17.625807
136.601425,104.979889,36.728085,17.624428
134.483749,103.658241,36.822018,17.970491
135.108749,102.896034,37.086205,17.755507
135.483109,102.025169,37.023537,17.724035
135.483109,102.025169,37.023537,17.724035
134.660294,101.324516,38.646481,18.517122
133.200714,100.327438,38.513287,18.485643
135.408936,100.231026,37.331543,17.831154
134.408691,99.921501,38.601753,18.454985
133.840759,98.661118,38.896984,18.633974
134.832748,97.868721,38.691532,18.552595
134.832748,97.868721,38.691532,18.552595
133.156540,97.187828,37.263149,18.199045
134.031372,97.222206,37.883713,18.092134
134.031372,97.222206,37.883713,18.092134
134.329422,96.485214,38.176968,18.237007
133.853104,94.083908,37.558559,17.998602
133.703720,95.384178,37.013645,17.719715
134.380829,95.210907,39.100311,18.708897
134.097031,94.778252,37.228168,17.677237
132.732315,93.227669,38.602917,18.484024
133.971939,93.802193,37.492477,17.959118
134.216324,94.133545,38.057659,18.187838
135.327179,93.901741,36.981049,17.579287
134.127075,92.493439,37.382557,17.825377
134.127075,92.493439,37.382557,17.825377
134.398987,91.443855,37.549820,17.857975
134.398987,91.443855,37.549820,17.857975
134.398987,91.443855,37.549820,17.857975
134.398987,91.443855,37.549820,17.857975
136.380585,92.260170,36.504818,17.318142
135.209656,90.829895,37.540085,17.915222
135.567169,91.114662,36.725239,17.411203
135.567169,91.114662,36.725239,17.411203
136.183350,93.158882,38.984962,18.576130
136.723297,91.505730,36.959076,17.700008
137.227921,92.833275,38.156559,18.063417
138.291031,92.848259,36.832752,17.472979
138.683105,94.048607,36.473511,17.432730
139.895096,94.533684,37.324783,17.717646
138.869461,95.690392,37.354820,17.662504
140.519638,94.735413,35.713715,16.793055
139.806137,94.438721,35.735821,16.876623
139.718384,94.889046,37.519024,17.687679
140.525635,96.172119,34.546837,16.190176
142.684799,96.416641,36.040268,17.259481
141.621277,96.951126,36.123478,17.186272
141.621277,96.951126,36.123478,17.186272
141.731934,97.205215,36.807549,17.442225
141.359131,96.631615,36.235565,17.264317
141.615402,97.000893,38.030193,18.029585
143.526321,97.102325,34.175755,16.390684
143.526321,97.102325,34.175755,16.390684
142.606384,98.022308,37.110741,17.827444
144.032623,97.623161,36.552643,17.485222
144.415833,97.921593,33.454880,15.971424
144.415833,97.921593,33.454880,15.971424
143.600479,98.275887,36.634155,17.390364
143.493454,98.948792,33.484806,15.978283
143.493454,98.948792,33.484806,15.978283
144.890137,100.400391,33.461983,16.000404
144.890137,100.400391,33.461983,16.000404
142.359528,101.321678,33.555534,16.022970
142.359528,101.321678,33.555534,16.022970
142.359528,101.321678,33.555534,16.022970
140.408188,101.288452,32.796093,15.693525
137.368668,101.647423,34.872967,16.560719
138.482758,100.091690,33.144543,15.877714
139.005707,99.258133,32.825939,15.643269
139.196136,98.330276,33.321918,15.980315
139.196136,98.330276,33.321918,15.980315
140.512802,98.435760,33.598915,16.090563
142.626785,98.615547,32.488327,15.527231
145.179031,98.698257,31.661932,15.105797
146.146759,98.693703,32.176514,15.422696
148.947556,98.521706,31.249647,14.898981
149.367432,98.640488,32.961174,15.771464
150.398575,97.709724,31.807888,15.138744
153.254852,97.798759,31.664003,15.100888
155.652176,97.237495,31.621103,15.104880
155.796600,97.343201,31.188232,14.962430
156.737701,97.218460,31.033178,14.856479
156.689743,95.427994,31.545469,15.068453
157.976547,95.910202,31.062592,14.809131
160.584198,93.907974,31.462856,15.046034
161.949341,95.236961,30.834200,14.734792
162.626205,94.046936,30.730909,14.752327
165.341248,93.789810,31.802561,15.211987
167.451416,91.960678,31.324194,14.968938
170.012741,91.682068,31.007874,14.808083
171.106094,90.848373,31.035482,14.883877
173.067032,89.984314,31.290859,14.929306
177.077911,89.806328,30.835682,14.685176
179.608826,89.483131,29.541300,14.098735
181.377213,88.453995,29.295473,14.040777
184.868591,87.547623,30.117855,14.352753
186.808609,87.427589,29.551714,14.000157
189.457153,87.421677,28.952492,13.698101
191.581085,87.962608,29.201231,13.825247
191.388916,87.890610,29.958454,14.121637
193.173401,87.448082,30.271803,14.442845
195.517227,86.985748,28.957932,13.871283
197.812683,88.872459,28.554562,13.613755
199.102539,88.870895,28.315041,13.574445
200.135223,90.151283,28.435244,13.526680
201.902084,91.958412,28.240866,13.426831
201.902084,91.958412,28.240866,13.426831
204.140533,92.571556,27.668074,13.271151
205.016174,94.298225,27.260895,12.964910
206.658615,108.984940,27.225161,12.976944
206.559265,110.436546,27.532469,13.097438
205.652618,111.405785,27.559687,13.096636
208.122742,113.114029,26.982473,12.833066
207.171036,113.360069,27.645802,13.123034
206.761703,114.922668,26.681011,12.719744
206.761703,114.922668,26.681011,12.719744
206.754242,116.345627,25.397840,12.147041
204.612045,117.432137,26.178278,12.492516
205.236740,117.997459,25.187098,12.062330
203.220612,119.066292,25.609793,12.183398
202.698700,119.961937,25.167427,12.088260
201.352676,120.626259,25.418589,12.197276
200.537888,120.522629,24.505571,11.629725
201.096100,121.896133,24.177731,11.478036
198.082870,122.373039,26.175415,12.521968
199.470932,123.827965,24.293343,11.740249
197.850845,123.707718,24.923120,11.972827
196.552078,123.754921,25.348991,12.048166
196.096344,124.844360,24.350134,11.791265
194.803467,124.968758,24.243715,11.701984
191.895859,125.124023,26.350546,12.501070
190.736771,124.902496,26.361965,12.570150
192.638443,125.906631,24.552834,11.804371
190.564651,125.828239,24.533564,11.780704
191.904083,126.670052,23.745131,11.473700
189.353912,126.459740,24.186892,11.631280
187.281204,126.717743,24.067863,11.619392
188.519348,126.851486,25.062902,11.842068
189.348099,126.540268,23.807899,11.525657
188.768066,126.947586,24.099388,11.589052
188.009796,126.717331,24.114712,11.504745
187.831421,126.298180,23.119167,11.165463
185.946152,126.031433,23.687744,11.359605
186.062485,125.869225,23.162397,11.155768
186.024521,124.872246,23.028538,11.149425
185.212830,124.474869,23.024796,11.058253
185.019211,123.518005,22.766043,11.022477
183.036041,122.081200,23.532560,11.383966
184.468674,121.731667,22.035028,10.671098
184.468674,121.731667,22.035028,10.671098
183.781906,120.626595,22.496838,10.913219
183.164108,120.176422,22.847797,11.035107
182.568253,118.833206,22.363293,10.700399
182.561050,117.922630,21.631668,10.484328
182.561050,117.922630,21.631668,10.484328
181.329666,117.181793,21.408745,10.347244
180.128021,116.197441,21.402161,10.220829
179.615631,116.378296,20.189619,9.833226
179.615631,116.378296,20.189619,9.833226
175.299484,114.813934,21.078358,10.224276
173.451355,115.102081,23.028168,11.017241
173.672745,114.247025,21.391453,10.371284
170.490417,114.132866,23.698584,11.361057
171.620987,114.054443,21.407907,10.408249
170.262527,114.276794,20.238579,9.814528
170.061127,114.035835,20.694633,10.033910
167.947586,113.474121,21.124599,10.338151
166.449539,113.249176,19.955803,9.683696
165.086884,112.072830,21.723248,10.496274
165.093414,112.858505,20.026051,9.709895
163.191040,111.489235,19.814985,9.584715
163.191040,111.489235,19.814985,9.584715
161.457733,109.693718,19.559057,9.447386
161.087341,110.078514,21.248869,10.342736
159.234406,107.595650,23.235476,11.103939
158.116364,106.945412,23.038404,11.045215
159.107849,106.253670,22.984531,11.040564
158.429169,105.582687,22.279652,10.694039
158.429169,105.582687,22.279652,10.694039
157.186859,104.216774,24.091110,11.424286
158.921021,104.092110,22.154427,10.632051
158.921021,104.092110,22.154427,10.632051
158.985886,103.435280,21.778782,10.415877
158.136642,103.540382,21.588182,10.328631
157.465225,103.328262,21.860895,10.453703
157.465225,103.328262,21.860895,10.453703
157.465225,103.328262,21.860895,10.453703
157.465225,103.328262,21.860895,10.453703
157.230820,103.310516,23.409342,11.217154
157.230820,103.310516,23.409342,11.217154
158.924927,104.191856,22.608027,10.779938
158.399582,105.156158,23.110746,10.993502
175.565460,104.788521,24.139442,11.616684
155.919785,105.577278,21.727856,10.511687
152.682205,106.058182,23.891842,11.378193
152.094742,105.941010,23.524406,11.267628
150.671097,106.064186,24.461805,11.707167
150.638123,107.215591,21.822041,10.427120
150.638123,107.215591,21.822041,10.427120
147.792740,108.577469,22.533495,10.670003
146.470444,108.706009,22.292419,10.629390
142.603760,108.391068,25.219036,12.153317
143.918823,108.331764,22.583988,10.830839
141.953369,108.721184,22.273825,10.566614
142.636917,108.856155,21.651239,10.307384
139.231796,109.641380,23.566954,11.399673
137.063843,109.185715,23.484915,11.358967
138.106384,110.102394,21.747042,10.439356
134.950470,109.412506,23.424852,11.347989
135.052673,110.466400,23.054903,11.167221
132.987381,111.567543,24.392210,11.678123
136.165665,111.677689,21.442551,10.287411
133.549408,111.917076,21.980024,10.549296
132.076294,112.979225,21.169094,10.165967
132.076294,112.979225,21.169094,10.165967
131.765823,112.562263,20.744148,9.940534
129.546906,111.635620,21.041813,10.108513
129.292908,110.988373,21.095716,10.158750
126.420273,110.330574,23.239428,11.192245
128.121262,109.143227,20.606148,9.904350
126.929848,109.015633,20.709476,10.014056
124.110390,108.393677,22.628563,10.825830
122.720779,107.974533,23.296444,11.150687
124.651611,107.488983,19.913565,9.582758
121.099854,106.204559,22.671429,10.832757
121.694527,106.366325,21.039534,10.219472
121.914078,106.791031,19.850216,9.532851
120.818848,106.443741,20.930517,10.131766
120.031853,106.289452,19.906750,9.631981
119.342102,105.796333,19.641836,9.477710
117.558701,105.927597,19.990227,9.633369
116.499901,105.898407,20.241833,9.796926
116.499901,105.898407,20.241833,9.796926
115.171631,106.279999,19.902658,9.643915
112.566513,106.830612,21.776493,10.460285
112.863350,107.738716,19.694956,9.481759
109.969353,108.181183,23.215778,11.122479
108.825485,107.912704,22.630205,10.786201
108.042572,108.689537,21.511143,10.388804
105.589996,108.761002,21.778975,10.564544
105.255791,107.649101,20.667974,10.007435
101.831871,108.527054,22.606306,10.965347
103.875183,108.904320,19.224913,9.251977
100.539009,108.912506,18.961742,9.135923
99.684448,108.301971,19.354097,9.334861
97.301498,109.697960,21.420938,10.286116
94.812836,109.514511,21.046644,10.101752
94.011932,109.296570,21.097399,10.146634
93.120628,108.461807,20.270805,9.799390
91.949585,109.303062,19.318968,9.334189
89.769661,108.618896,18.998760,9.134997
89.769661,108.618896,18.998760,9.134997
88.506203,107.785820,18.783857,9.080542
86.458786,107.814789,18.989452,9.118253
85.322128,107.638748,18.509340,8.874824
81.099640,107.685699,21.056763,10.072234
81.057411,108.525261,18.823023,9.104775
76.840050,108.153503,20.779572,10.035017
74.870506,108.087730,21.706684,10.438182
74.333702,107.936142,21.846455,10.518242
71.483383,108.910851,21.920816,10.603529
71.483383,108.910851,21.920816,10.603529
68.895493,109.501503,21.367542,10.391069
68.743004,110.019470,20.727600,9.992891
66.897156,110.831238,19.327284,9.395524
62.323692,112.552940,20.930561,10.139521
62.573944,112.544518,19.866219,9.615942
60.730896,112.560654,20.556065,9.953412
58.943108,113.180458,20.299099,9.792304
58.345211,114.193405,19.451899,9.478314
55.472775,116.170540,19.869707,9.620153
54.676826,114.829048,19.491543,9.453277
54.232544,116.758942,19.042927,9.223070
52.310402,115.820312,19.031097,9.290808
51.441475,115.875008,18.993317,9.254153
49.793446,115.226547,19.044146,9.281954
48.735630,115.040794,19.094097,9.230206
46.846069,113.362938,20.216257,9.839058
46.675499,111.999458,19.451944,9.510288
46.045849,112.288536,18.282482,8.860433
44.028465,111.764542,19.432110,9.468810
43.258465,110.440628,19.455275,9.395947
40.266003,108.713425,22.268145,10.819736
40.266003,108.713425,22.268145,10.819736
43.613438,110.972023,19.278967,9.281864
43.613438,110.972023,19.278967,9.281864
42.710175,111.761749,20.730583,10.022316
42.801476,112.384438,21.863316,10.568183
43.396610,112.229973,22.139908,10.796501
44.118904,112.986427,20.184244,9.784062
42.755806,116.165314,22.341845,10.860945
43.158398,117.516266,21.559013,10.496981
42.039856,119.017006,24.164936,11.638103
43.229099,120.238029,22.942032,11.238428
42.843830,121.138512,22.845285,11.090982
45.134628,123.219536,21.097919,10.364717
42.956024,124.606049,24.055048,11.647611
43.682945,126.709213,23.864662,11.578813
43.565899,129.026611,24.905806,12.079370
43.778065,131.482147,23.779163,11.548636
44.212200,132.459000,23.243462,11.301068
41.110775,134.420380,24.856783,12.013513
41.538101,137.116409,23.930172,11.573794
41.835522,140.335922,23.614685,11.423244
39.925434,142.561447,24.495949,11.883989
38.215405,144.867676,24.174358,11.725203
38.190781,147.494583,22.633129,10.905044
35.922668,147.956589,23.823683,11.523405
31.322479,150.414108,24.367907,11.814754
30.814810,152.125259,24.271101,11.657328
29.287682,153.123947,23.739779,11.519170
25.637779,154.198471,23.916941,11.517773
24.463894,155.317200,23.711994,11.444519
23.774876,158.349731,23.935600,11.532050
23.878550,159.956146,23.164774,11.286862
21.867661,159.525864,23.945845,11.501160
22.900692,162.741470,23.114340,11.301046
20.610649,164.185242,23.429626,11.305331
20.739935,164.330582,23.898262,11.613103
22.813799,166.409348,22.503517,10.952175
22.813799,166.409348,22.503517,10.952175
22.813799,166.409348,22.503517,10.952175
22.586092,166.243835,24.415836,11.757834
24.271036,166.425110,23.878786,11.569857
25.500963,164.814117,22.883133,11.159598
25.500963,164.814117,22.883133,11.159598
26.477049,165.082748,24.142365,11.618667
27.616716,164.315323,24.361908,11.722673
29.318914,164.097778,23.164921,11.160027
29.542467,163.376312,24.483824,11.790073
29.637232,163.415283,24.691082,11.899239
32.528332,164.273300,22.010447,10.610936
34.024021,163.626907,21.387384,10.301134
34.024021,163.626907,21.387384,10.301134
34.024021,163.626907,21.387384,10.301134
36.220200,165.013000,21.692181,10.491818
36.422478,163.685989,23.022684,11.134680
37.034439,163.297012,22.139095,10.607203
39.137756,164.272125,22.241016,10.744327
39.137756,164.272125,22.241016,10.744327
41.103470,164.163452,21.445221,10.343348
41.202541,165.009232,22.050695,10.632787
42.454655,164.133118,21.561787,10.398848
43.770164,164.792648,22.294651,10.704894
44.382862,163.742966,23.129871,11.095648
44.592175,162.861176,24.085068,11.692923
46.931221,163.650131,22.965931,10.993348
49.199017,164.106049,22.125877,10.597933
48.544136,163.604309,24.285143,11.794455
51.623764,163.329453,22.500118,10.796591
55.075459,164.867447,20.644310,10.051391
55.045273,163.338120,23.682289,11.535131
58.709152,163.850159,21.911911,10.513322
61.618389,164.615280,21.143089,10.340408
63.269024,163.240952,20.609613,10.084743
64.578575,163.540863,22.053539,10.821588
65.934082,164.163925,21.411036,10.486153
67.829117,163.938934,23.260185,11.339659
68.088493,162.965622,23.475368,11.406598
72.330437,162.649155,22.128876,10.849514
72.946152,162.926758,24.329844,11.876200
75.166855,162.864471,24.700018,12.011775
77.695702,162.147263,24.344423,11.821560
79.343925,162.856155,23.735489,11.488006
82.340797,162.103714,22.910604,11.200925
81.544907,162.696899,24.995159,12.162045
84.379372,162.183624,23.837307,11.587984
88.496292,163.118744,20.932302,10.151242
88.496292,163.118744,20.932302,10.151242
90.013496,163.025864,21.308949,10.335241
89.791168,163.566101,23.649496,11.388953
94.554863,163.191086,19.942165,9.643781
94.554863,163.191086,19.942165,9.643781
94.554863,163.191086,19.942165,9.643781
94.222374,162.525101,21.436972,10.421788
95.467758,163.751801,20.439850,9.910576
96.814407,162.999313,20.939766,10.170847
99.103424,163.592255,20.187746,9.734756
99.103424,163.592255,20.187746,9.734756
99.103424,163.592255,20.187746,9.734756
99.103424,163.592255,20.187746,9.734756
100.134148,164.361862,20.493389,9.928621
99.988304,163.966736,19.881821,9.625326
104.577019,164.498535,20.389290,9.886661
108.670731,165.768051,20.069576,9.738642
115.832329,166.623566,19.416750,9.431472
121.676361,168.330292,19.542746,9.491542
127.072624,170.816803,20.728369,10.051492
133.855637,171.790466,19.929201,9.643401
139.521667,173.320084,20.337280,9.882183
145.513046,175.643448,19.369951,9.425475
151.641815,177.640274,20.083630,9.778798
157.664948,178.488617,20.455784,9.932193
163.821213,178.971481,21.220741,10.281759
169.672455,180.278290,19.265331,9.340301
175.976898,182.213242,19.506081,9.471831
180.639755,181.887146,20.393934,9.894306
185.437714,182.222198,20.199883,9.778464
193.154449,182.824890,19.914574,9.645454
197.237915,184.056442,19.549112,9.458039
204.454117,185.811951,19.357395,9.393042
210.487762,184.446518,18.927004,9.168053
215.165543,186.025513,18.868572,9.128155
219.383942,186.312164,19.413082,9.392834
225.285049,186.654419,18.525452,8.944774
228.717194,187.216782,19.533474,9.414416
235.904587,186.188477,18.436714,8.913000
239.885666,187.066116,19.772024,9.606433
244.270157,186.675842,18.364059,8.904531
249.188431,187.501968,18.449602,8.958823
252.540573,187.564285,18.608391,9.023885
258.482452,186.429047,17.816479,8.640476
262.118561,188.017334,18.128696,8.806279
265.123840,186.749680,18.207056,8.865333
270.475159,187.039795,18.405092,8.923836
273.582001,186.213623,19.000105,9.295950
279.264282,186.623749,18.153454,8.777227
281.461792,188.765076,17.768398,8.595839
285.202179,188.372879,18.383486,8.897590
289.696228,187.924744,17.955387,8.767944
294.162506,188.848831,16.589716,8.072367
295.570770,188.074280,18.514511,8.944660
303.545166,188.948318,16.799513,8.213927
303.902588,188.771103,18.043224,8.738264
308.711334,189.307877,17.128151,8.388470
312.134247,189.029175,17.689711,8.670175
314.838013,189.945419,16.672926,8.059022
320.123199,189.434555,17.275753,8.478784
324.608185,187.669067,17.634779,8.573425
329.528992,187.757645,16.802645,8.253692
331.953308,187.166595,17.237955,8.402820
334.627472,186.563171,18.045553,8.790586
339.507904,184.831482,17.199911,8.399767
