1
259.845337,91.902306,69.765976,36.439915
263.084625,95.755585,69.464775,36.235016
263.117188,97.887383,68.230255,35.520885
263.364716,100.521446,68.093094,35.604244
263.250275,102.600853,67.415771,34.921253
263.555176,103.957787,68.066620,35.395264
264.211273,106.999771,67.712402,34.993328
261.239380,106.440567,67.297661,34.764324
259.085602,106.909889,68.069504,35.116760
257.139893,109.189072,66.908936,34.481873
256.831848,108.458694,66.192986,34.243839
258.378540,109.067017,66.993912,34.367283
257.886017,109.051453,65.946213,34.117767
256.166229,108.430862,66.090096,34.112907
256.166229,108.430862,66.090096,34.112907
257.226532,109.077766,65.378487,33.826878
255.238541,107.859200,65.453957,33.730507
254.856033,106.969528,66.248962,34.276077
251.459412,107.050476,66.289879,34.313137
252.082901,105.511269,65.200386,33.595669
249.723434,107.142799,63.875378,32.873375
247.031540,106.867676,65.438271,33.575840
245.932022,106.165169,65.695427,33.502483
244.213501,105.712395,66.505997,34.054634
243.320267,104.401459,64.444847,33.114365
238.956207,101.909325,66.985680,34.240036
238.532776,101.093185,66.189079,33.490116
237.041489,102.555435,66.407539,33.717339
235.675995,101.221527,64.656715,32.880527
234.684738,102.710754,63.070744,32.051826
232.792709,102.677605,64.220924,32.618683
231.012039,102.292465,64.375862,32.618790
230.041672,102.755142,64.484932,32.764374
227.100891,105.545830,63.914371,32.502983
226.293457,104.085930,64.377357,32.698730
224.134644,106.935104,65.279259,33.282196
222.217209,107.580658,66.075150,33.514011
221.886902,103.997200,64.607704,32.919765
222.760101,107.151703,64.443893,32.697670
222.109772,109.444817,63.979420,32.598618
223.751801,114.341362,63.959484,32.211063
223.515594,111.331245,63.809998,32.175625
227.786850,109.737526,63.358780,31.991381
229.444962,111.445610,63.350815,31.885237
231.752350,112.780510,63.002117,31.825468
231.354904,113.722084,63.582298,31.985136
232.243164,115.047508,63.498428,31.907600
232.346069,115.222633,63.707886,32.035599
231.884949,114.699638,63.630257,31.926306
232.636688,115.292061,63.697433,32.166660
230.705582,111.185547,63.262928,31.935768
232.085083,110.478310,62.123219,31.287868
234.487030,110.504723,61.067642,30.870827
233.449707,111.118866,61.753071,30.859463
231.207199,108.486656,62.143715,31.290483
231.082245,108.284355,62.988934,31.643675
230.788788,108.498444,60.802101,30.362535
234.729706,109.022026,60.425724,30.414726
237.484634,109.986984,59.757519,30.044174
236.004181,110.740555,60.547035,30.455711
234.274399,111.077950,60.944252,30.519238
236.208252,111.213654,60.541348,30.305450
237.820160,111.900139,59.023540,29.585070
234.449539,114.502373,59.119789,29.657459
237.331512,111.451904,60.000027,29.955996
238.034515,114.744652,58.808598,29.457720
237.204681,113.647919,59.411983,29.750044
237.356308,115.329437,58.943321,29.471312
237.905548,115.562683,58.090870,29.039242
238.374756,115.663658,57.819714,28.988426
238.374756,115.663658,57.819714,28.988426
238.777191,115.653854,58.137596,29.169418
238.777191,115.653854,58.137596,29.169418
237.776474,118.237022,57.649826,28.751572
240.133057,116.914474,56.761082,28.305996
238.575150,115.607330,57.179157,28.350775
238.575150,115.607330,57.179157,28.350775
237.983261,115.675163,56.963039,28.264084
237.340164,115.229759,56.849331,28.272154
237.189346,114.245743,55.930016,27.742254
236.604935,115.559166,55.881939,27.860893
239.412369,116.220337,55.332638,27.544109
237.608490,115.287521,55.164154,27.085400
237.608490,115.287521,55.164154,27.085400
237.569351,115.548615,55.233429,27.132971
238.789215,115.446457,55.273548,27.111488
238.692780,116.339066,54.656353,26.761469
238.532440,114.459564,53.977707,26.573908
241.901917,115.076546,53.192169,26.148750
240.649597,114.650772,53.302906,26.241192
241.382996,114.612740,52.621098,25.857321
241.382996,114.612740,52.621098,25.857321
241.693466,114.992958,53.599533,26.363012
242.042160,114.754654,51.993515,25.517941
242.324402,114.852623,52.475288,25.746168
240.418945,114.665131,53.902386,26.476246
240.692841,114.556702,54.323441,26.719688
243.516968,114.986755,51.068741,24.936768
242.965988,114.080406,52.402153,25.846895
242.876007,113.315170,54.063480,26.330069
244.789139,113.552391,54.055161,26.377338
246.753738,113.437424,52.491665,25.686665
245.737167,112.596619,53.223701,25.857668
246.861710,112.176300,51.951385,25.315065
249.430206,114.122749,52.434082,25.770714
250.051254,114.801216,51.465107,25.125957
249.610352,114.951225,50.930950,24.755842
250.030884,114.039886,51.012371,24.791821
250.262543,113.346397,48.905972,23.988169
248.192169,114.956284,49.401493,24.251642
249.380875,114.113396,49.986217,24.359951
246.802750,112.050934,49.020668,24.065689
248.326859,111.965157,48.744316,23.934444
247.075150,110.820869,48.475941,23.765348
247.753464,109.963631,48.069572,23.668516
245.906097,111.222176,48.336727,23.691305
246.052887,111.939896,48.236183,23.646729
246.052887,111.939896,48.236183,23.646729
244.269730,111.509209,47.360706,23.102737
244.222626,110.814827,48.877331,23.788988
243.703003,111.267357,48.083340,23.614305
244.298111,110.953377,47.279068,23.088444
242.729294,110.533775,47.972256,23.281942
240.476624,109.958076,46.618809,22.720346
241.034592,109.306915,46.625446,22.649422
239.263992,110.579475,46.250801,22.592056
238.124344,109.302734,45.977047,22.365608
234.823792,109.437332,46.605988,22.575718
234.823792,109.437332,46.605988,22.575718
230.687302,109.413490,46.394432,22.540653
228.599487,109.878822,45.177372,22.031363
228.599487,109.878822,45.177372,22.031363
223.682434,111.380852,46.166245,22.550367
221.280212,112.011932,46.104027,22.532381
221.129288,113.271873,46.417992,22.698503
219.356125,112.742584,46.642853,22.595966
221.071518,113.389763,43.555225,21.343700
218.507172,115.744705,44.158298,21.582628
214.280579,116.407715,44.863480,21.885220
211.806427,115.553665,45.165955,22.032846
211.849091,115.546844,43.683548,21.264132
209.380264,116.499489,44.444057,21.609426
209.102890,117.812614,43.747734,21.308100
207.463516,118.187645,43.861450,21.389322
205.460602,116.197906,44.336403,21.656282
204.842224,117.063110,44.575809,21.727160
201.093109,118.396507,45.166630,22.034374
201.093109,118.396507,45.166630,22.034374
200.122482,119.253754,44.399136,21.658386
198.588318,121.817841,44.354259,21.669426
197.690491,123.591637,42.603516,20.615620
200.144379,125.171600,42.339489,20.467346
197.637802,126.352493,42.632442,20.663172
197.637802,126.352493,42.632442,20.663172
194.214661,127.322571,41.964714,20.264416
194.334808,125.595741,42.039234,20.342983
193.509293,127.079842,41.567749,20.104923
194.187927,127.989296,40.952965,19.712067
190.577652,128.569153,41.063370,19.888586
187.733078,129.163208,40.710857,19.598516
187.089096,128.870758,40.947792,19.679468
185.956482,126.990295,40.426224,19.395147
186.219818,127.230110,40.935226,19.649519
187.213043,126.961784,40.441643,19.404383
186.373627,124.994339,39.572857,19.132669
186.373627,124.994339,39.572857,19.132669
185.047073,123.527939,39.811481,19.134460
182.682144,121.982635,41.433067,19.942911
182.382034,119.934578,41.302547,20.006014
180.030319,119.184883,40.960289,19.699389
179.288452,118.472374,38.659069,18.517578
178.101746,117.091537,38.317726,18.516830
174.687195,114.794922,38.536697,18.623739
174.343292,114.400230,38.097054,18.407547
174.897949,113.511696,38.248840,18.419834
173.398346,111.774940,38.666653,18.739216
170.580643,110.478325,38.008690,18.141994
169.284653,109.162285,38.119064,18.394430
169.598892,108.289795,38.434925,18.552771
167.690521,107.642174,38.715435,18.466642
166.218811,106.878098,39.150719,19.044193
167.166565,107.784790,37.940964,18.296543
165.180222,106.742836,37.285759,18.017925
162.150391,106.309845,39.081997,19.013796
160.083694,106.156303,39.059299,18.991165
158.600357,106.455780,37.224789,17.967314
157.540619,105.880203,37.509583,18.092308
154.685913,105.589798,36.966957,17.788927
154.750732,105.162933,38.129475,18.413645
154.677612,105.936417,37.663525,18.112467
155.592224,104.017754,37.143089,17.841894
153.242340,104.176857,37.514122,18.065380
152.436142,104.127159,36.468254,17.569853
150.541168,103.867828,37.191238,17.947496
151.490555,102.689743,38.163940,18.344969
151.370544,102.130165,36.151207,17.354759
150.352707,102.540009,36.503342,17.637196
150.352707,102.540009,36.503342,17.637196
149.123825,102.823914,36.502979,17.545254
149.123825,102.823914,36.502979,17.545254
149.012314,104.467018,36.292007,17.357935
149.012314,104.467018,36.292007,17.357935
149.018692,104.697960,35.334293,16.969843
149.018692,104.697960,35.334293,16.969843
148.841217,105.572815,35.230537,17.013710
148.841217,105.572815,35.230537,17.013710
148.841217,105.572815,35.230537,17.013710
147.629135,106.296921,34.907780,16.700106
148.959381,107.082138,35.024998,16.948147
146.856369,107.750999,34.827301,16.732721
146.949707,107.031700,34.190208,16.458422
146.636536,108.252129,35.310589,16.964687
146.056671,107.811882,35.236229,16.831787
148.055923,107.910141,31.967411,15.363670
148.055923,107.910141,31.967411,15.363670
148.055923,107.910141,31.967411,15.363670
147.182526,107.266701,31.735991,15.239240
146.418533,107.240623,31.882084,15.335031
145.809708,107.272346,31.890343,15.292335
145.809708,107.272346,31.890343,15.292335
145.809708,107.272346,31.890343,15.292335
145.809708,107.272346,31.890343,15.292335
144.513855,107.414673,34.701328,16.529478
144.513855,107.414673,34.701328,16.529478
144.513855,107.414673,34.701328,16.529478
144.535446,108.165932,35.798080,17.075113
144.524460,107.798088,34.364212,16.509672
145.031876,108.212105,32.770901,15.635951
145.780182,107.678520,32.527260,15.586097
145.780182,107.678520,32.527260,15.586097
145.780182,107.678520,32.527260,15.586097
142.666000,106.910286,35.933743,17.070110
142.666000,106.910286,35.933743,17.070110
142.666000,106.910286,35.933743,17.070110
142.256256,107.411171,35.588505,16.869909
144.384079,106.196655,32.922523,15.885722
142.145569,106.362778,36.267117,17.214329
144.497696,107.354355,30.915924,14.832526
141.538483,106.249023,34.343506,16.494764
141.280334,106.400009,37.109192,17.583742
138.207733,106.341080,36.786713,17.465303
138.207733,106.341080,36.786713,17.465303
139.052307,106.674522,34.108650,16.361834
138.228088,106.204964,34.364208,16.451036
136.527405,106.265167,35.521351,16.835732
135.495636,105.753647,35.583229,16.862841
137.234924,105.967194,37.270020,17.638638
137.234924,105.967194,37.270020,17.638638
136.328979,104.524620,34.986237,16.590591
134.046173,103.826721,37.616402,17.644901
134.492813,103.101929,38.347763,18.049324
135.166443,102.285370,36.017693,17.089973
136.071686,102.498512,34.268452,16.433182
134.938171,101.689278,36.682457,17.482306
132.823898,100.918236,38.465584,18.134867
135.936172,99.877373,37.448750,17.851223
135.936172,99.877373,37.448750,17.851223
133.911667,99.020882,38.324863,17.872606
135.102890,98.610535,37.654301,17.792519
135.460312,97.578110,38.290955,17.848463
133.390778,97.002876,37.098156,17.585159
134.220795,97.040909,36.999031,17.643847
134.220795,97.040909,36.999031,17.643847
134.645676,96.536743,38.230545,17.745384
134.842941,94.912674,36.438099,17.256615
134.842941,94.912674,36.438099,17.256615
135.760941,96.755600,37.284916,17.593262
134.873535,95.175560,36.339493,17.256413
134.706467,94.939163,35.439896,16.733921
134.576828,92.574364,36.681335,17.285368
134.043793,94.072227,37.419308,17.611282
135.835495,93.525574,35.584297,16.819353
135.154022,92.755371,35.432640,16.691315
135.154022,92.755371,35.432640,16.691315
135.814758,91.348389,35.882458,16.920141
135.570587,91.142952,35.424168,16.687504
136.112854,91.637726,34.418186,16.216417
136.396820,92.514107,34.871262,16.283525
136.063293,91.866798,35.329174,16.594814
136.901642,91.201363,35.317051,16.590876
136.606400,91.397697,35.271843,16.439747
136.606400,91.397697,35.271843,16.439747
137.737900,92.099922,35.255161,16.591572
138.240570,91.036148,34.314976,15.992360
138.022110,91.832726,34.829861,16.263998
137.720779,92.746460,36.344803,16.909040
138.550888,93.121979,34.442791,16.005621
138.791534,92.453476,35.876987,16.640724
141.140610,95.911400,35.031555,16.257034
140.785004,95.297569,36.177490,16.748856
140.785004,95.297569,36.177490,16.748856
140.483582,95.562401,35.990078,16.760864
140.491455,95.558922,35.231480,16.434061
140.491455,95.558922,35.231480,16.434061
142.081680,96.414726,35.547344,16.653679
142.081680,96.414726,35.547344,16.653679
142.674942,97.478394,34.466122,15.944422
142.674942,97.478394,34.466122,15.944422
143.518784,97.438782,35.984798,16.875713
143.518784,97.438782,35.984798,16.875713
143.518784,97.438782,35.984798,16.875713
143.442322,97.787071,34.147816,15.756969
143.792007,97.773582,32.853455,15.074676
143.661118,98.425735,34.266930,15.743449
143.661118,98.425735,34.266930,15.743449
144.547531,99.330421,33.565395,15.580704
144.547531,99.330421,33.565395,15.580704
145.886200,99.875793,32.354679,14.933370
143.769547,100.733086,34.550213,15.965530
142.176056,100.764809,34.954834,16.177847
142.176056,100.764809,34.954834,16.177847
142.368958,101.160309,33.464855,15.442354
142.368958,101.160309,33.464855,15.442354
141.197479,101.723015,33.123425,15.279996
137.535019,100.693916,35.454525,16.501789
137.976257,99.875626,33.672436,15.692698
137.571793,98.954163,33.733524,15.729331
137.571793,98.954163,33.733524,15.729331
139.297379,97.891968,33.212921,15.261219
141.205734,98.996696,33.515278,15.429584
143.422211,98.695076,33.168129,15.251013
143.422211,98.695076,33.168129,15.251013
146.220398,99.113480,31.336798,14.597404
148.387650,98.323540,32.713745,15.003955
148.184464,97.626465,31.658930,14.824349
150.287781,97.604881,31.751930,14.902235
151.725845,97.990662,31.266497,14.599345
153.916733,96.579933,31.265585,14.572326
154.911530,97.248550,31.359182,14.652553
156.792282,97.150192,31.909122,14.921019
157.819214,96.642166,30.206154,14.098237
158.800507,96.398254,31.395042,14.665369
158.787766,93.982712,31.742170,14.865134
160.885880,93.980797,30.411922,14.130146
162.082932,93.223091,30.653490,14.227605
164.395432,92.495064,30.481344,14.144332
168.389709,91.265335,29.823303,13.971043
169.995514,91.685577,30.367258,14.134565
171.239868,90.076187,30.484850,14.043850
173.625763,89.885757,30.247723,14.132903
178.223083,90.275276,29.241390,13.537013
180.728165,89.454414,29.344727,13.529597
182.461731,88.045494,29.596111,13.812621
183.556625,88.122467,29.164764,13.561532
184.535858,87.436783,30.659904,14.254004
189.149811,87.482811,28.245880,13.087687
190.379196,87.643898,29.184040,13.552226
192.187012,88.016541,28.331827,13.095248
194.271133,87.745964,27.957411,12.985520
196.660141,89.324615,27.915918,12.916911
196.660141,89.324615,27.915918,12.916911
199.928833,90.319290,27.763699,12.899117
200.893631,91.163902,27.559782,12.776044
202.200104,91.056145,27.047045,12.612867
203.729370,92.315918,26.331947,12.164973
205.548981,92.584358,26.411343,12.288756
205.712402,93.254257,25.707607,11.823053
207.244995,95.023865,25.413935,11.714194
210.837708,96.242615,24.900648,11.494086
190.880219,98.980545,26.619537,12.332019
188.785339,99.309029,25.480803,11.836261
2
0
0
0
0
1
203.961853,98.348816,32.370632,54.481182
203.961853,98.348816,32.370632,54.481182
202.439407,100.902702,33.227615,55.875469
201.127502,101.875801,32.084888,54.001419
200.531479,100.426620,32.480003,54.750114
200.286652,100.349022,32.644062,54.889053
199.748810,105.286232,31.001970,52.257214
198.325623,101.428970,33.173927,55.790855
197.324387,103.539169,33.159821,55.734577
197.324387,103.539169,33.159821,55.734577
195.461823,106.271408,31.867569,53.634930
194.886581,108.901070,30.896797,52.167957
207.172729,95.710579,32.311359,54.339119
205.917496,95.329155,31.655685,53.178993
207.292953,95.448380,31.954220,53.778820
209.260010,96.497246,32.091393,53.896381
208.011154,97.839165,33.127247,55.659447
208.384445,98.307869,31.201529,52.510983
210.044403,98.472183,32.239826,54.318295
210.044403,98.472183,32.239826,54.318295
211.179367,97.548576,32.891712,55.332520
213.222717,99.223877,31.011379,52.150375
211.630798,98.441795,33.223507,55.966377
212.228088,97.946136,32.645428,54.953476
212.855042,102.568352,32.584122,54.820404
214.561996,103.377495,30.199844,50.704178
214.155899,101.882332,31.057535,52.042717
207.760101,102.181473,30.590889,51.596401
211.018219,101.937820,32.990738,55.621391
212.561783,105.591087,29.944214,50.419170
213.057037,104.477142,29.465837,49.642010
211.745895,104.109497,29.380676,49.507271
211.745895,104.109497,29.380676,49.507271
211.990417,105.041275,29.042122,48.912148
210.151825,103.079475,28.987886,48.807232
210.151825,103.079475,28.987886,48.807232
211.066101,102.206535,29.448944,49.575592
208.938019,103.976746,29.804930,50.251881
208.157272,105.222122,29.575800,49.779602
208.021469,104.418365,29.538818,49.691647
208.987701,103.099388,29.309666,49.339020
207.965439,102.737114,29.371561,49.443684
207.762741,101.649483,29.955811,50.415737
206.841507,101.264626,30.101219,50.736710
205.159042,101.116409,30.052582,50.602890
204.269638,102.281494,30.468395,51.271332
199.704361,101.349129,31.929060,53.798843
200.101059,101.850121,30.730349,51.726753
199.768509,102.078064,30.916927,51.973015
199.067444,102.080559,29.995434,50.546539
196.927094,102.129349,31.685369,53.327797
197.452759,99.613731,32.431561,54.682648
194.140976,100.516930,32.605171,55.022579
195.925293,100.396378,32.076809,54.091316
197.431061,99.465340,32.516685,54.802475
196.928497,99.676353,31.964434,53.911007
197.987106,101.034836,30.080936,50.649647
198.557358,101.189972,29.641823,49.886417
198.844818,100.906631,31.340921,52.628613
198.721939,101.325127,30.816626,51.785908
198.651779,100.199722,31.345356,52.743176
197.841507,101.863190,31.625982,53.114449
197.918457,101.195625,31.856953,53.632862
196.837357,98.157234,32.235107,54.261555
198.176102,101.012108,30.829700,51.827374
197.796326,99.356476,30.447371,51.198582
198.809906,101.905121,30.837826,51.852741
197.177048,101.736931,31.718826,53.286289
196.245789,101.189987,32.507286,54.559624
200.098404,103.522026,30.211786,50.827438
198.926697,99.882713,30.478460,51.225033
196.847687,100.684990,31.878021,53.623127
199.135086,101.871017,30.078192,50.556931
199.254944,99.898987,29.819103,50.096939
197.455933,100.653603,32.141682,54.079987
2
0
0
0
0
1
136.047073,90.100578,57.379936,55.595543
136.183182,91.713928,57.265804,55.506603
132.781479,90.141808,58.013504,56.150524
132.797424,90.334694,57.344265,55.508968
131.828766,89.633255,56.404148,54.734509
131.529053,93.191963,56.484974,54.910469
128.635895,92.195732,57.255222,55.300404
129.960526,93.399162,55.373280,53.845322
129.086700,91.784401,55.825584,54.097961
128.259491,93.035652,55.562725,54.055920
127.657455,93.550835,55.729919,54.297642
125.775681,96.835503,54.489288,52.770515
124.569977,96.051796,56.431683,54.596828
121.826164,96.117546,56.107143,54.566875
121.826164,96.117546,56.107143,54.566875
122.350624,95.770271,56.047054,54.534092
120.041969,96.678375,56.486862,54.783905
120.041969,96.678375,56.486862,54.783905
118.521233,93.214767,54.988754,53.181141
118.691650,93.338997,57.994160,56.266396
119.532692,90.325722,55.256958,53.434196
115.732910,94.072739,56.482159,54.532948
114.867783,94.052467,55.419033,53.708569
112.979851,95.623169,54.807400,53.149048
115.600685,92.770935,56.050884,54.258034
112.981674,92.453201,56.912090,55.195755
112.052444,95.013756,56.397774,54.868656
109.205452,93.519279,58.155621,56.320206
110.752769,94.215752,54.869797,52.969879
110.284012,94.545853,55.145046,53.334404
110.284012,94.545853,55.145046,53.334404
109.406189,93.615051,56.414459,54.513992
104.599197,93.543472,57.602127,55.605705
105.045441,94.542610,55.814281,54.050064
103.870934,93.238785,57.930897,56.085854
102.341682,93.107155,58.033669,55.944794
101.952499,94.003708,58.043983,56.356903
100.150116,90.671211,59.261391,57.437668
97.353004,91.523781,59.193405,57.385326
99.104332,94.547745,57.309826,55.569965
96.606232,95.518921,58.966743,56.778816
91.219925,94.464783,56.590477,54.923573
89.214439,93.110405,59.394249,57.949070
89.669197,91.403839,59.339249,57.998810
86.756088,93.636848,58.494068,56.769390
95.104462,91.601372,61.011715,59.213028
98.341263,91.657875,60.826393,58.856262
95.110619,91.089478,60.762306,59.020676
95.110619,91.089478,60.762306,59.020676
95.850060,92.152901,60.662838,58.753799
93.889946,90.839172,62.145542,60.442406
91.868294,91.479111,62.110691,60.363365
93.382523,88.381454,62.181377,60.105419
92.105865,89.677437,62.301544,60.511772
90.245071,89.667946,61.811127,59.767681
91.515060,90.436523,62.495403,60.706081
87.552139,91.831230,62.083679,60.464390
86.491417,90.887825,61.898224,60.344845
84.193474,88.598694,63.193195,60.911644
82.340149,89.225853,62.863045,61.256912
81.790596,91.293312,62.101772,59.748791
84.649857,88.483688,62.314430,60.816334
80.601662,87.814789,63.217854,61.608891
83.590210,88.436127,63.677074,61.439526
82.992821,90.516724,62.875641,60.954948
79.231995,90.110077,64.182991,61.810474
77.257751,90.038925,64.028603,61.715740
77.719376,89.431496,63.349876,61.365742
74.805611,91.186874,63.908546,61.759056
75.193657,91.904854,61.848919,59.263409
74.494148,90.500664,63.961472,61.722477
74.497627,92.060570,61.411777,59.203369
70.694603,90.938652,62.680626,61.309246
70.554779,92.647301,62.361710,60.914158
68.427490,94.242264,62.744141,60.680588
68.247131,95.675766,61.571819,59.011749
64.000992,94.802780,62.729103,60.780598
63.005722,95.440201,61.867641,59.245399
63.005722,95.440201,61.867641,59.245399
52.328068,95.835960,62.306293,60.206928
50.301128,94.723152,64.221985,61.883366
47.339054,91.844315,63.813850,62.634453
45.318645,92.056244,64.630257,62.166847
44.070469,89.232033,64.226074,62.760044
42.958092,90.120789,63.663082,61.357063
40.305595,91.299965,62.957970,62.134064
33.288387,90.179001,65.862282,63.298962
33.345413,90.929192,64.326294,62.163498
32.346462,91.560295,64.956192,62.620201
29.852114,93.761131,66.529289,64.030350
34.598656,93.315544,65.319412,63.250389
31.046766,94.494934,64.960320,62.654064
26.934269,90.203789,65.416168,63.168900
26.096338,92.471466,64.937004,62.397552
27.959274,90.552383,63.692841,61.624886
25.788162,91.277901,65.779312,63.607601
27.195049,86.798775,64.917091,62.877922
27.103266,87.185661,64.407257,62.017792
26.481205,86.952583,65.755760,62.840939
26.673147,89.453514,65.074760,62.700527
27.097303,89.942848,63.328735,61.410927
24.119753,91.028244,66.059067,63.558289
25.938242,89.377220,65.820786,63.389496
23.693308,89.550385,66.464058,63.992859
27.892431,89.246269,64.033295,61.655949
28.021729,85.525894,66.431664,63.941883
27.874157,85.886810,63.873779,62.046124
28.526606,86.945946,65.378281,62.959259
26.448586,85.310593,66.279663,63.779160
29.274401,88.414742,63.166512,61.243011
26.308594,88.766335,66.859810,64.256790
27.775043,89.194038,65.896210,63.325760
28.257885,88.648605,68.017494,65.472252
24.506762,89.551537,67.354340,65.083710
25.661680,93.786667,66.024887,63.647964
21.505533,94.139801,68.107185,65.582764
19.790941,96.167015,69.522118,67.015030
27.657576,99.262688,68.184212,65.708710
25.192999,97.636971,68.971657,66.514908
25.776939,99.989464,68.877449,66.284103
26.912603,101.913467,68.753349,66.303322
27.178383,99.026855,69.915115,67.130531
29.610636,97.692108,70.033218,67.219353
33.603210,93.551552,68.439751,65.888016
37.675774,86.087990,69.013123,66.553192
39.899281,85.576599,68.654686,66.101662
40.262749,84.842918,69.137238,66.638489
43.783333,83.526627,68.710152,66.487930
46.261082,83.367096,68.281136,66.117752
50.739513,80.839516,68.455544,65.709389
50.463184,80.445427,68.768600,65.828865
52.353580,80.394073,69.079552,66.812485
50.464760,82.028404,69.625900,66.552147
56.196239,79.882820,68.846848,66.033249
53.450348,81.458122,69.857101,66.820488
54.827000,81.437294,67.931824,65.219810
54.900105,81.903847,70.282806,67.349640
2
0
0
0
0
1
28.764988,154.478241,90.236320,61.675488
31.499649,154.488586,89.301682,61.114468
32.082790,154.942261,89.189461,61.183105
32.681297,155.113678,89.803818,61.541946
33.606865,156.255569,88.496376,60.441406
33.124115,154.345749,91.026833,62.511589
35.564934,156.031235,88.082420,60.285244
37.142681,156.119034,90.101295,61.604778
39.229870,156.005341,88.609367,60.857414
37.995224,155.463623,92.959511,63.714161
43.597027,156.345688,89.440018,61.208580
45.599403,156.589691,88.638527,60.716438
47.146496,156.765121,88.912399,60.550129
48.953876,157.622421,87.865997,60.498108
48.757042,157.446808,87.620224,59.832314
51.421261,155.458374,89.395622,61.007149
52.144859,157.669189,89.109779,61.122486
54.950550,155.068756,86.710419,59.847809
52.299049,155.620880,88.551216,60.726749
52.299049,155.620880,88.551216,60.726749
53.973667,153.519501,87.165703,60.010468
53.973667,153.519501,87.165703,60.010468
56.512985,155.425415,87.501167,59.983856
57.029968,155.464340,87.468140,60.146404
56.552406,156.255051,87.270073,60.129108
60.338875,156.985260,86.773216,59.706699
59.154861,157.023422,87.890915,60.711777
61.260994,157.093414,86.400375,59.381004
63.863533,156.102463,84.668404,58.086952
62.817535,155.756546,86.858681,59.966373
67.434975,155.859772,87.147774,59.827328
69.228752,154.595291,84.593994,58.063568
70.352814,156.178146,85.435173,58.771648
67.774048,153.941483,85.784386,59.059341
70.337486,153.881134,87.640251,60.000126
74.666176,156.329697,83.236397,57.104347
74.666176,156.329697,83.236397,57.104347
78.203255,154.115723,85.332397,59.026485
80.444801,155.614822,84.311035,57.831745
85.541344,153.066833,84.296150,57.498634
70.785721,156.160583,83.913872,57.393715
80.369904,153.968918,84.062019,56.955475
80.864944,155.886826,84.284485,57.966896
83.354973,156.662659,83.773285,57.322952
85.411766,155.177475,84.371147,58.073193
68.970428,155.350983,81.257484,55.756744
74.861725,153.795929,80.868439,55.508335
80.052658,157.201965,81.182335,55.701637
83.397102,160.232391,83.474640,57.483635
88.835297,161.365341,83.061546,56.597523
95.535942,163.716324,83.452209,56.953762
103.715904,164.810303,80.755814,55.504177
109.326042,167.368683,80.351631,55.468376
122.099815,170.065430,83.709297,57.188618
124.969673,171.727234,83.830673,57.353432
132.130234,172.369965,79.532433,55.089039
138.802582,174.109390,82.500671,56.368389
141.955856,176.339661,79.126823,54.778923
146.034210,176.861572,79.568741,55.178692
150.088165,176.015015,82.862091,56.283791
156.758057,177.438995,79.704681,55.135258
160.977386,177.816299,81.040573,55.535179
163.262970,178.764038,81.921684,55.528053
165.755188,179.711960,81.434166,55.656765
174.689789,179.819427,79.444984,54.318981
179.296722,181.020767,79.347458,54.482666
186.812592,180.953247,78.626465,54.019897
188.927567,180.632187,80.979012,55.962448
191.783539,178.947449,80.657097,55.183155
200.681259,181.809128,78.881516,53.832588
206.060669,179.014099,80.798981,55.148823
206.406311,177.581406,78.642860,53.950699
214.771072,179.583603,79.159630,53.968609
217.775330,180.049530,78.883682,54.067879
218.192780,181.238312,79.384758,54.336849
226.152115,179.698547,78.443245,53.494629
228.388580,178.508163,79.097618,53.881184
232.487930,178.816315,78.235573,53.334946
230.768204,181.298294,79.774124,54.679493
238.439957,179.775406,78.159393,52.834045
243.787827,179.503693,78.423607,52.955143
247.303299,183.943893,78.894463,53.601532
252.477417,181.892807,80.658424,54.641026
258.174255,184.439774,77.809532,52.699337
262.949860,183.913116,80.335426,54.362949
266.079865,182.435120,79.949509,54.383255
269.428711,183.989578,78.213753,52.888775
270.962891,185.063950,79.480103,53.877628
271.615997,183.062347,79.323341,53.840473
279.182312,179.669052,79.105423,53.643024
