1
261.434631,91.387985,68.798279,35.894661
261.905396,96.025070,68.623024,35.903034
262.745422,97.780930,68.666145,35.950565
264.611023,100.530548,68.385902,35.508549
263.632080,102.688377,68.200768,35.455151
263.178986,103.884140,68.315025,35.648491
262.239777,106.139503,67.114365,35.140903
260.225067,106.354965,67.976929,35.511818
258.595398,108.810440,67.398598,35.110977
258.595398,108.810440,67.398598,35.110977
256.060059,109.246521,66.786133,34.764664
257.874817,108.565872,66.764557,34.802654
256.943787,108.491096,67.013824,34.903484
257.407104,107.980759,66.530380,34.659042
255.150650,107.759682,67.072784,34.948288
256.809845,109.221138,65.699234,34.277817
255.512848,107.709473,66.030807,34.266449
254.823608,106.951637,66.121521,34.363132
251.188019,107.558037,65.946075,34.127602
250.647369,105.792068,66.469330,34.480328
248.914749,105.455368,65.947327,34.380592
248.736893,105.575706,65.795479,34.198959
246.588791,104.765816,66.292976,34.270370
244.419739,105.579094,66.062965,34.250286
242.366440,101.902191,66.376862,34.252689
239.931610,102.033432,65.350502,33.967712
238.344635,101.759857,66.173889,34.082264
236.433807,100.385582,67.169685,34.877975
235.881790,102.350868,66.838951,34.823143
231.570404,101.161850,66.634903,34.314281
227.855255,100.408417,66.869759,34.495350
229.589554,101.982468,66.932312,34.583244
230.201569,101.141159,65.968208,33.958038
227.351501,103.370964,66.173805,34.119019
227.105484,104.352669,65.899559,33.985176
222.362579,105.114418,66.876305,34.276363
221.204910,104.879837,67.448517,34.791939
223.272400,101.852051,65.349129,33.641949
224.235550,103.785309,64.329376,33.156471
221.100494,111.613701,66.394112,33.950756
222.856049,110.621452,65.352608,33.830017
225.272110,109.517525,63.931591,33.076538
227.779297,108.723526,65.477997,33.278790
232.048248,111.262909,63.188259,32.557621
232.793381,111.398300,62.835522,32.388313
231.380341,112.735985,63.889626,32.830017
231.347672,113.043854,64.250038,33.209328
233.272736,112.597435,63.065281,32.334526
233.272736,112.597435,63.065281,32.334526
232.922272,109.748108,63.336292,32.416451
232.624359,109.557518,63.359150,32.525742
231.862152,110.431831,62.346226,31.973106
232.203461,109.510117,63.105350,32.391533
233.543137,109.959412,61.962818,31.746872
233.311996,109.146370,61.577248,31.560791
231.886475,107.205093,61.779255,31.753241
233.636719,107.862953,61.822945,31.626234
234.044495,108.366035,62.220200,31.668320
233.832565,107.751488,62.497005,31.791910
234.934662,109.282906,62.257103,31.948198
233.389984,109.710442,61.791714,31.435511
235.651276,110.850632,61.006481,31.092007
235.583923,111.174133,61.796585,31.703991
234.286896,112.319023,62.049038,31.580853
237.586609,111.545853,60.304146,30.729708
237.102448,113.184296,59.477928,30.313248
237.582642,113.279861,59.767365,30.497490
236.122284,113.232658,62.204876,31.657032
237.575272,113.583641,59.558361,30.201103
237.493301,115.589630,60.077065,30.700863
237.953156,116.457184,59.037163,30.001303
237.953156,116.457184,59.037163,30.001303
238.159088,116.742943,59.381519,29.965036
236.758377,117.465881,58.926163,29.673790
238.566681,116.302879,59.396954,29.870705
238.378174,114.756851,58.852299,29.691519
238.927551,114.958817,59.130280,29.827297
237.310883,114.860474,58.327728,29.222977
236.091614,114.366440,57.967396,28.952387
238.090118,115.742599,58.352222,29.125574
236.347244,115.051254,58.313572,29.165472
237.612259,114.935867,57.535374,28.847626
236.815826,114.350014,57.806255,28.947409
236.419037,114.156097,57.150932,28.611094
238.595795,115.334213,55.936913,27.828138
237.737488,115.387856,56.058640,27.967316
237.737488,115.387856,56.058640,27.967316
237.929077,114.534180,57.204185,28.635630
240.881256,114.095268,55.731689,27.674824
238.854385,112.636024,55.442543,27.648584
237.670334,114.761620,55.171879,27.411337
240.227310,113.685448,54.944202,27.287399
239.859207,114.220123,54.356106,26.934132
241.744324,113.500900,54.624493,27.087387
241.744324,113.500900,54.624493,27.087387
239.826843,114.462395,55.265316,27.564142
242.634216,115.074867,54.008553,26.887735
240.860535,113.639137,55.097755,27.310310
243.177414,112.815643,53.883839,26.605797
244.042145,112.979988,53.661144,26.478750
244.042145,112.979988,53.661144,26.478750
246.562973,111.891747,53.521549,26.385254
246.562973,111.891747,53.521549,26.385254
248.579163,113.543961,53.662895,26.561287
249.498306,113.312279,52.851620,25.975948
249.177475,115.039696,53.588345,26.325378
251.192062,113.623039,52.855888,25.969519
251.192062,113.623039,52.855888,25.969519
248.730942,113.535706,53.685127,26.480980
249.600739,113.171028,52.168941,25.710035
248.025757,114.194145,52.417076,25.640406
249.994766,110.466072,51.820442,25.654579
250.335648,111.274765,51.455570,25.516418
246.596558,109.442459,51.922901,25.365246
245.204544,109.071129,50.686054,24.839504
243.562363,110.611732,50.232834,24.556465
247.133224,110.730103,50.221680,24.506207
243.999863,111.253395,51.000652,25.008015
243.999863,111.253395,51.000652,25.008015
244.350449,109.876656,50.195522,24.501175
243.544846,110.180771,50.516037,24.688593
244.555008,109.951752,48.686378,23.944271
241.724915,109.129402,49.462666,24.279675
241.724915,109.129402,49.462666,24.279675
240.797562,107.906380,49.217495,23.996292
238.258377,110.016830,48.831043,23.757299
236.169357,109.346275,49.038475,23.922453
235.941528,109.077065,47.792381,23.533669
233.301727,109.998344,47.497974,23.442034
229.152725,110.103867,47.586624,23.070984
229.152725,110.103867,47.586624,23.070984
226.621017,110.607491,48.114094,23.384506
222.318481,111.868256,48.252045,23.382954
221.597488,111.968063,48.174259,23.374565
218.701218,112.971169,48.196247,23.255228
218.153549,112.869888,47.123028,23.202209
216.970901,112.726410,47.866634,23.103519
215.576340,114.661896,47.601776,23.027275
213.596283,115.759102,47.662018,22.966267
211.974075,115.853729,47.845066,23.055578
209.633072,116.682068,48.135624,23.225323
206.995224,117.117607,47.140762,22.695192
206.119919,116.321762,48.834305,23.585283
203.964630,116.422806,48.576855,23.448521
202.894913,116.660347,47.047611,22.575163
201.495987,116.256180,48.535805,23.446131
200.581192,117.731537,47.121101,22.690170
199.329895,117.818253,47.408913,22.687572
197.993927,118.394608,48.650631,23.456604
197.272934,120.878807,48.092205,23.023703
195.596161,122.209129,47.796101,22.985262
196.843597,122.683014,47.447056,22.862549
195.860107,124.155060,46.845512,22.527853
194.049896,125.292511,48.128460,23.203888
192.619751,124.277840,48.115227,23.163795
192.591095,124.918976,46.908089,22.590044
191.662994,125.222954,47.584270,22.856974
192.341125,126.307899,48.015923,22.939278
188.969757,125.950592,48.427971,23.188511
189.667313,127.119682,45.928104,22.130348
187.786255,128.991699,45.498814,21.695480
185.643265,126.607368,45.362885,21.837156
185.643265,126.607368,45.362885,21.837156
185.772995,125.540802,44.909348,21.374710
185.995636,125.010040,44.429829,21.110331
185.023193,124.216103,44.226238,21.088863
183.910355,121.234825,43.671764,20.803528
182.927628,121.379204,44.344711,21.126205
180.050583,119.853546,44.208622,21.046421
180.274963,118.694389,43.294498,20.579338
178.428238,117.666382,42.886189,20.326916
176.599380,115.630089,43.258244,20.548080
175.662994,114.262489,44.255615,20.984344
172.877609,113.251091,43.296341,20.493517
172.877609,113.251091,43.296341,20.493517
171.359253,111.617401,42.711601,20.328064
169.470932,109.921753,44.347305,21.040005
170.705490,109.111725,41.511875,19.747110
167.979309,106.843056,43.131332,20.661388
168.084106,107.157516,41.006622,19.554838
165.158325,106.953812,40.806271,19.451086
164.222855,106.276756,41.094864,19.671791
162.816116,106.209961,41.256176,19.543997
159.209198,105.700226,44.312157,21.109661
158.582275,106.545723,40.461063,19.306765
156.119736,105.546875,40.303154,19.218378
156.119736,105.546875,40.303154,19.218378
155.616425,104.446747,39.641174,18.911541
155.616425,104.446747,39.641174,18.911541
153.158340,105.616669,38.776348,18.480495
152.852188,103.896492,40.437054,19.234694
153.336273,103.390099,40.494560,19.129620
151.648575,103.448868,38.807648,18.567667
151.314178,103.510658,38.710186,18.384867
151.314178,103.510658,38.710186,18.384867
149.414642,102.552689,38.379189,18.375355
149.313080,101.854706,38.621372,18.383579
149.313080,101.854706,38.621372,18.383579
149.313080,101.854706,38.621372,18.383579
148.630295,103.403954,39.251389,18.398273
148.296249,104.004158,36.929493,17.472185
148.296249,104.004158,36.929493,17.472185
149.140930,104.770798,36.951611,17.553139
146.559265,104.901283,39.262497,18.785309
144.812866,104.775391,40.085823,18.895927
146.764786,105.612259,37.276768,17.607430
146.764786,105.612259,37.276768,17.607430
146.764786,105.612259,37.276768,17.607430
146.308899,106.914536,37.649307,17.825613
146.396561,108.066055,37.543491,17.798628
144.987411,107.677444,36.293816,17.129255
144.987411,107.677444,36.293816,17.129255
144.976761,107.737625,37.429314,17.749300
144.530655,106.990387,37.703476,17.937107
144.530655,106.990387,37.703476,17.937107
145.623657,106.294342,36.363907,17.269081
144.150345,106.406624,36.736217,17.372627
143.602081,107.487679,37.179707,17.638948
144.198166,107.671112,36.193642,17.011152
143.701050,106.968307,36.338394,17.060266
145.077530,108.030632,36.693592,17.343302
143.695297,106.477455,37.721367,18.077879
144.216202,107.851173,36.800163,17.465824
143.653641,106.357430,38.414753,18.432386
143.034515,106.969482,38.644196,18.279434
145.125824,107.196693,36.764481,17.432089
143.340332,106.966995,37.389839,17.664846
143.340332,106.966995,37.389839,17.664846
143.340332,106.966995,37.389839,17.664846
143.340332,106.966995,37.389839,17.664846
143.340332,106.966995,37.389839,17.664846
141.606491,107.151535,38.264549,18.252396
142.795135,106.298134,37.519501,17.746553
141.942886,107.109749,37.093681,17.570879
141.942886,107.109749,37.093681,17.570879
141.942886,107.109749,37.093681,17.570879
140.488922,105.898201,38.618999,18.307510
141.982666,106.689453,36.290092,17.024239
140.426895,106.780769,37.515102,17.659918
140.126511,106.923943,38.835899,18.436710
138.170197,106.612701,36.748138,17.377285
138.170197,106.612701,36.748138,17.377285
138.170197,106.612701,36.748138,17.377285
136.220474,106.785370,37.310368,17.841217
135.831467,105.588364,38.214714,18.075153
135.831467,105.588364,38.214714,18.075153
137.113113,105.934196,37.637531,17.945755
137.113113,105.934196,37.637531,17.945755
136.721146,104.745506,36.969826,17.663408
136.101456,103.755318,36.849987,17.620176
134.989304,103.038124,37.673965,17.942142
134.438950,101.618851,40.571358,19.328098
133.330017,101.144745,38.767612,18.567764
133.463470,100.865974,41.266087,19.595083
133.463470,100.865974,41.266087,19.595083
134.960526,99.441376,41.385067,19.679251
135.542679,99.215645,40.181587,19.029293
134.094589,97.812019,42.064735,20.026730
132.748657,97.571693,41.292358,19.713318
134.219879,97.937500,38.456135,18.408951
135.948303,96.277603,41.111042,19.662689
134.158478,97.086296,40.120117,19.023329
133.258926,96.303810,40.148884,19.164890
131.788559,96.205688,39.588806,18.860113
131.711807,95.124245,41.284046,19.650372
131.571091,95.079910,41.038692,19.571453
132.957382,95.084778,40.253204,19.223110
134.238968,94.729057,40.203590,19.164839
135.278351,93.817276,36.969620,17.779417
133.834244,93.255707,37.424625,18.024937
134.526169,94.194740,37.749443,18.129868
133.471207,93.236595,38.146908,18.234781
134.706421,92.818977,36.459469,17.484886
134.706421,92.818977,36.459469,17.484886
134.457153,91.882790,36.868195,17.689957
134.457153,91.882790,36.868195,17.689957
134.941437,91.845573,35.741386,17.120461
134.941437,91.845573,35.741386,17.120461
136.430893,91.408783,36.141304,17.218781
137.709427,91.065147,35.674450,17.094456
136.681473,91.792938,35.614147,17.063303
137.590134,92.425064,35.670681,17.118979
137.590134,92.425064,35.670681,17.118979
137.365585,92.013168,36.414082,17.495905
137.596863,93.099831,36.918018,17.713888
138.892334,93.642586,35.623203,17.012730
138.714508,93.919167,36.870445,17.773697
138.945602,94.217621,37.780529,18.086443
139.721008,94.517502,36.304962,17.358856
139.721008,94.517502,36.304962,17.358856
140.419388,95.208717,38.258816,18.168045
140.419388,95.208717,38.258816,18.168045
140.636520,97.717484,38.088581,18.172516
143.150513,96.755905,36.495537,17.508398
143.150513,96.755905,36.495537,17.508398
141.638412,97.435860,35.827591,17.318037
142.019226,97.417496,36.511734,17.469593
142.019226,97.417496,36.511734,17.469593
142.254944,96.960144,37.277287,17.803631
142.254944,96.960144,37.277287,17.803631
143.025650,98.103432,36.889256,17.615639
143.025650,98.103432,36.889256,17.615639
144.694336,97.737984,35.795528,17.181078
144.694336,97.737984,35.795528,17.181078
144.450714,98.115479,33.780407,15.966757
145.239700,99.265221,34.282398,16.148275
144.532913,99.113434,34.197914,16.176676
143.954193,99.034882,35.445255,17.139912
144.735168,100.294067,33.728462,15.952614
144.527771,101.666290,33.149586,15.774020
144.527771,101.666290,33.149586,15.774020
143.366730,101.769630,32.994431,15.596926
142.543564,101.490829,34.211510,16.228472
140.196365,101.845360,32.994820,15.684518
139.183823,102.195282,35.252022,16.825190
136.967163,100.274521,36.402367,17.606833
137.656738,99.226906,33.922043,16.057941
138.768127,99.009232,33.943233,16.018206
138.740082,97.900940,33.815208,15.993048
140.804871,98.800568,33.984550,16.029079
143.537903,98.495033,33.249832,15.750063
144.255432,98.421036,33.402325,15.912030
145.176849,98.202766,32.805691,15.582231
148.164673,98.468376,31.990683,15.176487
149.382584,97.774460,32.213707,15.393143
149.842331,97.744415,32.646221,15.331333
152.978424,97.907402,32.326508,15.207046
154.145859,97.489357,33.105576,15.680918
155.073914,97.380493,33.233341,15.814199
156.079575,96.910240,31.699123,15.075077
157.878403,97.332039,31.597923,15.060254
159.856522,96.657791,30.852301,14.534560
160.514618,95.677658,30.666765,14.431813
160.528122,95.132797,32.492653,15.231180
162.454254,94.300583,31.039949,14.800128
164.421631,93.249580,31.713055,14.974800
167.295563,93.101372,31.393841,15.039155
169.494186,91.126862,30.501034,14.347881
171.185974,90.042305,31.496656,14.878146
174.793228,90.185028,31.578558,14.872656
177.338837,89.505882,31.305399,15.014578
179.699326,89.839020,29.588549,14.018457
182.603134,88.507935,30.522755,14.461365
183.953110,88.632233,30.040115,14.242237
187.074417,86.970993,29.751959,14.085407
187.469040,87.082703,29.257654,13.824687
189.953598,87.565765,29.325687,13.794920
193.404312,88.318947,28.350830,13.341399
193.404312,88.318947,28.350830,13.341399
196.478912,89.137329,28.225342,13.273186
196.981628,89.115776,27.784986,13.126450
199.373215,89.597931,27.778803,13.099900
201.370560,90.498871,27.923452,13.223742
203.356873,90.352730,26.489397,12.525496
204.131058,92.641418,26.200787,12.414184
204.718842,92.786873,26.672070,12.582741
205.022369,94.781036,25.409634,12.052817
207.480453,95.607536,24.851974,11.745692
208.965698,110.493164,25.487675,12.053974
206.739441,111.261421,25.475395,12.066245
207.812149,112.565933,24.990253,11.853455
207.146240,113.353653,24.891012,11.807329
208.014038,114.388496,24.458603,11.608810
208.397797,114.822823,24.412708,11.571875
207.470718,116.265671,25.766487,12.290717
206.194138,117.196373,24.608072,11.665199
205.422455,117.695488,24.539253,11.609426
203.722382,118.571671,24.369549,11.547184
202.322388,120.005074,25.680067,12.133708
201.906479,120.539116,24.113974,11.430762
201.906479,120.539116,24.113974,11.430762
200.447968,121.247734,24.482109,11.511608
199.962036,123.238640,24.080406,11.442945
198.100159,122.844666,23.770351,11.252362
197.514130,123.831558,25.122702,11.756705
197.077545,124.738525,24.674416,11.541874
196.693451,125.195137,23.881035,11.369450
194.446960,124.975555,25.111320,11.701251
193.140015,125.817764,24.948669,11.762730
192.700928,125.695656,23.669825,11.116103
190.815704,125.932274,25.152903,11.819494
190.815704,125.932274,25.152903,11.819494
189.430374,126.419426,24.341713,11.301015
189.041779,126.386154,23.795998,11.249172
185.300049,127.222351,25.066853,11.753897
191.115524,128.335648,22.366699,10.662872
190.335007,126.879005,23.775328,11.240305
189.012238,126.941780,22.980705,10.876679
187.166855,126.858414,22.559122,10.738046
187.166855,126.858414,22.559122,10.738046
187.024460,125.980743,21.760012,10.373905
185.810104,125.509109,22.140850,10.578312
185.810104,125.509109,22.140850,10.578312
186.377533,124.104721,21.859869,10.284983
185.005630,123.104645,22.381142,10.692966
183.527039,123.380966,22.395332,10.680149
183.766525,122.250175,22.453966,10.764559
184.315063,121.114052,22.152147,10.585363
183.970718,120.652641,21.928108,10.480409
184.309174,119.978378,21.678144,10.315099
183.444550,119.447708,21.908354,10.322898
182.416397,118.666786,21.862215,10.336444
182.416397,118.666786,21.862215,10.336444
181.459549,117.119675,22.113726,10.489309
180.369919,116.555336,21.966433,10.378800
178.857178,116.292015,21.573488,10.292067
178.315079,116.224861,21.110926,10.064681
175.836533,114.971878,22.814270,10.706021
173.905136,115.356010,22.210783,10.513082
173.501205,114.283760,22.173796,10.518885
172.119141,114.066338,22.271246,10.556962
170.306366,114.476006,22.691893,10.835457
168.782059,114.193985,21.920105,10.411499
168.120026,114.007149,22.438669,10.682910
167.210190,113.681602,21.653448,10.305984
165.415466,112.634094,22.507847,10.718142
164.498383,112.384575,22.330212,10.628954
162.941452,112.488174,22.502470,10.703566
163.487457,112.057121,20.926598,9.907630
161.452805,111.238258,22.359228,10.635371
161.639877,109.884521,21.705572,10.311075
161.213806,109.925888,22.112854,10.567126
159.550171,108.868057,22.093695,10.489228
158.614868,106.797859,22.937071,10.868379
157.577393,106.801567,23.278301,11.065575
159.845352,106.010040,22.531700,10.730849
158.418472,104.972687,23.137579,11.009756
158.629547,105.248680,22.605612,10.788445
159.270828,104.290398,21.711563,10.278395
159.270828,104.290398,21.711563,10.278395
158.194656,103.687035,22.972647,10.926552
157.219635,102.567322,23.402622,11.190428
156.721222,102.746178,22.417284,10.674916
157.497528,103.348427,22.270905,10.609481
157.497528,103.348427,22.270905,10.609481
157.497528,103.348427,22.270905,10.609481
157.144409,103.371910,23.293749,11.092416
157.144409,103.371910,23.293749,11.092416
157.144409,103.371910,23.293749,11.092416
157.817917,105.034912,22.491903,10.721692
155.588226,104.821655,23.675354,11.160115
155.026138,104.875656,23.688047,11.189367
154.730743,105.565102,22.096649,10.573407
153.118256,105.891808,22.596601,10.750398
149.716278,106.404907,24.333910,11.515052
152.595612,107.145760,21.570635,10.314481
149.317139,107.115135,22.691410,10.835189
147.735870,107.720886,23.106852,10.907158
146.285019,108.550758,22.480324,10.579118
142.445999,108.967834,25.432026,12.070021
144.561768,108.427727,22.513521,10.589601
142.046143,108.269730,22.656933,10.619326
140.939804,109.269676,23.055006,10.755139
139.253281,110.333946,23.594902,11.216105
135.732712,108.288795,25.578163,12.129575
136.901093,109.602783,21.789097,10.310142
134.226990,110.397919,23.527874,11.163389
134.646286,110.889832,23.040895,10.804442
133.979431,110.491745,23.441551,11.213421
134.013702,111.953674,23.505285,11.101766
133.226303,111.935959,22.407324,10.486166
133.043701,112.810982,22.308495,10.458455
130.732834,111.793335,23.726200,11.259959
129.176743,111.520241,23.188482,10.976359
129.342331,110.755676,22.212231,10.559780
127.110146,110.571121,23.144138,10.968053
127.079491,109.063660,22.314470,10.650825
125.280029,108.600082,23.570318,11.171049
124.784714,108.304848,22.346426,10.681188
122.937317,107.955482,23.889774,11.292147
123.264511,107.839149,22.823763,10.800885
120.773628,106.941879,23.465010,11.080466
121.947449,106.635956,21.488508,10.346683
121.534409,106.892601,21.419897,10.308562
121.534409,106.892601,21.419897,10.308562
118.599289,106.170937,22.673254,10.794022
118.576279,105.812462,21.551392,10.283096
117.873009,105.514885,21.358749,10.310403
116.616013,106.391724,21.540659,10.370461
116.616013,106.391724,21.540659,10.370461
115.142212,105.516174,21.481121,10.376433
114.417747,106.584526,21.002617,10.081632
111.961868,107.001060,22.236710,10.482322
111.992020,107.538948,21.931156,10.539593
111.710335,107.894852,20.880190,10.024967
108.006538,107.959183,22.144083,10.438645
107.996811,108.144920,21.702435,10.430758
106.081543,107.916275,21.191111,10.212171
104.080536,107.799698,20.932743,10.095864
102.299431,108.257545,21.111681,10.151246
100.219131,108.425980,21.721056,10.489291
99.663231,109.104256,21.049164,10.123178
97.917374,109.512039,21.683228,10.380958
95.726006,108.894951,21.669445,10.483396
94.864128,108.711525,20.382965,9.761477
94.197220,108.667450,20.267929,9.715217
94.644600,108.802467,18.813457,9.016597
90.991493,108.060112,19.995903,9.655861
88.701759,108.180740,19.652824,9.463708
88.701759,108.180740,19.652824,9.463708
87.180252,107.632263,20.280722,9.752951
85.244194,108.708443,19.907770,9.570995
84.106659,107.960892,20.009192,9.676250
82.264999,108.661659,19.078072,9.206743
81.435562,108.300064,19.536381,9.384940
75.980713,107.768616,21.469006,10.256985
77.184105,108.162582,19.228363,9.257653
74.586670,108.137581,19.670963,9.497957
72.455322,108.561256,20.891598,9.962750
72.072662,109.049423,19.892094,9.639391
70.220337,109.069931,19.982870,9.622527
68.037338,109.725830,19.419409,9.466114
66.225639,111.480736,21.302345,10.194324
63.111649,111.605278,22.157650,10.645547
62.113022,112.191292,21.218397,10.210268
60.170254,112.016380,20.934036,10.033429
58.404148,112.364998,19.933901,9.592763
57.360489,114.573654,20.139948,9.678436
56.020138,116.179443,19.137741,9.290097
54.214478,116.027374,19.743797,9.572893
54.214478,116.027374,19.743797,9.572893
51.273182,115.225716,20.083838,9.750850
49.307320,114.975357,22.028164,10.555791
49.766552,115.172493,19.798353,9.570599
48.952282,115.059074,18.802650,9.124057
47.131886,114.527802,20.348463,9.781326
45.923840,112.270149,20.669773,9.948993
45.425663,112.518852,19.758947,9.647159
44.068356,111.037994,20.519392,9.889718
44.260544,110.805840,18.546242,8.966782
41.938850,109.690742,20.652607,9.941489
42.697430,110.276871,19.997911,9.717978
42.697430,110.276871,19.997911,9.717978
43.337814,109.838982,21.013515,10.100099
43.184525,110.820259,20.139244,9.795935
42.728306,112.230309,21.806250,10.492927
43.313564,112.503365,21.514309,10.343947
43.089195,113.838669,22.189280,10.719627
42.825699,116.145897,22.345110,10.901897
41.877937,116.765526,23.602636,11.576530
43.072506,118.847656,21.450441,10.358528
41.742569,119.662598,23.841185,11.570242
43.741566,121.351959,21.247761,10.206379
42.758930,123.864815,24.707832,12.067221
43.218967,125.221313,24.018105,11.680046
42.455582,126.167450,24.173367,11.769670
42.967068,128.807571,25.163927,12.297841
42.002350,131.286346,25.396658,12.403600
42.456791,132.985275,23.715876,11.609338
40.453918,134.839066,25.392515,12.358172
43.801510,139.194977,21.267494,10.300460
39.887428,140.339157,25.408203,12.470096
39.100883,141.365845,25.153961,12.326711
36.805115,144.844879,25.207788,12.381001
35.850090,147.026154,25.012724,12.273328
34.610287,148.661438,24.631655,12.081918
32.206512,150.671860,23.656275,11.458546
30.379337,151.702713,24.584225,12.100086
27.646429,153.421005,25.140163,12.393925
25.816624,154.868927,24.560505,12.062037
25.361206,156.432632,23.411606,11.386272
24.158272,159.056519,23.874254,11.691919
20.827515,159.986542,25.439837,12.526989
22.260185,161.400620,24.053604,11.744066
20.880163,162.695099,24.222673,11.892255
20.755785,163.545670,23.342497,11.462332
21.512733,165.551712,23.759865,11.619269
19.511702,165.810318,24.542786,11.992080
21.640566,165.898743,23.761211,11.675778
21.698771,166.486542,24.555838,12.065168
21.698771,166.486542,24.555838,12.065168
23.769388,167.092926,23.872688,11.728799
24.011866,165.789612,23.658686,11.635435
24.441580,165.677765,23.846485,11.703476
25.465149,164.837357,24.146938,11.870463
27.736309,164.285416,24.204844,11.921637
27.659492,164.011780,24.608866,12.114167
31.170506,163.310028,22.752804,11.188004
29.475428,163.480499,24.308374,11.927298
31.397243,162.818954,23.845015,11.729181
31.451817,163.732559,24.226065,11.871542
32.564388,163.526031,24.064442,11.778563
34.144783,163.556320,22.490555,11.094660
35.673023,164.363251,22.446779,11.028566
35.673023,164.363251,22.446779,11.028566
35.635540,163.532059,23.674980,11.606529
37.982933,164.350555,23.499208,11.503946
36.320385,163.469284,23.859550,11.760448
40.174007,164.215057,23.208004,11.344485
40.174007,164.215057,23.208004,11.344485
41.216190,164.293137,23.882559,11.692646
42.999084,164.221909,23.048964,11.320247
43.942326,164.051270,23.062887,11.213987
44.790672,162.451584,24.376013,12.077715
45.988216,162.974945,23.899279,11.815274
48.622257,164.293533,23.043331,11.245317
50.246918,163.126617,22.986380,11.170310
50.757931,164.053329,23.633461,11.544787
53.692890,163.146881,22.143337,10.861100
53.136997,162.487198,23.357327,11.502140
55.588272,162.518829,23.835106,11.736764
58.421993,162.599457,24.146191,11.801611
62.713707,162.999496,21.362511,10.421155
62.713707,162.999496,21.362511,10.421155
64.540710,164.257492,22.380997,10.880561
66.936356,164.061111,22.791142,11.113286
68.109314,162.628510,23.734877,11.605832
72.204849,162.920822,22.695669,11.030407
71.989853,162.953598,24.579176,12.059253
74.967224,163.164001,24.689655,12.106633
75.599976,162.169479,26.031391,12.625916
78.107948,162.748566,25.711563,12.745386
79.559082,163.525299,25.744194,12.800022
81.858292,162.599121,24.284315,11.925636
84.545189,163.144226,24.183811,11.789823
85.371658,163.248627,24.336685,11.953819
87.145363,163.596115,24.389734,11.987972
88.100769,162.494949,24.212484,11.942387
89.145454,162.710098,24.327803,11.954584
88.981468,163.478561,24.854469,12.222717
92.372559,163.247955,22.700678,11.066796
92.107208,162.414871,23.380409,11.473863
92.728043,161.936661,23.473413,11.667356
93.723427,163.392670,23.421000,11.506269
94.997604,162.392136,23.167862,11.355599
95.593094,163.412476,23.588104,11.722938
95.823036,162.322891,23.029385,11.294765
96.785988,162.870316,23.086496,11.479705
96.563210,163.013351,23.415102,11.612415
96.563210,163.013351,23.415102,11.612415
98.345772,162.726944,23.550987,11.691087
99.343552,163.277039,24.243889,12.012412
107.610931,165.247803,23.993959,11.679440
113.678406,167.942062,21.807728,10.702981
119.983261,168.400848,23.984161,11.768115
125.681778,170.267670,22.259214,10.949022
131.223511,170.700668,24.090153,11.848614
136.607956,173.042465,25.290983,12.475723
143.606201,175.741852,22.795654,11.271832
149.862015,176.720428,23.635029,11.613419
155.755096,177.475281,23.728037,11.616390
161.001602,178.179459,25.248430,12.334337
167.804001,179.923630,22.434452,11.093912
174.943695,182.065216,22.331484,11.006971
179.737228,182.195572,22.100634,10.931374
185.011566,182.492981,21.884737,10.765040
190.878693,182.346237,23.188217,11.609694
195.007278,184.195541,23.524082,11.540895
201.971375,184.659241,22.922792,11.306894
206.696274,184.046143,23.207024,11.476327
212.060028,184.567551,22.269743,11.024521
216.359619,185.979324,22.894079,11.269910
223.251648,186.170181,22.721378,11.224236
225.950653,186.710587,22.804403,11.169581
232.037430,186.423553,22.837692,11.281724
236.551407,186.604050,22.426514,11.148318
241.066574,187.571945,21.297001,10.609164
245.719757,187.671356,22.626366,11.186854
250.095596,187.761246,22.573853,11.156059
255.616791,187.222763,21.968920,10.761811
259.382019,187.493561,21.741537,10.550245
265.279266,187.826523,21.305357,10.503490
268.328979,186.926758,21.548098,10.694976
273.249786,186.794464,21.604898,10.641805
274.610413,188.120117,21.841757,10.771196
280.086853,187.506012,21.640106,10.651937
282.919403,187.721268,22.413137,10.977050
287.705658,189.355087,21.931524,10.730272
291.768829,189.469666,20.913202,10.337341
295.423035,188.324692,20.906729,10.358959
299.656036,188.524811,21.477602,10.568660
302.786774,188.775711,21.297243,10.525839
306.472290,189.398819,21.798782,10.684484
311.022003,190.102081,20.704620,10.130008
313.498993,189.700241,21.092371,10.413802
318.387268,189.019501,20.917404,10.267653
321.651947,188.146729,22.305872,10.913922
326.004242,187.234070,21.007631,10.254905
328.425903,187.952347,21.721830,10.711823
332.293671,187.024292,22.461334,10.978111
336.570709,186.111984,21.275631,10.471842
