1
629.000000,277.000000,154.000000,96.000000
631.000000,278.000000,154.000000,96.000000
635.000000,278.000000,154.000000,96.000000
639.000000,278.000000,154.000000,96.000000
642.000000,279.000000,154.000000,96.000000
647.000000,280.000000,154.000000,96.000000
649.000000,280.000000,154.000000,96.000000
648.000000,283.000000,154.000000,96.000000
648.000000,285.000000,154.000000,96.000000
655.000000,283.000000,154.000000,96.000000
649.000000,288.000000,154.000000,96.000000
656.000000,287.000000,154.000000,96.000000
662.000000,284.000000,154.000000,96.000000
658.000000,290.000000,154.000000,96.000000
659.000000,291.000000,154.000000,96.000000
663.000000,293.000000,154.000000,96.000000
664.000000,296.000000,154.000000,96.000000
667.000000,296.000000,154.000000,96.000000
669.000000,299.000000,154.000000,96.000000
667.000000,300.000000,154.000000,96.000000
673.000000,302.000000,154.000000,96.000000
669.000000,302.000000,154.000000,96.000000
675.000000,304.000000,154.000000,96.000000
673.000000,305.000000,154.000000,96.000000
673.000000,306.000000,154.000000,96.000000
666.000000,303.000000,154.000000,96.000000
665.000000,303.000000,154.000000,96.000000
665.000000,303.000000,154.000000,96.000000
671.000000,302.000000,154.000000,96.000000
664.000000,304.000000,154.000000,96.000000
664.000000,306.000000,154.000000,96.000000
669.000000,308.000000,154.000000,96.000000
673.000000,308.000000,154.000000,96.000000
674.000000,306.000000,154.000000,96.000000
675.000000,304.000000,154.000000,96.000000
672.000000,308.000000,154.000000,96.000000
671.000000,308.000000,154.000000,96.000000
667.000000,311.000000,154.000000,96.000000
666.000000,314.000000,154.000000,96.000000
663.000000,311.000000,154.000000,96.000000
660.000000,315.000000,154.000000,96.000000
658.000000,311.000000,154.000000,96.000000
659.000000,306.000000,154.000000,96.000000
654.000000,306.000000,154.000000,96.000000
649.000000,309.000000,154.000000,96.000000
653.000000,306.000000,154.000000,96.000000
649.000000,307.000000,154.000000,96.000000
644.000000,307.000000,154.000000,96.000000
647.000000,308.000000,154.000000,96.000000
643.000000,315.000000,154.000000,96.000000
644.000000,315.000000,154.000000,96.000000
643.000000,315.000000,154.000000,96.000000
640.000000,315.000000,154.000000,96.000000
639.000000,317.000000,154.000000,96.000000
639.000000,316.000000,154.000000,96.000000
638.000000,315.000000,154.000000,96.000000
643.000000,322.000000,154.000000,96.000000
643.000000,315.000000,154.000000,96.000000
640.000000,316.000000,154.000000,96.000000
636.000000,322.000000,154.000000,96.000000
640.000000,321.000000,154.000000,96.000000
640.000000,315.000000,154.000000,96.000000
639.000000,320.000000,154.000000,96.000000
640.000000,320.000000,154.000000,96.000000
642.000000,320.000000,154.000000,96.000000
642.000000,321.000000,154.000000,96.000000
647.000000,316.000000,154.000000,96.000000
649.000000,316.000000,154.000000,96.000000
648.000000,316.000000,154.000000,96.000000
650.000000,317.000000,154.000000,96.000000
651.000000,317.000000,154.000000,96.000000
652.000000,310.000000,154.000000,96.000000
650.000000,303.000000,154.000000,96.000000
656.000000,299.000000,154.000000,96.000000
655.000000,299.000000,154.000000,96.000000
655.000000,299.000000,154.000000,96.000000
654.000000,299.000000,154.000000,96.000000
653.000000,300.000000,154.000000,96.000000
654.000000,299.000000,154.000000,96.000000
655.000000,298.000000,154.000000,96.000000
654.000000,298.000000,154.000000,96.000000
655.000000,297.000000,154.000000,96.000000
654.000000,297.000000,154.000000,96.000000
654.000000,296.000000,154.000000,96.000000
655.000000,295.000000,154.000000,96.000000
655.000000,295.000000,154.000000,96.000000
656.000000,295.000000,154.000000,96.000000
657.000000,294.000000,154.000000,96.000000
658.000000,295.000000,154.000000,96.000000
658.000000,296.000000,154.000000,96.000000
657.000000,297.000000,154.000000,96.000000
657.000000,296.000000,154.000000,96.000000
657.000000,296.000000,154.000000,96.000000
658.000000,296.000000,154.000000,96.000000
656.000000,295.000000,154.000000,96.000000
649.000000,296.000000,154.000000,96.000000
649.000000,296.000000,154.000000,96.000000
650.000000,294.000000,154.000000,96.000000
647.000000,296.000000,154.000000,96.000000
646.000000,296.000000,154.000000,96.000000
647.000000,295.000000,154.000000,96.000000
648.000000,295.000000,154.000000,96.000000
652.000000,290.000000,154.000000,96.000000
657.000000,285.000000,154.000000,96.000000
657.000000,286.000000,154.000000,96.000000
663.000000,283.000000,154.000000,96.000000
663.000000,282.000000,154.000000,96.000000
663.000000,281.000000,154.000000,96.000000
662.000000,281.000000,154.000000,96.000000
661.000000,280.000000,154.000000,96.000000
660.000000,279.000000,154.000000,96.000000
660.000000,272.000000,154.000000,96.000000
658.000000,272.000000,154.000000,96.000000
656.000000,272.000000,154.000000,96.000000
660.000000,279.000000,154.000000,96.000000
663.000000,272.000000,154.000000,96.000000
660.000000,272.000000,154.000000,96.000000
657.000000,272.000000,154.000000,96.000000
656.000000,269.000000,154.000000,96.000000
653.000000,270.000000,154.000000,96.000000
653.000000,270.000000,154.000000,96.000000
654.000000,270.000000,154.000000,96.000000
655.000000,269.000000,154.000000,96.000000
656.000000,270.000000,154.000000,96.000000
655.000000,269.000000,154.000000,96.000000
657.000000,267.000000,154.000000,96.000000
658.000000,265.000000,154.000000,96.000000
660.000000,259.000000,154.000000,96.000000
659.000000,265.000000,154.000000,96.000000
660.000000,259.000000,154.000000,96.000000
661.000000,260.000000,154.000000,96.000000
660.000000,256.000000,154.000000,96.000000
665.000000,254.000000,154.000000,96.000000
667.000000,253.000000,154.000000,96.000000
670.000000,252.000000,154.000000,96.000000
663.000000,250.000000,154.000000,96.000000
663.000000,249.000000,154.000000,96.000000
661.000000,244.000000,154.000000,96.000000
654.000000,237.000000,154.000000,96.000000
647.000000,244.000000,154.000000,96.000000
644.000000,243.000000,154.000000,96.000000
637.000000,237.000000,154.000000,96.000000
630.000000,238.000000,154.000000,96.000000
626.000000,238.000000,154.000000,96.000000
619.000000,238.000000,154.000000,96.000000
616.000000,237.000000,154.000000,96.000000
612.000000,231.000000,154.000000,96.000000
613.000000,228.000000,154.000000,96.000000
613.000000,228.000000,154.000000,96.000000
620.000000,233.000000,154.000000,96.000000
618.000000,226.000000,154.000000,96.000000
615.000000,232.000000,154.000000,96.000000
622.000000,234.000000,154.000000,96.000000
621.000000,234.000000,154.000000,96.000000
620.000000,234.000000,154.000000,96.000000
622.000000,237.000000,154.000000,96.000000
623.000000,239.000000,154.000000,96.000000
617.000000,241.000000,154.000000,96.000000
621.000000,244.000000,154.000000,96.000000
622.000000,244.000000,154.000000,96.000000
619.000000,244.000000,154.000000,96.000000
613.000000,249.000000,154.000000,96.000000
607.000000,243.000000,154.000000,96.000000
604.000000,239.000000,154.000000,96.000000
610.000000,244.000000,154.000000,96.000000
604.000000,245.000000,154.000000,96.000000
599.000000,243.000000,154.000000,96.000000
602.000000,241.000000,154.000000,96.000000
599.000000,234.000000,154.000000,96.000000
595.000000,234.000000,154.000000,96.000000
589.000000,227.000000,154.000000,96.000000
582.000000,226.000000,154.000000,96.000000
581.000000,233.000000,154.000000,96.000000
586.000000,230.000000,154.000000,96.000000
591.000000,223.000000,154.000000,96.000000
592.000000,216.000000,154.000000,96.000000
590.000000,212.000000,154.000000,96.000000
583.000000,209.000000,154.000000,96.000000
589.000000,204.000000,154.000000,96.000000
595.000000,197.000000,154.000000,96.000000
590.000000,193.000000,154.000000,96.000000
585.000000,189.000000,154.000000,96.000000
578.000000,183.000000,154.000000,96.000000
576.000000,181.000000,154.000000,96.000000
578.000000,176.000000,154.000000,96.000000
578.000000,173.000000,154.000000,96.000000
584.000000,171.000000,154.000000,96.000000
585.000000,176.000000,154.000000,96.000000
589.000000,182.000000,154.000000,96.000000
591.000000,180.000000,154.000000,96.000000
597.000000,181.000000,154.000000,96.000000
604.000000,174.000000,154.000000,96.000000
607.000000,167.000000,154.000000,96.000000
611.000000,169.000000,154.000000,96.000000
618.000000,176.000000,154.000000,96.000000
620.000000,181.000000,154.000000,96.000000
627.000000,187.000000,154.000000,96.000000
634.000000,194.000000,154.000000,96.000000
641.000000,200.000000,154.000000,96.000000
643.000000,207.000000,154.000000,96.000000
645.000000,214.000000,154.000000,96.000000
651.000000,219.000000,154.000000,96.000000
650.000000,226.000000,154.000000,96.000000
657.000000,232.000000,154.000000,96.000000
655.000000,238.000000,154.000000,96.000000
662.000000,244.000000,154.000000,96.000000
669.000000,251.000000,154.000000,96.000000
668.000000,255.000000,154.000000,96.000000
673.000000,248.000000,154.000000,96.000000
671.000000,255.000000,154.000000,96.000000
675.000000,260.000000,154.000000,96.000000
682.000000,267.000000,154.000000,96.000000
688.000000,274.000000,154.000000,96.000000
691.000000,276.000000,154.000000,96.000000
693.000000,274.000000,154.000000,96.000000
694.000000,272.000000,154.000000,96.000000
701.000000,279.000000,154.000000,96.000000
698.000000,279.000000,154.000000,96.000000
693.000000,277.000000,154.000000,96.000000
686.000000,273.000000,154.000000,96.000000
686.000000,270.000000,154.000000,96.000000
681.000000,268.000000,154.000000,96.000000
678.000000,263.000000,154.000000,96.000000
671.000000,270.000000,154.000000,96.000000
672.000000,265.000000,154.000000,96.000000
665.000000,263.000000,154.000000,96.000000
659.000000,256.000000,154.000000,96.000000
658.000000,263.000000,154.000000,96.000000
665.000000,269.000000,154.000000,96.000000
672.000000,276.000000,154.000000,96.000000
674.000000,282.000000,154.000000,96.000000
670.000000,284.000000,154.000000,96.000000
665.000000,277.000000,154.000000,96.000000
662.000000,277.000000,154.000000,96.000000
658.000000,270.000000,154.000000,96.000000
659.000000,263.000000,154.000000,96.000000
657.000000,256.000000,154.000000,96.000000
654.000000,249.000000,154.000000,96.000000
651.000000,242.000000,154.000000,96.000000
656.000000,236.000000,154.000000,96.000000
653.000000,229.000000,154.000000,96.000000
654.000000,227.000000,154.000000,96.000000
655.000000,234.000000,154.000000,96.000000
654.000000,239.000000,154.000000,96.000000
649.000000,233.000000,154.000000,96.000000
648.000000,235.000000,154.000000,96.000000
646.000000,239.000000,154.000000,96.000000
653.000000,245.000000,154.000000,96.000000
660.000000,252.000000,154.000000,96.000000
664.000000,251.000000,154.000000,96.000000
667.000000,258.000000,154.000000,96.000000
663.000000,262.000000,154.000000,96.000000
656.000000,261.000000,154.000000,96.000000
650.000000,268.000000,154.000000,96.000000
651.000000,275.000000,154.000000,96.000000
644.000000,281.000000,154.000000,96.000000
651.000000,275.000000,154.000000,96.000000
651.000000,272.000000,154.000000,96.000000
656.000000,267.000000,154.000000,96.000000
650.000000,266.000000,154.000000,96.000000
655.000000,264.000000,154.000000,96.000000
661.000000,271.000000,154.000000,96.000000
667.000000,278.000000,154.000000,96.000000
672.000000,271.000000,154.000000,96.000000
679.000000,277.000000,154.000000,96.000000
673.000000,278.000000,154.000000,96.000000
677.000000,274.000000,154.000000,96.000000
684.000000,280.000000,154.000000,96.000000
683.000000,283.000000,154.000000,96.000000
677.000000,289.000000,154.000000,96.000000
682.000000,288.000000,154.000000,96.000000
689.000000,292.000000,154.000000,96.000000
2
0
0
0
0
1
645.000000,382.000000,338.000000,325.000000
648.000000,384.000000,338.000000,325.000000
648.000000,389.000000,338.000000,325.000000
651.000000,391.000000,338.000000,325.000000
654.000000,392.000000,338.000000,325.000000
651.000000,392.000000,338.000000,325.000000
653.000000,386.000000,338.000000,325.000000
654.000000,379.000000,338.000000,325.000000
660.000000,381.000000,338.000000,325.000000
655.000000,380.000000,338.000000,325.000000
657.000000,375.000000,338.000000,325.000000
661.000000,371.000000,338.000000,325.000000
