1
338.800507,166.196762,24.696552,51.374149
337.770111,164.251953,24.776850,51.573261
334.876709,165.179779,25.286661,52.560013
337.561768,166.554123,25.020561,52.049942
334.081451,167.448990,24.869322,51.678131
333.868225,166.324295,25.174311,52.350010
333.854584,160.523102,25.834412,53.759537
324.864502,168.270859,26.245672,54.624241
332.216949,166.928009,24.338844,50.651947
330.947021,166.555771,26.102661,54.280861
331.484375,168.143784,24.031223,49.949036
330.316559,164.555695,24.776182,51.484615
327.133087,163.833832,24.806082,51.593113
328.301147,167.316589,25.490307,53.065079
329.450317,166.059677,25.320082,52.616627
327.801453,164.820068,25.378876,52.820965
324.811157,160.728210,25.545734,53.104694
329.138245,160.521790,25.908161,53.902576
329.713379,160.949722,26.113256,54.276566
328.356659,162.282516,25.787029,53.591473
328.356659,162.282516,25.787029,53.591473
328.655334,162.716629,24.596148,51.189209
330.316803,160.702362,24.916889,51.833069
328.110992,159.567947,25.166508,52.258064
328.589172,159.274414,24.740543,51.403564
328.589172,159.274414,24.740543,51.403564
329.688538,159.727905,25.194700,52.336815
327.852020,156.998367,24.913773,51.736679
327.852020,156.998367,24.913773,51.736679
327.968781,155.989304,25.285862,52.550591
329.889679,170.903717,23.677366,49.203274
331.863647,155.508118,24.006584,49.890099
333.998688,155.608917,23.000780,47.827164
333.782166,157.176682,22.430460,46.628246
332.028046,155.866348,22.255817,46.280716
333.175964,152.675278,24.204746,50.392021
333.175964,152.675278,24.204746,50.392021
334.678711,155.216843,24.410273,50.752956
334.707031,153.475067,24.648579,51.154102
336.366882,151.309296,24.251558,50.501369
335.807465,152.210846,23.327892,48.574341
331.892395,152.267029,24.081144,50.174995
333.010223,152.055023,25.346685,52.612759
333.933197,153.592453,22.062571,45.952782
332.717346,154.439148,25.165472,52.443398
327.704132,150.246719,28.383425,59.047279
329.181580,150.501678,23.839743,49.596981
330.512604,150.915436,28.670124,59.636204
333.282715,150.570160,25.650164,53.240261
332.239716,149.669159,25.209948,52.487690
335.245178,148.588699,25.576197,53.092384
336.371094,151.841736,24.313993,50.628426
336.663147,152.854172,24.105383,50.198444
338.000793,152.441925,24.541838,51.100338
339.496063,156.595856,23.288645,48.488235
337.208649,151.707596,23.678457,49.302834
335.516998,152.360626,24.138836,50.221115
337.935913,152.715256,23.950466,49.598381
337.850128,151.897293,25.064926,51.950706
336.069641,150.335617,25.595533,52.992706
334.044159,149.652328,26.181173,54.223724
333.987305,150.205597,25.783545,53.391144
332.182220,151.473114,25.611752,53.010021
332.182220,151.473114,25.611752,53.010021
330.764221,149.632126,25.776739,53.409615
328.007996,151.446335,25.789074,53.355267
326.615479,150.045898,24.662004,51.332451
324.080963,149.037689,24.546646,50.845074
324.189972,153.121658,24.254461,50.221874
325.126099,153.720871,24.478071,50.711761
325.377686,152.652695,25.330391,52.696217
322.876434,146.775391,28.370167,58.837738
323.211060,148.207458,25.999376,53.798691
323.856293,151.112808,25.368484,52.485531
325.928162,152.724640,25.389551,52.538345
323.893036,153.197021,24.822065,51.350147
325.493988,152.491608,24.406551,50.520710
322.640137,150.646042,23.993233,49.671467
324.025543,154.252274,23.756149,49.115620
324.025543,154.252274,23.756149,49.115620
323.288300,153.534683,24.347311,50.562637
323.483551,152.587585,24.270153,50.228687
324.400635,152.774933,24.813810,51.331280
324.545227,152.382751,24.922707,51.610302
323.223633,150.170059,25.540161,52.875431
324.865631,152.391006,24.494036,50.703587
325.734589,153.912155,24.066013,49.815781
324.449951,152.538452,24.245974,50.213833
324.449951,152.538452,24.245974,50.213833
328.643982,152.770416,24.466873,50.676678
331.060669,151.773926,25.195465,52.092899
332.182770,148.903229,26.194815,54.286026
332.586426,152.411530,24.306225,50.313633
333.742676,152.144882,25.739225,53.338318
333.856995,152.231491,24.654783,51.007973
335.983002,155.789078,24.706453,51.109055
337.685303,154.674973,24.956234,51.654194
336.620483,151.672821,25.103266,51.965878
337.853455,152.226044,25.587786,53.058659
335.816803,149.188309,25.056761,51.954426
337.756104,153.586136,25.034836,51.716938
338.678680,149.031464,25.243727,52.350517
339.060791,147.700348,25.535847,52.943996
338.756195,147.277344,25.307476,52.321125
338.420471,149.281326,26.537575,55.038425
339.592468,150.160324,25.617302,53.104004
341.162506,152.630798,25.384632,52.528980
344.038513,151.102844,25.446623,52.749443
344.318451,150.943604,26.303604,54.407902
345.276947,150.517014,26.271988,54.396271
346.722717,151.358459,24.312422,50.401978
349.494965,155.696640,25.814835,53.415092
352.835968,151.410278,25.334576,52.614662
356.513977,152.039261,25.658106,53.090904
360.083557,151.727631,25.055658,51.806343
360.463165,154.336594,25.365316,52.729828
363.217560,151.746109,27.532530,57.079556
364.410248,155.371704,24.301298,50.412018
364.354736,152.456528,27.929203,57.872383
364.354736,152.456528,27.929203,57.872383
364.271637,154.962845,25.081085,51.851460
365.556213,154.312393,27.185017,56.297264
367.046509,155.218185,25.905945,53.603680
364.013977,154.886932,26.233953,54.389919
369.101410,151.152573,25.475548,52.703003
364.038269,152.717682,28.892626,59.810581
369.818115,154.832535,27.624460,57.206646
370.385101,155.784851,27.689604,57.379803
369.530212,154.394608,27.339319,56.605457
372.103149,157.585846,25.912537,53.586056
371.429382,152.779831,27.738855,57.451187
373.968018,156.648163,27.792671,57.533638
376.035858,157.567368,27.643080,57.269630
377.840973,156.070953,29.575502,61.252407
377.840973,156.070953,29.575502,61.252407
382.232452,159.787094,27.410313,56.724831
379.082611,161.176071,29.658464,61.371162
384.276550,162.750977,28.023289,58.010056
387.876495,165.450714,26.650810,55.026608
387.760590,163.014359,28.611153,59.175243
390.465759,163.715393,28.192575,58.335369
390.465759,163.715393,28.192575,58.335369
391.971375,164.152191,27.099377,56.063599
394.610260,167.112305,27.416203,56.718071
399.928040,167.737045,26.269911,54.216469
401.352539,166.602097,27.937778,57.846924
401.887848,165.452560,25.790483,53.296150
405.300507,169.687073,25.494667,52.576923
408.452118,171.134567,26.305450,54.267159
408.783234,166.069534,27.839582,57.548187
409.719727,165.182693,29.164339,60.247501
408.510559,166.450043,28.508377,58.966114
413.453369,164.095398,28.923342,59.760994
411.887177,166.898956,27.603020,57.204422
409.838745,167.880997,27.584656,57.168903
409.990875,162.858749,26.946877,55.643684
408.248932,162.518921,27.374811,56.540810
408.517639,161.124710,28.303894,58.486462
410.818970,167.206116,26.053926,53.920128
411.635376,165.700455,27.508682,56.973629
413.446716,165.256454,27.095676,56.023365
412.682465,165.012161,27.621084,56.964718
415.741486,166.550430,26.808199,55.280445
415.741486,166.550430,26.808199,55.280445
420.145844,169.519302,27.745817,57.349663
424.599670,170.863434,25.446651,52.535450
430.612213,168.254425,26.787373,55.249054
440.636383,166.607285,25.230217,52.134121
442.942383,169.874191,26.862198,55.366440
446.044434,169.820328,27.954590,57.667976
448.714722,166.839600,27.488476,56.783669
455.395050,168.240051,25.706493,52.978359
455.395050,168.240051,25.706493,52.978359
457.994720,165.200195,27.282997,56.225361
459.749939,166.135910,25.516716,52.653370
460.401276,161.199463,28.572937,58.933769
464.070343,159.393066,26.261328,54.247047
463.754456,159.984985,25.619986,52.812939
466.762024,158.147156,26.849264,55.448921
464.310211,154.208328,25.420479,52.430035
463.829163,161.354950,25.397781,52.378860
468.023285,159.129501,25.270439,52.104355
468.338715,161.834335,25.054779,51.814110
468.403259,162.590317,25.451481,52.505608
469.723053,162.659393,24.608944,50.908119
468.692627,162.938644,26.568682,54.850197
471.077698,167.866638,24.842291,51.196491
471.077698,167.866638,24.842291,51.196491
468.451996,164.013092,27.259758,56.464020
468.076019,168.320145,25.313581,52.215382
464.628632,170.550964,24.292236,50.070412
461.954498,169.887405,25.549093,52.686733
462.326172,172.118683,24.365509,50.263069
461.693298,171.115219,24.158234,50.050159
456.737244,172.472015,24.160772,49.863419
455.569366,171.697556,24.611324,50.664825
454.398285,170.923721,25.167271,51.898785
454.220093,170.698410,23.749134,48.899738
452.499237,167.167068,25.733240,52.989029
453.121887,166.875656,25.194592,51.868504
453.121887,166.875656,25.194592,51.868504
454.654297,167.185150,25.500887,52.546398
454.830475,165.948624,24.643307,50.885277
456.280304,163.578445,24.135328,49.682125
456.280304,163.578445,24.135328,49.682125
455.970551,162.020721,24.044968,49.688248
454.228760,162.447906,23.932493,49.463448
451.894836,160.868378,25.054728,51.653122
450.547699,158.747543,25.773470,53.124992
447.777710,155.825653,25.466709,52.429703
449.227539,158.935638,23.886328,49.293610
447.032928,158.977768,23.363428,48.124947
450.875702,161.268082,22.578468,46.407677
449.236328,163.468262,21.160368,43.558163
447.980225,156.578018,25.338612,52.168900
447.831970,162.051971,20.883774,42.956409
450.037292,160.218002,20.217524,41.588379
450.037292,160.218002,20.217524,41.588379
450.734070,157.547089,23.996897,49.390621
448.193085,157.941650,23.968561,49.467796
450.059998,159.269699,23.339659,48.051746
448.597290,158.103928,23.215446,47.833572
449.735657,155.634186,24.154510,49.878353
450.564331,154.854218,22.281528,45.933735
452.035706,159.464737,22.272388,45.865799
451.344147,152.921082,23.883127,49.231968
453.438873,157.311493,20.740875,42.620144
452.530334,154.131561,21.765808,44.768223
453.734924,153.438232,22.537024,46.486221
454.434601,151.220810,22.222843,45.625980
453.187012,151.008850,22.220488,45.702419
455.683319,151.354202,21.627014,44.425640
457.571960,150.689346,23.421532,48.254089
465.208649,151.417679,22.063152,45.332714
470.258057,151.574326,21.214176,43.563988
473.269958,150.379456,20.626566,42.509148
477.708191,148.221008,20.580751,42.258163
483.848175,145.996902,21.479086,44.078449
493.808929,141.516907,23.757153,48.760574
504.156494,142.032150,21.722324,44.516190
505.074677,136.746902,23.640015,48.510609
511.967133,129.542542,24.056078,49.378796
520.543823,134.596741,23.775427,48.869331
524.332092,132.555832,24.269226,49.847847
524.792236,131.659805,24.022884,49.234089
531.313965,129.708206,24.084991,49.399891
533.631042,127.737000,23.524366,48.296082
532.312073,123.664589,24.576651,50.434910
533.041138,126.986969,23.790205,48.818005
533.846741,125.911812,22.551264,46.348427
534.193481,119.616409,24.220158,49.756828
532.315979,118.277542,24.821825,50.912506
530.388977,118.304352,24.643894,50.611881
527.145386,118.382690,23.206814,47.762451
525.288269,124.303810,22.500658,46.256947
524.206909,125.983627,22.771360,46.812672
521.631104,123.520805,24.065193,49.448486
520.320862,123.818954,23.622593,48.514534
518.148560,124.591133,23.051010,47.404266
514.934998,120.677925,23.303551,47.862095
512.574524,123.116226,24.240641,49.690514
509.791351,122.039551,23.416693,47.990795
507.721039,124.431168,21.077154,43.448498
506.755707,117.743843,24.217426,49.699028
504.311157,115.092522,24.779697,50.764816
500.590607,117.767464,21.892664,45.151234
499.106415,115.774628,22.425100,46.049244
500.550964,116.140617,21.078743,43.520908
499.373444,114.144180,21.600861,44.249870
495.115814,111.493446,21.739174,44.544392
493.609528,107.021919,22.813150,46.927505
491.145966,104.645180,21.675995,44.707214
489.592072,105.543442,20.604525,42.432320
486.603760,104.003410,21.166065,43.630558
488.478210,101.691490,20.288654,41.688522
486.928864,98.233231,20.710686,42.542202
485.071686,92.251892,22.544825,46.360405
484.117889,94.772743,22.009438,45.208191
483.287598,94.821701,21.758596,44.715107
486.277283,93.506180,22.977318,47.047802
486.277283,93.506180,22.977318,47.047802
487.270752,90.964478,23.902988,49.055443
488.341797,92.704948,21.672291,44.531342
486.496918,88.502159,23.673355,48.713425
485.967529,88.064293,24.269714,49.931664
489.292450,91.625031,21.161007,43.424026
488.972870,90.912025,21.997545,45.063622
491.143341,90.023026,22.655342,46.582001
493.246918,87.632553,20.795639,42.667622
492.119232,86.870651,21.094994,43.286083
492.365936,87.352730,21.844389,44.801208
492.160614,87.628006,22.245811,45.602726
492.160614,87.628006,22.245811,45.602726
490.748108,87.013252,22.776815,46.708870
490.519470,90.391777,19.852236,40.740238
486.813141,88.367279,22.232117,45.659950
483.962128,88.345161,22.334755,45.778297
484.472839,90.981911,20.365150,41.768494
481.516815,91.422226,20.971951,43.006283
478.875610,89.711075,20.983173,42.999817
474.687286,89.678032,20.758026,42.472054
470.230804,90.245224,20.479708,41.903198
464.555756,89.682281,20.760609,42.613239
459.963257,91.188835,20.180382,41.377636
456.917053,91.938271,20.421412,41.903461
453.929352,96.142479,21.122215,43.345257
448.637543,93.957458,22.119152,45.427979
442.372162,97.186279,20.041050,41.167995
442.295135,98.784081,19.656101,40.308418
438.623932,97.395363,19.761057,40.587234
436.954895,101.186470,19.014742,38.983387
436.538605,98.617874,21.004112,43.072788
433.179504,99.996872,19.643740,40.379143
433.179504,99.996872,19.643740,40.379143
430.246521,99.342812,19.904428,40.816158
427.367371,96.321976,21.554056,44.155945
429.595947,100.224945,19.383417,39.747223
430.364929,99.731812,19.803701,40.682209
430.144287,99.786720,20.125360,41.386345
430.144287,99.786720,20.125360,41.386345
431.180908,100.779869,19.433847,39.941395
428.027679,101.008888,18.876287,38.809944
427.047974,99.590927,21.777624,44.688225
428.160522,100.772903,20.762913,42.684975
427.728851,100.230415,18.752007,38.516186
425.288177,97.787613,19.692600,40.445881
425.288177,97.787613,19.692600,40.445881
423.201080,97.504730,19.432699,39.953644
420.469788,98.975380,18.557283,38.125473
420.397217,100.047089,20.120590,41.353416
415.303741,96.693848,19.884796,40.862774
411.987579,96.176201,19.671143,40.473030
412.293304,97.726852,19.254480,39.618740
409.761688,100.736649,18.399910,37.734802
409.761688,100.736649,18.399910,37.734802
407.653625,99.279839,19.156179,39.306545
403.680725,97.888000,19.785889,40.661251
398.025940,93.782364,20.361294,41.881115
399.551422,96.135063,19.731281,40.510803
397.585632,99.337914,18.895555,38.831127
395.170288,97.959167,19.712547,40.427910
391.458557,95.256706,19.385357,39.723118
390.391724,96.739746,18.695356,38.389771
384.119781,94.977402,19.493727,40.153851
380.641663,97.028259,18.189873,37.331749
378.146942,97.772003,17.091490,35.053841
372.199188,96.626694,18.184950,37.339104
372.199188,96.626694,18.184950,37.339104
372.199188,96.626694,18.184950,37.339104
