1
482.21,505.10,485.16,610.49,519.17,609.54,516.22,504.15
485.71,493.78,488.96,604.02,521.69,603.05,518.45,492.82
491.83,482.47,493.94,590.36,529.31,589.67,527.20,481.78
491.08,459.00,493.06,578.79,530.01,578.18,528.03,458.38
486.31,444.19,491.55,561.51,532.23,559.69,526.99,442.37
479.84,431.64,497.25,535.70,538.12,528.86,520.72,424.80
475.87,420.50,497.27,515.32,540.51,505.56,519.12,410.75
478.97,404.50,492.73,499.04,539.87,492.17,526.11,397.64
476.11,388.15,493.65,484.07,543.89,474.88,526.35,378.96
477.60,376.80,495.58,475.56,540.18,467.44,522.21,368.68
481.24,365.92,498.32,467.20,541.13,459.98,524.04,358.70
484.43,357.30,500.26,456.97,540.58,450.56,524.75,350.90
483.88,353.38,508.63,453.24,550.71,442.82,525.96,342.95
488.54,339.19,500.47,429.61,544.48,423.80,532.55,333.38
486.27,323.03,492.15,413.79,535.27,410.99,529.39,320.24
480.37,315.52,488.05,405.57,532.45,401.78,524.76,311.73
471.06,311.61,493.18,401.40,541.80,389.43,519.68,299.63
479.13,307.78,503.04,396.46,553.14,382.96,529.23,294.27
507.41,298.73,507.45,396.34,552.78,396.32,552.74,298.71
512.54,303.44,516.88,400.22,565.07,398.06,560.73,301.28
518.55,300.67,526.32,398.49,573.90,394.71,566.13,296.89
525.72,298.69,526.23,391.10,568.04,390.86,567.53,298.46
503.80,293.42,505.11,385.35,554.66,384.65,553.36,292.71
484.94,263.55,462.66,353.33,511.02,365.33,533.31,275.55
471.77,264.31,462.84,355.20,508.24,359.66,517.17,268.77
473.79,261.96,458.47,354.49,502.55,361.79,517.87,269.26
480.57,266.52,466.00,360.36,510.79,367.31,525.36,273.47
494.02,269.01,474.72,361.14,515.28,369.64,534.58,277.51
508.33,272.85,489.43,365.76,529.46,373.90,548.36,281.00
521.05,282.84,505.09,386.16,548.01,392.80,563.98,289.47
537.60,297.73,524.09,398.55,566.53,404.24,580.04,303.42
548.63,306.87,541.90,408.52,586.22,411.45,592.95,309.81
544.26,315.63,547.14,414.87,596.14,413.45,593.26,314.21
533.73,319.12,541.62,414.29,591.84,410.13,583.95,314.96
530.09,311.63,536.85,403.18,585.12,399.61,578.35,308.06
530.87,302.87,531.08,395.19,579.33,395.09,579.12,302.76
534.13,301.44,541.47,394.61,586.34,391.07,579.00,297.91
535.03,299.60,546.94,392.62,592.00,386.85,580.09,293.83
541.60,289.72,544.92,387.56,590.69,386.01,587.37,288.17
538.26,284.01,549.46,381.04,596.70,375.58,585.51,278.56
539.54,276.78,549.41,377.98,598.04,373.24,588.17,272.04
537.95,266.49,550.93,374.00,599.53,368.13,586.55,260.62
539.77,258.29,551.84,367.09,598.26,361.94,586.20,253.14
538.00,260.91,548.72,359.04,597.38,353.73,586.66,255.60
539.50,254.25,545.94,356.97,593.85,353.97,587.42,251.24
539.21,257.15,543.64,355.23,595.99,352.86,591.55,254.78
535.85,253.03,541.89,355.90,599.04,352.54,592.99,249.67
527.91,254.06,540.30,357.04,602.09,349.60,589.70,246.62
520.08,253.73,537.76,360.10,597.72,350.13,580.04,243.76
509.22,257.37,536.84,362.18,598.46,345.95,570.85,241.14
508.03,254.82,531.83,355.97,595.28,341.03,571.48,239.89
503.95,257.49,533.33,357.95,592.37,340.68,562.99,240.22
504.36,249.75,518.63,346.18,587.85,335.93,573.58,239.51
508.09,250.52,507.07,346.05,560.83,346.62,561.85,251.09
503.27,261.27,503.03,360.26,558.67,360.40,558.91,261.41
494.87,269.42,494.91,372.56,547.53,372.54,547.49,269.40
480.07,278.94,484.41,381.16,548.76,378.43,544.42,276.21
481.23,279.51,481.97,384.15,544.62,383.71,543.89,279.07
483.82,274.48,469.98,381.88,535.13,390.27,548.96,282.87
480.09,277.54,466.24,387.33,534.25,395.91,548.10,286.12
480.66,278.02,471.75,387.38,539.23,392.88,548.13,283.52
483.15,277.01,467.18,390.65,537.09,400.47,553.06,286.84
475.83,281.32,474.74,386.51,544.55,387.23,545.63,282.04
474.01,272.81,469.26,384.75,540.88,387.78,545.62,275.85
472.75,271.69,472.16,368.72,543.99,369.16,544.58,272.12
474.44,272.00,473.52,369.65,547.02,370.34,547.94,272.69
461.55,283.63,481.77,377.06,551.95,361.87,531.73,268.44
465.83,278.88,484.53,374.66,552.92,361.31,534.22,265.53
479.15,266.41,483.35,367.31,552.48,364.43,548.28,263.54
476.66,264.62,487.04,364.90,554.58,357.91,544.21,257.63
477.82,259.71,484.01,364.49,550.20,360.58,544.01,255.80
481.55,254.78,477.10,363.68,547.77,366.56,552.21,257.66
470.99,254.69,481.05,348.07,550.68,340.57,540.62,247.18
467.97,250.57,477.66,345.02,554.47,337.14,544.78,242.69
473.19,245.28,476.88,339.90,552.20,336.96,548.51,242.34
476.55,244.64,478.25,340.74,549.81,339.48,548.11,243.37
478.45,240.74,474.92,341.17,545.52,343.65,549.05,243.22
476.12,238.96,474.10,343.71,545.05,345.08,547.07,240.32
471.56,244.46,464.11,341.53,540.81,347.42,548.25,250.35
474.69,240.13,454.08,336.98,527.59,352.62,548.20,255.78
476.91,237.88,443.94,333.16,515.68,357.98,548.65,262.70
464.36,245.96,454.36,346.76,529.88,354.25,539.88,253.45
478.67,237.61,435.97,327.82,507.43,361.65,550.14,271.44
474.92,242.46,443.48,336.44,517.58,361.23,549.02,267.25
478.08,239.99,444.71,338.36,522.86,364.86,556.22,266.49
492.18,238.36,445.02,331.51,516.66,367.78,563.82,274.63
490.01,244.16,444.46,330.79,515.20,367.99,560.75,281.35
455.83,260.88,545.55,260.88,545.55,350.59,455.83,350.59
456.11,266.94,545.23,266.94,545.23,356.05,456.11,356.05
456.23,270.96,546.66,270.96,546.66,361.39,456.23,361.39
463.91,287.05,493.24,371.43,554.80,350.04,525.47,265.65
463.78,285.00,490.24,372.86,554.11,353.62,527.64,265.77
468.09,282.90,492.80,372.68,554.94,355.58,530.23,265.80
480.89,272.99,483.83,367.74,551.25,365.65,548.31,270.89
485.86,271.83,485.61,367.95,548.23,368.11,548.47,271.99
481.50,267.35,481.53,366.82,548.44,366.79,548.40,267.32
502.91,258.65,479.43,360.06,535.18,372.97,558.66,271.56
498.22,273.59,471.68,356.90,530.63,375.68,557.17,292.37
498.81,272.17,470.37,355.34,531.16,376.14,559.61,292.97
495.80,278.34,478.25,359.59,540.72,373.08,558.27,291.83
501.86,272.95,471.43,354.18,534.95,377.96,565.37,296.74
475.72,282.19,556.07,282.19,556.07,362.54,475.72,362.54
477.34,284.65,554.29,284.65,554.29,361.60,477.34,361.60
479.79,283.44,556.22,283.44,556.22,359.86,479.79,359.86
482.33,278.40,566.04,278.40,566.04,362.11,482.33,362.11
475.30,278.33,559.91,278.33,559.91,362.95,475.30,362.95
498.15,265.66,472.56,355.59,548.81,377.28,574.40,287.35
506.77,266.88,476.22,356.95,548.39,381.43,578.94,291.36
499.26,276.51,481.53,368.60,553.83,382.52,571.57,290.43
505.64,279.40,488.58,363.91,555.90,377.50,572.96,292.99
501.46,286.06,490.55,373.10,559.92,381.80,570.83,294.76
510.41,283.63,482.81,369.01,551.95,391.36,579.55,305.98
488.00,299.19,571.42,299.19,571.42,382.61,488.00,382.61
510.55,287.36,476.96,372.55,545.16,399.44,578.75,314.24
489.34,301.31,579.47,301.31,579.47,391.44,489.34,391.44
485.92,292.53,586.47,292.53,586.47,393.07,485.92,393.07
483.61,302.37,510.31,395.72,583.59,374.76,556.89,281.41
482.42,296.85,505.17,393.69,583.34,375.32,560.60,278.49
479.06,306.59,522.19,397.77,594.53,363.56,551.41,272.37
485.16,299.15,518.11,395.61,591.10,370.67,558.14,274.21
502.37,287.86,520.61,389.29,586.29,377.47,568.04,276.05
499.54,298.81,521.00,388.59,589.41,372.25,567.96,282.46
479.87,304.93,515.22,392.80,582.95,365.55,547.60,277.69
465.99,306.07,497.16,394.03,565.54,369.80,534.37,281.84
439.10,312.17,466.53,400.25,535.72,378.71,508.29,290.62
400.77,309.97,423.19,397.96,494.94,379.67,472.52,291.69
341.02,286.66,351.34,374.24,423.22,365.77,412.90,278.19
270.35,284.84,357.00,284.84,357.00,371.49,270.35,371.49
198.10,331.04,294.83,331.04,294.83,427.77,198.10,427.77
133.59,396.25,227.66,396.25,227.66,490.32,133.59,490.32
