1
475.96,505.39,485.44,614.00,525.10,610.54,515.62,501.93
483.67,492.14,489.50,602.67,524.21,600.83,518.37,490.30
491.42,483.02,493.44,593.38,528.34,592.74,526.33,482.38
488.71,467.84,492.20,577.86,530.38,576.65,526.88,466.63
487.07,450.45,491.98,564.43,533.05,562.66,528.14,448.68
487.06,435.64,490.28,544.48,536.23,543.12,533.01,434.28
488.79,423.87,494.46,532.10,540.18,529.70,534.51,421.47
487.77,409.60,493.59,522.26,542.65,519.73,536.83,407.07
477.90,398.69,492.58,481.68,546.05,472.22,531.37,389.23
482.39,386.14,495.47,473.44,540.59,466.68,527.51,379.38
482.49,376.75,497.72,464.80,541.65,457.20,526.42,369.15
485.71,367.56,499.93,457.87,542.43,451.18,528.22,360.86
493.39,358.77,511.13,451.08,549.28,443.74,531.53,351.43
493.42,346.88,511.98,426.06,549.25,417.33,530.70,338.14
483.12,333.15,498.29,414.44,540.67,406.53,525.50,325.25
482.90,321.55,489.90,406.48,532.16,402.99,525.16,318.07
481.92,312.91,488.86,399.40,532.07,395.93,525.13,309.44
486.75,309.16,497.75,400.52,547.89,394.48,536.90,303.12
498.84,310.88,512.68,404.68,564.14,397.09,550.29,303.28
510.13,309.27,518.09,397.38,565.35,393.11,557.39,305.00
518.36,306.25,523.26,394.85,570.50,392.24,565.60,303.64
523.85,301.26,527.58,390.72,571.50,388.88,567.77,299.43
513.43,296.74,513.97,384.28,555.02,384.03,554.48,296.48
486.46,278.55,482.46,364.36,521.42,366.17,525.42,280.37
468.23,275.75,467.54,364.98,511.59,365.32,512.29,276.09
468.75,272.80,460.54,360.86,507.03,365.20,515.24,277.14
479.85,275.02,465.66,364.32,513.96,371.99,528.14,282.68
488.38,277.11,474.40,366.66,523.36,374.30,537.34,284.76
501.49,281.04,486.45,379.47,537.65,387.29,552.69,288.86
507.28,296.05,506.95,396.50,562.03,396.68,562.36,296.23
525.31,311.43,530.25,403.31,581.57,400.55,576.63,308.67
538.05,322.28,546.33,409.33,598.18,404.40,589.90,317.35
539.98,334.36,561.16,420.51,606.88,409.26,585.70,323.12
533.89,334.18,551.99,424.30,601.08,414.44,582.97,324.32
529.43,324.71,543.86,418.71,596.00,410.70,581.56,316.71
530.93,317.90,540.11,406.55,588.86,401.50,579.69,312.85
529.95,314.60,545.41,402.49,593.63,394.01,578.17,306.12
532.12,312.80,555.01,399.16,595.61,388.40,572.73,302.04
533.59,309.44,564.37,394.33,607.35,378.75,576.58,293.86
532.34,301.79,560.07,388.41,604.22,374.27,576.49,287.66
540.98,286.40,552.48,384.81,598.22,379.46,586.71,281.05
539.86,276.24,547.20,370.06,593.20,366.46,585.86,272.64
540.24,268.14,544.86,365.52,588.72,363.44,584.10,266.06
540.39,263.43,545.39,360.12,588.18,357.91,583.18,261.22
535.18,261.14,548.00,358.72,591.91,352.96,579.09,255.38
541.60,253.28,543.45,348.82,590.71,347.91,588.86,252.36
539.28,249.88,540.25,342.52,586.10,342.04,585.12,249.39
533.14,251.62,543.88,353.62,587.07,349.07,576.33,247.08
526.70,247.16,534.10,348.08,581.56,344.60,574.16,243.68
538.08,231.21,521.61,326.91,573.97,335.93,590.45,240.23
530.53,230.56,522.73,335.55,570.85,339.13,578.65,234.14
511.90,238.17,522.38,342.05,575.42,336.70,564.94,232.82
507.60,240.80,518.41,350.29,571.48,345.05,560.67,235.56
514.21,241.66,504.39,339.36,554.44,344.40,564.26,246.69
507.61,253.29,497.36,353.09,549.49,358.44,559.74,258.65
506.82,259.00,486.57,358.65,542.57,370.03,562.82,270.38
491.46,268.34,489.07,378.68,546.86,379.93,549.25,269.59
506.53,269.90,471.46,370.83,526.56,389.97,561.63,289.04
501.77,269.26,465.54,381.46,523.17,400.07,559.39,287.87
496.44,267.25,465.01,364.13,526.80,384.18,558.23,287.29
488.79,268.16,465.51,368.48,532.53,384.03,555.81,283.70
484.63,267.39,470.94,379.82,539.84,388.21,553.52,275.78
499.64,266.79,466.72,357.59,526.11,379.12,559.02,288.32
493.01,269.19,469.72,359.23,528.46,374.43,551.76,284.38
491.80,266.71,467.71,356.66,531.41,373.73,555.51,283.77
491.40,266.43,466.61,355.79,532.92,374.18,557.70,284.83
490.60,266.57,471.17,358.66,537.70,372.69,557.13,280.60
488.42,269.17,474.19,358.90,541.40,369.56,555.63,279.83
496.27,255.23,476.68,356.04,541.95,368.73,561.55,267.92
495.03,251.92,478.82,354.20,545.66,364.80,561.87,262.52
486.11,247.99,478.89,353.44,548.38,358.20,555.60,252.74
483.11,241.18,478.57,354.38,548.29,357.18,552.83,243.98
484.88,235.27,475.63,345.98,549.51,352.16,558.76,241.45
469.79,242.31,478.60,342.96,553.62,336.39,544.81,235.74
467.16,242.45,476.44,340.12,554.83,332.67,545.55,235.00
467.59,243.26,477.28,340.58,553.71,332.98,544.03,235.65
468.07,242.80,474.67,337.94,549.93,332.71,543.33,237.58
475.10,241.02,479.59,339.38,548.80,336.22,544.31,237.86
469.68,240.25,472.92,339.86,544.26,337.54,541.02,237.93
468.12,238.82,469.39,339.26,538.71,338.38,537.44,237.94
468.32,238.08,463.15,339.85,533.20,343.41,538.37,241.64
464.41,240.66,462.56,341.78,536.07,343.12,537.91,242.00
479.87,233.22,450.74,343.92,519.31,361.97,548.44,251.26
464.44,255.40,456.61,350.98,537.03,357.57,544.86,261.99
463.67,261.64,552.52,261.64,552.52,350.49,463.67,350.49
460.00,261.86,549.80,261.86,549.80,351.66,460.00,351.66
458.75,261.07,555.41,261.07,555.41,357.73,458.75,357.73
457.47,259.22,556.35,259.22,556.35,358.10,457.47,358.10
450.55,267.09,544.18,267.09,544.18,360.72,450.55,360.72
460.37,268.22,550.13,268.22,550.13,357.98,460.37,357.98
468.31,274.08,554.35,274.08,554.35,360.12,468.31,360.12
469.61,273.85,556.83,273.85,556.83,361.07,469.61,361.07
463.37,281.81,498.30,374.18,570.88,346.73,535.94,254.36
465.14,279.83,498.23,374.02,570.96,348.47,537.87,254.28
475.74,275.01,485.57,369.09,556.50,361.68,546.67,267.60
485.02,267.72,485.96,374.50,545.00,373.98,544.06,267.20
490.87,263.84,480.82,370.75,541.22,376.42,551.27,269.51
495.76,262.82,472.13,366.89,534.97,381.16,558.60,277.09
490.42,266.67,477.31,371.67,541.85,379.73,554.96,274.73
498.50,272.72,476.91,368.25,538.44,382.16,560.03,286.63
494.52,269.03,465.09,359.60,535.04,382.32,564.46,291.75
494.92,267.83,463.11,354.65,534.72,380.88,566.52,294.06
473.02,278.32,558.67,278.32,558.67,363.97,473.02,363.97
478.54,277.34,557.80,277.34,557.80,356.60,478.54,356.60
496.66,265.79,477.50,348.53,547.49,364.73,566.64,281.98
499.20,256.79,472.65,341.94,544.14,364.23,570.69,279.08
494.15,257.02,477.57,349.96,551.25,363.10,567.82,270.15
507.57,259.02,477.40,345.42,549.34,370.54,579.51,284.14
482.50,277.28,572.56,277.28,572.56,367.34,482.50,367.34
489.22,279.73,571.43,279.73,571.43,361.93,489.22,361.93
490.24,285.19,572.17,285.19,572.17,367.12,490.24,367.12
513.69,279.76,485.54,362.72,554.88,386.25,583.03,303.29
487.97,292.69,569.76,292.69,569.76,374.48,487.97,374.48
488.74,295.85,572.38,295.85,572.38,379.48,488.74,379.48
490.26,298.09,573.11,298.09,573.11,380.95,490.26,380.95
490.17,300.10,573.45,300.10,573.45,383.37,490.17,383.37
502.19,287.26,489.12,380.68,566.84,391.55,579.91,298.13
490.92,291.43,582.14,291.43,582.14,382.65,490.92,382.65
492.14,291.83,581.01,291.83,581.01,380.71,492.14,380.71
489.65,286.87,586.63,286.87,586.63,383.84,489.65,383.84
519.01,279.75,495.81,374.35,575.43,393.87,598.62,299.27
502.83,297.29,587.80,297.29,587.80,382.26,502.83,382.26
490.39,294.77,579.50,294.77,579.50,383.87,490.39,383.87
473.62,298.44,562.26,298.44,562.26,387.08,473.62,387.08
448.54,303.65,538.91,303.65,538.91,394.02,448.54,394.02
408.28,306.57,495.03,306.57,495.03,393.32,408.28,393.32
332.83,286.87,423.38,286.87,423.38,377.41,332.83,377.41
264.75,287.51,353.47,287.51,353.47,376.23,264.75,376.23
195.13,335.83,285.09,335.83,285.09,425.79,195.13,425.79
123.72,407.60,148.06,513.50,233.94,493.77,209.61,387.86
