1
82.00,148.00,82.00,170.00,112.00,170.00,112.00,148.00
82.00,146.00,82.00,168.00,112.00,168.00,112.00,146.00
82.00,145.00,82.00,167.00,112.00,167.00,112.00,145.00
82.00,144.00,82.00,166.00,112.00,166.00,112.00,144.00
82.00,142.00,82.00,164.00,112.00,164.00,112.00,142.00
82.00,141.00,82.00,163.00,112.00,163.00,112.00,141.00
81.00,140.00,81.00,162.00,111.00,162.00,111.00,140.00
82.00,137.00,82.00,160.00,112.00,160.00,112.00,137.00
82.00,136.00,82.00,159.00,112.00,159.00,112.00,136.00
83.00,134.00,83.00,157.00,114.00,157.00,114.00,134.00
82.00,133.00,82.00,156.00,113.00,156.00,113.00,133.00
82.00,131.00,82.00,155.00,114.00,155.00,114.00,131.00
81.00,130.00,81.00,154.00,113.00,154.00,113.00,130.00
82.00,129.00,82.00,150.00,110.00,150.00,110.00,129.00
82.00,127.00,82.00,148.00,110.00,148.00,110.00,127.00
83.00,123.00,83.00,144.00,110.00,144.00,110.00,123.00
82.00,119.00,82.00,140.00,109.00,140.00,109.00,119.00
83.00,117.00,83.00,137.00,109.00,137.00,109.00,117.00
83.00,113.00,83.00,133.00,109.00,133.00,109.00,113.00
81.00,109.00,81.00,132.00,111.00,132.00,111.00,109.00
80.00,105.00,80.00,128.00,110.00,128.00,110.00,105.00
80.00,103.00,80.00,126.00,110.00,126.00,110.00,103.00
81.00,100.00,81.00,123.00,111.00,123.00,111.00,100.00
82.00,98.00,82.00,122.00,113.00,122.00,113.00,98.00
83.00,96.00,83.00,120.00,114.00,120.00,114.00,96.00
84.00,92.00,84.00,118.00,118.00,118.00,118.00,92.00
85.00,89.00,85.00,115.00,119.00,115.00,119.00,89.00
89.00,88.00,89.00,111.00,120.00,111.00,120.00,88.00
92.00,87.00,92.00,110.00,123.00,110.00,123.00,87.00
94.00,87.00,94.00,111.00,125.00,111.00,125.00,87.00
95.00,85.00,95.00,109.00,126.00,109.00,126.00,85.00
96.00,83.00,96.00,107.00,128.00,107.00,128.00,83.00
95.00,79.00,95.00,103.00,127.00,103.00,127.00,79.00
94.00,76.00,94.00,100.00,126.00,100.00,126.00,76.00
92.00,73.00,92.00,97.00,124.00,97.00,124.00,73.00
90.00,71.00,90.00,95.00,122.00,95.00,122.00,71.00
88.00,68.00,88.00,92.00,120.00,92.00,120.00,68.00
87.00,66.00,87.00,90.00,119.00,90.00,119.00,66.00
85.00,64.00,85.00,88.00,117.00,88.00,117.00,64.00
85.00,64.00,85.00,87.00,115.00,87.00,115.00,64.00
84.00,62.00,84.00,85.00,114.00,85.00,114.00,62.00
83.00,61.00,83.00,84.00,113.00,84.00,113.00,61.00
83.00,60.00,83.00,83.00,113.00,83.00,113.00,60.00
81.00,60.00,81.00,83.00,111.00,83.00,111.00,60.00
81.00,60.00,81.00,83.00,111.00,83.00,111.00,60.00
80.00,59.00,80.00,84.00,112.00,84.00,112.00,59.00
79.00,59.00,79.00,84.00,111.00,84.00,111.00,59.00
80.00,61.00,80.00,84.00,111.00,84.00,111.00,61.00
79.00,62.00,79.00,85.00,110.00,85.00,110.00,62.00
78.00,63.00,78.00,87.00,110.00,87.00,110.00,63.00
79.00,64.00,79.00,88.00,111.00,88.00,111.00,64.00
79.00,64.00,79.00,88.00,111.00,88.00,111.00,64.00
80.00,65.00,80.00,89.00,112.00,89.00,112.00,65.00
82.00,67.00,82.00,91.00,113.00,91.00,113.00,67.00
84.00,70.00,84.00,94.00,115.00,94.00,115.00,70.00
87.00,72.00,87.00,94.00,116.00,94.00,116.00,72.00
89.00,74.00,89.00,96.00,118.00,96.00,118.00,74.00
93.00,77.00,93.00,97.00,119.00,97.00,119.00,77.00
95.00,78.00,95.00,98.00,121.00,98.00,121.00,78.00
94.00,78.00,94.00,100.00,123.00,100.00,123.00,78.00
96.00,79.00,96.00,101.00,125.00,101.00,125.00,79.00
98.00,81.00,98.00,101.00,125.00,101.00,125.00,81.00
100.00,81.00,100.00,101.00,127.00,101.00,127.00,81.00
99.00,80.00,99.00,103.00,129.00,103.00,129.00,80.00
100.00,80.00,100.00,103.00,130.00,103.00,130.00,80.00
104.00,81.00,104.00,101.00,131.00,101.00,131.00,81.00
104.00,81.00,104.00,101.00,131.00,101.00,131.00,81.00
104.00,83.00,104.00,103.00,130.00,103.00,130.00,83.00
105.00,83.00,105.00,103.00,131.00,103.00,131.00,83.00
103.00,81.00,103.00,103.00,132.00,103.00,132.00,81.00
103.00,82.00,103.00,104.00,132.00,104.00,132.00,82.00
105.00,83.00,105.00,103.00,131.00,103.00,131.00,83.00
105.00,83.00,105.00,103.00,131.00,103.00,131.00,83.00
103.00,81.00,103.00,103.00,132.00,103.00,132.00,81.00
104.00,81.00,104.00,103.00,133.00,103.00,133.00,81.00
104.00,82.00,104.00,103.00,132.00,103.00,132.00,82.00
104.00,81.00,104.00,102.00,132.00,102.00,132.00,81.00
104.00,81.00,104.00,102.00,132.00,102.00,132.00,81.00
104.00,81.00,104.00,102.00,132.00,102.00,132.00,81.00
105.00,81.00,105.00,102.00,133.00,102.00,133.00,81.00
105.00,80.00,105.00,101.00,133.00,101.00,133.00,80.00
105.00,80.00,105.00,100.00,132.00,100.00,132.00,80.00
105.00,79.00,105.00,99.00,132.00,99.00,132.00,79.00
105.00,78.00,105.00,100.00,134.00,100.00,134.00,78.00
105.00,77.00,105.00,99.00,134.00,99.00,134.00,77.00
106.00,78.00,106.00,99.00,134.00,99.00,134.00,78.00
106.00,77.00,106.00,98.00,134.00,98.00,134.00,77.00
107.00,77.00,107.00,97.00,133.00,97.00,133.00,77.00
107.00,77.00,107.00,97.00,133.00,97.00,133.00,77.00
107.00,77.00,107.00,96.00,133.00,96.00,133.00,77.00
107.00,77.00,107.00,96.00,133.00,96.00,133.00,77.00
107.00,76.00,107.00,95.00,132.00,95.00,132.00,76.00
107.00,76.00,107.00,95.00,132.00,95.00,132.00,76.00
107.00,77.00,107.00,95.00,131.00,95.00,131.00,77.00
107.00,77.00,107.00,95.00,131.00,95.00,131.00,77.00
107.00,76.00,107.00,94.00,131.00,94.00,131.00,76.00
108.00,76.00,108.00,94.00,132.00,94.00,132.00,76.00
107.00,76.00,107.00,96.00,133.00,96.00,133.00,76.00
108.00,76.00,108.00,96.00,134.00,96.00,134.00,76.00
108.00,75.00,108.00,95.00,134.00,95.00,134.00,75.00
110.00,74.00,110.00,94.00,136.00,94.00,136.00,74.00
111.00,71.00,111.00,92.00,139.00,92.00,139.00,71.00
113.00,71.00,113.00,92.00,141.00,92.00,141.00,71.00
115.00,71.00,115.00,91.00,141.00,91.00,141.00,71.00
116.00,70.00,116.00,90.00,142.00,90.00,142.00,70.00
118.00,70.00,118.00,89.00,144.00,89.00,144.00,70.00
118.00,70.00,118.00,89.00,144.00,89.00,144.00,70.00
117.00,72.00,117.00,90.00,141.00,90.00,141.00,72.00
117.00,72.00,117.00,90.00,141.00,90.00,141.00,72.00
115.00,70.00,115.00,90.00,142.00,90.00,142.00,70.00
114.00,71.00,114.00,91.00,141.00,91.00,141.00,71.00
113.00,72.00,113.00,92.00,139.00,92.00,139.00,72.00
113.00,73.00,113.00,93.00,139.00,93.00,139.00,73.00
112.00,72.00,112.00,93.00,140.00,93.00,140.00,72.00
113.00,73.00,113.00,94.00,141.00,94.00,141.00,73.00
111.00,73.00,111.00,97.00,143.00,97.00,143.00,73.00
111.00,75.00,111.00,99.00,143.00,99.00,143.00,75.00
111.00,76.00,111.00,100.00,143.00,100.00,143.00,76.00
111.00,77.00,111.00,101.00,143.00,101.00,143.00,77.00
112.00,78.00,112.00,102.00,144.00,102.00,144.00,78.00
113.00,78.00,113.00,102.00,145.00,102.00,145.00,78.00
113.00,78.00,113.00,102.00,145.00,102.00,145.00,78.00
113.00,79.00,113.00,103.00,145.00,103.00,145.00,79.00
112.00,79.00,112.00,104.00,145.00,104.00,145.00,79.00
112.00,79.00,112.00,104.00,145.00,104.00,145.00,79.00
112.00,81.00,112.00,106.00,145.00,106.00,145.00,81.00
111.00,81.00,111.00,106.00,144.00,106.00,144.00,81.00
112.00,83.00,112.00,106.00,142.00,106.00,142.00,83.00
112.00,83.00,112.00,106.00,142.00,106.00,142.00,83.00
111.00,84.00,111.00,109.00,144.00,109.00,144.00,84.00
110.00,85.00,110.00,110.00,143.00,110.00,143.00,85.00
110.00,87.00,110.00,111.00,142.00,111.00,142.00,87.00
110.00,88.00,110.00,112.00,142.00,112.00,142.00,88.00
110.00,89.00,110.00,111.00,138.00,111.00,138.00,89.00
111.00,89.00,111.00,111.00,139.00,111.00,139.00,89.00
111.00,89.00,111.00,112.00,141.00,112.00,141.00,89.00
111.00,91.00,111.00,114.00,141.00,114.00,141.00,91.00
112.00,91.00,112.00,114.00,142.00,114.00,142.00,91.00
113.00,91.00,113.00,114.00,143.00,114.00,143.00,91.00
113.00,90.00,113.00,113.00,144.00,113.00,144.00,90.00
114.00,89.00,114.00,112.00,145.00,112.00,145.00,89.00
116.00,89.00,116.00,111.00,146.00,111.00,146.00,89.00
118.00,87.00,118.00,109.00,148.00,109.00,148.00,87.00
120.00,86.00,120.00,108.00,149.00,108.00,149.00,86.00
122.00,85.00,122.00,107.00,151.00,107.00,151.00,85.00
124.00,84.00,124.00,106.00,152.00,106.00,152.00,84.00
125.00,83.00,125.00,105.00,153.00,105.00,153.00,83.00
125.00,81.00,125.00,104.00,156.00,104.00,156.00,81.00
127.00,81.00,127.00,104.00,158.00,104.00,158.00,81.00
127.00,81.00,127.00,105.00,159.00,105.00,159.00,81.00
126.00,81.00,126.00,105.00,158.00,105.00,158.00,81.00
125.00,82.00,125.00,106.00,157.00,106.00,157.00,82.00
125.00,82.00,125.00,106.00,157.00,106.00,157.00,82.00
123.00,81.00,123.00,107.00,157.00,107.00,157.00,81.00
122.00,82.00,122.00,108.00,156.00,108.00,156.00,82.00
122.00,82.00,122.00,109.00,158.00,109.00,158.00,82.00
121.00,81.00,121.00,108.00,157.00,108.00,157.00,81.00
120.00,80.00,120.00,108.00,157.00,108.00,157.00,80.00
120.00,79.00,120.00,107.00,157.00,107.00,157.00,79.00
121.00,79.00,121.00,107.00,157.00,107.00,157.00,79.00
120.00,77.00,120.00,105.00,156.00,105.00,156.00,77.00
120.00,77.00,120.00,105.00,156.00,105.00,156.00,77.00
121.00,77.00,121.00,105.00,157.00,105.00,157.00,77.00
121.00,77.00,121.00,105.00,158.00,105.00,158.00,77.00
121.00,77.00,121.00,105.00,158.00,105.00,158.00,77.00
123.00,76.00,123.00,103.00,159.00,103.00,159.00,76.00
123.00,75.00,123.00,102.00,159.00,102.00,159.00,75.00
124.00,75.00,124.00,101.00,159.00,101.00,159.00,75.00
125.00,75.00,125.00,101.00,160.00,101.00,160.00,75.00
126.00,75.00,126.00,102.00,161.00,102.00,161.00,75.00
127.00,74.00,127.00,101.00,162.00,101.00,162.00,74.00
129.00,73.00,129.00,100.00,165.00,100.00,165.00,73.00
130.00,72.00,130.00,99.00,166.00,99.00,166.00,72.00
129.00,71.00,129.00,98.00,164.00,98.00,164.00,71.00
130.00,70.00,130.00,97.00,165.00,97.00,165.00,70.00
131.00,71.00,131.00,97.00,166.00,97.00,166.00,71.00
132.00,71.00,132.00,97.00,167.00,97.00,167.00,71.00
133.00,70.00,133.00,96.00,167.00,96.00,167.00,70.00
134.00,70.00,134.00,96.00,168.00,96.00,168.00,70.00
134.00,71.00,134.00,96.00,167.00,96.00,167.00,71.00
135.00,71.00,135.00,96.00,168.00,96.00,168.00,71.00
135.00,71.00,135.00,96.00,168.00,96.00,168.00,71.00
136.00,72.00,136.00,97.00,169.00,97.00,169.00,72.00
138.00,74.00,138.00,97.00,168.00,97.00,168.00,74.00
140.00,74.00,140.00,97.00,170.00,97.00,170.00,74.00
142.00,75.00,142.00,98.00,172.00,98.00,172.00,75.00
143.00,76.00,143.00,99.00,173.00,99.00,173.00,76.00
142.00,75.00,142.00,101.00,176.00,101.00,176.00,75.00
144.00,77.00,144.00,103.00,178.00,103.00,178.00,77.00
146.00,79.00,146.00,104.00,179.00,104.00,179.00,79.00
146.00,79.00,146.00,104.00,179.00,104.00,179.00,79.00
145.00,80.00,145.00,106.00,179.00,106.00,179.00,80.00
144.00,81.00,144.00,107.00,178.00,107.00,178.00,81.00
143.00,82.00,143.00,108.00,178.00,108.00,178.00,82.00
141.00,82.00,141.00,108.00,176.00,108.00,176.00,82.00
138.00,81.00,138.00,108.00,173.00,108.00,173.00,81.00
137.00,81.00,137.00,108.00,172.00,108.00,172.00,81.00
136.00,81.00,136.00,108.00,172.00,108.00,172.00,81.00
136.00,81.00,136.00,108.00,172.00,108.00,172.00,81.00
137.00,83.00,137.00,107.00,169.00,107.00,169.00,83.00
136.00,82.00,136.00,106.00,168.00,106.00,168.00,82.00
136.00,82.00,136.00,106.00,168.00,106.00,168.00,82.00
135.00,81.00,135.00,105.00,167.00,105.00,167.00,81.00
134.00,81.00,134.00,105.00,166.00,105.00,166.00,81.00
133.00,81.00,133.00,105.00,165.00,105.00,165.00,81.00
132.00,81.00,132.00,106.00,166.00,106.00,166.00,81.00
132.00,81.00,132.00,106.00,166.00,106.00,166.00,81.00
132.00,82.00,132.00,105.00,162.00,105.00,162.00,82.00
131.00,83.00,131.00,106.00,161.00,106.00,161.00,83.00
134.00,88.00,134.00,108.00,160.00,108.00,160.00,88.00
130.00,90.00,130.00,110.00,156.00,110.00,156.00,90.00
128.00,91.00,128.00,109.00,152.00,109.00,152.00,91.00
126.00,90.00,126.00,108.00,150.00,108.00,150.00,90.00
124.00,90.00,124.00,106.00,146.00,106.00,146.00,90.00
122.00,90.00,122.00,106.00,144.00,106.00,144.00,90.00
120.00,89.00,120.00,106.00,142.00,106.00,142.00,89.00
118.00,88.00,118.00,105.00,140.00,105.00,140.00,88.00
117.00,87.00,117.00,105.00,141.00,105.00,141.00,87.00
115.00,87.00,115.00,105.00,139.00,105.00,139.00,87.00
115.00,88.00,115.00,105.00,137.00,105.00,137.00,88.00
115.00,88.00,115.00,105.00,137.00,105.00,137.00,88.00
115.00,87.00,115.00,105.00,139.00,105.00,139.00,87.00
114.00,88.00,114.00,106.00,138.00,106.00,138.00,88.00
115.00,89.00,115.00,107.00,138.00,107.00,138.00,89.00
116.00,89.00,116.00,107.00,139.00,107.00,139.00,89.00
117.00,89.00,117.00,106.00,139.00,106.00,139.00,89.00
118.00,89.00,118.00,106.00,140.00,106.00,140.00,89.00
118.00,89.00,118.00,107.00,142.00,107.00,142.00,89.00
120.00,89.00,120.00,107.00,144.00,107.00,144.00,89.00
121.00,89.00,121.00,107.00,144.00,107.00,144.00,89.00
123.00,89.00,123.00,107.00,146.00,107.00,146.00,89.00
126.00,88.00,126.00,106.00,150.00,106.00,150.00,88.00
127.00,87.00,127.00,105.00,151.00,105.00,151.00,87.00
129.00,88.00,129.00,105.00,152.00,105.00,152.00,88.00
130.00,87.00,130.00,104.00,153.00,104.00,153.00,87.00
131.00,86.00,131.00,103.00,154.00,103.00,154.00,86.00
132.00,86.00,132.00,103.00,155.00,103.00,155.00,86.00
133.00,84.00,133.00,102.00,157.00,102.00,157.00,84.00
134.00,83.00,134.00,101.00,158.00,101.00,158.00,83.00
137.00,82.00,137.00,100.00,161.00,100.00,161.00,82.00
139.00,81.00,139.00,99.00,163.00,99.00,163.00,81.00
141.00,79.00,141.00,98.00,166.00,98.00,166.00,79.00
143.00,79.00,143.00,98.00,168.00,98.00,168.00,79.00
144.00,77.00,144.00,98.00,172.00,98.00,172.00,77.00
145.00,78.00,145.00,99.00,173.00,99.00,173.00,78.00
145.00,77.00,145.00,101.00,176.00,101.00,176.00,77.00
149.00,78.00,149.00,102.00,180.00,102.00,180.00,78.00
150.00,75.00,150.00,100.00,183.00,100.00,183.00,75.00
151.00,75.00,151.00,100.00,184.00,100.00,184.00,75.00
152.00,73.00,152.00,99.00,186.00,99.00,186.00,73.00
152.00,72.00,152.00,98.00,186.00,98.00,186.00,72.00
153.00,71.00,153.00,96.00,187.00,96.00,187.00,71.00
152.00,71.00,152.00,96.00,186.00,96.00,186.00,71.00
153.00,70.00,153.00,93.00,184.00,93.00,184.00,70.00
152.00,69.00,152.00,92.00,183.00,92.00,183.00,69.00
152.00,69.00,152.00,93.00,183.00,93.00,183.00,69.00
152.00,67.00,152.00,91.00,183.00,91.00,183.00,67.00
152.00,66.00,152.00,89.00,182.00,89.00,182.00,66.00
153.00,64.00,153.00,87.00,183.00,87.00,183.00,64.00
154.00,63.00,154.00,85.00,184.00,85.00,184.00,63.00
155.00,62.00,155.00,84.00,185.00,84.00,185.00,62.00
156.00,60.00,156.00,83.00,186.00,83.00,186.00,60.00
157.00,58.00,157.00,81.00,187.00,81.00,187.00,58.00
159.00,55.00,159.00,78.00,190.00,78.00,190.00,55.00
161.00,54.00,161.00,77.00,192.00,77.00,192.00,54.00
163.00,52.00,163.00,76.00,195.00,76.00,195.00,52.00
164.00,51.00,164.00,75.00,196.00,75.00,196.00,51.00
165.00,48.00,165.00,73.00,198.00,73.00,198.00,48.00
166.00,46.00,166.00,71.00,199.00,71.00,199.00,46.00
167.00,45.00,167.00,71.00,201.00,71.00,201.00,45.00
167.00,44.00,167.00,70.00,201.00,70.00,201.00,44.00
169.00,44.00,169.00,69.00,203.00,69.00,203.00,44.00
169.00,44.00,169.00,69.00,203.00,69.00,203.00,44.00
170.00,44.00,170.00,70.00,205.00,70.00,205.00,44.00
170.00,44.00,170.00,70.00,205.00,70.00,205.00,44.00
172.00,44.00,172.00,70.00,206.00,70.00,206.00,44.00
172.00,43.00,172.00,69.00,206.00,69.00,206.00,43.00
173.00,43.00,173.00,69.00,207.00,69.00,207.00,43.00
172.00,44.00,172.00,70.00,206.00,70.00,206.00,44.00
172.00,44.00,172.00,69.00,205.00,69.00,205.00,44.00
173.00,44.00,173.00,69.00,206.00,69.00,206.00,44.00
173.00,45.00,173.00,71.00,207.00,71.00,207.00,45.00
172.00,45.00,172.00,71.00,206.00,71.00,206.00,45.00
173.00,46.00,173.00,71.00,207.00,71.00,207.00,46.00
172.00,47.00,172.00,72.00,206.00,72.00,206.00,47.00
172.00,47.00,172.00,73.00,207.00,73.00,207.00,47.00
171.00,47.00,171.00,73.00,206.00,73.00,206.00,47.00
171.00,47.00,171.00,73.00,205.00,73.00,205.00,47.00
171.00,47.00,171.00,73.00,205.00,73.00,205.00,47.00
171.00,48.00,171.00,74.00,206.00,74.00,206.00,48.00
170.00,49.00,170.00,75.00,205.00,75.00,205.00,49.00
169.00,49.00,169.00,75.00,203.00,75.00,203.00,49.00
169.00,48.00,169.00,74.00,203.00,74.00,203.00,48.00
169.00,49.00,169.00,73.00,201.00,73.00,201.00,49.00
169.00,49.00,169.00,73.00,201.00,73.00,201.00,49.00
168.00,49.00,168.00,74.00,200.00,74.00,200.00,49.00
168.00,49.00,168.00,74.00,200.00,74.00,200.00,49.00
166.00,49.00,166.00,74.00,199.00,74.00,199.00,49.00
167.00,49.00,167.00,74.00,200.00,74.00,200.00,49.00
168.00,51.00,168.00,75.00,199.00,75.00,199.00,51.00
168.00,51.00,168.00,75.00,199.00,75.00,199.00,51.00
167.00,49.00,167.00,75.00,201.00,75.00,201.00,49.00
167.00,49.00,167.00,75.00,201.00,75.00,201.00,49.00
168.00,50.00,168.00,73.00,199.00,73.00,199.00,50.00
168.00,49.00,168.00,72.00,199.00,72.00,199.00,49.00
168.00,49.00,168.00,73.00,200.00,73.00,200.00,49.00
168.00,49.00,168.00,73.00,200.00,73.00,200.00,49.00
166.00,48.00,166.00,73.00,199.00,73.00,199.00,48.00
166.00,48.00,166.00,73.00,199.00,73.00,199.00,48.00
167.00,49.00,167.00,72.00,198.00,72.00,198.00,49.00
166.00,48.00,166.00,71.00,197.00,71.00,197.00,48.00
166.00,49.00,166.00,72.00,196.00,72.00,196.00,49.00
165.00,49.00,165.00,72.00,195.00,72.00,195.00,49.00
166.00,49.00,166.00,71.00,195.00,71.00,195.00,49.00
165.00,49.00,165.00,71.00,194.00,71.00,194.00,49.00
165.00,49.00,165.00,71.00,194.00,71.00,194.00,49.00
165.00,49.00,165.00,71.00,194.00,71.00,194.00,49.00
164.00,50.00,164.00,72.00,192.00,72.00,192.00,50.00
163.00,50.00,163.00,72.00,191.00,72.00,191.00,50.00
164.00,51.00,164.00,72.00,192.00,72.00,192.00,51.00
163.00,51.00,163.00,72.00,191.00,72.00,191.00,51.00
162.00,52.00,162.00,72.00,189.00,72.00,189.00,52.00
160.00,53.00,160.00,73.00,187.00,73.00,187.00,53.00
160.00,54.00,160.00,74.00,186.00,74.00,186.00,54.00
160.00,55.00,160.00,75.00,186.00,75.00,186.00,55.00
158.00,56.00,158.00,77.00,186.00,77.00,186.00,56.00
157.00,57.00,157.00,78.00,185.00,78.00,185.00,57.00
156.00,57.00,156.00,78.00,183.00,78.00,183.00,57.00
155.00,57.00,155.00,78.00,182.00,78.00,182.00,57.00
154.00,59.00,154.00,79.00,180.00,79.00,180.00,59.00
154.00,59.00,154.00,79.00,180.00,79.00,180.00,59.00
151.00,59.00,151.00,80.00,178.00,80.00,178.00,59.00
150.00,60.00,150.00,81.00,177.00,81.00,177.00,60.00
150.00,63.00,150.00,81.00,174.00,81.00,174.00,63.00
146.00,64.00,146.00,82.00,170.00,82.00,170.00,64.00
150.00,60.00,150.00,80.00,176.00,80.00,176.00,60.00
150.00,62.00,150.00,82.00,176.00,82.00,176.00,62.00
149.00,66.00,149.00,84.00,173.00,84.00,173.00,66.00
147.00,68.00,147.00,86.00,171.00,86.00,171.00,68.00
147.00,69.00,147.00,87.00,170.00,87.00,170.00,69.00
146.00,70.00,146.00,88.00,169.00,88.00,169.00,70.00
145.00,70.00,145.00,87.00,167.00,87.00,167.00,70.00
144.00,70.00,144.00,87.00,166.00,87.00,166.00,70.00
144.00,71.00,144.00,87.00,165.00,87.00,165.00,71.00
143.00,71.00,143.00,87.00,164.00,87.00,164.00,71.00
142.00,70.00,142.00,87.00,165.00,87.00,165.00,70.00
142.00,71.00,142.00,88.00,165.00,88.00,165.00,71.00
141.00,71.00,141.00,88.00,163.00,88.00,163.00,71.00
141.00,70.00,141.00,87.00,163.00,87.00,163.00,70.00
142.00,71.00,142.00,87.00,163.00,87.00,163.00,71.00
141.00,71.00,141.00,87.00,162.00,87.00,162.00,71.00
140.00,70.00,140.00,87.00,163.00,87.00,163.00,70.00
140.00,70.00,140.00,87.00,163.00,87.00,163.00,70.00
140.00,70.00,140.00,87.00,162.00,87.00,162.00,70.00
139.00,69.00,139.00,86.00,161.00,86.00,161.00,69.00
140.00,70.00,140.00,86.00,161.00,86.00,161.00,70.00
140.00,70.00,140.00,86.00,161.00,86.00,161.00,70.00
140.00,71.00,140.00,87.00,161.00,87.00,161.00,71.00
140.00,72.00,140.00,88.00,161.00,88.00,161.00,72.00
140.00,74.00,140.00,90.00,161.00,90.00,161.00,74.00
140.00,76.00,140.00,92.00,161.00,92.00,161.00,76.00
139.00,77.00,139.00,93.00,161.00,93.00,161.00,77.00
139.00,79.00,139.00,95.00,161.00,95.00,161.00,79.00
139.00,80.00,139.00,96.00,161.00,96.00,161.00,80.00
139.00,81.00,139.00,97.00,161.00,97.00,161.00,81.00
