1
326.000000,30.000000,38.000000,42.000000
333.000000,23.000000,38.000000,42.000000
334.000000,15.000000,38.000000,42.000000
337.000000,11.000000,38.000000,42.000000
340.000000,11.000000,38.000000,42.000000
345.000000,18.000000,38.000000,42.000000
350.000000,24.000000,38.000000,42.000000
355.000000,33.000000,38.000000,42.000000
362.000000,43.000000,38.000000,42.000000
340.000000,49.000000,38.000000,42.000000
339.000000,50.000000,38.000000,42.000000
363.000000,58.000000,38.000000,42.000000
339.000000,48.000000,38.000000,42.000000
352.000000,46.000000,38.000000,42.000000
344.000000,38.000000,38.000000,42.000000
337.000000,32.000000,38.000000,42.000000
329.000000,26.000000,38.000000,42.000000
326.000000,21.000000,38.000000,42.000000
319.000000,16.000000,38.000000,42.000000
319.000000,14.000000,38.000000,42.000000
317.000000,15.000000,38.000000,42.000000
319.000000,19.000000,38.000000,42.000000
323.000000,25.000000,38.000000,42.000000
325.000000,29.000000,38.000000,42.000000
334.000000,31.000000,38.000000,42.000000
334.000000,31.000000,38.000000,42.000000
335.000000,28.000000,38.000000,42.000000
335.000000,23.000000,38.000000,42.000000
337.000000,19.000000,38.000000,42.000000
342.000000,18.000000,38.000000,42.000000
351.000000,21.000000,38.000000,42.000000
366.000000,30.000000,38.000000,42.000000
377.000000,45.000000,38.000000,42.000000
387.000000,63.000000,38.000000,42.000000
393.000000,83.000000,38.000000,42.000000
378.000000,89.000000,38.000000,42.000000
403.000000,86.000000,38.000000,42.000000
392.000000,82.000000,38.000000,42.000000
372.000000,70.000000,38.000000,42.000000
2
0
0
0
0
1
346.000000,24.000000,49.000000,55.000000
331.000000,10.000000,49.000000,55.000000
315.000000,6.000000,49.000000,55.000000
304.000000,6.000000,49.000000,55.000000
301.000000,11.000000,49.000000,55.000000
301.000000,15.000000,49.000000,55.000000
305.000000,20.000000,49.000000,55.000000
312.000000,23.000000,49.000000,55.000000
312.000000,23.000000,49.000000,55.000000
312.000000,20.000000,49.000000,55.000000
309.000000,15.000000,49.000000,55.000000
306.000000,8.000000,49.000000,55.000000
303.000000,4.000000,49.000000,55.000000
298.000000,3.000000,49.000000,55.000000
294.000000,5.000000,49.000000,55.000000
298.000000,5.000000,49.000000,55.000000
311.000000,1.000000,49.000000,55.000000
329.000000,0.000000,49.000000,55.000000
336.000000,0.000000,49.000000,55.000000
327.000000,0.000000,49.000000,55.000000
321.000000,3.000000,49.000000,55.000000
330.000000,5.000000,49.000000,55.000000
332.000000,5.000000,49.000000,55.000000
332.000000,0.000000,49.000000,55.000000
348.000000,3.000000,49.000000,55.000000
348.000000,1.000000,49.000000,55.000000
354.000000,3.000000,49.000000,55.000000
341.000000,6.000000,49.000000,55.000000
325.000000,18.000000,49.000000,55.000000
315.000000,46.000000,49.000000,55.000000
288.000000,59.000000,49.000000,55.000000
297.000000,66.000000,49.000000,55.000000
2
0
0
0
0
1
285.000000,141.000000,75.000000,78.000000
261.000000,123.000000,75.000000,78.000000
240.000000,102.000000,75.000000,78.000000
224.000000,80.000000,75.000000,78.000000
214.000000,53.000000,75.000000,78.000000
204.000000,25.000000,75.000000,78.000000
191.000000,0.000000,75.000000,78.000000
169.000000,0.000000,75.000000,78.000000
178.000000,21.000000,75.000000,78.000000
163.000000,0.000000,75.000000,78.000000
142.000000,0.000000,75.000000,78.000000
132.000000,5.000000,75.000000,78.000000
142.000000,15.000000,75.000000,78.000000
150.000000,19.000000,75.000000,78.000000
160.000000,16.000000,75.000000,78.000000
167.000000,6.000000,75.000000,78.000000
