1
326.000000,30.000000,38.000000,42.000000
333.000000,23.000000,38.000000,42.000000
334.000000,15.000000,38.000000,42.000000
337.000000,11.000000,38.000000,42.000000
340.000000,11.000000,38.000000,42.000000
345.000000,18.000000,38.000000,42.000000
350.000000,24.000000,38.000000,42.000000
355.000000,33.000000,38.000000,42.000000
362.000000,43.000000,38.000000,42.000000
358.000000,50.000000,38.000000,42.000000
361.000000,56.000000,38.000000,42.000000
364.000000,58.000000,38.000000,42.000000
362.000000,61.000000,38.000000,42.000000
352.000000,46.000000,38.000000,42.000000
344.000000,38.000000,38.000000,42.000000
336.000000,32.000000,38.000000,42.000000
325.000000,27.000000,38.000000,42.000000
321.000000,21.000000,38.000000,42.000000
316.000000,17.000000,38.000000,42.000000
318.000000,14.000000,38.000000,42.000000
317.000000,15.000000,38.000000,42.000000
319.000000,19.000000,38.000000,42.000000
323.000000,24.000000,38.000000,42.000000
325.000000,28.000000,38.000000,42.000000
333.000000,30.000000,38.000000,42.000000
334.000000,31.000000,38.000000,42.000000
334.000000,28.000000,38.000000,42.000000
334.000000,22.000000,38.000000,42.000000
334.000000,19.000000,38.000000,42.000000
339.000000,18.000000,38.000000,42.000000
349.000000,21.000000,38.000000,42.000000
365.000000,30.000000,38.000000,42.000000
377.000000,44.000000,38.000000,42.000000
387.000000,62.000000,38.000000,42.000000
393.000000,82.000000,38.000000,42.000000
399.000000,78.000000,38.000000,42.000000
402.000000,87.000000,38.000000,42.000000
429.000000,90.000000,38.000000,42.000000
2
0
0
0
0
1
356.000000,46.000000,48.000000,52.000000
339.000000,24.000000,48.000000,52.000000
322.000000,11.000000,48.000000,52.000000
307.000000,8.000000,48.000000,52.000000
296.000000,8.000000,48.000000,52.000000
293.000000,11.000000,48.000000,52.000000
295.000000,16.000000,48.000000,52.000000
298.000000,21.000000,48.000000,52.000000
305.000000,23.000000,48.000000,52.000000
305.000000,23.000000,48.000000,52.000000
305.000000,20.000000,48.000000,52.000000
301.000000,15.000000,48.000000,52.000000
298.000000,9.000000,48.000000,52.000000
293.000000,4.000000,48.000000,52.000000
289.000000,3.000000,48.000000,52.000000
285.000000,6.000000,48.000000,52.000000
288.000000,7.000000,48.000000,52.000000
301.000000,2.000000,48.000000,52.000000
315.000000,0.000000,48.000000,52.000000
324.000000,0.000000,48.000000,52.000000
319.000000,1.000000,48.000000,52.000000
312.000000,4.000000,48.000000,52.000000
316.000000,6.000000,48.000000,52.000000
320.000000,6.000000,48.000000,52.000000
322.000000,0.000000,48.000000,52.000000
340.000000,4.000000,48.000000,52.000000
340.000000,1.000000,48.000000,52.000000
343.000000,3.000000,48.000000,52.000000
332.000000,7.000000,48.000000,52.000000
316.000000,19.000000,48.000000,52.000000
306.000000,47.000000,48.000000,52.000000
279.000000,59.000000,48.000000,52.000000
2
0
0
0
0
1
302.000000,167.000000,80.000000,76.000000
284.000000,152.000000,80.000000,76.000000
278.000000,181.000000,80.000000,76.000000
272.000000,165.000000,80.000000,76.000000
252.000000,145.000000,80.000000,76.000000
239.000000,125.000000,80.000000,76.000000
236.000000,100.000000,80.000000,76.000000
2
0
0
0
0
1
135.000000,22.000000,105.000000,115.000000
141.000000,27.000000,105.000000,115.000000
155.000000,28.000000,105.000000,115.000000
170.000000,24.000000,105.000000,115.000000
