1
328.12,50.56,363.88,50.56,363.88,86.31,328.12,86.31
326.51,46.39,373.59,46.39,373.59,93.47,326.51,93.47
336.05,39.21,377.76,39.21,377.76,80.92,336.05,80.92
331.68,36.91,373.13,36.91,373.13,78.36,331.68,78.36
349.61,23.09,328.51,65.92,363.98,83.39,385.08,40.56
339.14,29.81,378.47,29.81,378.47,69.14,339.14,69.14
344.96,18.80,382.57,18.80,382.57,56.41,344.96,56.41
336.74,24.77,380.03,24.77,380.03,68.07,336.74,68.07
384.28,42.80,345.90,21.49,329.72,50.63,368.10,71.94
379.61,52.38,341.63,33.91,328.99,59.92,366.97,78.38
380.74,46.92,341.73,35.28,332.52,66.11,371.54,77.76
383.03,43.96,343.11,30.35,333.09,59.74,373.01,73.35
340.95,35.55,332.91,79.58,369.73,86.29,377.76,42.26
353.62,35.60,323.43,70.51,352.58,95.72,382.77,60.80
362.82,43.17,318.29,64.44,334.54,98.45,379.07,77.18
339.13,52.67,377.50,52.67,377.50,91.03,339.13,91.03
333.05,45.09,375.86,45.09,375.86,87.89,333.05,87.89
325.02,32.78,371.05,32.78,371.05,78.81,325.02,78.81
319.04,27.33,364.92,27.33,364.92,73.22,319.04,73.22
322.86,29.58,363.16,29.58,363.16,69.87,322.86,69.87
314.03,31.01,357.79,31.01,357.79,74.76,314.03,74.76
310.99,30.53,359.87,30.53,359.87,79.41,310.99,79.41
318.17,12.91,361.50,12.91,361.50,56.24,318.17,56.24
368.54,17.64,327.16,2.65,316.91,30.96,358.29,45.95
370.52,12.04,325.72,-3.34,315.07,27.70,359.86,43.07
374.39,15.67,333.30,-5.62,318.09,23.72,359.18,45.02
372.89,13.11,329.22,-3.56,318.50,24.52,362.18,41.19
365.25,-2.07,316.22,5.67,322.02,42.44,371.05,34.70
377.80,18.01,335.83,-5.93,316.84,27.36,358.80,51.30
378.32,9.47,332.08,-0.16,324.49,36.26,370.73,45.89
321.98,7.29,367.47,7.29,367.47,52.77,321.98,52.77
2
0
0
0
0
1
402.72,105.35,435.23,105.35,435.23,137.86,402.72,137.86
400.96,99.48,438.22,99.48,438.22,136.73,400.96,136.73
398.19,105.36,435.47,105.36,435.47,142.64,398.19,142.64
433.60,100.65,392.31,110.26,398.56,137.13,439.85,127.51
441.73,107.82,402.77,107.36,402.40,138.21,441.36,138.68
433.71,104.16,391.58,103.34,390.97,134.82,433.10,135.64
376.65,50.41,377.92,90.97,412.39,89.89,411.12,49.34
340.98,37.71,373.34,37.71,373.34,70.07,340.98,70.07
2
0
0
0
0
1
282.41,3.81,330.78,3.81,330.78,52.18,282.41,52.18
280.12,19.66,325.53,19.66,325.53,65.08,280.12,65.08
262.34,9.31,308.95,9.31,308.95,55.91,262.34,55.91
2
0
0
0
0
1
289.13,5.70,354.14,5.70,354.14,70.72,289.13,70.72
303.38,0.43,370.11,0.43,370.11,67.16,303.38,67.16
325.05,-0.61,385.93,-0.61,385.93,60.26,325.05,60.26
337.68,-0.10,395.95,-0.10,395.95,58.17,337.68,58.17
327.12,16.71,351.49,72.45,393.52,54.08,369.15,-1.66
331.46,15.43,349.52,73.71,390.35,61.06,372.29,2.78
335.63,10.03,320.56,70.04,362.87,80.68,377.95,20.66
339.25,12.21,306.80,57.85,342.93,83.54,375.38,37.90
341.40,-0.81,307.41,44.21,343.60,71.53,377.59,26.51
337.88,4.00,320.49,54.13,352.54,65.25,369.93,15.12
345.78,-2.55,308.86,39.04,334.52,61.82,371.45,20.24
381.25,7.82,321.77,0.86,317.74,35.29,377.22,42.25
368.25,6.51,299.73,0.91,296.23,43.74,364.75,49.34
350.13,-0.79,291.88,31.32,315.91,74.90,374.16,42.79
332.82,14.97,283.20,53.16,311.66,90.13,361.27,51.94
276.29,40.62,335.47,40.62,335.47,99.80,276.29,99.80
2
0
0
0
0
1
420.07,194.12,321.62,186.88,315.90,264.62,414.35,271.86
418.57,230.64,318.59,195.00,296.84,256.01,396.82,291.65
2
0
0
0
0
1
176.79,0.23,284.10,0.23,284.10,107.55,176.79,107.55
152.29,9.23,264.08,9.23,264.08,121.01,152.29,121.01
168.83,46.37,214.90,141.26,290.01,104.79,243.94,9.90
189.92,12.51,287.04,12.51,287.04,109.63,189.92,109.63
202.11,-21.30,118.65,44.58,171.54,111.60,255.01,45.72
187.39,-5.38,104.84,32.44,132.42,92.63,214.96,54.82
194.30,6.39,112.34,59.77,146.48,112.20,228.45,58.82
190.83,12.73,93.84,45.63,114.06,105.21,211.04,72.31
161.77,14.35,54.04,13.32,53.55,64.78,161.28,65.81
