1
165.000000,60.000000,83.000000,64.000000
134.000000,78.000000,83.000000,64.000000
114.000000,95.000000,83.000000,64.000000
96.000000,101.000000,83.000000,64.000000
84.000000,106.000000,83.000000,64.000000
81.000000,123.000000,83.000000,64.000000
82.000000,135.000000,83.000000,64.000000
88.000000,140.000000,83.000000,64.000000
103.000000,152.000000,83.000000,64.000000
136.000000,152.000000,83.000000,64.000000
178.000000,127.000000,83.000000,64.000000
212.000000,133.000000,83.000000,64.000000
241.000000,132.000000,83.000000,64.000000
271.000000,144.000000,83.000000,64.000000
295.000000,143.000000,83.000000,64.000000
316.000000,136.000000,83.000000,64.000000
316.000000,136.000000,83.000000,64.000000
310.000000,142.000000,83.000000,64.000000
334.000000,147.000000,83.000000,64.000000
367.000000,152.000000,83.000000,64.000000
379.000000,170.000000,83.000000,64.000000
379.000000,181.000000,83.000000,64.000000
379.000000,187.000000,83.000000,64.000000
385.000000,175.000000,83.000000,64.000000
376.000000,162.000000,83.000000,64.000000
352.000000,149.000000,83.000000,64.000000
321.000000,130.000000,83.000000,64.000000
295.000000,129.000000,83.000000,64.000000
275.000000,140.000000,83.000000,64.000000
275.000000,134.000000,83.000000,64.000000
275.000000,139.000000,83.000000,64.000000
245.000000,151.000000,83.000000,64.000000
230.000000,150.000000,83.000000,64.000000
216.000000,144.000000,83.000000,64.000000
196.000000,137.000000,83.000000,64.000000
178.000000,137.000000,83.000000,64.000000
171.000000,136.000000,83.000000,64.000000
171.000000,136.000000,83.000000,64.000000
177.000000,123.000000,83.000000,64.000000
175.000000,122.000000,83.000000,64.000000
181.000000,121.000000,83.000000,64.000000
179.000000,133.000000,83.000000,64.000000
191.000000,138.000000,83.000000,64.000000
197.000000,137.000000,83.000000,64.000000
206.000000,137.000000,83.000000,64.000000
224.000000,142.000000,83.000000,64.000000
242.000000,147.000000,83.000000,64.000000
254.000000,152.000000,83.000000,64.000000
260.000000,152.000000,83.000000,64.000000
270.000000,145.000000,83.000000,64.000000
270.000000,145.000000,83.000000,64.000000
330.000000,120.000000,83.000000,64.000000
334.000000,119.000000,83.000000,64.000000
326.000000,131.000000,83.000000,64.000000
325.000000,136.000000,83.000000,64.000000
337.000000,136.000000,83.000000,64.000000
337.000000,136.000000,83.000000,64.000000
337.000000,135.000000,83.000000,64.000000
337.000000,134.000000,83.000000,64.000000
343.000000,133.000000,83.000000,64.000000
341.000000,133.000000,83.000000,64.000000
341.000000,132.000000,83.000000,64.000000
341.000000,132.000000,83.000000,64.000000
341.000000,137.000000,83.000000,64.000000
341.000000,136.000000,83.000000,64.000000
341.000000,136.000000,83.000000,64.000000
341.000000,135.000000,83.000000,64.000000
341.000000,134.000000,83.000000,64.000000
341.000000,133.000000,83.000000,64.000000
347.000000,133.000000,83.000000,64.000000
345.000000,138.000000,83.000000,64.000000
345.000000,137.000000,83.000000,64.000000
351.000000,137.000000,83.000000,64.000000
349.000000,136.000000,83.000000,64.000000
349.000000,136.000000,83.000000,64.000000
355.000000,135.000000,83.000000,64.000000
352.000000,134.000000,83.000000,64.000000
2
0
0
0
0
1
235.000000,171.000000,36.000000,43.000000
238.000000,168.000000,36.000000,43.000000
250.000000,167.000000,36.000000,43.000000
265.000000,156.000000,36.000000,43.000000
280.000000,159.000000,36.000000,43.000000
295.000000,171.000000,36.000000,43.000000
313.000000,176.000000,36.000000,43.000000
325.000000,179.000000,36.000000,43.000000
340.000000,172.000000,36.000000,43.000000
343.000000,162.000000,36.000000,43.000000
352.000000,162.000000,36.000000,43.000000
345.000000,164.000000,36.000000,43.000000
367.000000,176.000000,36.000000,43.000000
367.000000,176.000000,36.000000,43.000000
2
0
0
0
0
1
2
0
0
0
0
1
168.000000,201.000000,39.000000,60.000000
172.000000,204.000000,39.000000,60.000000
184.000000,211.000000,39.000000,60.000000
204.000000,218.000000,39.000000,60.000000
232.000000,221.000000,39.000000,60.000000
248.000000,224.000000,39.000000,60.000000
272.000000,231.000000,39.000000,60.000000
300.000000,223.000000,39.000000,60.000000
320.000000,214.000000,39.000000,60.000000
324.000000,216.000000,39.000000,60.000000
324.000000,227.000000,39.000000,60.000000
324.000000,227.000000,39.000000,60.000000
324.000000,227.000000,39.000000,60.000000
324.000000,227.000000,39.000000,60.000000
324.000000,227.000000,39.000000,60.000000
324.000000,227.000000,39.000000,60.000000
324.000000,227.000000,39.000000,60.000000
324.000000,227.000000,39.000000,60.000000
324.000000,227.000000,39.000000,60.000000
324.000000,227.000000,39.000000,60.000000
324.000000,227.000000,39.000000,60.000000
324.000000,227.000000,39.000000,60.000000
324.000000,227.000000,39.000000,60.000000
324.000000,227.000000,39.000000,60.000000
324.000000,227.000000,39.000000,60.000000
324.000000,227.000000,39.000000,60.000000
324.000000,227.000000,39.000000,60.000000
324.000000,227.000000,39.000000,60.000000
324.000000,227.000000,39.000000,60.000000
324.000000,227.000000,39.000000,60.000000
324.000000,227.000000,39.000000,60.000000
324.000000,227.000000,39.000000,60.000000
324.000000,227.000000,39.000000,60.000000
2
0
0
0
0
1
298.000000,166.000000,30.000000,49.000000
294.000000,166.000000,30.000000,49.000000
287.000000,168.000000,30.000000,49.000000
281.000000,168.000000,30.000000,49.000000
283.000000,165.000000,30.000000,49.000000
283.000000,165.000000,30.000000,49.000000
283.000000,165.000000,30.000000,49.000000
2
0
0
0
0
1
381.000000,171.000000,57.000000,48.000000
376.000000,187.000000,57.000000,48.000000
371.000000,182.000000,57.000000,48.000000
374.000000,180.000000,57.000000,48.000000
369.000000,175.000000,57.000000,48.000000
364.000000,174.000000,57.000000,48.000000
372.000000,177.000000,57.000000,48.000000
383.000000,176.000000,57.000000,48.000000
382.000000,175.000000,57.000000,48.000000
373.000000,174.000000,57.000000,48.000000
364.000000,148.000000,57.000000,48.000000
397.000000,168.000000,57.000000,48.000000
426.000000,175.000000,57.000000,48.000000
