1
429.44,327.18,501.33,303.92,462.35,183.43,390.46,206.68
428.48,327.02,500.55,304.16,462.23,183.36,390.16,206.21
428.87,325.77,500.34,303.23,462.57,183.44,391.09,205.97
429.09,324.68,500.36,302.11,462.54,182.65,391.27,205.20
429.64,324.62,500.95,302.30,463.53,182.79,392.23,205.11
431.08,323.87,501.63,301.53,464.18,183.27,393.62,205.61
432.29,323.39,502.48,301.18,465.26,183.55,395.08,205.74
433.31,321.94,503.26,299.92,466.36,182.67,396.41,204.68
433.82,321.25,503.38,299.79,467.42,183.19,397.86,204.64
433.82,320.82,503.25,299.52,467.55,183.15,398.12,204.44
433.77,320.25,502.76,299.31,467.67,183.68,398.69,204.61
434.89,319.80,503.45,299.06,468.70,184.17,400.14,204.89
435.86,320.11,503.85,299.73,469.70,185.77,401.70,206.14
436.83,319.40,504.30,299.47,470.90,186.39,403.43,206.30
436.14,321.90,504.36,301.82,470.70,187.50,402.49,207.57
435.58,322.14,504.06,302.51,471.16,187.73,402.68,207.35
435.25,322.18,502.78,303.29,471.13,190.09,403.60,208.97
434.90,321.74,502.28,303.37,471.49,190.44,404.12,208.80
437.01,328.16,507.28,304.60,467.80,186.83,397.54,210.37
438.49,328.35,508.82,304.32,468.55,186.45,398.22,210.47
439.71,328.05,509.88,304.20,469.91,186.58,399.73,210.42
439.53,328.59,509.89,304.73,469.90,186.79,399.53,210.64
439.57,329.04,510.20,304.72,469.44,186.34,398.81,210.65
439.56,329.10,510.17,304.79,469.43,186.44,398.82,210.74
439.58,329.57,510.28,304.87,468.88,186.37,398.18,211.06
439.22,329.13,509.79,304.81,469.02,186.53,398.46,210.84
439.17,328.52,509.28,304.53,469.07,187.01,398.96,211.00
440.49,328.15,510.77,304.04,470.35,186.25,400.08,210.35
440.53,327.88,510.65,303.93,470.50,186.41,400.38,210.35
440.28,327.19,510.01,304.00,471.15,187.13,401.42,210.30
440.05,326.87,509.88,304.56,472.48,187.52,402.65,209.82
439.86,326.57,509.51,304.65,472.78,187.91,403.12,209.82
440.34,325.89,510.37,304.26,474.12,186.89,404.09,208.51
439.92,326.37,510.20,304.63,473.76,186.83,403.48,208.56
441.25,326.06,511.38,304.27,474.86,186.73,404.73,208.52
440.66,326.76,511.38,304.69,474.39,186.17,403.68,208.22
441.08,327.20,512.27,304.95,474.98,185.62,403.78,207.86
441.60,326.85,512.82,304.54,475.42,185.18,404.21,207.48
441.57,326.89,512.92,304.86,476.00,185.27,404.65,207.29
442.56,326.23,513.58,304.25,476.73,185.22,405.72,207.20
442.92,326.67,514.02,304.64,477.10,185.47,406.00,207.49
442.83,326.29,513.72,304.49,477.18,185.67,406.29,207.46
442.57,325.95,513.37,304.58,477.55,185.92,406.75,207.29
442.89,325.79,513.92,304.36,478.01,185.32,406.99,206.73
442.99,325.61,513.75,304.38,478.17,185.78,407.41,207.00
442.92,325.03,513.26,304.16,478.29,186.26,407.94,207.12
443.68,324.80,513.78,303.89,478.74,186.39,408.63,207.29
444.85,324.16,514.78,302.88,479.12,185.67,409.18,206.94
444.21,324.24,514.09,303.22,478.87,186.10,408.99,207.11
443.65,324.27,514.21,304.71,481.42,186.45,410.87,206.00
443.78,324.35,514.62,305.22,482.54,186.49,411.71,205.62
443.44,323.88,514.59,306.02,484.65,186.78,413.50,204.63
443.12,322.93,514.55,306.33,486.72,186.61,415.29,203.20
442.85,322.02,514.69,305.99,487.82,185.58,415.98,201.60
443.74,320.46,514.66,306.04,490.49,187.18,419.58,201.59
444.05,321.06,515.24,306.68,491.15,187.36,419.96,201.72
443.29,320.16,514.79,306.93,492.63,187.10,421.13,200.31
443.49,319.27,514.40,307.61,494.86,188.77,423.96,200.42
444.13,319.82,514.56,308.15,495.01,190.10,424.58,201.76
445.47,320.26,515.75,308.15,495.45,190.35,425.17,202.45
446.54,319.75,516.09,307.61,495.74,191.04,426.19,203.17
446.74,319.11,515.01,306.98,494.68,192.55,426.41,204.67
446.51,317.84,513.66,306.25,494.24,193.70,427.09,205.28
446.16,317.41,512.99,305.87,493.65,193.86,426.82,205.39
444.89,316.08,510.91,306.25,494.44,195.59,428.41,205.41
444.07,315.90,510.59,306.15,494.24,194.66,427.73,204.40
446.42,317.49,513.25,307.79,496.99,195.79,430.17,205.49
441.73,316.57,508.39,308.32,494.56,196.59,427.90,204.83
440.55,316.75,506.91,309.49,494.76,198.27,428.40,205.51
439.36,323.56,508.50,311.60,488.47,195.72,419.33,207.66
439.25,324.77,509.16,311.44,486.83,194.26,416.91,207.58
439.57,326.43,510.02,312.37,486.46,194.28,416.00,208.33
439.46,326.37,509.03,311.97,484.89,195.36,415.33,209.75
439.99,326.02,509.27,311.94,485.68,195.82,416.40,209.89
440.47,324.46,508.59,311.80,487.38,197.62,419.25,210.27
442.68,321.87,508.48,309.29,487.39,199.02,421.60,211.59
448.76,320.31,513.67,311.18,498.37,202.40,433.46,211.51
440.96,319.20,503.88,308.71,486.29,203.25,423.38,213.74
434.35,326.94,502.23,315.96,483.82,202.19,415.94,213.16
435.40,325.06,501.67,316.65,487.59,205.58,421.32,213.98
436.75,323.66,501.87,314.08,485.81,204.94,420.70,214.51
445.18,328.86,513.57,315.54,491.25,200.90,422.85,214.21
447.58,327.39,514.02,312.10,488.39,200.74,421.95,216.02
445.64,332.58,515.00,316.34,487.78,200.09,418.42,216.32
444.18,335.44,515.56,319.21,488.35,199.57,416.97,215.79
444.29,335.66,515.64,318.98,487.68,199.39,416.33,216.06
446.66,320.72,508.08,310.52,491.00,207.58,429.58,217.77
448.61,317.89,507.57,307.76,490.60,208.95,431.65,219.06
454.55,321.10,515.50,308.61,494.57,206.45,433.62,218.93
453.70,322.93,515.80,310.69,495.28,206.61,433.19,218.84
453.44,324.08,516.22,311.93,495.86,206.70,433.08,218.84
452.32,324.88,515.36,312.87,495.25,207.22,432.21,219.21
440.60,330.59,507.05,319.93,489.19,208.55,422.74,219.20
436.96,330.34,501.67,319.24,483.07,210.78,418.36,221.87
2
0
0
0
0
1
480.58,236.76,543.51,343.39,598.03,311.16,535.10,204.52
484.78,235.47,541.84,343.14,596.90,313.91,539.84,206.23
489.12,234.94,540.28,341.65,594.85,315.43,543.69,208.71
492.48,234.47,540.22,342.35,595.39,317.89,547.65,209.99
494.12,235.19,540.15,342.43,595.00,318.84,548.97,211.59
495.48,235.42,539.11,343.19,594.22,320.83,550.60,213.05
492.55,233.10,539.23,339.92,593.85,316.00,547.18,209.17
492.16,233.48,537.45,339.29,591.56,316.08,546.27,210.26
492.31,234.87,536.64,339.15,589.97,316.43,545.64,212.14
490.52,235.11,535.52,340.15,589.23,317.09,544.24,212.04
489.39,235.48,533.71,340.40,587.37,317.69,543.05,212.76
488.29,235.82,532.30,339.38,585.27,316.82,541.25,213.25
485.51,235.94,530.54,340.97,584.25,317.89,539.23,212.86
483.45,236.30,530.09,342.47,584.38,318.57,537.74,212.39
480.62,235.39,528.60,344.95,584.63,320.36,536.65,210.79
478.91,235.38,526.98,347.51,584.33,322.87,536.25,210.73
478.31,235.30,525.64,346.02,582.26,321.76,534.93,211.04
478.59,234.93,524.71,345.60,581.30,321.96,535.19,211.29
478.13,234.66,523.35,344.77,579.66,321.59,534.45,211.47
478.67,234.58,522.90,344.34,579.04,321.67,534.80,211.90
479.16,234.21,522.64,343.24,578.40,320.95,534.92,211.91
479.53,234.81,522.88,342.75,578.09,320.53,534.74,212.58
483.27,235.11,523.74,337.57,576.14,316.83,535.68,214.36
484.03,235.52,523.05,334.16,573.49,314.17,534.48,215.51
484.52,235.55,522.11,333.03,571.96,313.76,534.37,216.27
482.55,236.36,523.84,333.28,573.40,312.11,532.11,215.19
481.56,236.36,522.84,333.11,572.31,311.95,531.04,215.20
479.63,236.59,522.20,334.66,572.35,312.85,529.79,214.77
483.45,238.19,525.78,328.04,571.73,306.35,529.40,216.49
482.86,238.44,525.54,328.39,571.54,306.52,528.86,216.57
482.99,238.70,525.75,328.12,571.48,306.21,528.72,216.78
483.53,238.72,525.61,326.65,570.57,305.09,528.50,217.15
483.93,239.10,525.97,326.29,570.56,304.75,528.51,217.55
485.72,239.13,526.51,325.56,570.70,304.65,529.92,218.22
489.04,239.04,527.48,323.10,570.47,303.40,532.03,219.33
489.12,239.40,528.16,324.23,571.54,304.23,532.51,219.39
490.18,238.50,528.45,324.11,572.24,304.50,533.97,218.88
490.46,238.79,529.90,326.60,574.81,306.38,535.36,218.57
489.62,237.96,530.77,329.05,577.35,307.97,536.21,216.87
491.54,237.89,530.83,329.35,577.61,309.22,538.32,217.74
491.59,237.19,530.57,330.94,578.51,310.97,539.54,217.20
494.32,237.02,531.21,331.90,579.73,312.98,542.84,218.10
494.51,236.50,530.21,332.18,579.14,313.88,543.45,218.19
495.46,236.09,531.06,331.63,579.92,313.38,544.32,217.84
497.87,235.74,531.21,330.90,579.88,313.80,546.54,218.64
495.25,236.17,530.24,333.57,580.05,315.63,545.06,218.22
494.15,235.69,529.28,334.57,579.85,316.56,544.73,217.67
492.02,235.35,528.07,339.11,581.13,320.63,545.08,216.86
486.98,235.00,525.59,342.97,580.81,323.18,542.20,215.19
486.84,234.93,525.64,344.56,581.71,324.67,542.91,215.02
484.02,234.34,523.17,346.97,580.78,326.90,541.63,214.26
485.12,235.12,523.93,345.34,580.30,325.43,541.49,215.21
482.38,234.28,522.40,347.41,580.26,326.90,540.24,213.75
481.70,234.57,522.16,348.35,580.35,327.61,539.89,213.82
480.78,234.24,519.41,348.46,577.83,328.65,539.20,214.42
480.12,233.51,517.81,350.23,577.51,330.90,539.82,214.17
480.47,233.35,518.97,349.20,578.22,329.45,539.72,213.60
480.83,232.95,517.40,348.33,576.41,329.57,539.84,214.19
478.11,232.81,514.63,348.99,574.06,330.26,537.53,214.07
476.44,233.25,513.15,347.82,571.74,328.99,535.04,214.41
474.63,234.06,512.75,345.26,569.63,325.72,531.51,214.50
470.33,233.12,511.03,347.24,569.40,326.37,528.70,212.24
469.54,233.28,508.41,345.99,566.05,326.06,527.18,213.34
472.49,233.76,509.93,338.44,563.47,319.25,526.03,214.56
473.62,234.56,509.65,333.88,560.44,315.41,524.41,216.09
471.85,235.27,509.40,332.91,559.34,313.66,521.79,216.01
467.96,234.92,506.47,334.16,557.23,314.42,518.72,215.17
466.05,235.35,505.59,333.51,555.79,313.25,516.26,215.07
462.73,235.87,503.30,333.37,553.16,312.58,512.60,215.07
464.82,235.13,504.37,332.36,554.10,312.09,514.55,214.85
465.99,234.40,505.69,333.15,556.19,312.80,516.50,214.04
462.15,233.45,507.37,342.13,562.95,318.95,517.73,210.26
454.04,232.56,502.92,351.07,563.53,326.02,514.65,207.49
451.51,230.98,504.55,357.22,569.12,330.03,516.07,203.78
449.76,231.35,504.34,358.27,569.24,330.30,514.67,203.37
450.87,229.90,507.44,360.19,574.07,331.20,517.50,200.90
448.00,235.35,524.53,358.54,587.52,319.33,510.99,196.13
444.29,236.81,521.43,359.06,583.94,319.55,506.80,197.29
441.12,235.28,519.84,358.32,582.75,318.00,504.03,194.95
436.20,235.14,515.51,358.71,578.69,318.08,499.38,194.51
432.10,235.20,511.99,357.95,574.76,317.03,494.86,194.27
427.33,234.50,506.98,356.42,569.32,315.63,489.67,193.69
423.01,234.94,504.85,356.29,566.90,314.38,485.06,193.02
419.56,233.95,500.33,355.69,562.58,314.32,481.81,192.57
417.33,233.53,497.73,354.67,559.67,313.49,479.27,192.34
416.04,232.53,495.41,353.89,557.46,313.24,478.09,191.87
413.28,231.85,494.11,354.14,556.63,312.74,475.81,190.44
413.55,230.90,493.10,352.72,555.39,311.97,475.84,190.15
413.00,230.12,490.66,350.60,552.26,310.82,474.60,190.33
413.09,230.02,489.89,349.64,551.05,310.30,474.25,190.67
413.94,229.74,488.79,346.57,548.53,308.23,473.67,191.39
414.59,229.16,487.53,345.02,546.78,307.66,473.84,191.78
416.08,228.09,486.15,343.47,545.14,307.58,475.08,192.19
416.12,227.65,484.02,342.37,542.68,307.59,474.79,192.86
417.52,226.47,483.39,341.46,542.19,307.71,476.32,192.71
416.91,225.96,481.01,341.18,539.93,308.34,475.83,193.11
417.39,225.80,478.51,340.39,537.10,309.08,475.98,194.48
417.78,224.77,476.05,338.65,534.29,308.80,476.02,194.90
416.96,224.71,475.59,338.18,533.61,308.15,474.99,194.67
418.24,225.08,474.73,335.59,531.24,306.65,474.76,196.13
418.90,223.98,473.45,333.96,529.69,306.01,475.14,196.02
419.28,223.39,472.00,333.81,528.47,306.79,475.74,196.36
419.18,222.94,472.69,333.61,529.28,306.19,475.78,195.51
420.07,222.69,473.05,332.76,529.34,305.61,476.35,195.53
422.19,222.77,472.95,331.60,528.61,305.58,477.84,196.74
423.15,221.82,473.76,330.19,529.18,304.26,478.58,195.87
425.82,222.17,477.43,331.02,533.09,304.58,481.48,195.71
428.67,221.45,479.32,329.93,534.80,303.97,484.15,195.49
431.72,220.64,480.07,328.29,535.13,303.52,486.78,195.86
433.94,220.20,479.59,327.37,534.40,303.97,488.74,196.79
433.36,219.58,478.94,326.63,533.69,303.27,488.11,196.21
433.54,218.32,479.21,326.69,534.63,303.28,488.96,194.90
432.74,218.06,478.55,327.59,534.57,304.12,488.76,194.57
432.01,217.52,477.84,328.24,534.47,304.75,488.64,194.02
430.98,216.87,477.45,328.98,534.78,305.17,488.31,193.04
431.11,215.73,476.29,328.97,534.20,305.81,489.02,192.56
432.03,214.57,475.97,327.81,533.88,305.28,489.94,192.04
432.48,214.06,475.61,328.01,533.88,305.91,490.76,191.94
432.80,213.20,475.85,327.73,534.42,305.66,491.37,191.13
432.49,213.07,475.39,327.71,534.02,305.72,491.13,191.07
432.58,212.32,475.41,327.36,534.24,305.41,491.42,190.36
432.02,212.25,474.60,328.92,534.27,307.08,491.68,190.41
430.19,211.31,474.46,329.37,534.84,306.68,490.57,188.61
428.09,211.89,475.02,331.41,536.14,307.35,489.21,187.82
424.47,212.14,474.28,334.11,536.66,308.58,486.85,186.60
420.66,212.31,472.68,335.77,535.82,309.11,483.80,185.64
418.86,212.94,473.17,335.44,535.82,307.60,481.51,185.10
415.93,213.48,474.05,335.03,536.21,305.25,478.09,183.69
415.98,214.50,474.38,330.83,533.86,300.91,475.46,184.57
416.43,213.77,474.51,327.46,532.64,297.71,474.57,184.00
416.98,213.70,474.39,324.36,530.98,294.95,473.57,184.27
416.19,213.85,474.34,323.54,530.44,293.75,472.29,184.04
413.77,214.02,473.50,323.04,529.25,292.43,469.51,183.40
410.67,213.65,471.40,322.40,527.01,291.29,466.28,182.53
408.88,214.07,469.57,323.54,525.54,292.45,464.86,182.98
383.45,204.72,451.38,315.74,508.14,280.94,440.21,169.92
383.49,205.03,450.55,315.29,506.93,280.94,439.87,170.67
385.08,204.82,452.81,314.24,508.76,279.55,441.03,170.11
383.51,204.95,454.28,317.12,511.63,280.87,440.86,168.69
384.31,205.13,456.08,317.89,513.74,281.12,441.96,168.36
384.68,204.70,456.08,316.96,513.48,280.39,442.08,168.11
386.11,204.71,457.27,316.80,514.58,280.35,443.42,168.26
386.13,205.66,457.83,316.79,514.65,280.06,442.95,168.93
387.32,206.07,459.22,316.63,515.74,279.80,443.84,169.24
387.87,205.98,458.67,315.65,514.74,279.39,443.95,169.71
387.69,206.46,460.23,318.54,517.54,281.39,445.00,169.29
388.91,206.66,461.19,318.00,518.11,280.98,445.83,169.63
388.84,206.66,463.05,319.73,520.86,281.73,446.66,168.65
389.52,207.15,463.78,320.28,521.63,282.24,447.37,169.10
389.93,207.47,464.25,321.00,522.30,282.94,447.98,169.40
391.36,207.52,463.79,319.68,521.14,282.58,448.71,170.41
393.89,208.52,464.77,316.02,519.73,279.72,448.85,172.21
394.22,208.10,466.18,317.14,521.94,280.28,449.97,171.22
394.97,207.83,466.72,316.17,522.12,279.42,450.36,171.07
394.82,208.53,465.68,317.33,521.31,281.04,450.45,172.22
396.10,209.43,468.44,316.44,523.16,279.39,450.81,172.37
396.79,209.93,469.85,316.66,524.42,279.24,451.36,172.50
398.84,209.82,469.41,313.64,522.49,277.50,451.92,173.67
401.66,210.13,465.73,309.14,516.36,276.33,452.28,177.30
403.55,208.25,459.35,305.33,508.99,276.75,453.19,179.66
403.04,207.73,459.70,308.75,511.36,279.73,454.70,178.69
403.02,206.89,457.62,308.50,509.58,280.52,454.97,178.90
405.53,207.24,456.43,304.81,506.32,278.74,455.42,181.15
402.44,205.50,454.95,311.62,509.22,284.71,456.70,178.58
402.25,205.32,454.90,311.01,508.95,284.03,456.29,178.33
402.52,205.13,455.75,311.56,510.18,284.28,456.94,177.84
403.15,205.96,455.72,311.20,509.54,284.26,456.97,179.01
403.21,205.67,456.62,311.23,510.60,283.87,457.19,178.30
403.51,206.88,457.75,311.34,511.17,283.55,456.92,179.08
403.51,207.23,459.22,311.63,512.60,283.09,456.90,178.68
404.37,207.71,458.23,309.38,510.22,281.78,456.36,180.10
404.70,207.40,458.20,308.99,510.15,281.57,456.64,179.98
2
0
0
0
0
1
312.72,187.19,335.85,326.56,403.77,312.38,380.63,173.00
302.62,192.99,334.42,329.51,400.76,311.12,368.96,174.60
291.68,202.22,336.63,330.07,398.45,305.41,353.49,177.56
276.36,217.88,345.41,335.67,401.80,299.40,332.76,181.60
261.41,218.44,340.13,337.12,396.76,296.08,318.04,177.40
277.72,187.86,301.60,332.50,372.08,317.84,348.20,173.20
276.87,182.32,293.79,328.29,365.06,317.01,348.14,171.05
277.50,183.06,295.39,328.01,366.15,316.28,348.26,171.33
275.86,183.05,295.15,332.08,367.88,319.58,348.59,170.55
276.76,182.15,297.57,331.68,370.51,318.42,349.70,168.90
276.84,183.42,297.66,331.98,370.13,318.75,349.31,170.18
278.84,184.01,298.82,330.72,370.40,317.93,350.42,171.22
278.29,183.61,299.22,332.01,371.61,318.72,350.68,170.32
280.18,185.04,301.51,331.91,373.14,318.46,351.80,171.59
275.79,190.70,291.16,327.61,358.03,317.28,342.65,180.37
284.58,200.26,292.85,300.61,341.92,294.51,333.65,194.16
284.13,203.25,289.91,296.46,335.52,291.73,329.75,198.52
285.91,200.21,275.54,295.05,322.28,298.21,332.66,203.38
285.00,201.06,274.62,293.25,320.06,296.47,330.45,204.28
289.29,205.91,280.24,285.04,319.26,287.87,328.31,208.74
291.11,206.23,282.57,284.61,321.20,287.20,329.74,208.82
290.77,205.81,283.30,287.28,323.43,289.28,330.90,207.81
294.18,207.03,286.22,285.84,325.04,288.14,333.00,209.33
289.45,208.02,299.20,282.84,335.72,276.53,325.96,201.71
293.87,210.01,301.10,279.57,335.08,274.61,327.85,205.05
298.59,211.91,299.68,274.26,330.24,272.46,329.16,210.11
298.42,213.85,299.84,270.52,327.62,268.68,326.20,212.00
300.24,214.49,300.09,268.27,326.48,267.25,326.63,213.47
300.89,216.56,299.24,266.63,323.84,266.43,325.49,216.35
300.96,216.33,296.90,264.53,320.63,265.54,324.69,217.34
294.11,222.22,292.54,267.45,314.76,267.30,316.33,222.07
293.40,221.95,290.35,265.18,311.62,265.79,314.67,222.57
293.31,220.91,288.36,266.65,310.91,268.15,315.86,222.40
292.68,219.35,286.06,266.61,309.38,268.90,316.00,221.64
291.46,218.88,285.22,266.96,308.94,269.04,315.17,220.96
292.63,219.16,284.58,267.75,308.58,270.71,316.64,222.12
292.42,219.21,283.60,267.45,307.45,270.80,316.27,222.56
294.10,218.23,281.83,265.90,305.47,270.95,317.75,223.28
295.40,218.11,280.55,264.36,303.54,270.71,318.40,224.46
294.46,219.45,279.56,262.69,301.08,269.12,315.98,225.88
292.54,220.94,278.05,261.01,298.01,267.31,312.50,227.23
290.98,221.13,275.42,258.69,294.17,265.55,309.72,228.00
289.45,220.62,273.64,260.51,293.54,267.46,309.35,227.57
288.75,220.11,274.16,261.81,294.92,268.12,309.50,226.42
288.17,218.74,273.32,262.69,295.19,269.08,310.04,225.13
285.90,218.70,270.19,262.97,292.23,269.77,307.94,225.50
283.43,218.56,267.62,263.22,289.86,270.06,305.66,225.41
277.28,217.32,260.22,265.53,284.23,272.92,301.29,224.70
274.69,217.49,257.54,265.31,281.35,272.75,298.50,224.94
272.94,218.43,256.07,264.75,279.14,272.08,296.01,225.77
273.75,218.69,256.71,265.33,279.94,272.74,296.98,226.10
274.09,219.35,257.61,265.45,280.57,272.59,297.04,226.49
274.92,219.71,258.47,265.40,281.22,272.54,297.67,226.85
275.85,219.86,259.49,265.20,282.07,272.30,298.42,226.96
275.60,220.82,259.53,264.18,281.14,271.18,297.20,227.82
275.64,221.37,260.00,263.78,281.12,270.59,296.76,228.18
272.65,221.64,256.28,264.40,277.59,271.56,293.96,228.80
273.32,222.14,257.80,264.16,278.73,270.92,294.25,228.90
272.76,219.89,256.12,265.66,278.92,272.89,295.56,227.12
270.92,221.13,254.16,266.41,276.72,273.71,293.48,228.43
269.09,219.97,251.90,267.10,275.37,274.58,292.57,227.45
267.85,219.53,249.88,267.17,273.63,275.02,291.59,227.37
266.66,220.97,247.95,267.31,271.07,275.55,289.78,229.21
267.28,220.20,248.23,267.11,271.63,275.50,290.68,228.59
267.05,221.56,248.70,267.98,271.84,276.04,290.20,229.62
267.23,221.98,249.12,268.00,272.06,275.95,290.17,229.93
267.34,222.17,249.58,268.47,272.66,276.24,290.42,229.94
268.72,222.52,251.12,268.94,274.25,276.63,291.85,230.21
270.31,222.52,252.37,268.79,275.44,276.65,293.38,230.38
272.68,222.73,254.84,269.23,278.02,277.03,295.86,230.54
273.21,223.01,255.37,268.50,278.06,276.33,295.89,230.84
276.03,223.80,259.05,268.77,281.46,276.19,298.44,231.22
279.03,224.01,262.19,268.59,284.41,275.95,301.25,231.37
280.01,224.55,263.54,268.55,285.47,275.74,301.93,231.74
278.96,224.91,263.22,268.98,285.16,275.81,300.90,231.73
279.84,226.97,265.26,269.72,286.53,276.00,301.11,233.26
281.02,227.68,266.45,269.63,287.33,275.92,301.89,233.97
283.48,229.13,269.89,268.68,289.57,274.55,303.17,235.00
282.16,230.63,270.55,268.16,289.20,273.09,300.81,235.57
279.22,232.94,270.94,268.51,288.56,271.86,296.85,236.28
277.16,236.27,269.49,265.15,283.82,268.33,291.49,239.44
276.90,240.36,268.84,265.13,281.15,268.58,289.21,243.81
276.85,243.25,269.36,265.32,280.34,268.54,287.83,246.48
279.00,242.79,265.48,263.99,276.16,270.19,289.68,248.99
280.91,209.42,259.71,292.91,301.10,301.61,322.31,218.12
249.72,216.81,263.18,298.71,303.09,290.44,289.63,208.54
245.13,209.51,263.90,297.02,306.45,286.03,287.69,198.52
241.62,204.53,265.52,296.93,310.36,283.32,286.46,190.93
241.22,185.78,253.22,268.45,293.53,260.88,281.53,178.22
233.39,177.60,245.30,259.62,285.30,252.11,273.39,170.09
231.93,171.92,247.89,249.96,285.85,240.54,269.89,162.50
240.42,166.61,243.24,252.00,285.08,248.88,282.26,163.49
225.35,186.70,249.25,267.17,288.25,253.80,264.35,173.33
229.29,180.15,247.45,264.43,288.43,253.80,270.27,169.52
230.19,172.78,247.40,264.09,291.85,253.79,274.64,162.47
231.82,168.59,246.45,258.60,290.32,249.58,275.68,159.58
234.03,165.80,246.42,255.38,290.12,247.48,277.73,157.90
233.73,165.52,245.91,254.62,289.38,246.84,277.20,157.74
234.49,165.56,245.04,252.75,287.61,245.80,277.06,158.61
235.97,168.45,245.37,250.83,285.60,244.54,276.20,162.16
237.00,169.79,245.34,251.59,285.30,245.83,276.96,164.03
239.58,168.49,246.19,250.43,286.26,245.52,279.65,163.59
240.53,169.45,246.51,251.31,286.56,246.71,280.58,164.85
242.56,170.53,248.94,250.81,288.20,246.05,281.82,165.77
244.16,170.27,251.22,250.10,290.25,245.01,283.19,165.18
246.53,171.00,254.64,250.65,293.56,245.05,285.44,165.40
248.71,171.94,258.71,251.55,297.57,245.03,287.57,165.41
251.84,172.90,264.28,252.35,303.00,244.63,290.56,165.18
255.43,173.69,269.19,252.90,307.77,244.53,294.01,165.33
262.68,173.07,276.42,253.28,315.49,244.91,301.76,164.70
270.68,176.09,284.71,251.01,321.18,242.61,307.15,167.68
278.92,176.34,292.69,250.60,328.84,242.34,315.08,168.07
284.01,178.47,300.14,252.56,336.17,243.13,320.03,169.05
289.72,176.80,300.04,250.95,336.22,244.38,325.89,170.23
292.44,176.24,298.89,250.57,335.24,245.89,328.78,171.56
295.05,177.24,299.95,248.84,334.99,244.98,330.08,173.37
296.71,177.05,299.20,248.74,334.32,246.06,331.84,174.37
298.56,176.98,301.62,250.05,337.41,247.06,334.35,173.99
300.69,178.65,304.04,250.96,339.45,247.85,336.10,175.54
302.98,179.94,306.63,251.76,341.80,248.51,338.15,176.68
304.22,181.04,308.66,252.67,343.72,249.03,339.27,177.40
305.93,182.72,310.89,254.07,345.79,250.18,340.84,178.84
308.08,183.39,313.18,253.89,347.66,249.96,342.57,179.45
309.64,183.89,314.48,254.88,349.22,251.06,344.37,180.06
311.14,185.19,316.03,256.69,351.01,252.83,346.12,181.34
312.62,186.46,317.48,258.15,352.55,254.30,347.70,182.62
312.71,186.25,317.76,259.33,353.52,255.37,348.47,182.29
314.11,187.71,319.42,260.97,355.26,256.87,349.95,183.61
315.53,187.31,319.57,261.17,355.73,257.68,351.69,183.83
315.65,188.34,319.92,262.90,356.41,259.29,352.15,184.73
314.69,189.21,318.88,262.89,354.94,259.34,350.76,185.66
313.70,189.13,317.05,262.93,353.19,259.78,349.84,185.99
312.15,190.42,314.77,263.12,350.38,260.36,347.77,187.66
311.14,190.23,313.22,263.06,348.91,260.56,346.83,187.73
309.54,189.85,310.91,262.50,346.52,260.35,345.16,187.70
307.64,191.65,309.58,263.26,344.67,260.86,342.74,189.25
305.15,192.18,308.16,264.22,343.44,261.28,340.44,189.24
303.23,191.92,306.04,264.51,341.60,261.65,338.79,189.06
302.03,192.29,304.55,264.80,340.07,262.10,337.56,189.59
303.49,192.54,305.87,264.73,341.24,262.09,338.86,189.90
303.60,192.65,305.81,264.69,341.11,262.13,338.90,190.09
303.14,193.22,305.78,265.27,341.08,262.50,338.43,190.45
302.57,192.90,304.75,265.21,340.18,262.67,338.01,190.36
301.88,193.21,303.88,265.64,339.38,263.18,337.38,190.75
300.93,193.28,303.15,265.89,338.73,263.33,336.51,190.72
300.18,193.32,301.94,266.11,337.62,263.76,335.85,190.98
300.58,193.28,302.12,266.06,337.80,263.83,336.26,191.05
300.66,193.32,301.94,265.95,337.55,263.84,336.27,191.21
299.99,193.20,301.48,265.83,337.09,263.63,335.60,190.99
299.46,193.30,300.00,265.67,335.49,263.93,334.95,191.56
296.60,193.30,296.89,265.27,332.19,263.66,331.90,191.69
294.41,193.43,295.08,265.15,330.26,263.37,329.59,191.64
292.61,193.80,293.03,265.29,328.10,263.63,327.68,192.13
292.02,193.75,292.05,265.06,327.04,263.59,327.01,192.28
292.38,194.03,292.69,265.34,327.67,263.74,327.36,192.43
292.59,194.44,292.78,265.75,327.77,264.21,327.57,192.90
292.55,194.94,292.86,266.24,327.84,264.64,327.53,193.34
293.26,193.81,292.03,264.44,326.71,263.61,327.94,192.98
293.31,194.25,292.19,264.99,326.92,264.09,328.04,193.36
293.26,194.40,292.48,264.63,326.95,263.59,327.73,193.36
293.75,195.36,294.12,263.93,327.75,262.35,327.39,193.79
293.68,194.83,294.58,263.93,328.46,262.08,327.56,192.98
294.78,194.66,295.98,263.98,329.97,261.98,328.77,192.66
295.04,195.04,296.00,264.19,329.90,262.31,328.94,193.16
295.34,195.48,297.78,264.53,331.61,261.93,329.17,192.88
295.60,195.50,298.09,264.45,331.87,261.83,329.38,192.88
2
0
0
0
0
1
219.42,117.20,245.03,295.99,288.79,289.65,263.19,110.86
216.97,117.47,246.42,296.74,290.30,289.46,260.86,110.19
216.50,117.95,245.96,296.84,289.74,289.57,260.29,110.68
215.66,118.52,245.00,296.59,288.58,289.35,259.26,111.27
215.92,118.47,245.09,296.28,288.61,289.08,259.45,111.26
214.30,118.88,243.78,296.16,287.16,288.88,257.69,111.60
212.21,117.58,240.73,296.30,284.47,289.25,255.96,110.53
212.99,117.76,242.55,296.50,286.29,289.20,256.75,110.46
213.41,116.91,242.88,296.42,286.81,289.14,257.35,109.63
213.44,116.27,243.44,297.00,287.67,289.60,257.68,108.86
214.81,116.38,244.90,296.93,289.09,289.49,259.01,108.95
215.18,115.55,245.28,296.98,289.69,289.55,259.59,108.11
214.89,114.87,246.22,297.26,290.86,289.52,259.54,107.13
216.29,113.94,247.48,297.44,292.38,289.73,261.20,106.24
