1
98.14,66.45,227.03,54.37,238.64,178.30,109.76,190.38
90.74,64.87,219.52,40.54,242.92,164.37,114.13,188.70
88.60,65.88,212.07,29.27,247.28,147.99,123.81,184.60
92.87,42.31,233.99,30.52,245.32,168.15,104.21,179.94
91.42,39.61,232.24,25.35,245.95,162.71,105.13,176.97
93.61,39.88,233.37,23.25,249.36,159.60,109.60,176.23
99.49,40.21,237.21,21.52,255.18,155.91,117.46,174.61
106.84,39.98,242.77,19.45,262.51,152.12,126.58,172.66
111.58,41.06,245.62,18.86,266.97,149.72,132.93,171.92
119.01,42.87,250.94,19.15,273.75,147.98,141.82,171.70
119.11,59.67,225.47,9.34,273.86,112.89,167.49,163.22
131.52,31.61,282.41,31.61,282.41,179.32,131.52,179.32
138.90,32.99,290.04,32.99,290.04,180.95,138.90,180.95
141.10,33.69,292.84,33.69,292.84,182.24,141.10,182.24
149.66,81.47,236.87,24.95,291.22,110.08,204.01,166.60
154.05,86.43,236.17,29.39,291.02,109.63,208.90,166.67
162.85,91.94,239.79,34.50,295.02,109.76,218.08,167.20
167.80,97.24,239.53,39.93,294.64,110.18,222.91,167.49
176.69,101.94,243.42,45.38,297.81,110.82,231.07,167.38
181.35,105.96,243.49,50.81,296.52,111.84,234.38,166.99
185.49,109.65,243.12,56.23,294.49,112.92,236.86,166.35
189.45,112.72,243.08,61.05,292.76,113.89,239.13,165.56
209.91,120.16,261.29,70.62,308.92,121.35,257.54,170.88
213.31,123.15,259.92,75.80,305.44,121.91,258.84,169.25
239.98,207.36,177.41,117.91,263.42,57.74,326.00,147.19
244.24,212.00,173.77,127.65,254.88,59.88,325.35,144.24
198.30,34.83,343.70,34.83,343.70,177.17,198.30,177.17
194.71,34.23,339.29,34.23,339.29,175.77,194.71,175.77
206.89,20.39,349.11,20.39,349.11,159.61,206.89,159.61
200.72,11.20,341.28,11.20,341.28,148.80,200.72,148.80
199.45,1.91,338.55,1.91,338.55,138.09,199.45,138.09
200.29,-7.26,337.71,-7.26,337.71,127.26,200.29,127.26
199.24,-18.31,336.76,-18.31,336.76,116.31,199.24,116.31
2
0
0
0
0
1
201.76,122.95,277.46,142.69,256.64,222.55,180.93,202.81
189.03,118.44,269.92,122.17,266.00,206.47,185.10,202.74
189.62,100.10,263.04,108.09,254.62,185.54,181.20,177.55
206.30,115.62,277.92,137.14,255.21,212.68,183.60,191.16
208.38,115.47,279.91,139.36,254.70,214.82,183.17,190.92
192.72,122.39,276.76,128.62,270.19,215.51,186.15,209.28
195.55,128.43,279.38,134.94,272.52,221.65,188.68,215.14
196.70,137.69,280.48,143.80,274.03,230.49,190.25,224.38
197.19,146.49,281.32,151.69,275.82,238.77,191.70,233.57
212.68,155.41,283.53,174.15,263.76,248.88,192.91,230.14
209.83,165.84,282.48,177.95,269.70,254.58,197.05,242.47
206.19,175.04,280.18,179.57,275.41,257.61,201.42,253.09
212.45,182.40,287.90,190.03,279.85,269.62,204.40,261.99
215.26,188.85,292.69,196.50,284.63,278.18,207.20,270.54
215.32,203.98,285.86,201.53,288.44,275.95,217.90,278.40
218.76,208.54,293.86,204.19,298.44,283.42,223.34,287.76
223.67,216.67,296.97,210.58,303.39,287.91,230.09,294.00
227.93,218.91,305.95,213.09,312.10,295.40,234.07,301.22
231.79,224.61,310.25,215.18,320.19,297.95,241.73,307.38
236.41,227.07,318.63,215.26,331.09,302.00,248.87,313.80
246.09,228.77,328.75,219.01,339.04,306.21,256.38,315.96
244.80,230.53,331.65,209.39,353.95,301.01,267.10,322.15
253.58,227.96,343.28,206.01,366.43,300.63,276.74,322.58
270.53,217.82,367.19,210.33,375.09,310.65,278.43,318.14
277.48,212.86,373.10,203.34,383.14,302.65,287.52,312.17
282.28,206.31,376.71,193.94,389.76,292.07,295.33,304.44
285.08,199.48,378.19,184.31,394.20,281.10,301.09,296.27
292.84,178.84,395.16,178.84,395.16,285.16,292.84,285.16
275.21,191.61,351.58,115.99,431.35,196.54,354.98,272.16
311.28,144.21,412.72,144.21,412.72,249.79,311.28,249.79
274.75,163.36,346.54,66.98,448.20,142.71,376.41,239.09
318.51,100.41,421.49,100.41,421.49,207.59,318.51,207.59
283.05,174.97,309.57,45.59,446.04,73.57,419.52,202.95
341.23,81.12,444.77,81.12,444.77,188.88,341.23,188.88
301.83,186.57,282.33,36.87,440.24,16.29,459.75,165.99
352.93,65.74,459.07,65.74,459.07,176.26,352.93,176.26
345.76,190.14,280.77,50.33,428.25,-18.22,493.24,121.59
371.40,31.12,478.60,31.12,478.60,142.88,371.40,142.88
377.13,20.81,484.87,20.81,484.87,133.19,377.13,133.19
379.46,16.11,488.54,16.11,488.54,129.89,379.46,129.89
379.05,18.68,488.95,18.68,488.95,133.32,379.05,133.32
386.69,25.31,497.31,25.31,497.31,140.69,386.69,140.69
382.96,31.55,495.04,31.55,495.04,148.45,382.96,148.45
365.36,57.96,476.64,57.96,476.64,174.04,365.36,174.04
356.33,67.94,467.67,67.94,467.67,184.06,356.33,184.06
345.00,84.59,457.00,84.59,457.00,201.41,345.00,201.41
327.52,99.13,438.48,99.13,438.48,214.87,327.52,214.87
315.14,110.78,424.86,110.78,424.86,225.22,315.14,225.22
310.10,124.78,417.90,124.78,417.90,237.22,310.10,237.22
286.70,132.41,393.30,132.41,393.30,243.59,286.70,243.59
2
0
0
0
0
1
245.22,97.77,318.57,36.37,387.01,115.61,313.67,177.02
237.69,102.96,304.70,35.07,380.13,107.27,313.13,175.15
227.70,104.76,293.93,31.55,375.18,102.80,308.96,176.01
223.85,108.74,284.36,34.01,367.17,98.97,306.67,173.71
221.07,112.21,276.16,35.32,361.24,94.32,306.16,171.20
217.77,59.45,318.41,39.32,340.64,138.09,240.00,158.22
212.29,60.60,310.94,39.59,334.11,136.23,235.47,157.24
205.98,58.48,302.86,36.66,326.90,131.38,230.02,153.20
200.70,58.44,295.57,36.09,320.18,128.68,225.31,151.03
195.80,60.02,288.91,37.03,314.18,127.72,221.08,150.71
192.06,59.01,283.09,35.59,308.80,124.04,217.78,147.46
199.21,83.37,264.24,35.61,316.61,98.57,251.59,146.33
196.52,86.20,257.99,37.48,311.36,96.53,249.89,145.25
171.62,95.20,225.02,46.47,278.31,97.22,224.92,145.93
167.56,99.21,216.76,50.51,269.97,96.71,220.77,145.40
160.70,104.39,205.77,56.21,258.35,97.93,213.28,146.11
153.05,113.14,194.23,65.51,246.15,102.97,204.98,150.60
140.02,123.69,178.31,77.04,229.08,111.23,190.79,157.87
137.74,128.33,172.72,83.47,221.47,114.06,186.49,158.91
134.88,134.15,166.43,91.18,213.07,118.13,181.53,161.10
127.06,140.01,154.65,99.15,198.93,121.89,171.33,162.74
121.26,145.39,145.25,106.90,186.87,125.76,162.88,164.24
109.92,153.04,131.06,116.74,170.24,132.49,149.10,168.78
137.47,224.79,66.13,157.88,138.17,78.67,209.51,145.57
96.25,173.79,111.42,144.04,143.33,153.40,128.16,183.15
94.36,181.76,107.21,156.07,134.63,162.90,121.79,188.59
93.10,191.94,104.04,169.40,127.97,174.17,117.03,196.70
93.81,201.13,102.78,182.46,122.45,185.09,113.48,203.76
50.54,146.30,159.46,146.30,159.46,251.70,50.54,251.70
53.38,142.15,162.62,142.15,162.62,247.85,53.38,247.85
56.64,134.40,165.37,134.40,165.37,239.60,56.64,239.60
64.95,123.71,173.05,123.71,173.05,228.29,64.95,228.29
115.07,168.31,127.85,148.32,149.04,155.11,136.26,175.10
123.57,158.95,137.51,138.09,159.68,146.15,145.74,167.01
135.11,151.35,150.81,129.36,174.24,139.34,158.53,161.32
146.34,141.93,164.29,119.38,188.37,131.79,170.42,154.35
156.06,133.34,175.35,110.63,199.62,124.50,180.33,147.21
167.23,129.47,187.34,106.76,211.64,121.59,191.53,144.30
178.26,125.41,199.27,103.11,223.14,118.94,202.13,141.24
188.02,122.39,209.83,100.60,233.15,117.34,211.35,139.12
198.50,123.14,221.43,101.77,244.32,119.78,221.38,141.15
205.56,124.57,229.51,103.70,251.88,122.86,227.92,143.73
239.67,177.54,184.65,136.21,228.95,75.30,283.97,116.61
239.40,182.93,185.97,141.38,230.54,82.19,283.98,123.74
240.44,188.87,188.78,148.21,232.41,90.99,284.07,131.63
243.63,194.28,192.12,157.28,231.74,100.27,283.25,137.27
246.51,200.38,196.32,165.72,233.41,110.21,283.60,144.86
248.38,205.59,199.77,171.88,235.86,118.11,284.46,151.82
247.69,208.58,200.61,175.04,236.53,122.94,283.61,156.48
245.07,210.47,198.25,176.54,234.61,124.72,281.43,158.65
242.90,213.01,195.95,178.90,232.49,126.93,279.44,161.04
242.43,217.59,194.98,183.21,231.81,130.70,279.25,165.07
243.84,223.62,195.59,189.38,232.26,135.99,280.51,170.23
246.29,229.85,197.05,195.83,233.46,141.35,282.70,175.37
248.95,234.89,198.77,201.57,234.40,146.09,284.58,179.41
251.32,239.53,200.40,206.73,235.45,150.44,286.36,183.24
252.30,243.03,200.73,210.46,235.51,153.46,287.08,186.03
251.52,245.29,199.56,212.93,234.10,155.51,286.06,187.86
250.98,247.54,198.73,215.16,233.28,157.43,285.53,189.80
252.08,250.04,199.38,217.74,233.83,159.51,286.54,191.80
255.27,252.62,201.82,220.82,235.73,161.78,289.18,193.58
259.96,255.47,205.82,224.26,239.07,164.49,293.20,195.69
264.41,257.64,209.60,227.24,241.94,166.73,296.76,197.12
266.51,257.48,211.33,227.65,243.05,166.75,298.23,196.58
266.03,255.57,210.29,226.08,241.62,164.57,297.36,194.05
265.94,253.25,210.19,224.39,240.84,162.89,296.58,191.74
268.31,252.27,211.75,224.11,241.62,161.73,298.18,189.89
272.54,251.48,215.47,223.72,244.89,160.79,301.96,188.54
