1
694.000000,254.000000,37.000000,71.000000
691.000000,252.000000,37.000000,71.000000
688.000000,250.000000,37.000000,71.000000
687.000000,246.000000,37.000000,71.000000
686.000000,244.000000,37.000000,71.000000
674.000000,245.000000,37.000000,71.000000
672.000000,241.000000,37.000000,71.000000
670.000000,239.000000,37.000000,71.000000
669.000000,239.000000,37.000000,71.000000
668.000000,240.000000,37.000000,71.000000
667.000000,243.000000,37.000000,71.000000
665.000000,246.000000,37.000000,71.000000
661.000000,246.000000,37.000000,71.000000
656.000000,244.000000,37.000000,71.000000
651.000000,244.000000,37.000000,71.000000
646.000000,244.000000,37.000000,71.000000
642.000000,244.000000,37.000000,71.000000
637.000000,243.000000,37.000000,71.000000
633.000000,242.000000,37.000000,71.000000
628.000000,242.000000,37.000000,71.000000
624.000000,242.000000,37.000000,71.000000
619.000000,241.000000,37.000000,71.000000
616.000000,241.000000,37.000000,71.000000
612.000000,240.000000,37.000000,71.000000
609.000000,240.000000,37.000000,71.000000
608.000000,239.000000,37.000000,71.000000
605.000000,239.000000,37.000000,71.000000
603.000000,239.000000,37.000000,71.000000
600.000000,239.000000,37.000000,71.000000
596.000000,239.000000,37.000000,71.000000
593.000000,239.000000,37.000000,71.000000
590.000000,238.000000,37.000000,71.000000
587.000000,237.000000,37.000000,71.000000
585.000000,237.000000,37.000000,71.000000
583.000000,235.000000,37.000000,71.000000
580.000000,235.000000,37.000000,71.000000
576.000000,234.000000,37.000000,71.000000
573.000000,234.000000,37.000000,71.000000
569.000000,233.000000,37.000000,71.000000
566.000000,234.000000,37.000000,71.000000
562.000000,233.000000,37.000000,71.000000
559.000000,233.000000,37.000000,71.000000
555.000000,234.000000,37.000000,71.000000
552.000000,233.000000,37.000000,71.000000
549.000000,233.000000,37.000000,71.000000
545.000000,233.000000,37.000000,71.000000
540.000000,233.000000,37.000000,71.000000
537.000000,234.000000,37.000000,71.000000
534.000000,235.000000,37.000000,71.000000
533.000000,235.000000,37.000000,71.000000
531.000000,234.000000,37.000000,71.000000
531.000000,234.000000,37.000000,71.000000
530.000000,234.000000,37.000000,71.000000
529.000000,234.000000,37.000000,71.000000
529.000000,234.000000,37.000000,71.000000
529.000000,234.000000,37.000000,71.000000
528.000000,235.000000,37.000000,71.000000
528.000000,235.000000,37.000000,71.000000
528.000000,234.000000,37.000000,71.000000
528.000000,234.000000,37.000000,71.000000
527.000000,234.000000,37.000000,71.000000
527.000000,234.000000,37.000000,71.000000
527.000000,234.000000,37.000000,71.000000
526.000000,234.000000,37.000000,71.000000
526.000000,234.000000,37.000000,71.000000
524.000000,233.000000,37.000000,71.000000
523.000000,234.000000,37.000000,71.000000
523.000000,234.000000,37.000000,71.000000
522.000000,233.000000,37.000000,71.000000
523.000000,232.000000,37.000000,71.000000
523.000000,231.000000,37.000000,71.000000
524.000000,230.000000,37.000000,71.000000
524.000000,230.000000,37.000000,71.000000
525.000000,229.000000,37.000000,71.000000
526.000000,229.000000,37.000000,71.000000
526.000000,229.000000,37.000000,71.000000
527.000000,229.000000,37.000000,71.000000
528.000000,229.000000,37.000000,71.000000
529.000000,229.000000,37.000000,71.000000
530.000000,229.000000,37.000000,71.000000
531.000000,230.000000,37.000000,71.000000
533.000000,229.000000,37.000000,71.000000
535.000000,229.000000,37.000000,71.000000
538.000000,229.000000,37.000000,71.000000
540.000000,229.000000,37.000000,71.000000
543.000000,229.000000,37.000000,71.000000
546.000000,230.000000,37.000000,71.000000
550.000000,230.000000,37.000000,71.000000
552.000000,230.000000,37.000000,71.000000
554.000000,231.000000,37.000000,71.000000
557.000000,231.000000,37.000000,71.000000
560.000000,231.000000,37.000000,71.000000
562.000000,230.000000,37.000000,71.000000
565.000000,230.000000,37.000000,71.000000
568.000000,230.000000,37.000000,71.000000
570.000000,229.000000,37.000000,71.000000
573.000000,229.000000,37.000000,71.000000
574.000000,228.000000,37.000000,71.000000
575.000000,228.000000,37.000000,71.000000
577.000000,228.000000,37.000000,71.000000
578.000000,228.000000,37.000000,71.000000
580.000000,228.000000,37.000000,71.000000
581.000000,227.000000,37.000000,71.000000
583.000000,228.000000,37.000000,71.000000
584.000000,228.000000,37.000000,71.000000
586.000000,228.000000,37.000000,71.000000
587.000000,228.000000,37.000000,71.000000
589.000000,228.000000,37.000000,71.000000
592.000000,226.000000,37.000000,71.000000
593.000000,226.000000,37.000000,71.000000
593.000000,226.000000,37.000000,71.000000
591.000000,226.000000,37.000000,71.000000
592.000000,227.000000,37.000000,71.000000
590.000000,226.000000,37.000000,71.000000
588.000000,224.000000,37.000000,71.000000
582.000000,224.000000,37.000000,71.000000
576.000000,224.000000,37.000000,71.000000
570.000000,222.000000,37.000000,71.000000
564.000000,220.000000,37.000000,71.000000
559.000000,220.000000,37.000000,71.000000
552.000000,219.000000,37.000000,71.000000
545.000000,218.000000,37.000000,71.000000
536.000000,217.000000,37.000000,71.000000
528.000000,216.000000,37.000000,71.000000
518.000000,215.000000,37.000000,71.000000
510.000000,215.000000,37.000000,71.000000
502.000000,215.000000,37.000000,71.000000
495.000000,215.000000,37.000000,71.000000
486.000000,215.000000,37.000000,71.000000
477.000000,216.000000,37.000000,71.000000
467.000000,218.000000,37.000000,71.000000
456.000000,220.000000,37.000000,71.000000
445.000000,222.000000,37.000000,71.000000
434.000000,225.000000,37.000000,71.000000
421.000000,226.000000,37.000000,71.000000
407.000000,227.000000,37.000000,71.000000
393.000000,227.000000,37.000000,71.000000
380.000000,227.000000,37.000000,71.000000
366.000000,226.000000,37.000000,71.000000
352.000000,226.000000,37.000000,71.000000
338.000000,230.000000,37.000000,71.000000
324.000000,235.000000,37.000000,71.000000
310.000000,240.000000,37.000000,71.000000
299.000000,250.000000,37.000000,71.000000
288.000000,260.000000,37.000000,71.000000
2
0
0
0
0
1
160.000000,239.000000,27.000000,40.000000
150.000000,238.000000,27.000000,40.000000
138.000000,238.000000,27.000000,40.000000
124.000000,236.000000,27.000000,40.000000
111.000000,236.000000,27.000000,40.000000
102.000000,238.000000,27.000000,40.000000
97.000000,238.000000,27.000000,40.000000
95.000000,239.000000,27.000000,40.000000
94.000000,237.000000,27.000000,40.000000
95.000000,237.000000,27.000000,40.000000
96.000000,237.000000,27.000000,40.000000
98.000000,237.000000,27.000000,40.000000
102.000000,238.000000,27.000000,40.000000
106.000000,240.000000,27.000000,40.000000
111.000000,244.000000,27.000000,40.000000
111.000000,245.000000,27.000000,40.000000
111.000000,246.000000,27.000000,40.000000
110.000000,246.000000,27.000000,40.000000
110.000000,245.000000,27.000000,40.000000
111.000000,244.000000,27.000000,40.000000
112.000000,243.000000,27.000000,40.000000
115.000000,245.000000,27.000000,40.000000
118.000000,247.000000,27.000000,40.000000
122.000000,248.000000,27.000000,40.000000
127.000000,249.000000,27.000000,40.000000
132.000000,247.000000,27.000000,40.000000
139.000000,247.000000,27.000000,40.000000
149.000000,245.000000,27.000000,40.000000
158.000000,243.000000,27.000000,40.000000
167.000000,242.000000,27.000000,40.000000
179.000000,242.000000,27.000000,40.000000
190.000000,241.000000,27.000000,40.000000
199.000000,240.000000,27.000000,40.000000
207.000000,240.000000,27.000000,40.000000
217.000000,242.000000,27.000000,40.000000
223.000000,243.000000,27.000000,40.000000
229.000000,244.000000,27.000000,40.000000
236.000000,245.000000,27.000000,40.000000
244.000000,246.000000,27.000000,40.000000
249.000000,246.000000,27.000000,40.000000
257.000000,247.000000,27.000000,40.000000
263.000000,246.000000,27.000000,40.000000
269.000000,243.000000,27.000000,40.000000
275.000000,240.000000,27.000000,40.000000
283.000000,239.000000,27.000000,40.000000
290.000000,238.000000,27.000000,40.000000
299.000000,240.000000,27.000000,40.000000
307.000000,238.000000,27.000000,40.000000
316.000000,236.000000,27.000000,40.000000
323.000000,223.000000,27.000000,40.000000
2
0
0
0
0
1
343.000000,256.000000,28.000000,56.000000
351.000000,257.000000,28.000000,56.000000
359.000000,257.000000,28.000000,56.000000
366.000000,257.000000,28.000000,56.000000
373.000000,257.000000,28.000000,56.000000
380.000000,259.000000,28.000000,56.000000
387.000000,259.000000,28.000000,56.000000
394.000000,260.000000,28.000000,56.000000
403.000000,258.000000,28.000000,56.000000
411.000000,258.000000,28.000000,56.000000
2
0
0
0
0
1
469.000000,249.000000,27.000000,42.000000
474.000000,249.000000,27.000000,42.000000
479.000000,250.000000,27.000000,42.000000
483.000000,252.000000,27.000000,42.000000
486.000000,253.000000,27.000000,42.000000
488.000000,253.000000,27.000000,42.000000
491.000000,249.000000,27.000000,42.000000
492.000000,247.000000,27.000000,42.000000
491.000000,245.000000,27.000000,42.000000
490.000000,241.000000,27.000000,42.000000
490.000000,242.000000,27.000000,42.000000
491.000000,241.000000,27.000000,42.000000
493.000000,241.000000,27.000000,42.000000
496.000000,243.000000,27.000000,42.000000
498.000000,245.000000,27.000000,42.000000
498.000000,245.000000,27.000000,42.000000
499.000000,242.000000,27.000000,42.000000
494.000000,242.000000,27.000000,42.000000
484.000000,241.000000,27.000000,42.000000
471.000000,240.000000,27.000000,42.000000
457.000000,240.000000,27.000000,42.000000
443.000000,238.000000,27.000000,42.000000
429.000000,236.000000,27.000000,42.000000
415.000000,238.000000,27.000000,42.000000
401.000000,238.000000,27.000000,42.000000
387.000000,239.000000,27.000000,42.000000
373.000000,238.000000,27.000000,42.000000
359.000000,239.000000,27.000000,42.000000
345.000000,241.000000,27.000000,42.000000
331.000000,241.000000,27.000000,42.000000
317.000000,243.000000,27.000000,42.000000
305.000000,247.000000,27.000000,42.000000
293.000000,251.000000,27.000000,42.000000
279.000000,251.000000,27.000000,42.000000
276.000000,253.000000,27.000000,42.000000
272.000000,255.000000,27.000000,42.000000
264.000000,257.000000,27.000000,42.000000
258.000000,261.000000,27.000000,42.000000
245.000000,254.000000,27.000000,42.000000
235.000000,256.000000,27.000000,42.000000
223.000000,259.000000,27.000000,42.000000
212.000000,259.000000,27.000000,42.000000
199.000000,261.000000,27.000000,42.000000
2
0
0
0
0
1
168.000000,289.000000,32.000000,39.000000
168.000000,288.000000,32.000000,39.000000
171.000000,289.000000,32.000000,39.000000
179.000000,292.000000,32.000000,39.000000
185.000000,296.000000,32.000000,39.000000
171.000000,296.000000,32.000000,39.000000
172.000000,296.000000,32.000000,39.000000
175.000000,295.000000,32.000000,39.000000
172.000000,293.000000,32.000000,39.000000
2
0
0
0
0
1
236.000000,293.000000,33.000000,37.000000
238.000000,293.000000,33.000000,37.000000
240.000000,291.000000,33.000000,37.000000
242.000000,290.000000,33.000000,37.000000
246.000000,288.000000,33.000000,37.000000
251.000000,286.000000,33.000000,37.000000
257.000000,287.000000,33.000000,37.000000
260.000000,287.000000,33.000000,37.000000
271.000000,290.000000,33.000000,37.000000
275.000000,291.000000,33.000000,37.000000
281.000000,291.000000,33.000000,37.000000
287.000000,292.000000,33.000000,37.000000
293.000000,292.000000,33.000000,37.000000
298.000000,291.000000,33.000000,37.000000
303.000000,289.000000,33.000000,37.000000
309.000000,289.000000,33.000000,37.000000
312.000000,287.000000,33.000000,37.000000
302.000000,284.000000,33.000000,37.000000
311.000000,287.000000,33.000000,37.000000
324.000000,286.000000,33.000000,37.000000
332.000000,288.000000,33.000000,37.000000
342.000000,289.000000,33.000000,37.000000
352.000000,289.000000,33.000000,37.000000
356.000000,292.000000,33.000000,37.000000
359.000000,297.000000,33.000000,37.000000
362.000000,305.000000,33.000000,37.000000
365.000000,304.000000,33.000000,37.000000
366.000000,302.000000,33.000000,37.000000
366.000000,297.000000,33.000000,37.000000
365.000000,295.000000,33.000000,37.000000
366.000000,293.000000,33.000000,37.000000
368.000000,290.000000,33.000000,37.000000
371.000000,286.000000,33.000000,37.000000
376.000000,281.000000,33.000000,37.000000
379.000000,281.000000,33.000000,37.000000
382.000000,281.000000,33.000000,37.000000
382.000000,284.000000,33.000000,37.000000
369.000000,277.000000,33.000000,37.000000
369.000000,270.000000,33.000000,37.000000
371.000000,270.000000,33.000000,37.000000
372.000000,270.000000,33.000000,37.000000
373.000000,269.000000,33.000000,37.000000
374.000000,268.000000,33.000000,37.000000
373.000000,268.000000,33.000000,37.000000
373.000000,267.000000,33.000000,37.000000
373.000000,266.000000,33.000000,37.000000
373.000000,266.000000,33.000000,37.000000
374.000000,266.000000,33.000000,37.000000
375.000000,266.000000,33.000000,37.000000
375.000000,266.000000,33.000000,37.000000
375.000000,266.000000,33.000000,37.000000
374.000000,266.000000,33.000000,37.000000
373.000000,265.000000,33.000000,37.000000
372.000000,265.000000,33.000000,37.000000
370.000000,265.000000,33.000000,37.000000
369.000000,265.000000,33.000000,37.000000
368.000000,265.000000,33.000000,37.000000
367.000000,266.000000,33.000000,37.000000
366.000000,266.000000,33.000000,37.000000
363.000000,266.000000,33.000000,37.000000
361.000000,265.000000,33.000000,37.000000
369.000000,265.000000,33.000000,37.000000
366.000000,266.000000,33.000000,37.000000
363.000000,267.000000,33.000000,37.000000
361.000000,267.000000,33.000000,37.000000
356.000000,267.000000,33.000000,37.000000
350.000000,267.000000,33.000000,37.000000
350.000000,266.000000,33.000000,37.000000
2
0
0
0
0
1
248.000000,288.000000,31.000000,38.000000
242.000000,288.000000,31.000000,38.000000
228.000000,290.000000,31.000000,38.000000
219.000000,290.000000,31.000000,38.000000
212.000000,286.000000,31.000000,38.000000
204.000000,286.000000,31.000000,38.000000
196.000000,288.000000,31.000000,38.000000
189.000000,285.000000,31.000000,38.000000
184.000000,277.000000,31.000000,38.000000
177.000000,277.000000,31.000000,38.000000
172.000000,277.000000,31.000000,38.000000
169.000000,276.000000,31.000000,38.000000
164.000000,275.000000,31.000000,38.000000
158.000000,274.000000,31.000000,38.000000
152.000000,273.000000,31.000000,38.000000
138.000000,273.000000,31.000000,38.000000
135.000000,274.000000,31.000000,38.000000
135.000000,275.000000,31.000000,38.000000
136.000000,274.000000,31.000000,38.000000
132.000000,275.000000,31.000000,38.000000
127.000000,278.000000,31.000000,38.000000
121.000000,279.000000,31.000000,38.000000
116.000000,279.000000,31.000000,38.000000
2
0
0
0
0
1
123.000000,303.000000,23.000000,44.000000
121.000000,289.000000,23.000000,44.000000
122.000000,290.000000,23.000000,44.000000
123.000000,290.000000,23.000000,44.000000
131.000000,296.000000,23.000000,44.000000
134.000000,296.000000,23.000000,44.000000
136.000000,295.000000,23.000000,44.000000
138.000000,295.000000,23.000000,44.000000
138.000000,295.000000,23.000000,44.000000
136.000000,293.000000,23.000000,44.000000
132.000000,295.000000,23.000000,44.000000
