1
493.000000,407.000000,46.000000,40.000000
494.000000,390.000000,42.000000,44.000000
500.000000,380.000000,41.000000,41.000000
498.000000,373.000000,42.000000,41.000000
499.000000,370.000000,44.000000,39.000000
500.000000,369.000000,43.000000,40.000000
499.000000,371.000000,46.000000,41.000000
502.000000,371.000000,47.000000,43.000000
505.000000,381.000000,42.000000,41.000000
506.000000,394.000000,42.000000,43.000000
512.000000,407.000000,37.000000,44.000000
510.000000,430.000000,48.000000,40.000000
511.000000,433.000000,50.000000,33.000000
515.000000,407.000000,40.000000,31.000000
510.000000,374.000000,45.000000,37.000000
512.000000,355.000000,42.000000,43.000000
512.000000,337.000000,40.000000,39.000000
510.000000,331.000000,43.000000,32.000000
517.000000,313.000000,33.000000,44.000000
512.000000,308.000000,42.000000,42.000000
516.000000,302.000000,37.000000,43.000000
513.000000,302.000000,43.000000,36.000000
513.000000,302.000000,41.000000,41.000000
512.000000,308.000000,40.000000,40.000000
514.000000,315.000000,42.000000,42.000000
513.000000,331.000000,42.000000,40.000000
510.000000,340.000000,44.000000,41.000000
511.000000,358.000000,41.000000,39.000000
517.000000,378.000000,39.000000,41.000000
514.000000,398.000000,43.000000,44.000000
514.000000,434.000000,41.000000,37.000000
519.000000,446.000000,42.000000,35.000000
526.000000,431.000000,36.000000,44.000000
524.000000,402.000000,45.000000,35.000000
526.000000,372.000000,46.000000,41.000000
526.000000,353.000000,44.000000,47.000000
529.000000,345.000000,42.000000,45.000000
533.000000,339.000000,43.000000,38.000000
533.000000,334.000000,42.000000,41.000000
532.000000,328.000000,50.000000,44.000000
537.000000,330.000000,42.000000,45.000000
537.000000,334.000000,48.000000,47.000000
543.000000,342.000000,46.000000,42.000000
548.000000,351.000000,44.000000,41.000000
556.000000,365.000000,40.000000,42.000000
561.000000,380.000000,35.000000,41.000000
564.000000,401.000000,39.000000,42.000000
566.000000,395.000000,32.000000,43.000000
563.000000,393.000000,32.000000,37.000000
2
0
0
0
0
1
500.000000,240.000000,41.000000,46.000000
495.000000,241.000000,43.000000,43.000000
486.000000,241.000000,42.000000,45.000000
479.000000,242.000000,39.000000,45.000000
473.000000,251.000000,37.000000,42.000000
467.000000,259.000000,35.000000,43.000000
454.000000,274.000000,42.000000,43.000000
450.000000,289.000000,41.000000,42.000000
438.000000,311.000000,43.000000,51.000000
433.000000,335.000000,44.000000,45.000000
422.000000,360.000000,50.000000,46.000000
421.000000,390.000000,42.000000,43.000000
417.000000,385.000000,37.000000,43.000000
412.000000,366.000000,41.000000,47.000000
409.000000,355.000000,48.000000,43.000000
405.000000,349.000000,52.000000,43.000000
401.000000,342.000000,53.000000,44.000000
396.000000,344.000000,52.000000,41.000000
394.000000,343.000000,56.000000,42.000000
393.000000,344.000000,46.000000,46.000000
393.000000,353.000000,47.000000,44.000000
392.000000,365.000000,48.000000,44.000000
391.000000,370.000000,43.000000,50.000000
388.000000,379.000000,42.000000,56.000000
390.000000,406.000000,38.000000,45.000000
388.000000,429.000000,39.000000,50.000000
385.000000,462.000000,47.000000,39.000000
391.000000,457.000000,38.000000,40.000000
391.000000,438.000000,37.000000,35.000000
391.000000,413.000000,36.000000,39.000000
391.000000,398.000000,42.000000,36.000000
397.000000,383.000000,38.000000,46.000000
391.000000,378.000000,38.000000,39.000000
392.000000,374.000000,41.000000,34.000000
391.000000,371.000000,46.000000,36.000000
397.000000,373.000000,36.000000,32.000000
404.000000,375.000000,36.000000,32.000000
402.000000,386.000000,41.000000,37.000000
400.000000,392.000000,39.000000,42.000000
401.000000,406.000000,34.000000,44.000000
393.000000,428.000000,45.000000,36.000000
405.000000,444.000000,35.000000,46.000000
405.000000,460.000000,44.000000,43.000000
412.000000,450.000000,36.000000,38.000000
412.000000,416.000000,42.000000,39.000000
415.000000,392.000000,47.000000,44.000000
425.000000,372.000000,45.000000,50.000000
429.000000,358.000000,51.000000,47.000000
433.000000,352.000000,50.000000,43.000000
