1
479.000000,492.000000,41.000000,121.000000
481.000000,478.000000,39.000000,119.000000
485.000000,466.000000,39.000000,119.000000
485.000000,452.000000,37.000000,115.000000
483.000000,436.000000,37.000000,115.000000
484.000000,420.000000,37.000000,115.000000
486.000000,407.000000,37.000000,115.000000
486.000000,393.000000,35.000000,113.000000
485.000000,377.000000,35.000000,115.000000
486.000000,367.000000,37.000000,115.000000
488.000000,356.000000,37.000000,117.000000
489.000000,347.000000,37.000000,117.000000
492.000000,339.000000,37.000000,117.000000
493.000000,327.000000,37.000000,117.000000
488.000000,312.000000,37.000000,117.000000
484.000000,303.000000,37.000000,117.000000
485.000000,296.000000,37.000000,117.000000
496.000000,290.000000,37.000000,115.000000
510.000000,290.000000,37.000000,115.000000
518.000000,292.000000,37.000000,115.000000
525.000000,289.000000,37.000000,117.000000
530.000000,286.000000,35.000000,115.000000
516.000000,282.000000,35.000000,115.000000
496.000000,283.000000,35.000000,113.000000
477.000000,262.000000,35.000000,117.000000
475.000000,262.000000,35.000000,119.000000
483.000000,264.000000,35.000000,121.000000
492.000000,266.000000,35.000000,121.000000
504.000000,271.000000,35.000000,121.000000
520.000000,283.000000,35.000000,121.000000
537.000000,297.000000,35.000000,121.000000
550.000000,307.000000,35.000000,119.000000
555.000000,312.000000,35.000000,121.000000
545.000000,313.000000,35.000000,121.000000
541.000000,306.000000,35.000000,123.000000
538.000000,299.000000,35.000000,125.000000
539.000000,294.000000,37.000000,125.000000
543.000000,289.000000,37.000000,127.000000
545.000000,284.000000,37.000000,127.000000
547.000000,278.000000,37.000000,127.000000
548.000000,269.000000,37.000000,129.000000
548.000000,260.000000,37.000000,129.000000
547.000000,252.000000,37.000000,129.000000
545.000000,245.000000,37.000000,131.000000
545.000000,241.000000,37.000000,131.000000
545.000000,238.000000,37.000000,133.000000
543.000000,233.000000,39.000000,135.000000
541.000000,231.000000,39.000000,137.000000
538.000000,230.000000,39.000000,137.000000
534.000000,226.000000,39.000000,139.000000
531.000000,225.000000,39.000000,137.000000
527.000000,226.000000,39.000000,137.000000
524.000000,229.000000,39.000000,137.000000
518.000000,237.000000,39.000000,137.000000
512.000000,247.000000,39.000000,139.000000
505.000000,257.000000,39.000000,141.000000
499.000000,264.000000,39.000000,143.000000
495.000000,267.000000,41.000000,147.000000
493.000000,266.000000,41.000000,149.000000
490.000000,264.000000,41.000000,151.000000
487.000000,261.000000,43.000000,155.000000
489.000000,262.000000,43.000000,157.000000
489.000000,263.000000,43.000000,159.000000
487.000000,261.000000,43.000000,161.000000
487.000000,257.000000,45.000000,165.000000
488.000000,255.000000,45.000000,169.000000
488.000000,256.000000,47.000000,173.000000
489.000000,254.000000,47.000000,173.000000
491.000000,250.000000,47.000000,177.000000
492.000000,243.000000,49.000000,181.000000
489.000000,236.000000,49.000000,189.000000
487.000000,231.000000,51.000000,197.000000
485.000000,224.000000,53.000000,199.000000
484.000000,220.000000,53.000000,201.000000
484.000000,218.000000,53.000000,201.000000
484.000000,217.000000,53.000000,201.000000
483.000000,217.000000,53.000000,205.000000
481.000000,216.000000,53.000000,207.000000
478.000000,214.000000,55.000000,209.000000
472.000000,214.000000,55.000000,209.000000
470.000000,215.000000,55.000000,211.000000
470.000000,216.000000,55.000000,213.000000
472.000000,217.000000,57.000000,217.000000
473.000000,215.000000,57.000000,219.000000
474.000000,214.000000,57.000000,221.000000
474.000000,213.000000,59.000000,225.000000
477.000000,211.000000,59.000000,229.000000
478.000000,211.000000,59.000000,233.000000
481.000000,211.000000,61.000000,241.000000
482.000000,213.000000,63.000000,249.000000
481.000000,214.000000,65.000000,257.000000
480.000000,212.000000,67.000000,267.000000
480.000000,210.000000,67.000000,271.000000
480.000000,209.000000,69.000000,273.000000
479.000000,209.000000,69.000000,275.000000
478.000000,205.000000,69.000000,277.000000
477.000000,202.000000,71.000000,283.000000
477.000000,200.000000,71.000000,291.000000
475.000000,197.000000,73.000000,295.000000
477.000000,195.000000,73.000000,297.000000
477.000000,194.000000,73.000000,297.000000
477.000000,190.000000,73.000000,301.000000
476.000000,185.000000,75.000000,305.000000
478.000000,181.000000,75.000000,303.000000
480.000000,176.000000,75.000000,309.000000
480.000000,175.000000,77.000000,317.000000
482.000000,173.000000,79.000000,325.000000
486.000000,174.000000,79.000000,333.000000
489.000000,176.000000,81.000000,339.000000
491.000000,179.000000,81.000000,339.000000
494.000000,181.000000,81.000000,343.000000
494.000000,184.000000,83.000000,345.000000
495.000000,185.000000,83.000000,347.000000
495.000000,185.000000,83.000000,351.000000
496.000000,184.000000,83.000000,353.000000
497.000000,183.000000,83.000000,355.000000
498.000000,181.000000,85.000000,359.000000
500.000000,178.000000,87.000000,367.000000
502.000000,175.000000,89.000000,377.000000
502.000000,171.000000,93.000000,389.000000
503.000000,167.000000,95.000000,399.000000
502.000000,162.000000,97.000000,411.000000
489.000000,159.000000,99.000000,417.000000
473.000000,161.000000,97.000000,413.000000
448.000000,167.000000,97.000000,411.000000
407.000000,170.000000,95.000000,405.000000
346.000000,173.000000,87.000000,381.000000
272.000000,169.000000,87.000000,379.000000
204.000000,192.000000,87.000000,379.000000
156.000000,317.000000,81.000000,361.000000
