1
439.628998,331.694000,51.450001,38.910000
438.625000,331.694000,51.450001,38.910000
438.625000,331.694000,51.450001,38.910000
437.369995,330.941010,51.450001,38.910000
437.118988,330.187988,51.450001,38.910000
437.118988,330.187988,51.450001,38.910000
437.118988,330.187988,51.450001,38.910000
436.617004,329.434998,51.450001,38.910000
436.114990,329.434998,51.450001,38.910000
435.613007,328.682007,51.450001,38.910000
432.601013,328.682007,51.450001,38.910000
432.601013,328.682007,51.450001,38.910000
430.342010,328.682007,51.450001,38.910000
426.576996,328.682007,51.450001,38.910000
425.321991,327.678009,51.450001,38.910000
422.561005,327.175995,51.450001,38.910000
414.027008,319.645996,51.450001,38.910000
413.273987,320.901001,51.450001,38.910000
418.545013,315.378998,51.450001,38.910000
420.050995,322.657990,51.450001,38.910000
417.791992,321.904999,51.450001,38.910000
416.035004,320.901001,51.450001,38.910000
414.278015,319.645996,51.450001,38.910000
414.278015,319.645996,51.450001,38.910000
413.023010,318.140015,51.450001,38.910000
414.278015,316.634003,51.450001,38.910000
416.286011,315.881012,51.450001,38.910000
419.799988,314.375000,51.450001,38.910000
423.062988,312.868988,51.450001,38.910000
423.062988,312.868988,51.450001,38.910000
426.828003,311.363007,51.450001,38.910000
431.346008,310.108002,51.450001,38.910000
435.110992,308.852997,51.450001,38.910000
438.122986,308.100006,51.450001,38.910000
440.381989,306.845001,51.450001,38.910000
440.381989,306.845001,51.450001,38.910000
443.644989,306.593994,51.450001,38.910000
446.657013,306.845001,51.450001,38.910000
447.158997,311.112000,51.450001,38.910000
451.425995,307.096008,51.450001,38.910000
448.414001,303.079987,51.450001,38.910000
448.665009,303.582001,51.450001,38.910000
461.717010,291.785004,51.450001,38.910000
460.462006,300.821014,51.450001,38.910000
461.717010,299.063995,51.450001,38.910000
463.976013,296.804993,51.450001,38.910000
467.239014,293.792999,51.450001,38.910000
466.988007,293.792999,51.450001,38.910000
468.996002,288.773010,51.450001,38.910000
470.502014,284.756989,51.450001,38.910000
473.011993,279.988007,51.450001,38.910000
474.769012,275.218994,51.450001,38.910000
474.769012,269.446014,51.450001,38.910000
474.769012,269.446014,51.450001,38.910000
474.266998,264.677002,51.450001,38.910000
472.007996,258.903992,51.450001,38.910000
468.243011,252.880005,51.450001,38.910000
466.485992,247.860001,51.450001,38.910000
465.733002,243.843994,51.450001,38.910000
465.733002,243.843994,51.450001,38.910000
465.733002,239.828003,51.450001,38.910000
466.234985,236.313995,51.450001,38.910000
467.239014,232.548996,51.450001,38.910000
468.744995,229.285995,51.450001,38.910000
468.744995,225.270004,51.450001,38.910000
468.744995,225.018997,51.450001,38.910000
467.239014,221.755997,51.450001,38.910000
463.976013,218.492996,51.450001,38.910000
460.963989,215.229996,51.450001,38.910000
458.955994,212.468994,51.450001,38.910000
456.696991,209.707993,51.450001,38.910000
456.696991,209.457001,51.450001,38.910000
455.944000,207.699997,51.450001,38.910000
456.947998,207.197998,51.450001,38.910000
458.454010,206.445007,51.450001,38.910000
461.967987,205.942993,51.450001,38.910000
470.502014,206.695999,51.450001,38.910000
470.502014,206.695999,51.450001,38.910000
482.549988,208.201996,51.450001,38.910000
495.852997,209.707993,51.450001,38.910000
509.156006,213.222000,51.450001,38.910000
524.968994,216.987000,51.450001,38.910000
540.531006,222.007004,51.450001,38.910000
541.033020,222.007004,51.450001,38.910000
552.328003,226.274002,51.450001,38.910000
561.364014,231.042999,51.450001,38.910000
566.383972,237.569000,51.450001,38.910000
567.638977,243.843994,51.450001,38.910000
570.901978,249.867996,51.450001,38.910000
570.901978,250.369995,51.450001,38.910000
576.926025,257.398010,51.450001,38.910000
585.710999,264.677002,51.450001,38.910000
594.997986,270.951996,51.450001,38.910000
602.528015,276.725006,51.450001,38.910000
608.301025,281.996002,51.450001,38.910000
608.301025,281.996002,51.450001,38.910000
612.317017,288.270996,51.450001,38.910000
617.336975,292.286987,51.450001,38.910000
621.854980,295.800995,51.450001,38.910000
625.870972,298.311005,51.450001,38.910000
628.380981,301.322998,51.450001,38.910000
627.627991,301.071991,51.450001,38.910000
629.635986,289.274994,51.450001,38.910000
634.906982,285.510010,51.450001,38.910000
633.401001,306.593994,51.450001,38.910000
635.911011,307.346985,51.450001,38.910000
635.659973,308.601990,51.450001,38.910000
635.659973,308.601990,51.450001,38.910000
635.659973,309.355011,51.450001,38.910000
637.166016,311.112000,51.450001,38.910000
637.166016,310.359009,51.450001,38.910000
638.671997,310.359009,51.450001,38.910000
640.177979,310.359009,51.450001,38.910000
640.177979,310.359009,51.450001,38.910000
643.190002,310.860992,51.450001,38.910000
643.692017,309.104004,51.450001,38.910000
643.692017,308.852997,51.450001,38.910000
641.684021,307.848999,51.450001,38.910000
638.421021,307.346985,51.450001,38.910000
637.919006,307.346985,51.450001,38.910000
634.656006,306.342987,51.450001,38.910000
631.643982,305.338989,51.450001,38.910000
630.138000,306.092010,51.450001,38.910000
629.635986,306.092010,51.450001,38.910000
627.377014,306.342987,51.450001,38.910000
627.377014,306.342987,51.450001,38.910000
620.599976,307.096008,51.450001,38.910000
621.604004,305.841003,51.450001,38.910000
620.348999,305.841003,51.450001,38.910000
618.591980,305.338989,51.450001,38.910000
618.591980,306.845001,51.450001,38.910000
618.591980,306.845001,51.450001,38.910000
618.341003,307.848999,51.450001,38.910000
617.336975,308.852997,51.450001,38.910000
615.328979,309.856995,51.450001,38.910000
612.818970,309.605988,51.450001,38.910000
610.057983,309.856995,51.450001,38.910000
609.807007,309.856995,51.450001,38.910000
605.539978,308.852997,51.450001,38.910000
601.021973,308.351013,51.450001,38.910000
596.252991,308.351013,51.450001,38.910000
590.981995,308.100006,51.450001,38.910000
586.715027,307.597992,51.450001,38.910000
586.715027,307.597992,51.450001,38.910000
582.950012,308.100006,51.450001,38.910000
578.934021,307.848999,51.450001,38.910000
574.918030,308.351013,51.450001,38.910000
571.403992,307.597992,51.450001,38.910000
568.392029,307.346985,51.450001,38.910000
568.392029,307.346985,51.450001,38.910000
565.630981,307.597992,51.450001,38.910000
563.622986,307.346985,51.450001,38.910000
560.862000,306.342987,51.450001,38.910000
558.603027,306.342987,51.450001,38.910000
556.343994,306.342987,51.450001,38.910000
556.093018,306.092010,51.450001,38.910000
552.830017,306.092010,51.450001,38.910000
548.562988,305.338989,51.450001,38.910000
543.794006,305.088013,51.450001,38.910000
540.280029,305.088013,51.450001,38.910000
537.017029,303.833008,51.450001,38.910000
537.017029,303.833008,51.450001,38.910000
533.252014,303.330994,51.450001,38.910000
529.487000,302.075989,51.450001,38.910000
525.721985,300.319000,51.450001,38.910000
521.956970,298.311005,51.450001,38.910000
517.187988,296.052002,51.450001,38.910000
517.187988,296.052002,51.450001,38.910000
511.415009,294.044006,51.450001,38.910000
505.390991,291.282990,51.450001,38.910000
498.864990,288.019989,51.450001,38.910000
491.334991,284.756989,51.450001,38.910000
484.056000,280.740997,51.450001,38.910000
483.804993,280.740997,51.450001,38.910000
476.526001,277.477997,51.450001,38.910000
469.247009,273.210999,51.450001,38.910000
462.218994,269.195007,51.450001,38.910000
455.441986,265.932007,51.450001,38.910000
447.158997,262.417999,51.450001,38.910000
447.158997,262.417999,51.450001,38.910000
439.377991,258.402008,51.450001,38.910000
430.592987,253.884003,51.450001,38.910000
422.309998,249.867996,51.450001,38.910000
414.528992,246.604996,51.450001,38.910000
405.743988,243.593002,51.450001,38.910000
405.743988,243.593002,51.450001,38.910000
395.954987,241.334000,51.450001,38.910000
386.667999,239.326004,51.450001,38.910000
379.640015,238.824005,51.450001,38.910000
373.615997,239.828003,51.450001,38.910000
367.341003,240.832001,51.450001,38.910000
360.312988,241.334000,51.450001,38.910000
359.811005,241.334000,51.450001,38.910000
353.786987,242.337997,51.450001,38.910000
349.018005,244.095001,51.450001,38.910000
344.248993,247.358002,51.450001,38.910000
341.237000,251.373993,51.450001,38.910000
339.480011,256.895996,51.450001,38.910000
339.229004,256.895996,51.450001,38.910000
337.973999,262.920013,51.450001,38.910000
337.471985,269.696991,51.450001,38.910000
337.973999,277.226990,51.450001,38.910000
338.726990,284.003998,51.450001,38.910000
338.977997,291.032013,51.450001,38.910000
338.977997,291.032013,51.450001,38.910000
340.233002,298.059998,51.450001,38.910000
340.484009,304.084015,51.450001,38.910000
342.240997,310.108002,51.450001,38.910000
345.755005,316.131989,51.450001,38.910000
349.519989,321.403015,51.450001,38.910000
349.519989,321.403015,51.450001,38.910000
352.532013,325.670013,51.450001,38.910000
355.544006,329.686005,51.450001,38.910000
357.803009,331.694000,51.450001,38.910000
360.312988,334.204010,51.450001,38.910000
362.070007,334.957001,51.450001,38.910000
362.070007,334.957001,51.450001,38.910000
363.826996,335.709991,51.450001,38.910000
365.584015,335.459015,51.450001,38.910000
367.592010,334.957001,51.450001,38.910000
367.842987,334.957001,51.450001,38.910000
369.600006,334.204010,51.450001,38.910000
369.851013,334.204010,51.450001,38.910000
370.604004,332.697998,51.450001,38.910000
371.608002,332.949005,51.450001,38.910000
372.863007,331.442993,51.450001,38.910000
373.867004,329.937012,51.450001,38.910000
375.122009,328.179993,51.450001,38.910000
375.122009,328.179993,51.450001,38.910000
376.126007,327.678009,51.450001,38.910000
377.882996,325.920990,51.450001,38.910000
378.134003,324.164001,51.450001,38.910000
378.385010,322.407013,51.450001,38.910000
378.134003,321.403015,51.450001,38.910000
378.385010,321.403015,51.450001,38.910000
376.878998,319.144012,51.450001,38.910000
375.875000,316.885010,51.450001,38.910000
375.372986,315.881012,51.450001,38.910000
374.619995,314.123993,51.450001,38.910000
372.360992,311.614014,51.450001,38.910000
372.360992,311.864990,51.450001,38.910000
370.855011,310.108002,51.450001,38.910000
368.596008,308.852997,51.450001,38.910000
366.588013,307.597992,51.450001,38.910000
362.321014,304.585999,51.450001,38.910000
358.807007,302.829010,51.450001,38.910000
358.807007,302.829010,51.450001,38.910000
356.548004,301.825012,51.450001,38.910000
352.782990,299.566010,51.450001,38.910000
349.519989,297.808990,51.450001,38.910000
345.002014,296.553986,51.450001,38.910000
343.496002,296.052002,51.450001,38.910000
343.496002,296.052002,51.450001,38.910000
340.985992,294.796997,51.450001,38.910000
340.233002,295.048004,51.450001,38.910000
338.977997,296.804993,51.450001,38.910000
338.225006,296.303009,51.450001,38.910000
336.467987,295.800995,51.450001,38.910000
336.217010,295.800995,51.450001,38.910000
333.707001,296.052002,51.450001,38.910000
333.707001,297.056000,51.450001,38.910000
331.699005,295.800995,51.450001,38.910000
330.695007,296.052002,51.450001,38.910000
328.687012,297.307007,51.450001,38.910000
328.436005,297.307007,51.450001,38.910000
328.937988,297.808990,51.450001,38.910000
327.933990,298.059998,51.450001,38.910000
327.933990,298.812988,51.450001,38.910000
326.929993,299.566010,51.450001,38.910000
325.424011,300.067993,51.450001,38.910000
325.424011,300.067993,51.450001,38.910000
324.670990,299.566010,51.450001,38.910000
323.917999,300.319000,51.450001,38.910000
323.666992,301.071991,51.450001,38.910000
323.917999,300.821014,51.450001,38.910000
323.917999,301.071991,51.450001,38.910000
323.917999,300.821014,51.450001,38.910000
324.420013,300.067993,51.450001,38.910000
324.670990,300.067993,51.450001,38.910000
325.424011,300.067993,51.450001,38.910000
325.925995,300.319000,51.450001,38.910000
326.428009,300.067993,51.450001,38.910000
326.428009,300.067993,51.450001,38.910000
327.432007,300.319000,51.450001,38.910000
328.436005,299.566010,51.450001,38.910000
328.937988,298.812988,51.450001,38.910000
329.941986,298.562012,51.450001,38.910000
331.196991,297.558014,51.450001,38.910000
331.196991,297.558014,51.450001,38.910000
331.447998,297.056000,51.450001,38.910000
329.691010,293.792999,51.450001,38.910000
328.184998,291.282990,51.450001,38.910000
328.436005,289.777008,51.450001,38.910000
328.937988,287.518005,51.450001,38.910000
328.937988,287.518005,51.450001,38.910000
327.933990,283.502014,51.450001,38.910000
325.424011,279.485992,51.450001,38.910000
321.910004,275.218994,51.450001,38.910000
319.148987,270.199005,51.450001,38.910000
314.881989,266.183014,51.450001,38.910000
314.881989,265.932007,51.450001,38.910000
311.368011,261.665009,51.450001,38.910000
307.351990,256.895996,51.450001,38.910000
304.088989,252.628998,51.450001,38.910000
299.821991,248.110992,51.450001,38.910000
296.558990,244.597000,51.450001,38.910000
296.558990,244.597000,51.450001,38.910000
292.542999,241.082993,51.450001,38.910000
288.527008,238.070999,51.450001,38.910000
284.510986,235.309998,51.450001,38.910000
280.494995,233.050995,51.450001,38.910000
275.976990,230.792007,51.450001,38.910000
275.976990,230.792007,51.450001,38.910000
270.957001,229.285995,51.450001,38.910000
266.187988,227.278000,51.450001,38.910000
260.916992,225.018997,51.450001,38.910000
255.395004,224.516998,51.450001,38.910000
249.621994,223.261993,51.450001,38.910000
249.621994,223.261993,51.450001,38.910000
245.104004,223.261993,51.450001,38.910000
241.339005,224.768005,51.450001,38.910000
237.574005,226.274002,51.450001,38.910000
234.059998,228.031006,51.450001,38.910000
231.550003,231.544998,51.450001,38.910000
231.298996,231.042999,51.450001,38.910000
229.792999,235.309998,51.450001,38.910000
229.291000,239.828003,51.450001,38.910000
229.542007,245.600998,51.450001,38.910000
230.044006,250.369995,51.450001,38.910000
232.052002,256.394012,51.450001,38.910000
232.052002,256.394012,51.450001,38.910000
235.063995,262.920013,51.450001,38.910000
238.326996,269.696991,51.450001,38.910000
242.845001,276.976013,51.450001,38.910000
248.869003,284.506012,51.450001,38.910000
254.893005,293.040009,51.450001,38.910000
254.893005,293.040009,51.450001,38.910000
260.665985,299.315002,51.450001,38.910000
264.431000,304.837006,51.450001,38.910000
266.438995,308.351013,51.450001,38.910000
268.196014,310.860992,51.450001,38.910000
270.204010,313.622009,51.450001,38.910000
269.701996,313.622009,51.450001,38.910000
270.705994,315.127991,51.450001,38.910000
268.196014,315.127991,51.450001,38.910000
263.175995,313.622009,51.450001,38.910000
257.152008,311.363007,51.450001,38.910000
250.876999,309.104004,51.450001,38.910000
250.626007,308.852997,51.450001,38.910000
242.845001,306.845001,51.450001,38.910000
237.322998,305.338989,51.450001,38.910000
229.542007,302.578003,51.450001,38.910000
223.768997,301.071991,51.450001,38.910000
217.744995,299.566010,51.450001,38.910000
217.744995,299.566010,51.450001,38.910000
210.716995,296.553986,51.450001,38.910000
203.940002,295.048004,51.450001,38.910000
196.912003,293.541992,51.450001,38.910000
190.386002,292.036011,51.450001,38.910000
181.852005,290.529999,51.450001,38.910000
181.350006,290.028015,51.450001,38.910000
173.569000,288.019989,51.450001,38.910000
167.294006,287.518005,51.450001,38.910000
160.266006,286.011993,51.450001,38.910000
152.735992,284.506012,51.450001,38.910000
145.707993,283.000000,51.450001,38.910000
145.205994,283.000000,51.450001,38.910000
139.934998,282.748993,51.450001,38.910000
131.903000,281.493988,51.450001,38.910000
127.134003,281.493988,51.450001,38.910000
123.871002,283.000000,51.450001,38.910000
123.871002,285.760986,51.450001,38.910000
123.871002,285.510010,51.450001,38.910000
127.636002,289.526001,51.450001,38.910000
137.927002,296.052002,51.450001,38.910000
152.987000,303.330994,51.450001,38.910000
170.807999,309.104004,51.450001,38.910000
187.625000,319.144012,51.450001,38.910000
189.130997,320.148010,51.450001,38.910000
202.936005,327.175995,51.450001,38.910000
214.231003,333.450989,51.450001,38.910000
224.020004,337.968994,51.450001,38.910000
230.044006,342.487000,51.450001,38.910000
235.063995,345.498993,51.450001,38.910000
234.813004,345.498993,51.450001,38.910000
238.578003,348.510986,51.450001,38.910000
242.343002,351.020996,51.450001,38.910000
245.606003,353.028992,51.450001,38.910000
251.128006,355.287994,51.450001,38.910000
256.901001,357.546997,51.450001,38.910000
264.682007,360.558990,51.450001,38.910000
264.933014,360.558990,51.450001,38.910000
276.730011,363.571014,51.450001,38.910000
287.020996,366.834015,51.450001,38.910000
296.809998,370.850006,51.450001,38.910000
306.347992,374.364014,51.450001,38.910000
314.380005,377.376007,51.450001,38.910000
314.380005,377.376007,51.450001,38.910000
322.662994,380.388000,51.450001,38.910000
330.444000,382.898010,51.450001,38.910000
337.221008,384.403992,51.450001,38.910000
339.480011,385.658997,51.450001,38.910000
347.511993,387.415985,51.450001,38.910000
348.265015,387.415985,51.450001,38.910000
356.045990,389.424011,51.450001,38.910000
364.579987,391.432007,51.450001,38.910000
373.615997,393.941986,51.450001,38.910000
383.404999,395.950012,51.450001,38.910000
389.178009,396.954010,51.450001,38.910000
389.178009,396.954010,51.450001,38.910000
397.712006,398.459991,51.450001,38.910000
406.246002,400.718994,51.450001,38.910000
415.282013,403.480011,51.450001,38.910000
425.071014,405.989990,51.450001,38.910000
434.859985,406.993988,51.450001,38.910000
434.859985,406.993988,51.450001,38.910000
445.151001,409.002014,51.450001,38.910000
455.944000,410.507996,51.450001,38.910000
463.725006,412.014008,51.450001,38.910000
470.251007,412.515991,51.450001,38.910000
477.028015,412.766998,51.450001,38.910000
477.028015,412.766998,51.450001,38.910000
483.804993,414.774994,51.450001,38.910000
492.338989,413.269012,51.450001,38.910000
502.881012,414.022003,51.450001,38.910000
516.685974,417.033997,51.450001,38.910000
529.989014,417.033997,51.450001,38.910000
529.989014,417.033997,51.450001,38.910000
542.789978,417.033997,51.450001,38.910000
555.340027,415.528015,51.450001,38.910000
567.638977,414.022003,51.450001,38.910000
580.942017,412.515991,51.450001,38.910000
592.739014,410.507996,51.450001,38.910000
592.739014,410.507996,51.450001,38.910000
603.281006,409.002014,51.450001,38.910000
612.065979,406.743011,51.450001,38.910000
618.090027,404.484009,51.450001,38.910000
621.854980,402.977997,51.450001,38.910000
621.101990,399.213013,51.450001,38.910000
620.851013,399.213013,51.450001,38.910000
621.101990,398.459991,51.450001,38.910000
619.846985,396.703003,51.450001,38.910000
618.843018,395.447998,51.450001,38.910000
616.333008,393.941986,51.450001,38.910000
614.325012,392.436005,51.450001,38.910000
614.325012,392.436005,51.450001,38.910000
610.309021,391.432007,51.450001,38.910000
606.794983,390.678986,51.450001,38.910000
602.026001,389.173004,51.450001,38.910000
596.252991,387.666992,51.450001,38.910000
591.734985,386.411987,51.450001,38.910000
591.734985,386.411987,51.450001,38.910000
587.216980,384.906006,51.450001,38.910000
582.698975,384.906006,51.450001,38.910000
577.427979,383.902008,51.450001,38.910000
572.909973,382.395996,51.450001,38.910000
569.145020,381.894012,51.450001,38.910000
568.893982,381.894012,51.450001,38.910000
565.630981,381.391998,51.450001,38.910000
561.866028,380.388000,51.450001,38.910000
558.603027,379.635010,51.450001,38.910000
555.591003,379.384003,51.450001,38.910000
551.825989,378.881989,51.450001,38.910000
551.825989,378.631012,51.450001,38.910000
548.060974,377.877991,51.450001,38.910000
545.802002,376.873993,51.450001,38.910000
543.291992,376.622986,51.450001,38.910000
542.036987,376.372009,51.450001,38.910000
539.025024,375.618988,51.450001,38.910000
539.025024,376.121002,51.450001,38.910000
537.268005,375.117004,51.450001,38.910000
539.025024,374.614990,51.450001,38.910000
533.754028,374.865997,51.450001,38.910000
532.750000,374.865997,51.450001,38.910000
530.742004,374.865997,51.450001,38.910000
530.491028,374.865997,51.450001,38.910000
529.236023,374.865997,51.450001,38.910000
528.984985,375.117004,51.450001,38.910000
529.989014,375.869995,51.450001,38.910000
531.494995,376.121002,51.450001,38.910000
532.750000,376.622986,51.450001,38.910000
532.750000,376.622986,51.450001,38.910000
534.255981,376.372009,51.450001,38.910000
535.762024,376.372009,51.450001,38.910000
538.773987,376.372009,51.450001,38.910000
541.786011,377.125000,51.450001,38.910000
545.551025,376.873993,51.450001,38.910000
545.299988,376.873993,51.450001,38.910000
550.068970,376.873993,51.450001,38.910000
555.088989,376.873993,51.450001,38.910000
560.611023,377.125000,51.450001,38.910000
566.635010,377.125000,51.450001,38.910000
573.161011,376.372009,51.450001,38.910000
573.161011,376.372009,51.450001,38.910000
580.189026,375.618988,51.450001,38.910000
586.966003,374.113007,51.450001,38.910000
594.997986,373.359985,51.450001,38.910000
603.030029,372.105011,51.450001,38.910000
611.312988,371.101013,51.450001,38.910000
611.062012,371.101013,51.450001,38.910000
618.843018,370.347992,51.450001,38.910000
625.870972,369.343994,51.450001,38.910000
631.895020,368.088989,51.450001,38.910000
635.659973,366.583008,51.450001,38.910000
639.174011,364.072998,51.450001,38.910000
639.174011,364.324005,51.450001,38.910000
641.934998,361.562988,51.450001,38.910000
645.448975,359.806000,51.450001,38.910000
648.963013,358.049011,51.450001,38.910000
651.221985,355.539001,51.450001,38.910000
653.481018,353.782013,51.450001,38.910000
653.481018,353.782013,51.450001,38.910000
655.991028,351.773987,51.450001,38.910000
657.245972,350.016998,51.450001,38.910000
657.497009,347.757996,51.450001,38.910000
656.242004,346.001007,51.450001,38.910000
654.484985,343.993011,51.450001,38.910000
654.234009,343.993011,51.450001,38.910000
652.226013,342.235992,51.450001,38.910000
649.465027,340.227997,51.450001,38.910000
646.202026,337.968994,51.450001,38.910000
643.190002,335.960999,51.450001,38.910000
639.927002,333.701996,51.450001,38.910000
639.927002,333.701996,51.450001,38.910000
634.906982,332.196014,51.450001,38.910000
631.393005,330.690002,51.450001,38.910000
627.125977,328.933014,51.450001,38.910000
622.859009,327.427002,51.450001,38.910000
619.093994,326.171997,51.450001,38.910000
618.843018,326.171997,51.450001,38.910000
616.081970,324.665985,51.450001,38.910000
614.575989,322.908997,51.450001,38.910000
613.822998,321.403015,51.450001,38.910000
613.320984,320.901001,51.450001,38.910000
613.070007,320.398987,51.450001,38.910000
613.070007,320.649994,51.450001,38.910000
613.070007,320.148010,51.450001,38.910000
613.320984,320.148010,51.450001,38.910000
614.827026,320.148010,51.450001,38.910000
616.583984,320.649994,51.450001,38.910000
618.843018,320.901001,51.450001,38.910000
618.843018,320.901001,51.450001,38.910000
621.101990,320.901001,51.450001,38.910000
623.109985,320.901001,51.450001,38.910000
625.369019,320.649994,51.450001,38.910000
626.875000,320.398987,51.450001,38.910000
627.879028,319.645996,51.450001,38.910000
627.627991,319.645996,51.450001,38.910000
628.380981,318.641998,51.450001,38.910000
629.385010,317.638000,51.450001,38.910000
629.635986,316.131989,51.450001,38.910000
629.385010,314.123993,51.450001,38.910000
628.632019,312.367004,51.450001,38.910000
628.632019,312.367004,51.450001,38.910000
628.130005,310.609985,51.450001,38.910000
626.875000,308.100006,51.450001,38.910000
625.870972,306.342987,51.450001,38.910000
