1
262.42,128.12,331.22,129.26,331.81,93.36,263.02,92.22
263.63,129.64,331.03,133.27,332.92,98.11,265.52,94.48
264.71,131.82,330.44,136.40,332.83,102.11,267.10,97.52
264.95,134.33,330.41,139.69,333.21,105.53,267.74,100.18
264.28,136.62,330.43,142.42,333.46,107.91,267.31,102.11
263.41,139.22,329.33,145.78,332.75,111.38,266.83,104.83
263.91,140.98,328.86,144.70,330.79,110.81,265.84,107.09
261.76,141.13,326.93,145.40,329.16,111.39,263.98,107.12
260.04,141.74,325.34,146.13,327.63,112.06,262.33,107.67
257.97,142.32,324.28,148.34,327.42,113.74,261.11,107.72
257.99,142.22,323.31,147.73,326.19,113.65,260.87,108.13
258.15,142.70,323.09,147.78,325.75,113.90,260.80,108.81
257.79,142.52,323.38,146.59,325.51,112.37,259.92,108.30
256.83,142.31,322.23,146.64,324.49,112.52,259.09,108.19
256.91,145.41,324.38,142.23,322.73,107.03,255.25,110.20
256.95,146.03,325.19,139.87,321.98,104.26,253.73,110.42
256.29,146.39,324.74,137.92,320.32,102.20,251.86,110.67
254.62,147.41,324.28,136.60,318.64,100.25,248.98,111.07
254.18,147.88,324.22,134.49,317.23,97.94,247.19,111.34
254.65,146.84,322.13,133.01,314.92,97.80,247.43,111.63
253.38,146.13,321.06,131.39,313.37,96.07,245.69,110.82
252.05,146.08,319.14,131.06,311.31,96.06,244.22,111.07
251.29,145.45,318.98,129.32,310.56,94.01,242.87,110.14
250.04,145.91,317.41,127.75,307.94,92.60,240.57,110.76
248.79,145.39,315.78,125.61,305.46,90.66,238.47,110.44
246.94,145.11,315.10,124.64,304.42,89.07,236.25,109.55
245.92,144.46,313.79,122.36,302.26,86.95,234.39,109.05
242.88,142.55,312.64,122.36,302.11,85.97,232.35,106.16
242.05,142.84,311.47,120.32,299.72,84.11,230.30,106.63
242.84,141.68,309.71,115.50,296.05,80.61,229.18,106.79
241.65,141.93,307.56,113.57,292.77,79.18,226.85,107.54
239.64,141.68,305.55,112.22,290.18,77.83,224.27,107.29
238.58,140.96,303.42,111.06,287.82,77.23,222.98,107.13
236.99,142.99,302.19,111.10,285.55,77.08,220.35,108.97
236.72,143.78,301.60,111.00,284.50,77.15,219.62,109.93
234.85,145.60,299.80,110.79,281.65,76.90,216.69,111.71
236.02,148.72,297.77,110.92,278.05,78.71,216.30,116.50
235.62,149.32,296.50,110.84,276.42,79.07,215.54,117.56
236.12,150.78,295.85,109.99,274.56,78.83,214.84,119.62
236.21,152.12,295.65,110.21,273.79,79.20,214.35,121.11
236.67,153.72,296.60,111.76,274.71,80.50,214.78,122.45
238.13,154.65,297.15,111.22,274.50,80.43,215.48,123.86
239.54,155.42,297.25,111.84,274.51,81.73,216.80,125.32
239.92,157.56,298.74,114.14,276.08,83.45,217.26,126.88
241.75,158.74,300.45,114.63,277.43,84.00,218.73,128.12
242.31,159.81,300.85,115.61,277.79,85.06,219.25,129.27
243.10,159.48,301.73,116.43,279.27,85.84,220.64,128.89
244.70,160.52,303.16,117.39,280.65,86.89,222.20,130.02
245.73,160.53,302.71,116.12,279.54,86.39,222.55,130.80
246.86,160.27,302.82,116.08,279.76,86.88,223.81,131.07
248.08,159.80,303.80,115.65,280.77,86.57,225.04,130.72
249.20,159.37,303.54,115.27,280.53,86.91,226.18,131.02
250.82,159.06,304.61,114.71,281.47,86.64,227.68,131.00
251.28,159.54,304.80,115.03,281.58,87.10,228.06,131.62
251.43,159.78,304.83,115.37,281.66,87.51,228.26,131.92
253.26,157.66,305.28,112.97,281.97,85.83,229.94,130.52
253.41,158.58,306.09,113.29,282.45,85.80,229.78,131.10
254.01,156.95,305.20,113.21,282.37,86.50,231.19,130.25
254.04,158.21,305.72,114.86,283.10,87.90,231.42,131.24
254.63,159.63,305.99,116.12,283.29,89.32,231.93,132.84
263.66,160.53,311.47,112.75,286.55,87.81,238.73,135.58
265.60,157.73,305.95,108.20,280.11,87.15,239.76,136.68
266.25,159.17,306.38,109.22,280.33,88.28,240.19,138.23
266.38,160.90,308.01,110.76,281.85,89.04,240.22,139.18
265.64,160.77,308.15,111.53,282.46,89.35,239.95,138.59
264.98,161.50,308.32,113.09,283.06,90.48,239.72,138.88
264.82,162.10,308.27,114.48,283.42,91.81,239.97,139.43
264.42,163.01,308.34,116.07,283.84,93.15,239.93,140.10
264.72,164.02,308.59,116.42,283.76,93.53,239.88,141.13
265.16,165.02,310.29,117.04,285.25,93.50,240.12,141.48
265.52,165.54,310.51,116.86,285.11,93.39,240.12,142.07
264.82,165.52,309.99,117.61,285.00,94.05,239.83,141.96
263.91,165.38,309.89,118.70,285.53,94.71,239.55,141.39
263.55,164.30,309.41,119.22,285.89,95.29,240.03,140.38
264.09,164.98,309.97,119.45,286.22,95.51,240.33,141.04
263.26,165.23,310.52,119.49,286.66,94.84,239.40,140.57
263.62,165.35,310.96,120.01,287.30,95.31,239.96,140.66
262.15,166.03,310.71,119.96,286.68,94.63,238.12,140.69
261.33,166.01,309.81,120.22,285.92,94.92,237.43,140.72
261.46,165.98,309.70,120.32,285.88,95.15,237.64,140.81
261.35,165.84,309.54,120.55,285.90,95.41,237.72,140.70
261.18,165.51,309.52,120.96,286.27,95.74,237.94,140.29
261.85,164.98,309.05,120.89,286.05,96.26,238.85,140.35
261.69,164.57,308.48,121.68,286.10,97.27,239.32,140.16
262.61,164.30,307.99,121.15,285.48,97.47,240.09,140.62
262.20,164.22,308.14,120.51,285.34,96.54,239.39,140.25
261.67,164.12,308.46,121.25,286.10,96.84,239.31,139.70
261.46,164.26,309.36,120.99,286.78,96.00,238.89,139.27
261.37,165.06,310.13,121.00,287.14,95.56,238.38,139.62
260.65,164.81,310.27,122.14,288.00,96.25,238.39,138.92
260.11,164.60,310.37,122.69,288.51,96.46,238.24,138.38
260.65,164.70,311.69,122.67,289.76,96.04,238.72,138.07
260.15,164.40,311.81,123.22,290.33,96.26,238.66,137.44
259.54,164.04,311.77,123.99,290.87,96.74,238.64,136.79
259.29,164.00,311.09,124.27,290.36,97.25,238.56,136.97
258.81,164.16,310.65,123.62,289.49,96.57,237.66,137.12
258.75,164.37,310.54,123.11,289.01,96.09,237.23,137.35
259.99,164.36,311.73,123.51,290.41,96.51,238.67,137.37
259.40,163.80,311.37,122.97,290.07,95.85,238.10,136.68
259.48,163.55,311.96,123.52,291.07,96.13,238.59,136.17
258.23,163.02,312.90,125.08,293.10,96.56,238.43,134.50
259.33,161.86,313.64,125.71,294.78,97.37,240.46,133.53
259.93,160.82,313.54,126.03,295.39,98.06,241.78,132.85
262.97,160.66,314.92,124.18,295.88,97.08,243.94,133.56
258.37,152.97,318.15,135.21,308.89,104.02,249.10,121.78
259.47,151.98,318.04,134.75,309.05,104.19,250.48,121.42
251.41,142.77,312.05,149.15,315.38,117.51,254.74,111.13
251.29,141.03,311.78,148.35,315.60,116.78,255.10,109.47
252.29,141.21,312.02,147.68,315.39,116.52,255.67,110.05
249.75,139.35,312.91,149.81,318.36,116.85,255.20,106.40
249.36,138.65,312.53,149.82,318.35,116.86,255.19,105.70
235.31,138.30,300.17,158.56,310.74,124.72,245.88,104.47
235.85,138.86,299.77,157.30,309.40,123.95,245.47,105.50
234.25,138.80,298.39,156.28,307.52,122.82,243.37,105.33
232.50,141.43,298.14,157.07,306.29,122.82,240.65,107.19
231.44,138.03,293.32,159.54,304.54,127.25,242.66,105.75
230.15,138.57,293.20,161.29,305.06,128.39,242.01,105.67
230.28,140.68,294.77,161.53,305.65,127.89,241.16,107.03
227.94,140.13,294.48,163.59,306.72,128.87,240.18,105.41
226.80,139.33,294.41,164.84,307.72,129.56,240.11,104.05
236.31,150.98,300.53,162.86,306.74,129.35,242.51,117.47
236.76,149.37,301.26,160.47,307.04,126.81,242.54,115.72
234.75,148.43,301.53,161.15,308.16,126.31,241.39,113.59
234.31,149.91,302.06,160.82,307.75,125.47,240.00,114.56
232.64,151.27,302.76,161.90,308.30,125.32,238.18,114.68
230.74,153.25,303.37,161.93,307.89,124.04,235.27,115.36
229.32,154.02,304.87,162.12,309.10,122.71,233.55,114.60
227.31,155.09,304.52,162.20,308.23,121.92,231.02,114.80
225.13,156.62,305.76,162.10,308.62,120.03,227.99,114.55
222.96,158.26,305.70,163.47,308.41,120.30,225.67,115.09
221.49,159.01,305.66,162.08,307.27,118.17,223.10,115.10
218.57,162.45,306.70,165.28,308.18,119.29,220.04,116.47
217.23,164.49,307.41,164.79,307.57,117.75,217.39,117.44
215.70,167.67,307.86,165.99,306.98,117.91,214.83,119.59
214.12,168.88,306.98,165.79,305.36,117.34,212.51,120.43
213.04,170.34,305.78,165.79,303.41,117.41,210.67,121.96
209.99,170.86,304.87,167.31,303.02,117.81,208.14,121.35
208.53,172.34,304.72,169.46,303.22,119.28,207.03,122.15
206.21,173.22,303.61,170.44,302.15,119.63,204.76,122.41
204.92,172.94,303.31,170.59,302.09,119.25,203.69,121.60
203.10,174.07,301.91,171.73,300.68,120.18,201.88,122.52
202.20,175.91,300.66,172.06,298.65,120.69,200.19,124.54
201.67,176.31,300.02,172.36,297.96,121.05,199.61,125.00
199.78,175.86,297.95,172.36,296.13,121.14,197.96,124.64
199.08,177.17,297.58,173.63,295.74,122.24,197.23,125.77
197.72,177.69,296.30,173.44,294.08,122.01,195.50,126.26
195.12,177.32,293.85,175.17,292.73,123.66,194.00,125.81
194.92,178.83,293.89,174.50,291.63,122.86,192.66,127.19
193.90,180.82,293.83,176.24,291.44,124.10,191.51,128.68
192.48,182.76,293.79,178.34,291.48,125.48,190.17,129.90
189.74,185.31,292.58,181.74,290.71,128.08,187.88,131.66
188.62,186.90,291.99,184.19,290.58,130.25,187.21,132.96
188.33,188.06,291.48,184.84,289.80,131.02,186.65,134.24
187.10,188.51,289.54,186.95,288.73,133.50,186.29,135.06
186.50,187.99,287.99,184.39,286.11,131.43,184.62,135.03
185.32,188.21,287.29,185.42,285.83,132.22,183.87,135.01
184.13,190.31,287.53,187.30,285.96,133.35,182.56,136.36
182.66,191.05,287.44,188.39,286.06,133.72,181.27,136.38
181.03,192.16,286.77,190.70,286.00,135.54,180.27,137.00
181.47,192.65,286.27,189.14,284.44,134.46,179.64,137.97
181.57,192.31,286.02,189.05,284.32,134.55,179.87,137.81
180.16,191.88,286.10,188.88,284.53,133.61,178.60,136.61
180.31,192.32,286.64,189.64,285.25,134.16,178.92,136.84
179.84,191.86,285.47,187.18,283.02,132.07,177.39,136.75
179.40,191.89,286.64,187.38,284.29,131.42,177.04,135.94
179.92,192.62,286.90,185.83,283.36,130.02,176.37,136.81
178.33,193.93,286.24,185.57,281.88,129.26,173.96,137.63
186.92,185.72,304.71,178.84,301.13,117.39,183.33,124.26
188.37,184.72,303.55,177.64,299.86,117.55,184.68,124.63
187.34,184.88,303.91,178.12,300.38,117.30,183.82,124.06
187.14,185.36,304.32,179.80,301.41,118.66,184.24,124.23
186.93,185.92,306.04,179.87,302.88,117.72,183.77,123.78
185.30,185.50,304.95,180.04,302.10,117.61,182.45,123.07
184.53,185.27,305.42,180.90,303.14,117.83,182.26,122.20
183.96,185.74,305.23,180.96,302.73,117.69,181.47,122.47
183.25,186.26,306.77,181.36,304.21,116.92,180.69,121.82
182.69,186.79,307.17,181.91,304.63,116.96,180.15,121.84
181.26,186.35,306.42,182.06,304.18,116.75,179.02,121.05
181.12,185.47,305.83,182.43,304.25,117.36,179.54,120.40
182.00,186.36,306.47,182.35,304.38,117.41,179.91,121.42
182.06,186.53,306.49,182.68,304.48,117.77,180.05,121.62
180.23,186.60,305.59,184.02,304.24,118.62,178.88,121.20
181.02,187.33,306.14,184.06,304.43,118.78,179.32,122.05
180.99,188.45,306.74,184.93,304.90,119.32,179.15,122.85
180.87,190.37,306.95,185.31,304.31,119.53,178.23,124.59
182.05,191.24,306.65,184.99,303.39,119.98,178.79,126.23
181.35,192.34,306.24,186.29,303.08,121.13,178.19,127.18
182.03,192.16,305.90,185.80,302.58,121.18,178.72,127.54
181.61,193.77,306.60,186.63,302.88,121.41,177.88,128.56
181.50,195.37,306.67,187.19,302.40,121.89,177.24,130.07
181.35,195.75,306.16,187.72,301.97,122.60,177.16,130.63
181.51,195.61,306.22,187.68,302.08,122.61,177.38,130.55
181.97,196.16,306.56,187.73,302.16,122.73,177.57,131.16
180.99,195.95,306.50,188.20,302.46,122.72,176.95,130.47
180.74,196.52,306.79,188.05,302.38,122.29,176.32,130.75
2
0
0
0
0
1
157.93,127.88,175.69,130.68,182.90,89.65,165.14,86.85
155.33,126.75,172.39,131.23,183.48,91.89,166.42,87.41
154.11,127.63,171.81,132.40,183.57,91.60,165.87,86.83
154.41,127.74,172.32,132.54,184.17,91.23,166.25,86.43
155.24,129.32,173.03,132.82,181.86,91.75,164.07,88.25
154.13,130.62,172.09,134.47,181.73,93.02,163.77,89.17
154.08,129.89,172.12,134.26,182.98,92.64,164.93,88.26
150.29,126.02,167.40,133.71,185.91,94.38,168.80,86.69
149.45,124.89,166.20,133.73,187.36,95.28,170.61,86.44
152.38,131.25,171.68,136.65,184.98,92.18,165.68,86.77
151.98,131.38,171.01,137.45,185.84,93.61,166.81,87.54
150.92,129.78,169.36,136.80,186.35,94.34,167.90,87.33
150.08,128.27,167.97,136.16,186.98,95.04,169.09,87.14
150.51,129.24,168.42,136.72,186.48,95.54,168.57,88.05
148.77,131.15,168.47,138.85,187.11,93.52,167.41,85.82
148.31,131.24,168.21,138.85,186.65,93.06,166.75,85.45
149.08,132.30,169.45,139.27,186.42,92.37,166.05,85.40
150.20,132.75,170.53,139.01,185.84,92.15,165.51,85.90
151.18,133.20,171.61,138.81,185.43,91.70,165.00,86.09
150.43,132.26,170.28,137.89,184.12,92.12,164.26,86.49
150.70,132.08,170.39,137.62,184.00,92.23,164.31,86.69
150.06,131.55,169.74,137.31,183.88,91.97,164.21,86.21
150.11,131.15,169.64,137.02,184.03,92.01,164.50,86.14
150.14,129.92,168.79,136.20,184.08,93.25,165.43,86.98
150.01,129.02,168.13,135.51,183.90,93.80,165.78,87.31
150.29,129.17,168.37,135.60,183.98,93.98,165.90,87.55
150.24,129.73,168.88,136.13,184.46,93.20,165.82,86.80
149.37,130.21,168.56,136.81,184.63,92.62,165.44,86.02
149.67,130.90,169.08,137.13,184.29,92.41,164.88,86.18
149.19,130.48,168.47,136.82,183.95,92.40,164.66,86.06
149.78,131.39,169.40,137.15,183.53,91.92,163.91,86.17
149.76,131.46,169.36,137.28,183.64,92.10,164.04,86.28
149.84,130.78,168.97,136.64,183.31,92.55,164.18,86.69
148.37,131.00,167.63,137.39,183.21,93.03,163.95,86.64
148.56,130.37,167.45,136.82,183.17,93.33,164.28,86.88
148.73,130.49,167.65,136.98,183.44,93.42,164.52,86.93
148.25,131.25,167.97,137.43,183.09,91.99,163.37,85.81
147.77,131.75,167.67,137.51,181.81,91.64,161.91,85.88
148.69,131.89,168.93,136.69,180.88,89.99,160.64,85.18
148.77,131.59,168.60,135.79,179.13,90.02,159.30,85.82
147.37,132.26,167.50,136.86,178.97,90.39,158.84,85.79
147.51,132.59,167.92,137.30,179.66,90.21,159.25,85.50
146.51,132.41,166.75,137.32,178.94,90.62,158.70,85.72
145.59,132.29,165.79,138.03,179.90,91.48,159.70,85.74
144.37,131.29,164.48,137.73,180.22,91.40,160.11,84.96
143.39,130.49,163.04,137.88,180.95,92.66,161.30,85.27
142.09,130.20,162.09,138.38,181.85,92.39,161.85,84.21
140.75,129.31,160.88,138.64,183.29,92.39,163.17,83.07
138.16,128.87,158.76,139.20,183.51,91.90,162.92,81.57
137.77,129.22,159.00,140.13,185.13,91.39,163.90,80.48
136.45,128.51,158.05,140.10,185.75,90.52,164.15,78.94
134.47,128.11,156.17,141.23,187.44,91.49,165.74,78.36
133.17,126.99,154.91,141.01,188.26,91.23,166.53,77.21
132.70,127.28,154.63,141.94,189.49,91.73,167.56,77.07
131.62,126.41,153.66,141.74,190.07,91.30,168.03,75.97
131.05,125.35,152.32,141.45,190.46,92.84,169.20,76.74
129.79,124.19,151.05,141.30,191.53,92.72,170.26,75.62
129.99,124.58,151.52,142.00,192.73,92.83,171.21,75.42
129.21,123.75,150.78,141.70,193.25,92.45,171.68,74.49
128.53,122.52,149.62,141.44,194.31,93.33,173.21,74.41
128.04,121.97,148.95,141.06,194.01,93.39,173.10,74.30
128.63,121.94,149.97,140.81,194.53,92.15,173.19,73.29
127.66,122.15,149.15,141.61,195.09,92.60,173.59,73.14
127.13,120.48,148.26,140.34,195.10,92.20,173.98,72.35
127.31,121.44,148.80,141.44,196.00,92.45,174.50,72.45
126.96,120.05,147.94,140.34,195.79,92.57,174.82,72.28
127.20,120.49,148.59,140.71,196.28,91.98,174.90,71.77
126.61,119.92,148.07,140.35,196.26,91.46,174.81,71.03
126.03,120.30,147.59,140.83,196.02,91.71,174.45,71.18
126.76,120.62,148.69,140.88,196.50,90.90,174.58,70.65
126.75,121.10,148.73,141.44,196.75,91.35,174.77,71.00
126.71,121.25,148.62,141.72,196.93,91.78,175.02,71.31
126.04,119.20,147.55,140.17,197.01,91.18,175.50,70.21
125.26,118.56,146.45,140.54,198.23,92.33,177.03,70.35
124.26,117.73,145.24,140.40,198.61,92.71,177.62,70.04
123.94,116.86,144.43,139.96,198.77,93.42,178.28,70.32
124.61,116.12,144.52,138.94,198.20,93.73,178.29,70.90
123.95,115.21,143.41,138.58,198.33,94.45,178.88,71.08
124.70,113.80,143.12,137.11,197.85,95.38,179.44,72.07
125.13,113.14,143.15,136.34,197.62,95.53,179.60,72.33
125.42,112.35,143.07,135.64,197.74,95.69,180.09,72.40
125.34,111.42,142.48,134.90,197.56,96.14,180.42,72.67
125.40,110.62,142.04,134.16,197.26,96.56,180.62,73.02
126.37,110.38,142.80,134.02,198.23,96.89,181.79,73.26
126.39,109.28,141.41,133.45,197.99,99.63,182.97,75.47
127.37,109.00,142.03,133.21,198.73,100.22,184.07,76.01
127.12,108.12,141.25,132.75,198.88,101.01,184.75,76.38
127.61,108.34,141.62,132.91,199.10,101.46,185.09,76.89
128.03,108.32,141.79,132.91,199.32,102.01,185.56,77.42
127.88,108.37,141.42,133.15,199.37,102.78,185.83,78.00
128.16,108.13,141.02,133.01,199.19,104.22,186.33,79.33
129.97,108.97,142.51,133.59,200.05,105.54,187.52,80.92
130.34,109.07,142.56,133.50,199.64,106.17,187.41,81.74
131.63,108.86,143.67,133.35,200.89,106.43,188.84,81.94
131.55,110.59,143.80,134.74,200.26,107.33,188.01,83.18
131.97,110.40,144.48,134.15,199.99,106.14,187.49,82.39
132.75,111.02,145.01,134.69,200.34,107.25,188.08,83.58
132.96,111.12,145.09,134.61,200.00,107.46,187.87,83.97
133.47,111.03,145.95,134.10,199.90,106.12,187.42,83.04
134.19,111.63,146.26,134.60,199.96,107.57,187.89,84.60
134.45,111.66,146.33,134.48,199.67,107.87,187.78,85.06
134.71,111.82,146.49,134.52,199.55,108.14,187.77,85.44
135.22,112.49,147.21,135.07,200.00,108.20,188.01,85.63
135.13,112.26,146.97,135.12,200.42,108.61,188.58,85.74
134.73,113.73,146.64,136.91,200.83,110.25,188.92,87.06
134.44,113.91,146.23,137.23,200.74,110.85,188.95,87.53
134.50,114.19,146.38,137.68,201.28,111.12,189.41,87.63
135.49,115.66,147.48,138.53,200.96,111.67,188.96,88.79
134.08,115.36,145.86,138.91,200.89,112.57,189.11,89.02
132.14,116.38,144.23,141.11,202.01,114.10,189.92,89.37
130.98,116.93,143.43,141.87,201.72,114.02,189.26,89.08
130.62,118.36,143.07,143.42,201.62,115.58,189.17,90.53
129.95,117.36,142.25,142.26,200.44,114.77,188.14,89.87
129.58,117.61,142.00,142.31,199.72,114.51,187.29,89.82
130.85,118.87,143.17,142.95,199.47,115.40,187.15,91.31
131.54,118.31,143.66,142.03,199.09,114.91,186.97,91.19
132.59,118.65,144.65,142.60,200.63,115.61,188.56,91.66
132.68,116.67,144.01,140.91,200.63,115.65,189.30,91.40
133.27,115.84,144.43,140.39,201.75,115.53,190.59,90.98
133.62,115.16,144.66,139.96,202.55,115.40,191.52,90.60
134.97,114.54,145.00,140.07,204.53,117.87,194.50,92.35
136.40,113.83,145.98,139.14,205.01,117.96,195.43,92.64
138.14,113.09,147.49,138.17,205.96,117.52,196.61,92.45
139.20,112.35,148.31,137.29,206.47,117.20,197.36,92.25
140.19,111.60,149.09,136.55,207.26,116.92,198.35,91.97
136.05,124.88,155.47,142.92,198.04,98.67,178.63,80.63
137.75,123.39,156.70,141.13,198.55,97.95,179.60,80.21
138.49,121.07,156.46,139.33,199.49,98.44,181.52,80.18
139.15,120.48,156.81,139.14,200.74,98.98,183.08,80.32
139.98,118.86,157.41,137.55,201.40,97.92,183.97,79.23
140.97,118.29,158.15,137.06,202.32,98.03,185.15,79.26
142.84,118.10,160.05,136.89,204.26,97.78,187.05,78.99
143.47,117.23,160.63,136.44,205.82,97.46,188.67,78.25
144.27,116.93,161.34,137.00,208.53,98.26,191.46,78.19
145.15,115.50,162.10,136.40,211.21,97.97,194.26,77.07
147.03,114.10,163.62,135.23,213.24,97.64,196.65,76.51
148.59,112.85,164.88,134.42,215.52,97.55,199.22,75.98
151.11,111.96,167.19,134.08,219.09,97.73,203.01,75.60
151.79,109.56,166.91,132.69,221.09,98.60,205.97,75.47
155.25,108.40,169.60,131.23,223.06,98.91,208.71,76.08
158.92,105.94,171.74,128.45,224.40,99.67,211.58,77.16
162.99,103.13,174.03,124.95,225.03,100.27,213.99,78.44
166.14,101.07,175.92,122.51,225.99,100.72,216.21,79.28
168.84,98.43,177.10,119.76,226.84,101.50,218.59,80.17
171.55,96.72,178.45,118.42,228.99,103.31,222.09,81.61
172.81,94.41,178.22,116.96,230.68,105.32,225.27,82.78
175.33,93.37,179.31,115.68,231.13,107.35,227.15,85.05
177.75,93.65,181.68,114.85,230.96,106.62,227.03,85.41
177.23,88.68,175.03,109.64,223.51,115.58,225.71,94.61
178.56,88.70,175.77,109.48,223.78,116.78,226.58,96.01
180.50,88.13,176.48,108.67,223.89,118.82,227.91,98.28
181.37,82.64,173.45,103.32,221.04,122.50,228.96,101.82
180.08,89.20,176.14,109.89,223.90,119.85,227.84,99.16
179.59,89.25,175.43,109.98,223.29,120.47,227.46,99.74
179.88,88.04,174.89,109.15,223.59,121.56,228.58,100.45
180.43,87.57,174.38,108.99,223.76,123.88,229.81,102.46
180.90,86.92,174.22,108.53,224.01,124.87,230.69,103.26
181.25,87.09,174.33,108.60,223.89,125.51,230.81,104.00
182.14,86.13,174.22,107.45,223.29,126.66,231.21,105.34
182.47,85.59,173.94,106.91,222.99,127.53,231.52,106.21
182.74,85.66,173.94,106.96,222.93,128.19,231.72,106.89
183.25,85.29,173.91,106.42,222.48,128.90,231.81,107.78
183.44,84.94,173.54,105.94,221.79,129.73,231.69,108.73
182.95,85.04,172.95,106.43,222.10,130.45,232.10,109.06
183.19,85.08,173.14,106.15,221.54,130.28,231.59,109.21
183.43,85.71,173.76,106.46,221.45,129.70,231.12,108.95
183.66,85.14,173.53,106.12,221.73,130.43,231.85,109.45
183.49,84.54,172.86,105.80,221.69,131.28,232.31,110.02
183.83,84.76,173.17,105.69,221.23,131.23,231.89,110.30
184.28,85.12,173.59,105.52,220.43,131.09,231.11,110.69
184.92,84.71,173.59,104.79,219.65,131.86,230.99,111.77
185.14,85.07,173.94,105.09,219.86,131.85,231.07,111.83
185.27,85.23,173.86,105.24,219.73,132.48,231.15,112.48
185.82,85.06,173.96,104.70,218.99,132.99,230.86,113.35
185.88,85.38,174.08,104.71,218.40,132.83,230.20,113.49
186.39,85.33,174.28,104.50,218.20,133.34,230.32,114.17
186.68,85.82,174.63,104.57,217.60,133.23,229.64,114.47
187.13,86.15,175.12,104.51,217.16,133.08,229.17,114.73
187.97,86.03,175.54,103.78,216.14,133.30,228.58,115.55
188.14,86.63,176.07,104.04,215.90,132.71,227.97,115.30
188.73,87.05,176.66,103.83,215.04,132.47,227.11,115.70
188.97,87.28,176.76,104.07,215.17,133.05,227.39,116.25
189.38,86.87,176.78,103.56,214.94,133.43,227.54,116.74
190.03,86.24,176.69,102.63,214.14,134.19,227.48,117.79
189.52,85.81,176.25,102.38,214.11,133.79,227.38,117.22
189.65,86.03,176.36,102.86,214.81,134.35,228.11,117.52
189.73,86.14,176.48,102.91,214.78,134.27,228.03,117.50
190.06,85.64,176.36,102.37,214.57,134.80,228.28,118.07
190.45,85.66,176.73,102.14,214.35,134.60,228.07,118.12
190.97,85.85,177.13,101.90,213.77,134.61,227.61,118.56
191.51,85.98,177.54,101.60,213.16,134.61,227.14,118.99
191.42,85.91,177.41,101.62,213.23,134.70,227.24,118.99
191.76,85.71,177.61,101.25,213.04,134.67,227.20,119.13
192.36,85.75,178.08,100.78,212.32,134.45,226.59,119.43
193.12,85.71,178.55,100.15,211.42,134.48,225.99,120.03
193.56,85.71,179.08,99.80,211.13,133.92,225.61,119.83
193.71,86.64,179.76,99.89,209.89,132.73,223.84,119.48
203.23,86.99,187.45,98.23,212.85,135.26,228.64,124.02
203.17,86.37,187.05,97.61,212.45,135.41,228.57,124.17
202.65,85.86,186.73,97.48,213.00,134.83,228.92,123.21
203.18,86.40,187.16,97.69,212.68,135.27,228.71,123.98
204.57,86.93,188.64,97.43,212.31,134.76,228.25,124.26
205.29,86.55,189.07,96.73,211.99,134.71,228.21,124.53
205.40,86.01,188.83,96.03,211.37,134.83,227.94,124.81
205.94,85.69,189.17,95.59,211.44,134.84,228.21,124.93
206.05,85.32,188.99,95.02,210.78,134.92,227.83,125.22
206.46,84.96,189.23,94.50,210.62,134.80,227.85,125.26
206.77,85.17,189.45,94.80,211.07,135.34,228.40,125.70
207.31,85.36,189.89,94.54,210.45,135.28,227.87,126.10
207.88,85.53,190.38,94.25,209.86,135.13,227.36,126.41
207.87,85.31,190.29,93.81,209.27,134.87,226.85,126.37
208.38,85.52,190.87,93.55,208.78,134.44,226.29,126.41
209.16,85.71,191.58,93.09,207.98,134.12,225.56,126.73
208.97,86.21,191.80,93.58,208.17,133.63,225.34,126.27
209.35,86.65,192.37,93.34,207.18,132.96,224.16,126.27
209.85,87.00,192.91,92.96,206.03,132.44,222.97,126.48
209.69,86.95,192.71,93.48,207.15,133.09,224.14,126.56
210.04,87.33,193.16,93.41,206.55,132.76,223.43,126.68
210.01,87.50,193.34,93.51,206.59,132.38,223.27,126.36
210.12,88.02,193.78,93.63,206.12,131.69,222.45,126.08
210.76,88.35,194.57,93.62,206.14,131.33,222.33,126.06
211.50,88.36,195.08,92.98,205.11,131.22,221.53,126.60
211.50,87.97,195.13,92.67,205.36,130.79,221.73,126.09
211.59,88.68,195.62,92.96,204.87,130.12,220.84,125.85
212.07,88.60,196.08,92.48,204.43,129.68,220.42,125.80
212.65,88.53,196.41,91.97,203.72,129.74,219.96,126.30
212.64,88.95,196.66,92.47,204.17,129.64,220.15,126.12
212.19,89.30,196.68,92.74,204.01,128.81,219.52,125.37
212.52,89.55,197.13,92.66,203.71,128.44,219.10,125.33
212.73,89.99,197.60,92.89,203.69,128.06,218.82,125.17
212.67,90.02,197.56,92.92,203.67,128.04,218.78,125.14
212.55,90.16,197.57,93.11,203.80,127.94,218.78,124.98
212.61,90.03,197.79,92.78,203.56,127.23,218.38,124.48
212.58,90.49,198.16,93.26,203.99,126.77,218.41,124.00
212.66,90.73,198.17,93.20,203.30,126.86,217.79,124.39
212.15,90.91,198.37,93.59,204.01,125.62,217.79,122.94
212.04,91.33,198.56,93.72,203.54,125.02,217.02,122.64
211.80,91.69,198.34,94.19,203.59,125.49,217.06,122.99
212.08,92.02,198.44,94.36,203.33,126.04,216.97,123.70
212.01,92.45,198.74,94.75,203.54,125.59,216.81,123.29
212.08,92.79,199.15,95.10,203.97,125.15,216.90,122.85
2
0
0
0
0
1
137.22,127.72,154.90,146.33,193.50,109.65,175.82,91.04
136.39,128.10,153.19,146.57,191.50,111.70,174.69,93.23
134.20,129.28,152.60,147.77,190.94,109.59,172.53,91.10
133.98,129.63,152.18,147.04,188.28,109.28,170.08,91.88
133.33,130.71,151.57,147.46,186.31,109.63,168.07,92.87
133.28,130.87,151.26,146.77,184.24,109.47,166.25,93.57
132.92,132.48,151.18,147.25,181.81,109.37,163.55,94.60
133.08,133.40,151.74,146.85,179.64,108.14,160.98,94.68
133.41,134.49,151.67,146.55,176.66,108.67,158.40,96.62
134.05,134.79,152.74,145.33,174.59,106.56,155.90,96.02
132.68,136.26,151.50,147.05,173.89,108.01,155.06,97.22
131.20,138.14,151.26,148.69,173.13,107.08,153.07,96.53
130.50,138.83,150.79,149.29,172.47,107.20,152.18,96.75
128.85,138.97,149.15,149.58,171.15,107.49,150.86,96.89
125.71,136.21,146.34,149.37,173.64,106.60,153.01,93.43
123.74,135.32,144.09,149.63,173.75,107.40,153.39,93.10
122.71,134.88,142.84,149.71,173.60,107.96,153.47,93.13
121.59,134.06,141.30,149.20,172.70,108.34,153.00,93.19
120.77,132.96,140.29,148.09,171.67,107.59,152.14,92.46
120.25,132.49,139.81,147.34,170.61,106.75,151.05,91.90
119.36,132.22,138.84,147.17,169.84,106.76,150.36,91.81
115.38,131.64,135.60,149.38,172.38,107.44,152.16,89.70
114.61,132.00,134.82,149.96,172.05,108.04,151.84,90.08
113.48,131.46,134.19,149.26,171.11,106.29,150.40,88.49
112.95,131.67,133.95,149.20,170.30,105.63,149.30,88.10
112.12,132.27,133.36,149.71,169.54,105.67,148.30,88.23
111.51,132.36,132.86,149.78,168.98,105.50,147.63,88.08
110.76,132.54,132.16,149.67,167.68,105.30,146.29,88.17
109.87,132.34,131.88,149.53,167.52,103.89,145.52,86.70
109.02,132.66,131.22,149.76,166.69,103.72,144.49,86.62
108.30,132.66,131.03,148.48,163.83,101.31,141.09,85.50
108.00,132.50,130.36,147.92,162.33,101.53,139.96,86.12
105.31,130.87,126.86,148.51,163.43,103.80,141.87,86.17
102.71,134.19,126.04,151.80,162.56,103.42,139.24,85.81
101.05,133.17,123.70,152.02,162.80,105.04,140.14,86.19
94.79,132.87,117.64,155.45,164.47,108.06,141.62,85.48
90.10,130.59,111.01,157.43,166.66,114.04,145.75,87.21
84.51,129.82,105.18,159.53,166.80,116.65,146.13,86.94
80.81,130.72,101.49,162.70,167.80,119.79,147.11,87.81
78.52,130.33,99.66,162.81,167.03,118.97,145.89,86.49
76.00,130.12,96.97,163.43,166.05,119.95,145.09,86.64
79.60,131.35,100.21,158.76,157.07,116.02,136.46,88.60
76.72,131.59,97.58,160.29,157.12,117.03,136.26,88.33
74.49,129.85,94.17,159.70,156.05,118.89,136.38,89.04
74.89,128.82,93.66,157.92,154.01,118.98,135.24,89.88
73.12,128.49,91.40,157.93,152.45,120.01,134.17,90.57
70.17,129.21,89.00,159.51,151.85,120.45,133.02,90.15
68.03,129.12,86.75,159.99,150.75,121.15,132.03,90.29
67.08,127.74,85.11,158.75,149.41,121.35,131.38,90.35
64.53,128.55,83.12,160.21,148.77,121.65,130.18,89.99
61.98,129.27,80.95,161.44,147.66,122.09,128.69,89.92
61.58,129.41,80.55,160.78,145.61,121.43,126.64,90.06
61.36,128.63,80.29,159.41,144.12,120.14,125.19,89.36
60.33,128.64,78.54,158.98,141.46,121.20,123.25,90.86
59.88,129.28,78.40,159.11,140.28,120.71,121.76,90.87
58.56,129.71,77.19,158.99,137.93,120.34,119.30,91.06
58.19,127.94,75.87,157.15,136.44,120.47,118.76,91.26
56.06,129.25,73.70,158.48,134.32,121.89,116.68,92.65
49.99,129.76,70.32,160.26,133.56,118.07,113.23,87.58
48.52,130.28,68.51,160.84,131.87,119.38,111.88,88.83
47.27,130.51,67.36,160.73,130.04,119.06,109.95,88.84
49.91,135.43,73.81,160.55,125.91,110.99,102.01,85.87
46.95,137.27,71.07,162.12,122.62,112.09,98.49,87.23
45.28,137.35,69.25,162.60,121.62,112.87,97.64,87.62
43.35,137.35,67.11,162.44,119.13,113.16,95.37,88.07
43.77,137.43,66.85,161.45,116.67,113.57,93.59,89.55
41.76,137.03,63.65,161.60,114.60,116.20,92.71,91.63
39.69,137.68,61.55,162.13,112.25,116.79,90.40,92.34
37.80,139.52,60.01,164.12,111.01,118.06,88.81,93.47
35.56,140.00,57.77,164.64,108.86,118.57,86.65,93.94
33.78,141.09,57.65,166.03,109.36,116.51,85.49,91.58
33.52,141.34,57.29,165.56,107.50,116.25,83.73,92.04
32.88,142.50,56.59,166.10,105.52,116.92,81.81,93.33
32.45,142.01,56.35,165.05,104.13,115.47,80.23,92.43
31.59,141.50,55.01,164.63,102.96,116.05,79.54,92.93
28.98,142.17,52.73,165.79,101.72,116.53,77.97,92.91
27.96,140.39,50.99,164.30,100.58,116.52,77.55,92.61
26.85,137.13,48.74,161.73,99.75,116.32,77.86,91.72
24.75,136.64,46.30,161.62,98.11,116.91,76.55,91.93
24.82,135.91,46.37,160.47,97.31,115.78,75.76,91.21
23.87,134.76,45.09,159.33,96.04,115.31,74.82,90.75
23.20,134.57,44.11,158.74,94.24,115.38,73.34,91.21
23.69,134.34,44.80,157.59,93.00,113.80,71.89,90.56
18.58,138.30,44.18,164.80,99.14,111.71,73.55,85.21
19.92,139.95,48.05,164.45,98.86,106.10,70.73,81.60
26.24,142.35,53.95,162.49,95.71,105.00,67.99,84.86
32.90,142.41,59.79,157.11,90.27,101.34,63.38,86.64
33.83,146.30,62.61,159.78,90.57,100.10,61.80,86.61
36.08,147.88,64.76,160.07,90.04,100.59,61.36,88.40
37.22,148.99,65.74,160.01,88.59,100.86,60.07,89.84
37.83,150.34,66.31,160.49,87.36,101.42,58.87,91.27
38.87,153.09,67.97,162.06,86.57,101.69,57.46,92.72
38.31,155.45,68.31,164.22,86.48,102.01,56.49,93.24
37.82,158.33,68.66,166.89,86.43,102.92,55.58,94.35
38.02,160.67,69.74,169.17,87.37,103.38,55.65,94.88
38.01,163.92,70.86,172.54,88.74,104.38,55.88,95.76
38.93,165.35,71.63,173.98,89.53,106.17,56.83,97.54
38.46,167.69,71.20,176.63,89.72,108.72,56.98,99.79
38.62,170.77,72.49,178.97,89.48,108.74,55.62,100.54
41.00,167.88,70.85,175.53,86.71,113.64,56.87,105.99
39.09,172.31,70.09,180.90,87.90,116.60,56.90,108.01
37.54,174.80,69.36,184.09,88.61,118.09,56.79,108.80
35.42,177.93,68.26,188.49,90.16,120.36,57.32,109.80
33.35,181.70,67.71,193.42,92.03,122.17,57.67,110.44
29.46,185.14,64.85,199.08,93.74,125.68,58.35,111.75
25.69,189.00,63.14,204.27,94.81,126.60,57.36,111.32
23.69,193.43,62.03,207.97,92.18,128.44,53.83,113.90
18.90,193.44,55.69,212.02,94.22,135.70,57.42,117.12
13.78,195.23,51.72,216.11,95.02,137.42,57.08,116.55
10.34,198.13,49.49,220.51,95.90,139.32,56.75,116.94
6.38,199.13,45.48,223.16,95.32,142.06,56.22,118.02
3.28,200.17,42.31,225.67,95.18,144.71,56.15,119.22
0.25,202.47,39.72,228.76,94.23,146.91,54.77,120.62
11.10,201.14,45.88,217.20,79.18,145.05,44.40,128.99
9.73,201.47,44.27,217.98,78.49,146.33,43.94,129.83
8.82,203.67,43.33,220.49,78.21,148.91,43.69,132.09
8.08,205.11,42.76,221.80,77.38,149.85,42.69,133.16
8.01,206.16,42.64,223.19,77.95,151.36,43.32,134.33
7.50,207.01,41.39,224.87,78.42,154.58,44.53,136.73
6.96,207.07,40.02,225.73,78.71,157.16,45.65,138.50
6.77,208.87,40.15,227.85,79.52,158.61,46.13,139.63
6.47,208.00,39.33,227.98,80.75,159.83,47.90,139.85
6.02,206.25,38.46,227.68,82.90,160.40,50.46,138.96
6.24,204.17,37.18,226.36,83.20,162.19,52.26,139.99
8.56,205.42,41.02,225.27,82.18,157.95,49.72,138.10
7.96,205.03,40.24,225.91,83.54,158.95,51.26,138.08
8.79,203.86,40.49,225.63,85.64,159.88,53.94,138.11
8.49,202.36,39.64,225.39,87.40,160.78,56.25,137.75
9.25,201.55,40.29,224.89,88.71,160.50,57.66,137.15
9.35,200.55,40.01,224.89,90.48,161.29,59.82,136.95
9.12,200.45,39.66,225.45,91.49,162.11,60.96,137.12
8.90,199.66,38.92,225.58,92.67,163.32,62.65,137.40
8.06,198.92,37.66,226.16,94.14,164.75,64.54,137.52
9.07,197.55,37.54,224.95,94.35,165.89,65.88,138.50
8.67,196.55,36.75,224.68,95.08,166.44,67.00,138.31
10.51,193.76,36.48,222.36,95.78,168.49,69.81,139.89
9.91,194.03,35.88,223.34,96.66,169.49,70.69,140.18
10.47,192.54,35.52,222.58,97.81,170.62,72.76,140.58
11.15,191.35,35.20,221.63,97.98,171.73,73.93,141.46
12.03,190.68,35.69,221.36,99.31,172.27,75.65,141.59
14.94,189.37,36.47,218.90,97.71,174.24,76.18,144.70
15.37,188.58,36.35,219.12,99.69,175.59,78.70,145.05
14.24,189.06,36.20,220.63,101.67,175.08,79.71,143.51
18.77,189.87,39.54,218.63,99.18,175.55,78.41,146.79
19.23,188.60,39.88,218.29,101.46,175.45,80.81,145.76
20.69,188.47,40.97,217.83,101.85,175.77,81.57,146.41
21.10,188.90,41.44,218.51,102.85,176.33,82.52,146.72
22.18,188.88,42.33,218.74,104.27,176.95,84.12,147.08
24.30,187.88,44.12,217.87,106.31,176.77,86.50,146.78
25.34,187.69,45.31,218.02,108.22,176.61,88.25,146.27
27.50,187.51,47.18,217.56,109.49,176.75,89.82,146.70
30.46,187.11,49.43,216.29,109.93,176.93,90.96,147.76
32.75,187.20,51.41,216.24,111.63,177.53,92.97,148.50
34.88,186.58,52.92,215.74,113.40,178.33,95.37,149.17
37.24,186.42,55.01,215.40,115.12,178.52,97.34,149.54
39.84,185.84,57.03,214.60,116.67,178.94,99.48,150.18
41.48,185.67,58.06,214.94,118.75,180.55,102.17,151.29
45.11,186.18,61.95,214.50,120.67,179.57,103.83,151.25
49.57,187.14,67.22,214.32,123.60,177.69,105.95,150.51
53.97,188.65,72.39,213.90,124.76,175.70,106.34,150.45
57.45,189.66,76.43,213.82,126.53,174.46,107.56,150.30
62.02,189.88,81.88,212.32,128.42,171.13,108.56,148.69
62.50,188.26,83.06,213.25,134.89,170.62,114.33,145.62
64.52,189.01,84.43,213.46,135.13,172.15,115.22,147.71
67.83,189.62,86.95,213.14,135.75,173.48,116.62,149.95
71.75,189.23,90.22,211.19,135.77,172.86,117.29,150.90
73.43,190.43,91.74,211.56,135.57,173.59,117.26,152.46
74.43,190.64,93.06,211.37,136.04,172.74,117.42,152.01
75.27,188.55,94.00,210.27,139.05,171.42,120.32,149.70
77.84,187.99,96.64,209.04,140.30,170.03,121.49,148.98
79.31,189.61,98.28,210.03,140.64,170.68,121.67,150.25
80.81,190.04,99.78,210.09,141.35,170.73,122.38,150.69
81.23,190.29,100.13,210.68,142.42,171.46,123.51,151.07
82.84,190.41,101.60,210.43,143.12,171.52,124.36,151.51
84.13,190.71,103.32,210.06,143.45,170.27,124.26,150.91
85.24,191.00,104.39,209.93,143.64,170.21,124.49,151.28
86.69,191.12,105.90,209.38,143.77,169.53,124.56,151.27
88.44,191.45,107.52,208.98,143.89,169.40,124.80,151.86
88.48,191.15,107.36,208.47,143.28,169.32,124.40,152.00
89.96,191.56,108.94,207.94,142.91,168.57,123.93,152.19
92.38,192.88,110.56,208.19,142.32,170.50,124.15,155.18
97.65,198.16,120.34,206.77,138.20,159.70,115.51,151.09
103.78,197.92,128.68,205.11,143.57,153.47,118.68,146.29
96.50,181.95,110.55,198.06,143.96,168.91,129.91,152.80
102.17,190.53,121.90,197.58,136.52,156.66,116.80,149.61
101.06,191.93,122.67,194.24,127.45,149.41,105.84,147.10
94.36,190.35,114.37,198.23,130.71,156.73,110.70,148.85
100.26,193.44,120.28,200.66,135.26,159.14,115.24,151.92
106.23,197.30,127.82,203.96,141.62,159.18,120.04,152.53
111.53,203.96,137.09,208.61,146.71,155.61,121.16,150.96
120.46,205.87,145.20,206.81,147.15,155.49,122.40,154.55
126.18,206.85,150.14,207.50,151.47,157.82,127.51,157.18
133.83,208.78,156.77,209.25,157.73,161.68,134.80,161.21
138.69,211.71,161.98,211.59,161.73,163.29,138.44,163.41
145.84,213.64,169.90,212.30,167.12,162.41,143.06,163.75
151.38,216.20,176.02,215.30,174.15,164.20,149.51,165.10
156.44,217.73,181.37,217.79,181.50,166.08,156.56,166.02
162.67,219.43,187.99,219.29,187.71,166.79,162.39,166.92
168.49,220.23,193.84,219.79,192.91,167.21,167.56,167.66
174.87,221.35,199.87,220.24,197.57,168.38,172.57,169.49
179.94,221.94,205.08,220.74,202.58,168.59,177.44,169.80
185.86,221.75,210.30,219.88,206.42,169.19,181.98,171.06
190.89,221.58,215.12,219.36,210.51,169.10,186.28,171.32
197.41,222.49,221.21,219.69,215.40,170.32,191.60,173.12
202.13,223.32,226.40,221.03,221.64,170.70,197.38,172.99
207.10,225.28,231.89,222.31,225.73,170.89,200.94,173.86
211.93,223.82,235.89,220.93,229.89,171.23,205.92,174.12
217.23,223.70,240.44,220.90,234.62,172.77,211.42,175.57
221.79,223.58,244.42,220.14,237.28,173.21,214.65,176.65
227.44,223.77,249.62,219.44,240.61,173.44,218.44,177.78
231.42,223.29,253.00,219.36,244.83,174.60,223.25,178.54
236.52,224.35,258.62,220.55,250.74,174.71,228.64,178.51
240.36,225.12,262.62,221.15,254.39,174.98,232.13,178.94
244.33,225.65,266.83,221.75,258.75,175.08,236.25,178.98
249.89,225.62,272.13,221.26,263.07,175.14,240.84,179.50
254.31,225.60,276.45,220.73,266.34,174.82,244.21,179.69
258.33,225.87,280.35,220.76,269.75,175.10,247.74,180.21
262.12,225.65,284.01,220.79,273.95,175.38,252.05,180.23
266.48,225.74,288.27,220.84,278.10,175.64,256.31,180.54
270.65,225.53,291.94,220.70,281.92,176.54,260.63,181.37
273.94,226.34,295.49,222.46,287.43,177.77,265.89,181.65
277.27,227.66,300.02,223.82,292.05,176.64,269.30,180.48
280.94,227.23,303.47,223.87,296.50,177.15,273.97,180.51
284.72,228.13,307.73,224.02,299.20,176.31,276.19,180.42
288.47,228.56,310.99,224.82,303.22,178.11,280.70,181.86
291.83,229.78,314.98,226.21,307.57,178.19,284.42,181.76
295.62,230.02,318.53,226.21,310.63,178.71,287.73,182.52
300.07,230.65,323.15,225.98,313.46,178.10,290.37,182.77
303.46,231.80,327.81,227.47,318.82,176.97,294.47,181.30
306.65,230.68,330.96,226.22,321.70,175.80,297.39,180.26
311.14,231.14,335.52,226.15,325.15,175.59,300.77,180.59
314.40,230.22,339.13,225.19,328.70,173.91,303.97,178.93
318.97,228.95,343.27,223.50,331.96,173.11,307.66,178.56
