1
263.249695,93.061119,68.854126,35.947823
262.772675,95.609650,68.737320,35.762943
264.002441,98.390968,68.728859,35.784275
264.293732,101.134125,69.048538,35.924198
264.630524,103.029678,69.227280,35.834255
260.696716,105.397255,69.315506,35.846294
260.663513,107.510918,69.098587,35.670876
258.897247,108.679092,68.824471,35.418251
257.845337,108.473244,68.840927,35.502121
256.553345,109.300552,69.314278,35.938725
255.055252,110.269852,69.369019,36.057632
257.726807,109.874527,69.718536,36.203579
256.264709,108.688805,69.961990,36.347462
253.906631,108.499634,69.248833,35.988220
253.575790,108.601387,69.417580,36.021435
254.015213,107.484947,68.752975,35.675091
253.085480,107.739998,68.889847,35.705467
252.210571,106.501160,68.953346,35.732101
251.462067,105.098877,69.229935,35.937550
248.321320,104.609146,69.428955,36.015213
246.269211,104.314560,69.463554,35.984180
246.370529,103.427086,69.466309,36.087395
245.503540,102.183388,69.317459,36.074463
242.164398,102.654892,69.100700,35.942108
242.141113,101.329453,68.932846,35.918438
239.820633,100.077461,68.793396,35.889397
236.917450,99.827454,68.766068,35.896606
237.036102,100.506294,69.113327,36.043224
234.159927,99.037422,68.939400,35.942600
233.178894,100.264816,69.334564,36.121460
232.760605,99.799721,69.605629,36.374386
228.847031,97.812149,69.791725,36.553581
228.070999,96.543961,69.694237,36.576614
224.777847,98.238892,69.338547,36.459026
224.023239,99.032578,69.630814,36.667343
221.563507,99.432205,69.522507,36.580925
222.579224,101.218201,69.071159,36.267323
219.851028,101.351006,69.102226,36.175785
220.449509,103.625397,69.143524,36.168571
220.395691,91.205658,68.903694,36.061474
223.695465,104.575996,68.966415,36.094841
224.009476,105.218170,69.035522,36.083466
224.719788,107.343315,69.347198,36.271812
225.235153,106.675484,69.503883,36.342751
227.375839,107.764038,69.274101,36.200390
227.294174,107.442383,69.405556,36.199245
234.063278,116.098869,69.251984,36.131416
236.222137,116.747925,69.326439,36.147594
238.120407,117.407570,68.839310,36.007923
240.079300,118.489174,68.551720,35.912182
239.013290,117.439880,68.783104,36.039791
240.155472,118.263161,68.806885,36.112045
240.927475,118.923180,69.263008,36.339329
242.599533,119.125938,69.041382,36.128124
241.313324,121.533958,69.462044,36.140728
241.608521,120.448555,69.472641,36.122078
241.836304,119.384117,69.597282,36.244125
245.636475,122.718239,69.386559,36.035152
241.123642,121.934013,69.731529,36.179855
237.721481,124.393044,69.653847,36.061443
242.160538,126.929794,69.415558,36.015743
238.559586,126.592590,68.028587,35.221146
236.612274,131.040222,68.451790,35.429058
238.810898,130.765717,67.962257,35.222122
238.916321,131.731400,68.017197,35.276741
241.731415,131.002579,68.149696,35.379742
238.362366,134.207474,67.875587,35.258053
239.640564,134.137955,68.362198,35.521099
239.619690,135.192322,68.459106,35.647888
237.293869,135.524963,68.345924,35.519753
237.896606,136.708832,68.611084,35.632915
239.730209,136.238892,68.351669,35.488598
239.693344,136.106232,68.498581,35.510292
239.746292,135.683624,68.407089,35.411728
239.923447,136.662308,68.859116,35.641205
238.748215,136.943115,68.600861,35.563908
240.406143,137.373077,68.911461,35.727390
236.656647,136.066254,68.659363,35.753857
237.353882,137.099792,68.435585,35.711697
235.393906,137.855728,68.624176,35.792179
235.578491,137.573441,68.314728,35.676502
237.696548,137.769516,68.373421,35.664112
237.149185,138.336395,68.204102,35.530430
235.613113,138.007950,68.572784,35.570004
234.669937,137.992691,68.140999,35.317814
235.826340,136.642776,68.515564,35.567596
235.045319,136.951050,68.932831,35.794857
236.526642,137.064209,69.394821,35.960655
235.795975,136.341034,69.857880,36.184708
237.238327,136.471329,69.892456,36.103531
238.086609,137.443436,69.995232,36.186375
238.453857,137.994736,69.935104,36.216995
239.025879,137.435226,69.943336,36.238022
237.180099,137.994034,69.902000,36.222759
236.038559,137.389801,69.930023,36.319386
234.797180,137.783875,70.498657,36.716339
235.897354,138.097977,70.427711,36.774014
236.534683,137.351547,70.308464,36.652420
237.007156,137.667206,70.230270,36.620609
235.683502,138.677658,70.229027,36.630234
237.947449,137.479599,70.116280,36.575836
234.631134,138.023697,70.126823,36.640617
234.414474,137.886246,70.290215,36.728996
236.141769,138.246750,70.182251,36.732979
235.142212,137.023911,70.222191,36.843132
235.665512,137.294266,69.769379,36.672188
235.685501,137.270889,69.771202,36.794701
235.224030,137.356644,69.613564,36.720997
234.623520,137.316650,69.735031,36.875378
234.350601,136.937454,69.332657,36.759727
234.046921,137.497192,69.722687,36.864933
234.338348,137.444611,69.935181,37.004402
234.897583,137.714188,69.461914,36.839733
234.782883,137.361298,69.557632,36.896656
231.198730,139.679626,69.478821,36.746601
232.014130,139.618881,69.433250,36.641651
231.604065,140.199661,69.378151,36.622078
229.799454,141.495560,69.566452,36.779808
233.319427,141.060135,69.646423,36.737091
231.722733,142.947891,69.765015,36.819527
231.990967,144.290833,69.270508,36.548363
231.960648,144.669754,68.920708,36.363720
233.963181,143.934052,69.044449,36.420940
230.664581,144.768219,68.599922,36.163021
232.028137,146.704224,68.897766,36.223137
232.516602,146.608276,69.434372,36.438408
2
0
0
0
0
1
212.474548,93.924698,63.940952,58.704895
211.630630,94.629387,63.758408,58.582314
210.851288,95.448929,63.621101,58.383469
208.292282,95.006729,64.245865,58.864487
205.982086,95.950722,64.363350,58.913166
204.725388,96.828659,64.071548,58.725353
203.053146,96.250191,63.942326,58.525581
202.050690,96.740982,64.133850,58.663403
201.439941,97.867928,63.858940,58.310741
201.314926,98.562462,63.839649,58.175682
200.665985,98.172119,64.016823,58.373512
198.528549,97.147690,64.212593,58.551437
195.457352,97.279556,64.397278,58.659756
192.784592,97.721977,64.187683,58.561657
190.903839,98.519943,64.100418,58.531193
190.432007,100.588806,64.033386,58.460007
192.127792,99.652229,64.059998,58.463821
188.251175,104.308647,63.655964,58.070374
187.219543,104.933586,63.146023,57.627659
188.515320,106.952492,63.637386,58.122635
184.656860,108.436760,63.627949,58.216751
184.752304,108.217857,64.008820,58.547855
183.830612,106.696327,63.802296,58.258728
182.072845,108.147812,63.634850,58.100445
181.533356,109.593071,63.749718,58.208126
180.979233,110.261482,63.282616,57.800846
180.526230,111.081070,63.336639,57.873886
179.743652,110.802498,63.273125,57.856178
178.958176,110.647560,63.558861,58.133652
178.642609,108.470581,63.834583,58.356594
177.084381,109.761963,63.419601,57.968048
177.380051,106.447174,63.204819,57.752735
176.053589,108.007629,63.540051,57.965351
173.612518,106.655785,63.439991,57.775242
171.607513,105.753563,63.468647,57.741394
171.631683,102.227066,63.082359,57.469425
169.615707,100.961029,62.765423,57.184086
168.185669,101.998215,62.916889,57.404850
165.756363,98.880295,63.270596,57.754311
165.281219,97.830544,63.134254,57.634945
162.756882,94.667107,62.397800,56.901333
165.433731,94.906586,62.257530,56.880638
162.205399,95.614906,62.069191,56.713169
160.830811,91.926186,61.837139,56.497540
160.711075,91.639061,61.783146,56.457802
157.327713,90.914810,61.631905,56.407402
156.310715,89.806595,61.708237,56.500431
157.250778,90.105209,61.782890,56.476410
154.014313,91.235359,61.734341,56.379143
155.681580,91.462212,61.623020,56.300655
154.671036,88.478027,61.735634,56.366100
155.816208,85.489456,62.109669,56.620556
149.184708,91.138374,61.992512,56.364487
148.371887,90.125572,61.379070,55.753288
145.655518,87.509430,60.234901,54.723122
167.811050,107.568237,60.240917,54.718544
159.243652,101.770630,60.237804,54.709888
153.844742,94.697289,60.303452,54.809650
155.100525,99.131462,61.114597,55.438339
157.025269,98.455521,60.963036,55.390144
153.820999,97.300148,61.467068,55.922367
152.388519,96.641235,61.454296,55.933060
154.091690,99.172966,61.352913,55.920528
152.338913,100.127663,61.297588,55.818108
156.001144,99.360512,61.300198,55.749561
154.406662,97.735840,61.136726,55.579300
153.631973,96.181145,61.338543,55.828838
153.134247,99.624771,61.560715,55.983784
151.834641,98.498032,61.301445,55.655190
153.255859,96.964813,61.731934,56.082817
151.881531,98.027092,61.750160,56.088791
153.055725,100.060684,61.469994,55.798965
152.065109,98.900002,61.510826,55.822845
152.425583,99.187889,61.879581,56.199764
153.198883,101.493538,61.582737,55.915230
153.126419,101.340218,61.510242,55.846378
151.473831,100.244255,61.544807,55.882969
152.696625,101.368248,61.634060,56.013596
151.737289,100.576027,61.563736,55.978222
155.039291,100.637939,61.748741,56.150917
153.660660,101.512527,61.647488,55.938786
154.027603,101.359711,62.139984,56.340488
153.387695,101.856232,61.764969,55.990536
153.813171,100.901520,61.292137,55.588085
150.730728,102.076523,61.436840,55.757042
153.430969,101.945747,61.614212,55.842911
154.322266,102.142303,61.562695,55.788162
153.395767,102.845451,60.896145,55.209061
153.631470,102.718254,60.791325,55.088474
151.101227,101.310753,61.408474,55.600662
154.351257,103.216263,61.250278,55.505825
151.587936,103.599030,60.795216,55.057655
151.397690,102.977646,60.422657,54.703583
150.617020,103.166893,60.136292,54.454956
150.847397,102.911308,60.286133,54.547081
150.730301,103.116333,60.435646,54.595322
151.761658,102.570015,60.513111,54.599964
150.686569,104.215439,60.217350,54.365944
150.750916,103.171524,59.997116,54.096439
150.561569,104.040443,59.976040,54.069157
149.800797,103.428467,60.185707,54.242283
151.789536,106.098061,60.452068,54.509415
150.361359,103.135612,60.355534,54.486866
152.624969,103.474792,60.673828,54.679638
151.299423,103.963760,61.113438,55.084202
152.668945,102.625458,61.610973,55.483223
153.261429,104.392197,61.605080,55.558434
151.082870,104.661919,61.904812,55.871185
150.374069,102.029922,62.357960,56.343201
150.472733,102.434883,62.661671,56.569550
151.686340,103.001259,62.680424,56.555470
151.501556,105.008018,62.403046,56.286182
151.869446,102.832558,62.383144,56.249012
151.851257,104.214592,62.478382,56.415512
149.911530,104.002022,62.661938,56.497910
150.999374,103.856804,62.627068,56.454506
150.786163,103.296761,62.219738,56.010151
150.904373,104.022644,61.906597,55.826405
152.073730,105.050217,62.254292,56.214218
152.629807,106.862068,62.290485,56.289482
149.095810,105.431740,62.061790,56.045479
150.760056,105.261230,62.120670,56.008209
154.128769,105.414543,62.154293,56.110249
152.139542,105.975456,61.957531,55.824200
152.281616,106.458885,61.731277,55.650795
153.574707,105.254539,61.506229,55.547066
152.776367,106.602058,61.210800,55.244888
154.268341,106.152435,61.217846,55.276360
152.592102,105.488670,61.404629,55.453407
152.198456,106.496208,61.787663,55.738884
153.947113,105.517563,61.762486,55.821369
153.603409,106.505714,62.254471,56.230938
151.640640,106.461586,62.114155,56.152115
151.699814,106.366585,62.044479,56.128006
153.505020,105.774757,62.271828,56.210209
149.947388,103.937881,62.506897,56.407467
152.561859,104.807228,61.915833,55.766788
153.069595,105.321617,61.812466,55.676605
153.123123,106.368164,61.499489,55.427208
152.781372,107.065254,62.027317,55.934414
151.492142,106.653305,61.777962,55.720531
152.356461,106.474068,62.035805,55.962708
153.957947,106.675064,61.916672,55.775772
151.410568,105.705498,61.554935,55.505089
153.951630,107.141441,61.429707,55.397823
152.742050,105.964096,61.339252,55.338551
152.187653,106.911064,61.673363,55.801289
152.942078,106.735611,61.747581,55.887627
151.409134,105.443710,62.069683,56.129375
153.651260,105.548615,62.051823,56.166107
152.780533,107.235207,61.842003,56.055973
152.527145,105.985802,61.856220,55.994640
152.521973,106.433212,61.895618,56.080090
150.339691,105.801651,62.794376,56.922672
152.766373,107.015099,62.307228,56.464619
152.114288,107.044243,62.610893,56.727539
151.656693,107.452583,62.520859,56.769192
151.231949,107.469299,62.566395,56.810875
151.962051,108.533821,62.384182,56.704899
151.169861,108.266876,62.571648,56.934231
153.405838,107.979729,62.444523,56.954845
151.593872,109.405037,62.600662,57.025455
153.493088,108.319008,61.922508,56.327564
153.909882,108.008591,61.627666,56.024288
152.598145,109.047691,61.584808,55.995979
152.278137,109.302261,61.749084,56.124687
153.171921,108.902733,61.946735,56.292965
152.700790,108.072906,61.704559,56.079025
151.650330,107.518135,61.522041,55.865913
152.821442,107.584229,60.884903,55.306572
152.939590,108.763741,60.531933,54.959232
153.773331,109.548508,60.603275,55.067757
152.426666,108.731750,60.649624,55.103260
153.506531,108.567070,60.685120,55.165684
154.202148,108.871895,60.403419,54.891468
151.674896,108.931152,60.526886,54.997437
153.438766,108.621925,60.817581,55.316113
154.123489,109.187004,60.750587,55.164158
153.960220,110.516457,60.587013,55.010197
154.009491,108.455727,60.877121,55.243851
153.181198,108.239357,61.062931,55.401875
152.726639,107.959747,60.865898,55.175461
152.864990,111.513100,61.231590,55.503819
153.341599,109.552628,61.487312,55.855968
153.689087,108.147598,61.464558,55.759823
153.025787,107.995171,61.047150,55.304684
152.308899,108.707062,62.262302,56.391403
151.669586,108.790390,62.680489,56.814503
151.974106,108.256989,62.907967,57.098606
152.081284,108.211670,62.579475,56.654140
151.436661,108.985283,62.740742,56.708126
150.839981,108.819679,62.696350,56.601017
149.947128,108.458031,62.951721,56.928520
151.187973,108.708000,63.182087,57.051994
149.304382,108.005432,63.514984,57.327938
151.224854,107.604149,64.097977,57.826763
149.203232,107.372681,64.191048,57.888638
151.526962,108.021835,64.039688,57.698219
148.531189,107.752182,64.254059,57.908680
148.559174,107.836670,64.169662,57.867546
150.552582,108.329231,63.793457,57.524883
149.939178,106.445168,63.516010,57.226715
151.548279,108.093719,63.460331,57.270657
150.157150,107.527260,63.950005,57.758434
150.764679,106.568069,64.558876,58.411098
150.826248,107.038857,64.085014,57.966873
151.554016,107.106651,64.354668,58.242130
150.557541,106.232918,64.346001,58.233948
149.404907,107.095299,64.469307,58.347935
151.309036,107.974174,64.495544,58.343315
148.263977,106.468361,64.838142,58.569294
150.426559,106.940964,64.496513,58.203140
152.092712,108.086281,64.337830,58.121655
151.286392,107.115204,64.536713,58.293610
150.204819,106.992142,64.669823,58.419640
150.523148,107.446365,64.553795,58.282284
148.915771,108.238129,64.408958,58.149281
150.112167,104.986977,64.707512,58.477375
149.901886,106.339264,64.531998,58.323246
151.110931,106.736694,64.662140,58.459801
151.205872,107.462639,64.295158,57.974648
148.804138,108.036896,63.916641,57.641308
149.964996,107.566269,64.035805,57.706684
149.107468,107.104988,64.144051,57.841801
149.820663,107.290527,64.111473,57.856541
152.537186,108.129478,63.891197,57.723915
149.409897,107.577461,64.158829,57.883686
149.583206,108.567467,63.924953,57.686363
150.971558,107.112938,64.083191,57.857422
151.660049,107.952194,63.992096,57.758911
151.526428,107.881332,63.998352,57.797035
149.896896,107.615067,64.407639,58.201813
151.240021,106.843956,64.524406,58.299774
151.208740,107.300934,64.457878,58.293232
150.942505,108.173218,64.207504,58.035835
153.352814,108.407776,64.476639,58.308350
151.049149,106.786850,64.150444,57.969242
151.019958,106.677582,64.433022,58.282925
151.486206,108.888245,64.353378,58.149757
147.367493,104.891319,64.894974,58.640270
149.549103,106.582405,64.752884,58.477562
148.879700,107.694786,64.662445,58.310726
151.187271,107.045311,64.795494,58.481876
151.703232,106.443970,64.416100,58.213291
151.339111,106.438637,64.212433,58.064613
151.538086,106.466812,64.136414,58.012432
149.241486,106.440994,64.470009,58.224083
152.429840,106.596123,64.854729,58.610592
150.710098,107.500259,64.348557,58.218876
148.561371,106.599709,64.266693,58.109814
151.093887,106.664398,64.099594,57.916019
151.433899,107.535713,64.277596,58.138622
150.198044,105.830437,64.816505,58.627209
150.894653,105.905037,65.165382,58.986195
150.811844,106.523399,65.516731,59.266464
151.466232,105.187714,65.776306,59.412937
149.902939,106.506485,66.064697,59.722946
151.161438,106.997910,66.060890,59.669243
149.211685,104.565956,66.029587,59.682457
149.264557,103.703621,65.692284,59.381744
151.912491,106.101967,66.164650,59.871140
151.206741,104.379791,65.901672,59.634449
150.944168,105.443825,65.608147,59.288757
151.774689,107.400833,66.037598,59.713833
151.028336,106.067734,66.292656,60.053452
150.976913,105.251350,66.025703,59.975319
151.864227,105.586296,65.388809,59.369415
152.707016,105.067307,65.298187,59.311810
151.724823,104.530205,65.020859,58.892803
150.429108,104.022636,65.384628,59.299953
151.219620,104.370567,65.457893,59.389400
151.152039,105.205040,65.947983,59.829342
150.268799,105.316307,66.207657,59.993557
151.310974,104.347832,66.192535,60.141220
150.223740,104.099701,66.238724,60.120815
151.075211,104.737419,65.867897,59.816814
152.823166,107.287552,65.784363,59.675224
151.842224,105.880600,65.718613,59.592060
148.135544,104.502090,66.324860,60.107956
149.792572,105.525757,66.121857,59.971386
149.809784,104.171600,66.320168,60.117718
147.673340,103.819862,66.564301,60.359047
147.959305,104.275871,66.446342,60.304501
147.272903,104.506065,66.286621,60.032360
146.320374,104.213821,66.510429,60.160877
144.931824,103.087273,66.439346,60.052025
145.573563,103.368523,66.951462,60.508465
147.190720,105.275352,67.218292,60.909817
145.773102,103.152191,67.644615,61.248524
145.912460,104.336983,67.813980,61.431927
145.133636,104.243340,67.258224,61.061520
145.353165,103.597336,66.762123,60.658142
145.833496,103.760895,67.201805,61.081852
146.514481,101.962570,67.285851,61.100647
143.052078,100.113411,67.463303,61.336014
145.365677,101.071342,67.663139,61.586956
145.989807,103.091537,67.494003,61.419819
146.043167,103.670120,67.555534,61.499058
145.584641,99.702400,67.093208,61.007851
146.430344,103.225090,67.109192,60.990597
145.322906,102.286079,67.016151,60.957958
146.744278,103.910683,66.976151,61.012505
147.509613,102.329002,66.903709,60.934967
149.238464,102.782051,67.330833,61.324039
149.024780,104.125366,67.217735,61.245560
149.588806,104.005821,67.177986,61.270935
145.946594,103.839943,67.155937,61.154835
146.985687,104.127670,67.295395,61.247986
147.615860,103.398300,67.004013,60.989857
148.675751,101.933388,66.736656,60.711235
148.157837,104.577652,66.825577,60.853493
146.549850,105.372543,67.096947,61.083515
146.764038,104.649368,67.419777,61.389435
146.605316,102.866898,67.108826,61.048332
150.368347,104.040405,67.151421,61.192577
147.495331,105.714539,66.981049,61.053295
146.049072,102.067505,67.181557,61.127644
147.120850,104.593246,66.999565,61.060829
148.656601,103.189720,67.049789,61.164085
148.711685,104.893539,67.157921,61.291683
146.866882,107.499100,66.914490,61.040951
149.864426,106.652817,66.511429,60.718533
149.300262,103.950005,66.083923,60.378727
148.470917,105.374733,66.198212,60.398109
149.826324,105.093529,65.667976,59.857655
150.702286,105.688339,65.840218,59.934711
149.554550,105.699120,65.740669,59.873917
151.616592,105.642815,65.514565,59.599415
149.789856,104.521530,65.662239,59.765457
150.760132,106.550369,65.039230,59.214443
149.649994,105.126778,65.061714,59.192108
149.526718,106.351944,64.977219,59.141750
150.334702,105.142891,64.766273,58.938969
150.957428,106.652992,64.363968,58.576862
149.239777,108.115341,64.055069,58.159561
151.024261,107.023216,63.455212,57.658276
150.725693,107.383934,63.393219,57.649757
149.546005,107.633965,63.704998,57.949841
151.669327,106.603035,63.794167,57.940224
150.241913,105.791023,63.826382,57.840595
150.057159,106.904343,63.362022,57.487968
148.477020,106.923103,63.452824,57.458759
150.442764,107.362434,63.423923,57.406227
2
0
0
0
0
1
107.967354,90.946815,47.412739,57.535507
107.505791,90.899994,47.255257,57.334003
106.145729,90.728622,47.501995,57.586380
105.111900,90.440369,47.238125,57.219288
104.372849,91.756767,46.889336,56.793118
102.236603,90.731583,46.811871,56.724785
101.313499,90.477089,47.276772,57.332150
99.159874,90.250443,47.475788,57.560760
98.083900,89.606956,48.134968,58.362122
94.770752,91.277573,48.203636,58.464218
93.831512,89.048988,47.899952,58.084286
92.824852,90.498077,48.011662,58.231602
90.939720,89.524605,48.390537,58.675488
88.348526,90.918640,47.515125,57.656322
87.852135,90.310806,47.586845,57.672810
85.731224,89.130035,47.359188,57.442852
83.020958,89.840309,47.239250,57.265236
82.949234,89.746872,47.395538,57.524963
81.481850,89.173927,47.437767,57.518147
79.592964,90.335518,47.132969,57.168850
78.277466,89.615623,47.387257,57.455849
76.755363,89.792709,47.416752,57.481625
75.372246,89.566040,47.880459,58.051460
74.713081,88.534866,48.079666,58.278954
71.675392,87.994720,47.895821,58.026642
70.787956,88.658089,47.582611,57.642738
68.961876,90.198456,47.229168,57.257355
66.972183,90.672432,47.337101,57.453800
65.309181,90.656418,47.621120,57.786026
63.863960,90.319206,47.497284,57.609684
62.530628,88.928177,47.389938,57.530365
60.984192,90.495399,47.338932,57.519321
60.702732,89.728188,47.802521,58.015968
55.922131,91.778946,47.459133,57.623451
53.768459,91.957657,47.138535,57.330044
52.463413,93.624626,47.187912,57.415279
52.036499,94.887451,47.510544,57.855724
49.674080,94.858665,47.371838,57.658005
48.312012,94.790779,47.803055,58.167450
46.580273,94.664146,48.030766,58.385311
47.176495,93.234314,48.669201,59.185040
44.927792,95.888939,48.235962,58.667706
42.584137,96.185631,48.355442,58.775257
41.875011,92.956154,49.006081,59.630512
41.013027,92.727905,48.768639,59.307003
38.871861,94.995361,48.743484,59.213005
38.698479,91.557281,48.851604,59.344429
36.563019,91.497612,48.122692,58.445671
36.541378,89.230171,48.248085,58.643688
36.431778,89.913139,48.253197,58.622902
38.210503,89.976761,48.262283,58.651237
38.213806,93.230896,47.874287,58.223728
38.947651,93.536064,47.355030,57.617218
39.120647,92.281853,47.501442,57.726200
51.756096,86.323761,47.732677,57.984997
44.978157,91.412590,47.913727,58.263695
45.954563,89.765831,47.392460,57.659443
51.623661,93.254738,47.325626,57.540359
47.469322,94.195580,47.035831,57.256145
51.038605,90.501450,46.540344,56.622562
60.922085,98.136505,46.605042,56.710339
2
0
0
0
0
1
40.312820,111.292068,41.596710,67.207085
39.051418,112.324471,41.751316,67.436058
39.578411,112.920235,41.648903,67.274849
38.626499,116.020454,41.437420,66.971245
38.707672,117.213058,41.358765,66.884636
37.565342,118.459969,41.202351,66.621262
35.928513,121.124908,41.551926,67.176773
35.647961,120.394379,41.982887,67.808647
34.115261,123.919533,41.506500,67.126823
30.979332,126.061523,42.126595,68.157913
30.634789,128.297073,41.991970,67.929741
26.203253,128.384933,42.499947,68.791611
24.309954,130.278732,42.604763,68.998924
22.870647,132.753143,42.376209,68.633698
22.806824,134.261871,41.803238,67.728989
22.337994,135.430191,41.529488,67.236366
21.886797,136.997757,41.040489,66.426025
21.978380,139.166336,40.853729,66.088326
21.399088,141.679092,40.868649,66.093201
22.071655,142.930206,40.845371,66.038879
20.786921,141.099747,40.947144,66.157249
21.894978,140.813293,40.871838,66.004692
22.617636,140.380386,40.956436,66.148567
22.327320,141.792282,40.409836,65.221283
23.084879,141.726318,40.472115,65.351456
24.177437,140.982193,40.432983,65.319878
25.187555,140.226913,40.516392,65.421265
26.274641,140.382614,40.244987,64.949677
26.609880,139.761292,39.966660,64.525375
26.494234,143.095657,39.383263,63.499260
25.925053,141.372696,39.807655,64.188461
27.053102,142.168686,40.083111,64.654411
29.022360,143.157043,39.943436,64.455170
28.028557,140.888596,39.990509,64.531403
27.690746,144.053085,40.078175,64.698387
27.800119,142.815872,40.411205,65.219658
28.386292,141.393509,40.528828,65.346939
30.282356,141.497604,40.360794,65.043510
30.806002,143.646393,40.640503,65.505699
34.174931,142.964478,40.090759,64.610886
31.815369,142.434265,39.884792,64.295959
32.587429,140.640732,40.624023,65.417412
35.274544,142.024994,40.742718,65.635239
35.655285,140.193222,41.013699,66.040833
39.404369,141.984406,41.149857,66.279099
39.622566,143.765060,40.578560,65.402206
39.744953,143.842773,40.403191,65.067383
42.574673,142.636414,40.426243,65.096550
43.092503,141.996216,40.660088,65.464165
44.397572,142.019562,41.193977,66.344498
47.154209,141.427292,41.399120,66.691193
47.800457,142.994171,41.517742,66.837387
49.228676,143.698364,41.228024,66.306160
50.485573,141.431549,41.137836,66.102440
53.031254,141.844482,41.191433,66.184715
55.190128,140.807983,40.682606,65.321846
58.516792,141.733398,41.005581,65.836243
59.506180,142.761444,40.608532,65.225533
61.841576,142.191269,40.851852,65.631386
65.423843,143.793533,41.103867,65.999329
67.249237,141.509079,41.238731,66.177139
71.286957,142.636154,41.360073,66.313309
73.233223,142.373108,41.412006,66.372498
74.312271,143.173096,41.402771,66.329529
77.169991,143.007843,41.268120,66.067215
78.762642,143.861923,41.671131,66.660324
80.572937,142.698639,41.276272,66.014168
80.909882,143.428436,41.259022,65.986534
81.877029,142.127289,41.326309,66.140167
82.994026,143.654694,41.486271,66.417145
84.085617,141.705048,40.850044,65.407654
83.829071,141.953705,40.603832,64.984398
85.915657,140.957016,40.566536,64.987267
86.190422,143.505661,40.581245,64.942558
87.228600,145.777405,40.586720,64.992630
87.843788,143.408005,40.470966,64.837891
89.240395,142.270966,40.577847,65.016411
91.691193,144.464813,40.843113,65.485741
91.622009,143.377075,40.633842,65.099037
92.045891,143.613235,40.620789,65.112473
91.336334,144.921661,41.154804,65.927437
91.135323,142.240143,41.512283,66.495529
94.991653,141.651886,41.456619,66.389732
87.137924,143.997131,41.068264,65.647598
89.045982,141.246185,41.215679,65.899055
90.682976,144.014389,41.337868,66.095131
93.744194,144.704712,41.648232,66.597382
96.280266,144.514633,42.063641,67.241928
105.809196,149.930222,42.212543,67.453995
98.173737,146.092651,41.783146,66.779037
83.538719,138.132263,41.953720,67.113457
89.363853,140.313354,41.420582,66.220444
92.104752,141.142258,41.155365,65.790260
93.574303,143.340439,41.003845,65.534142
92.052193,143.940948,40.833206,65.236229
2
0
0
0
0
1
166.922745,183.799042,82.142014,39.726704
170.338867,183.873383,82.557777,39.961929
177.939545,186.626434,82.429352,40.022678
181.858139,185.240005,82.644592,40.052479
185.422241,185.533112,82.903046,40.231903
190.284760,185.693268,83.394669,40.613750
195.676788,185.763428,83.845482,40.866486
199.374100,185.905670,84.063721,40.976059
204.918381,186.371918,84.092880,40.906223
209.149002,187.762482,83.977654,40.797348
213.716827,186.662735,84.580894,40.927563
217.558975,186.215408,84.544624,40.989674
222.012085,187.579788,84.280296,40.847736
227.788925,188.204376,83.943665,40.621628
230.470993,187.876144,84.108536,40.705322
234.663040,188.221344,84.094757,40.696911
237.704529,186.419617,84.572502,40.926517
242.476776,188.212097,84.541183,40.884533
247.177505,187.676529,84.513084,40.744141
249.878174,188.255722,84.152275,40.433098
253.253754,187.282883,84.042213,40.423172
258.132568,190.626526,84.311295,40.559547
261.114777,189.882690,84.333359,40.619003
265.167267,189.643753,84.589523,40.835281
268.097595,189.909973,84.516663,40.803814
273.497101,190.185440,84.356110,40.811405
276.188019,189.383453,84.528885,40.905182
280.150452,191.094879,84.897141,41.015854
284.774994,188.824493,84.816116,40.918301
287.441986,186.946884,84.951332,40.965057
291.862549,186.764801,84.541023,40.806152
294.514771,186.171539,84.161659,40.542446
