1
552.321594,244.383102,297.063568,336.092499
562.660522,229.524628,296.669464,335.777008
543.885681,213.862137,300.142822,339.087067
576.069031,191.598801,297.889771,336.547516
612.142395,211.686310,300.905701,340.724548
594.789490,176.901199,297.211670,336.575745
598.053345,200.649185,296.446472,335.745880
549.635620,205.380341,298.816833,338.563324
502.747467,218.347809,298.974854,339.237579
514.158386,210.119705,296.362610,335.335724
516.243713,204.700333,295.518677,334.479126
520.817505,197.961426,299.737762,340.025940
528.679504,190.454010,292.517334,332.309387
507.526398,215.499817,295.246033,335.178131
513.311768,238.544510,293.382996,330.906219
537.640381,240.694733,294.876495,333.461670
595.724182,267.016846,294.414398,332.606323
498.978241,162.871323,291.803101,329.121918
490.732727,144.603561,292.902954,330.628082
467.815979,144.977554,290.059265,327.061462
472.910309,148.447800,294.090363,331.795532
473.768829,135.904724,294.536316,332.859283
512.073120,102.898384,293.316467,331.282990
546.562988,91.428268,290.016144,326.933044
567.648438,84.832550,292.176361,329.500732
605.122925,76.921898,289.178284,326.138794
620.136536,69.811874,291.831146,329.686737
648.053711,77.189766,291.079163,328.292603
659.062500,87.012711,290.053436,327.101349
654.433716,50.154873,287.795807,324.123077
663.699707,43.847565,288.985687,325.908325
654.249939,50.471024,293.577454,330.765320
662.200928,85.504295,289.765717,326.467255
636.971069,81.960632,289.814880,326.859406
625.573975,108.519997,296.824371,333.662689
596.896973,114.322540,295.957428,332.535950
582.571411,111.835045,295.736450,332.079803
547.254761,95.630417,291.334991,327.087524
532.809143,83.910637,289.071045,324.719574
541.498535,55.432793,288.110291,323.699890
486.272614,33.242893,292.554077,329.536377
481.016022,19.426542,292.389160,329.715118
454.787567,2.695217,294.718811,331.539642
479.263275,-21.036341,295.774231,333.063446
506.313782,-44.975105,286.139862,321.930359
525.869995,-66.669807,285.240326,320.709045
517.099792,-100.587273,294.257568,331.787994
2
0
0
0
0
1
593.225525,389.542084,268.924194,265.212921
590.839111,415.599731,266.100311,262.248749
582.545349,428.687164,269.105072,265.445251
582.563110,449.612152,267.148407,263.384857
585.949280,454.635101,265.850342,262.010498
587.360229,458.051178,266.609497,262.463409
581.176575,510.890198,265.600128,261.539551
