1
735.788452,228.500275,194.648605,113.918144
735.113281,226.920105,194.275192,113.778397
735.128906,226.942642,194.455948,113.898140
733.986572,230.818787,194.181900,113.552216
737.441040,225.691345,195.009583,114.257027
743.301819,227.732864,194.666428,113.966766
745.396484,224.595139,194.431641,114.035973
745.790649,224.154938,194.431061,114.130661
746.292786,224.833633,194.403992,114.077293
750.859680,221.328308,194.551620,114.177750
747.794739,222.876541,194.517532,114.091209
752.338989,222.267670,194.840683,114.339859
746.515198,221.318481,194.843857,114.094261
749.916504,220.292847,194.963989,114.084068
748.334778,221.956238,194.316650,113.610840
752.349060,222.494125,194.364120,113.372475
752.131958,221.115311,194.715561,113.688301
752.451599,222.166733,194.431808,113.305367
752.579590,221.884766,194.565475,113.482758
755.623779,220.388687,194.555511,113.431000
760.677124,215.967331,194.261826,113.189453
758.223145,219.124649,194.548752,113.517693
760.789185,216.873199,194.733215,113.534760
763.792847,215.024826,194.291809,113.061584
756.097351,220.372406,194.332535,113.204742
757.311707,218.596298,194.731064,113.256943
757.149658,218.142426,194.794662,113.235008
763.555542,217.054794,194.458710,113.046585
760.199951,216.000000,194.776550,113.210854
761.592529,221.776184,194.668167,113.493225
756.639343,218.483109,194.414261,113.334946
761.318787,219.484497,194.283218,113.403778
752.061218,218.270554,193.969650,113.252983
759.304932,221.021713,193.869080,113.194977
757.562378,220.805573,193.915359,113.598228
765.643616,220.989731,193.762146,113.009254
760.839844,219.616623,193.485214,112.822861
760.076416,222.879654,193.633316,112.997253
762.700806,216.896698,193.596802,113.126282
770.448669,218.110779,193.611176,113.397842
761.162903,221.719772,193.685272,113.460556
759.269897,216.884659,194.152328,113.441887
765.052307,216.074905,193.964218,113.651802
757.869751,217.898926,194.055832,113.628922
750.322571,213.899536,193.799118,113.298996
757.815308,215.069153,193.446091,113.298050
753.596497,222.496384,193.470810,113.424713
756.421570,220.534515,193.133835,113.423912
757.787964,217.154129,193.173569,113.487167
754.457397,220.535309,192.982574,113.099586
759.730408,221.008728,193.011780,112.900002
758.013672,218.666702,192.827103,112.828438
758.737305,220.024292,192.909454,112.927216
757.491028,219.624222,193.332016,113.087234
759.822449,219.091675,193.187317,112.905144
758.491516,222.839935,193.274261,112.742882
761.231628,218.904877,193.343216,112.560699
760.774902,219.279770,193.119583,112.711281
761.588806,221.243820,192.610977,112.415146
762.031616,220.959564,193.154099,112.658607
756.778870,220.972977,193.418915,112.839569
755.201050,220.325211,193.565933,112.513260
752.694031,219.347656,193.777924,112.753006
753.259399,221.810120,193.912506,112.743736
750.746582,221.145294,193.596237,112.538979
759.434448,218.940842,194.154190,112.783928
753.580688,222.175491,194.331558,113.013313
757.606873,220.448654,194.296402,113.328224
754.445129,219.401154,194.087006,113.023094
755.777527,219.290802,194.223160,113.278381
751.515076,222.169830,194.495438,113.789467
756.335144,223.363678,194.852905,113.407249
754.320984,219.404938,194.856033,113.715988
750.048523,220.962585,194.954498,113.803986
750.883972,220.672302,194.759628,113.866547
757.281555,221.486816,194.595734,114.032066
744.807312,217.795547,195.108749,114.573883
748.775940,218.589279,195.268005,114.795547
748.413147,218.498886,195.267441,114.755936
754.034668,220.682236,195.184189,114.479012
752.208801,215.994324,195.381424,114.702820
754.360718,221.050583,195.006348,114.637917
753.564453,219.524323,194.972672,114.237999
755.062622,221.059113,195.445953,114.612480
750.723633,219.047073,195.498398,114.555969
749.761963,219.072952,195.362045,114.344894
752.240784,221.661819,194.910568,114.090805
749.464844,221.518005,194.901489,114.090332
759.016479,221.298538,194.946274,114.067451
752.338013,220.429626,194.880447,113.736931
749.727051,217.912506,194.379929,113.467072
751.809143,219.499725,194.478653,113.599518
754.392883,220.992279,194.215424,113.436119
746.771545,220.199097,194.333267,113.455528
749.477844,219.829636,194.040146,113.218994
753.658020,217.567276,193.809494,113.159576
746.556091,221.689484,193.594742,112.738548
751.203430,222.137985,193.449905,112.790771
752.429077,219.404007,193.260590,112.591461
751.160461,220.268784,193.159027,112.646027
749.823792,220.851807,193.173843,112.574615
749.016968,223.190552,192.969269,112.751152
754.290588,219.926056,193.423508,112.945801
754.498657,219.612946,193.714767,112.972992
749.412598,220.094742,193.558960,113.131340
758.208618,220.659561,193.825165,113.314751
750.104004,218.709717,193.285995,113.178802
746.749146,220.647034,193.544357,113.351845
761.497925,220.491623,193.117523,113.193489
755.166321,218.316711,193.329758,113.186684
756.753967,222.175797,193.459656,113.451180
752.036255,218.493759,193.724899,113.700989
755.998596,218.223831,193.419998,113.662895
753.381653,218.051193,193.460022,113.700264
754.465332,218.754822,193.345795,113.432831
751.858276,214.078171,193.484314,113.579521
754.207214,215.682297,193.428192,113.460289
750.259399,217.528152,193.037918,113.150711
755.140076,217.019272,192.850662,113.065033
753.847290,220.244659,193.238663,113.355980
746.598206,217.870331,193.211655,113.352303
749.150085,219.130096,192.737122,113.193558
753.844177,219.198181,192.840775,113.256241
750.352783,217.900635,192.410690,112.939110
754.079712,217.628082,192.326752,112.914314
747.101807,220.438675,192.077408,112.594574
748.186890,221.130920,191.675171,112.412643
748.385132,217.384338,191.619476,112.201271
753.588745,220.946304,191.494171,112.153770
750.636414,220.774323,191.869949,111.913467
748.376465,217.255478,191.746201,111.795044
754.728577,219.257446,191.019562,111.306755
753.582153,220.469650,190.979141,111.024406
755.880371,219.954636,190.750198,110.775673
750.365051,219.682022,191.000336,111.304420
758.011597,222.519028,191.201645,111.419350
752.552612,220.557236,190.970123,111.367538
754.461792,219.458527,191.024353,111.379242
755.947449,219.144485,190.898987,111.388329
758.169922,220.636932,190.889435,111.289536
751.777039,221.891083,190.988022,111.366508
750.708008,221.052780,191.096100,111.511971
751.866394,219.486557,191.423172,111.533142
755.644287,219.373077,191.294846,111.369568
750.991272,220.047165,191.263428,111.362541
752.212585,220.784836,190.943771,111.011124
749.301392,221.342636,191.021393,111.153137
752.628418,220.496735,191.269104,111.150238
749.301270,217.817810,190.947754,110.756615
752.081238,222.509033,190.963364,110.765892
750.971069,221.651016,191.256638,110.693161
753.604919,221.676422,191.760788,110.851212
756.287170,222.394409,192.077057,110.755493
754.721497,220.519730,192.385269,110.982674
752.923279,223.327072,192.224792,110.997719
752.358582,221.229462,192.331207,110.993942
751.460999,218.686020,192.214188,110.604637
750.060425,221.977081,191.974274,110.535065
750.740356,221.790192,192.225906,110.549286
751.265869,215.569672,192.332245,110.678772
756.963074,219.561676,192.371368,110.946800
754.301697,220.305115,192.346115,111.122185
752.498840,217.802444,192.557602,111.052353
749.099609,218.106110,192.906738,111.351517
751.386902,216.872101,192.799835,111.308556
749.222595,219.114517,193.275879,111.423088
750.661072,218.993927,193.385468,111.595398
751.666016,220.449493,193.732483,111.588898
751.848022,221.557602,193.421387,111.274986
748.690613,223.704422,193.051834,111.025742
751.590942,218.207321,192.747147,110.780006
750.613586,216.307816,193.000809,111.035049
750.606995,217.540924,192.916992,110.839333
760.713562,218.465897,193.393570,110.957764
743.321716,218.284729,193.711990,111.210152
753.652222,219.033966,193.402206,111.050743
748.018066,216.685867,193.763290,111.220703
749.155579,217.518127,193.930542,111.555305
753.200012,216.095047,193.932770,111.870071
755.966309,219.002823,193.484589,111.533096
752.307678,216.589249,193.420502,111.353996
752.036072,218.923828,193.255676,111.214233
750.788147,217.241440,192.943451,111.191193
752.107849,221.493378,193.405945,111.658989
746.979065,217.612000,193.538834,111.716454
754.713623,217.467346,193.045120,111.483421
752.497131,218.762878,193.641617,112.056786
747.112488,219.217590,193.591568,111.934418
749.504517,217.435028,193.145721,111.737083
747.354675,219.925491,192.946991,111.765625
746.479797,216.348846,192.446365,111.465157
744.011230,218.387177,192.205536,111.444595
745.255310,219.548538,192.431534,111.379051
753.824768,217.278809,193.008469,111.729179
751.631226,219.441574,192.879227,111.603127
744.288574,223.150543,192.677246,111.244354
744.086304,221.039551,192.840729,111.256630
742.431946,220.683517,192.737183,111.209114
746.710327,221.392258,192.520508,110.742485
754.903503,221.453247,192.447098,110.727890
749.655457,217.667892,192.882965,111.114838
744.113403,223.541336,192.662857,110.849365
746.744080,219.931473,192.614731,110.897575
750.593079,219.658112,192.571533,110.778862
739.908020,218.705017,192.588821,110.520515
739.793823,220.551117,192.555649,110.669502
733.776672,219.787186,192.618378,110.650574
734.499634,216.032700,192.529266,110.327187
732.815308,220.659897,192.155731,110.335518
724.883728,221.316956,192.444870,110.433144
726.402527,222.877380,192.015320,110.119400
722.911194,225.886459,192.182465,110.023544
716.307007,226.319901,192.775269,110.506561
720.179138,222.895889,193.150314,111.103462
715.242554,225.708557,193.263016,111.225090
724.863220,225.740646,193.337952,110.989479
715.894165,227.063034,193.667038,110.969429
712.110168,224.944412,193.553223,110.619743
721.612244,225.942810,193.454727,110.609337
671.988770,219.749908,193.478958,110.716431
716.567139,226.061539,193.583252,111.122841
716.848022,228.140656,193.681335,110.907875
720.606262,228.148132,193.312515,110.260590
713.088196,230.277832,193.025482,110.013390
714.458252,229.367813,192.909882,109.907303
712.587769,231.069458,193.202469,109.748688
695.097717,230.056900,193.349518,109.734543
692.870605,231.465439,193.068695,109.739761
688.886902,226.756882,193.042389,109.729652
685.298706,228.860703,193.417526,109.893326
681.318787,226.054092,193.236572,109.871826
757.045532,222.142120,193.188889,109.908440
721.216980,225.547287,193.654129,110.019958
763.035034,231.443481,193.510193,109.815491
731.920349,226.058533,193.555847,109.848557
734.686890,226.181961,193.190369,109.013512
728.468811,225.678345,192.885696,108.755157
728.650452,224.225143,192.458313,108.509735
738.418640,225.413422,192.916214,108.784401
736.864807,227.273407,193.159103,108.395416
736.852295,225.153000,193.271927,108.397614
746.159485,227.707672,193.585358,108.656586
745.708069,225.352692,193.368469,108.465744
742.043701,227.153839,193.788162,108.607353
747.280579,225.524155,194.222626,108.816864
745.072510,226.032318,194.160965,108.986610
2
0
0
0
0
1
425.249298,198.187805,205.505478,112.520676
425.224731,198.300095,205.481964,112.460419
424.851532,198.832977,205.677475,112.443779
423.467957,195.208817,205.669922,112.377739
423.403564,195.698257,205.527679,112.163460
424.377869,195.639832,205.250946,112.132256
418.229706,195.191910,205.082840,112.327614
416.888580,194.509140,205.353317,112.873795
419.638184,192.355896,205.257431,112.568741
419.950684,193.241394,205.393188,112.653038
418.983673,195.868179,205.548523,112.951675
419.108673,195.633179,205.448059,112.706863
419.991699,196.813751,205.218903,112.273903
415.266602,195.162827,205.670227,112.191154
420.549042,195.622803,205.711105,112.214409
418.984924,198.881516,205.669418,112.006302
418.750916,197.576569,205.601898,111.752213
418.957520,198.432220,205.531296,111.345940
416.180939,199.754120,205.622223,111.678223
414.393280,198.807465,206.002869,111.741302
419.825867,197.372162,205.791122,111.763771
416.419037,196.157043,205.893188,111.937469
419.849731,194.687561,206.309250,112.083260
419.372559,196.558121,206.300659,112.274681
421.295532,197.924606,205.728104,111.787590
422.242523,191.585907,205.256119,111.979919
425.896881,192.100922,204.889862,111.533424
418.711090,197.341934,205.173813,112.049820
422.536102,195.500183,204.972687,111.836777
429.495850,191.057541,205.388458,111.984032
419.961700,195.135513,205.809631,112.034897
418.011475,186.358826,206.673859,112.122635
418.972229,192.490555,206.707733,112.245178
420.651550,193.625839,206.984146,112.668503
415.902924,191.073410,206.959335,112.512535
421.318970,197.085236,207.340393,112.994766
423.854523,196.343018,206.744171,112.744621
418.435303,195.862305,207.054092,112.633018
418.952545,193.465317,207.117294,112.648705
419.615265,196.463043,206.672928,112.055511
419.014984,201.941208,206.549438,111.839836
415.451019,191.319519,206.545609,112.076706
423.523346,197.873138,206.429718,111.964149
418.604340,197.437546,206.672134,112.275002
422.658478,203.672379,206.373093,111.943504
415.339691,197.176300,206.601395,111.942848
431.984039,201.849075,205.543793,111.462006
420.395874,201.533722,206.016815,111.621925
418.143707,197.882858,206.228485,111.891891
422.026459,200.270737,206.783936,112.244438
418.364868,197.505707,207.016464,112.380646
420.316254,199.942474,207.246307,112.614799
423.123627,199.257187,206.963577,112.463303
422.537659,199.588364,207.309875,112.914925
422.905762,203.068741,206.993317,112.642967
419.605804,198.641434,206.876373,112.732788
426.540741,202.153259,206.639038,112.331818
417.412994,200.603104,207.066895,112.205650
422.152985,198.964478,206.909164,112.004158
423.280304,205.872604,207.271240,112.069176
424.784332,204.914581,207.472794,112.066139
425.395477,207.734512,206.917374,111.850700
423.449310,202.325287,207.069000,111.726959
418.708557,199.333649,207.415726,112.037437
427.357758,202.339142,207.081360,112.169006
423.106689,200.246658,207.089325,112.281441
417.884674,198.268982,207.873764,112.713554
420.704681,202.155365,207.402313,112.670868
415.113586,199.208054,207.335846,112.758095
421.194855,201.439560,207.176285,112.830681
421.393036,197.131256,207.174149,112.595535
421.949951,198.078323,207.244400,112.702995
418.050293,198.421982,207.351868,112.615547
428.766876,202.678879,207.245529,112.715889
423.877441,199.755478,207.405853,112.766380
422.164612,198.233154,207.763748,112.909103
423.162018,200.800293,207.979111,113.081146
423.040283,202.345810,207.375549,112.619125
423.336304,201.540924,207.420013,112.814217
426.324677,197.926163,207.254715,112.684196
427.431854,203.433426,207.225952,112.355782
421.401550,198.891586,207.556686,112.372536
422.403381,199.526520,207.586792,112.519882
428.630951,199.288620,208.560333,112.900116
418.670685,198.905624,209.178467,113.408943
421.764893,197.675034,209.185623,113.313248
419.903717,197.816437,208.973328,113.352837
424.484406,197.515396,209.066422,113.310265
428.564148,201.154358,209.312698,113.266800
421.581604,200.087387,209.353027,113.080650
420.240326,197.233383,209.507675,112.951508
423.803101,198.345398,209.375961,112.891182
421.439575,197.942093,209.653503,112.748734
419.142548,196.483047,209.249619,112.619911
420.148285,196.054169,209.266937,112.595543
421.303802,196.485321,209.139465,112.037079
419.143524,194.662888,209.180038,112.088150
418.691681,200.399933,209.568039,112.149559
419.374939,195.556885,209.036240,111.533707
420.606842,195.672485,209.288223,111.788017
423.130280,196.284317,208.978561,111.792747
422.858734,200.685120,208.994827,111.783875
422.866547,198.312576,208.469574,111.361664
423.632568,201.591385,208.551514,111.524841
419.751953,193.954285,208.203064,111.469627
423.964844,199.835510,208.018036,111.404076
423.566620,200.161438,207.692566,111.188507
416.337769,192.260391,207.667175,111.265717
421.120422,194.863907,207.741257,111.551193
423.255768,199.052948,207.738937,111.450157
421.780609,196.706497,207.630844,111.656403
417.979828,197.979172,207.982864,111.888145
422.515869,199.707642,208.019424,111.835037
419.340515,194.740906,208.025024,111.535797
425.493164,203.083847,207.757935,111.401955
417.914856,196.603424,207.585251,111.178139
421.924164,200.857452,207.581436,111.390556
421.535217,199.028000,207.347122,111.105072
422.700439,201.202759,207.053223,110.758720
421.668823,199.073334,207.308701,110.643105
423.215820,206.594925,207.225159,110.831512
416.562958,193.992172,206.897720,110.800560
419.730591,198.105392,207.439468,111.093620
418.888062,199.255356,207.247910,111.095749
422.832092,202.525635,207.172394,111.366501
423.177338,199.225800,207.265793,111.190399
420.530701,200.206375,206.952484,110.820107
419.538116,199.053513,206.791916,110.779488
425.981262,200.252502,206.480743,110.631012
2
0
0
0
0
1
221.260010,221.403656,192.940308,92.903786
217.044724,223.854813,193.043015,92.913162
214.507996,222.977448,193.064056,92.563805
216.144836,225.391068,192.837296,92.179100
216.535110,224.440094,192.567688,92.131264
211.021149,227.534927,192.711594,92.330742
213.373917,226.358902,192.865936,92.544830
203.153412,228.775543,192.660553,92.646461
206.786819,225.850586,192.754364,92.495453
207.249329,224.961960,193.092407,92.629539
195.250137,226.833572,192.979050,92.744835
197.813263,226.153000,192.427231,92.831078
193.034088,227.732620,192.530304,92.713081
191.982147,227.737762,192.144943,92.418282
189.744537,228.197586,192.110840,92.129669
190.105652,224.824203,191.983902,91.956245
184.529327,226.445557,191.790222,91.546341
186.627640,226.421631,191.738358,91.989738
184.212128,226.013809,191.864548,91.983780
187.864548,227.491928,191.728882,91.967438
187.287552,226.034500,192.020645,92.186180
185.152222,227.593643,192.240509,92.718231
185.807755,225.168030,192.076614,92.741562
189.298553,226.582489,192.254944,93.055435
185.308136,227.225906,191.487152,92.710052
190.407181,226.859940,191.542877,93.204849
186.182434,227.838394,191.310745,92.976250
182.813644,226.743240,191.464417,93.103020
189.420364,226.826279,190.876450,92.891647
175.109650,226.754959,190.661621,92.699738
184.585205,225.053070,190.708405,93.235916
190.884125,225.624847,190.665451,93.313332
178.825348,222.794891,190.660995,93.209549
189.260101,224.477692,190.531967,93.551620
192.938995,225.119858,190.265015,93.691353
183.673843,223.000366,190.515839,93.728722
178.412109,222.293411,190.903961,94.119316
182.141312,221.137573,191.567917,94.531563
179.912567,222.491974,191.977036,94.995514
174.816605,220.136078,191.843964,94.794502
180.478302,220.733429,192.295486,94.964104
183.472031,220.771851,192.477264,94.949562
176.523972,220.298523,192.526062,95.087158
186.652756,219.875748,192.822372,95.416908
183.559647,219.596085,192.658951,95.009483
187.576431,222.242233,192.400101,94.738480
184.664307,221.655502,192.410751,94.970917
186.621552,221.112930,192.199265,95.148026
187.423996,220.331711,192.449295,95.219543
192.695526,224.792191,192.388885,95.219643
188.308304,222.686584,192.461212,95.141006
189.477615,223.638412,192.730545,95.330254
187.032318,222.866714,192.472382,95.119820
187.187134,225.903397,192.425552,94.975121
188.538269,222.286133,192.549789,95.019501
187.108109,226.534073,192.223419,95.020851
187.672424,225.910385,192.625717,95.166191
185.217972,223.194000,192.474609,94.998726
193.763168,224.899872,192.452682,94.896370
187.315979,227.864639,191.740631,94.460953
184.624542,225.420303,191.999161,94.617958
181.608597,228.872894,191.797989,94.824837
184.065140,224.066742,191.749420,94.736015
186.835373,224.135986,192.036194,94.926834
184.691757,230.200699,191.369446,94.558731
189.156876,228.992371,191.770340,94.749565
188.316376,231.202255,191.988647,95.018715
188.759537,225.838669,191.833817,95.006676
185.850845,230.799271,191.821457,94.903305
189.252426,227.749268,191.677521,94.866531
187.177612,226.614929,192.048294,95.334564
194.602386,230.103806,192.108856,95.157021
193.163849,231.796310,192.731125,95.448448
190.328110,231.927902,193.457382,95.750488
190.792892,229.929550,192.393875,95.230843
191.162674,231.421341,192.133163,95.473442
194.880280,226.233307,191.946472,95.385094
189.989182,226.059601,191.892395,95.575050
189.724426,229.019104,191.735260,95.601402
186.329834,225.266327,191.603973,95.599319
183.457230,225.989349,191.606766,95.491669
190.729218,227.773666,191.388428,95.559052
190.222717,226.734146,191.248001,95.748367
183.010498,222.796906,191.865753,96.257187
186.601288,226.311310,192.113113,96.303711
187.142792,225.693146,192.348755,96.308403
194.982651,230.075256,192.334412,96.705124
186.797791,229.588745,192.471115,96.855400
185.043839,229.455154,192.448532,97.067444
192.704208,229.202240,192.549255,96.976494
194.405106,231.321289,193.021500,96.981804
190.152237,229.517578,193.414886,97.309280
191.358704,229.432190,192.774597,97.144905
188.900467,230.339523,193.085724,97.477737
190.984192,228.541229,193.297943,97.537697
190.710144,229.559921,192.897400,97.250664
194.352356,228.477737,192.926651,97.500900
186.472794,229.534698,193.391571,97.696312
187.408783,229.399658,193.473541,97.774895
192.732880,228.903610,193.624512,97.601425
190.989456,228.069351,193.603439,97.921471
193.752533,230.302277,193.469040,97.556145
186.464066,228.300171,193.042068,97.171440
183.947311,225.377182,193.045944,97.001869
191.048386,227.629044,192.695663,96.951820
189.905334,227.966049,192.772278,97.037910
194.604767,231.625168,192.932983,97.192245
189.676529,228.956619,193.164810,97.379890
185.168503,228.411224,193.357956,97.267677
195.510986,226.450211,193.557434,97.437958
193.454056,230.303116,193.407135,97.279709
193.283936,229.011978,193.741669,97.295670
190.315277,228.156021,193.879532,97.555000
188.685822,227.663223,194.242599,97.655144
192.130661,228.324600,194.092545,97.503403
189.013504,230.754105,194.465179,97.644028
190.211990,230.881271,194.214951,97.664413
188.460526,229.800980,194.127228,97.804993
190.652008,230.199570,193.845886,97.819389
192.754730,230.821350,193.783432,97.998703
193.574036,227.627014,193.887299,97.983727
191.470901,230.369949,193.533081,97.589935
192.442017,234.722275,193.537811,97.706383
192.038345,231.891907,192.887314,97.326530
194.680695,235.109818,192.671295,97.325546
193.579468,229.341324,192.503265,97.668221
193.746979,235.009155,192.746246,97.901848
190.002853,233.331833,193.244186,98.113007
195.008118,231.790039,193.299530,98.097771
193.283493,228.968750,192.791550,97.861412
191.661499,232.748352,192.558868,97.831978
192.342865,227.345459,193.230911,98.427658
194.633911,231.137756,193.654327,98.296623
195.203323,235.238113,193.570282,98.104652
192.825623,231.672043,193.708740,98.151474
194.956772,234.400009,193.771576,98.141632
199.130920,230.410294,193.839676,97.948219
194.592361,233.463821,193.772461,97.862106
193.773758,234.494339,193.551880,97.777740
199.675446,235.880630,193.365128,97.915543
195.748077,235.906631,193.494019,97.975708
191.896454,234.990295,193.813507,98.003960
199.745346,232.338898,193.181442,97.829506
196.168533,232.246964,193.606461,98.209106
197.778534,231.198868,193.334930,98.276154
196.806747,231.627533,193.255142,98.143608
192.241821,232.546799,193.535843,98.325356
196.651703,232.307495,194.171448,98.494438
194.556305,231.362625,194.052475,98.502220
198.089676,229.824951,193.842041,98.212608
192.495758,231.740875,193.861130,97.982826
196.227707,231.224594,194.039566,98.147346
191.653580,230.012512,194.015076,97.985764
194.505966,231.618973,193.671661,97.779640
196.788696,233.279938,193.677185,97.682648
196.320114,230.788986,193.779785,97.836975
196.459961,234.144699,193.643005,97.785309
195.031021,230.662399,193.787216,98.073059
197.258163,232.397369,193.636215,97.919373
197.846298,229.841827,193.503128,97.773865
191.793060,230.465057,193.707855,97.790375
193.758881,233.359131,193.926544,98.211311
196.967590,233.328278,193.699844,98.252319
193.417892,232.969193,194.199844,98.305290
196.263687,232.367340,194.458954,98.492676
195.386551,231.987747,194.479736,98.604996
192.488464,231.220993,194.231003,98.572868
193.953979,228.955093,194.280014,98.825943
197.147171,232.488220,194.041611,98.845764
195.110825,231.027786,193.705460,98.769630
196.490448,231.235733,193.737900,98.741341
196.074570,230.509171,193.872467,98.738823
197.206818,229.797653,194.288467,98.904434
191.280746,232.074188,194.678726,99.018440
193.949020,229.455566,194.621094,98.955040
191.658539,231.012146,194.327454,98.830124
196.015472,232.184143,194.346817,98.764389
197.017624,227.744919,194.928940,99.042244
195.552353,234.597153,194.998566,98.800957
192.341644,228.948425,195.236267,98.841690
193.623077,229.607925,195.186218,98.474037
2
0
0
0
0
1
64.422577,225.640015,122.435471,101.444908
66.052086,224.435028,122.224487,101.286232
66.854996,224.830643,122.226410,101.231194
66.140533,222.174881,122.039352,101.020653
68.993820,220.627121,121.920013,100.867752
66.683647,219.376694,121.871620,100.901428
66.487335,221.305298,121.726677,100.713959
66.876839,221.195358,122.098022,100.816322
67.688812,220.725891,121.731232,100.384209
68.266495,222.952591,121.940300,100.505577
71.021683,223.104080,122.160843,100.659462
73.456268,219.513901,121.769791,100.424088
73.210403,222.224960,121.468117,100.204460
75.466423,222.729645,121.335556,100.301262
77.427055,218.759598,121.038513,99.948410
77.111343,216.414703,121.198257,100.318916
80.837784,219.415268,121.022469,100.242767
78.446831,218.707382,120.855087,99.920479
80.529533,219.212769,120.563629,99.706337
79.986908,219.153854,119.992599,99.127541
82.496033,219.457230,120.327766,99.183105
80.624329,222.297989,120.279053,98.934563
83.633240,220.566208,120.756187,99.118462
82.561218,223.754456,121.065018,99.558769
87.983665,225.209274,120.929031,99.451164
97.631317,227.768341,121.036461,99.537903
102.749969,227.663300,121.048187,99.700218
102.199234,227.078369,121.061935,99.819695
101.060204,229.125458,121.081947,99.837311
115.686279,228.751434,120.907944,99.899338
114.841568,229.001404,120.809647,99.732338
115.660904,228.754959,120.787979,99.879883
110.200554,226.174820,120.937721,100.157700
118.907204,228.497513,120.948387,100.009300
116.622185,227.229370,121.018562,100.096237
116.367485,225.992996,120.858505,99.889259
118.988838,227.568069,120.669540,99.750000
121.512100,228.439651,120.980469,99.879181
120.395340,226.236176,120.763092,99.624222
117.972015,224.875198,121.501160,100.150124
120.370316,228.971741,121.625450,100.260651
118.659019,227.123749,121.255127,99.784256
118.850235,227.076340,121.317665,99.839836
119.182823,226.620422,120.990715,99.544090
116.134590,224.552170,120.877930,99.435188
120.461670,227.048111,120.439026,99.171692
118.317398,227.681717,120.208221,99.202530
118.743866,231.250854,120.675018,99.448044
121.571930,231.026657,121.096573,99.711761
126.238373,229.987869,121.047058,99.678413
127.055069,228.654526,120.875511,99.527435
127.038239,229.746246,120.690414,99.150162
121.503258,229.522263,120.559906,99.142220
127.885101,231.599182,120.191650,98.698624
128.357971,231.029877,119.757545,98.442413
126.905548,230.849670,119.660507,98.359184
126.139160,232.961746,119.763962,98.471832
126.466850,232.251541,119.791519,98.320320
128.830765,234.353302,119.550003,98.154770
124.304932,234.132614,119.435036,98.058945
132.457138,233.968338,119.624695,98.141640
131.038681,234.662094,119.654976,98.241913
134.417984,234.173508,119.963379,98.474174
134.998016,233.712524,120.025093,98.452423
138.902176,232.274994,120.130928,98.501274
144.562790,235.393631,119.862419,98.361198
139.341660,234.446976,119.577538,97.923859
138.042557,233.504562,119.516243,97.818016
140.164383,233.765152,119.195992,97.634766
144.032806,237.417862,118.866364,97.466873
142.980118,237.189896,118.747261,97.353355
141.745407,239.910950,118.589951,97.227119
135.498459,238.068268,118.378456,97.044662
142.211380,237.690887,118.523102,97.095886
135.475815,236.447861,118.660721,97.349442
139.493454,237.070419,118.832840,97.356407
138.615799,235.552673,119.247742,97.844131
141.745499,234.972672,119.345062,98.014870
142.852417,235.541595,119.345551,97.875031
146.562347,238.099655,118.710968,97.326576
141.265961,237.490768,118.684944,97.362999
147.819153,235.578568,118.201843,97.052391
145.701294,235.774063,118.044960,96.856239
146.612244,236.912109,118.015862,96.667000
145.403046,236.737289,118.026733,96.867859
149.183624,238.448044,118.085197,96.810097
150.159668,239.084167,118.448044,97.246506
152.869736,238.167191,118.048409,96.889175
153.125488,236.624420,117.979309,96.802444
150.031219,235.494904,117.802765,96.646500
151.584671,236.554199,117.676292,96.583435
154.218353,234.888962,117.559410,96.627296
150.996826,234.839478,117.715202,96.737839
150.915176,235.305267,117.135384,96.488724
153.269989,235.234039,117.003235,96.594231
158.602615,232.640350,117.127983,96.626251
154.067200,234.630661,117.125214,96.570068
161.706100,230.715393,116.947021,96.293709
158.118073,229.608841,117.192719,96.570267
159.417374,231.750580,117.537987,96.784645
162.492889,231.621475,117.210258,96.357529
161.298859,229.896332,117.184235,96.331764
162.416779,231.831635,117.323799,96.510994
164.679657,230.800812,117.183182,96.590080
163.724213,228.671997,117.317230,96.795227
166.546402,227.036575,117.605141,97.173470
165.942886,228.618195,117.505692,97.150475
166.452408,228.117264,117.238113,96.977882
164.713196,228.548950,117.167084,97.163635
168.947128,226.157547,117.291039,97.348717
169.883438,222.160126,117.225060,97.184204
162.710709,223.129517,116.971870,96.978256
169.638657,221.899307,117.122238,96.974014
167.468964,226.197479,116.969147,96.955742
174.561981,223.966812,116.787125,96.774002
187.617859,228.051910,117.091377,97.127129
196.561783,229.860626,116.949486,96.967567
203.538742,230.108353,116.467667,96.409981
205.841705,228.946259,116.402779,96.255402
209.099960,230.920837,116.333626,96.259407
221.191345,228.479813,116.522575,96.503983
224.020004,227.661331,116.882698,96.826111
228.235336,229.622314,116.819931,96.750137
229.493057,230.128281,116.649460,96.692345
233.077087,230.364105,116.493492,96.451859
226.597839,223.780289,116.460098,96.333008
230.111038,227.083115,116.253632,96.183029
234.562897,226.099182,116.157570,96.056023
240.508591,226.163467,116.103073,95.986237
237.226868,227.772339,115.858612,95.678711
243.209366,229.166000,116.319542,95.872734
244.025894,222.335236,116.867905,96.286217
240.876083,226.801422,117.099709,96.384781
244.918594,226.079193,117.479408,97.093582
243.789703,223.960663,117.379303,97.011063
245.792175,222.257065,117.829086,97.536026
268.979431,220.011124,117.768669,97.409988
244.614182,226.783112,117.971138,97.533112
263.282654,219.272644,117.785545,97.392357
257.168182,222.727539,117.542366,96.992416
265.213165,219.385727,116.854744,96.260902
261.208191,217.447250,116.559891,95.945946
267.435944,215.448730,116.344604,95.822701
263.649109,218.605591,116.392395,95.924362
266.793427,219.362778,116.539917,96.121536
278.360168,219.103119,115.553314,95.321175
283.950836,216.929337,114.450706,94.399391
290.157104,217.677292,114.819283,94.598976
294.104828,214.838730,114.111885,94.074623
294.922943,217.220856,114.284134,94.333946
299.675354,219.586960,114.308426,94.237679
300.221039,220.567032,115.192474,94.969170
302.581421,219.673569,115.275917,95.133255
301.936493,220.856461,115.297859,95.031189
305.146088,218.013412,115.349785,95.086777
310.155853,218.853531,115.553650,95.129013
304.538879,218.089615,115.757050,95.302414
311.668060,218.279434,116.070648,95.492363
304.211395,219.390366,116.226959,95.532158
309.896973,218.278244,116.397942,95.772766
309.226807,219.763290,116.396759,95.733490
311.304108,215.559769,116.296722,95.669594
315.829498,215.702820,116.404388,95.912117
319.226471,215.200012,116.047646,95.669479
318.951660,214.809555,116.067207,95.639977
319.211853,216.810501,115.543053,95.270973
322.165405,216.813263,115.416931,95.162918
319.245209,217.486816,115.536201,95.021767
320.501831,217.103165,115.682114,95.021858
323.904541,216.817551,115.859634,95.147057
321.040466,218.689575,115.646622,94.928841
322.281555,217.928528,115.571587,94.964722
323.754364,216.818024,115.942261,95.105911
321.199463,217.480591,116.105392,95.119278
324.744446,216.176514,116.172554,95.043625
326.482422,214.503357,115.680779,94.674225
325.753235,215.038239,115.633728,94.700432
324.279907,216.867950,115.547195,94.647263
327.021301,217.219208,115.633179,94.735237
325.185303,217.750961,115.818542,94.980431
325.256958,217.858200,115.761108,94.688919
325.494110,215.940826,115.584610,94.546402
325.953949,216.203934,115.455330,94.516785
327.824280,214.598923,115.693565,94.651764
321.942963,216.174057,115.625198,94.653854
325.979401,214.382614,115.992760,95.056351
326.814392,214.931839,115.918213,94.751015
328.281921,211.454117,116.127640,94.861717
320.082672,217.886475,116.277420,94.957893
324.385529,217.207535,116.150047,94.700668
325.506042,212.871429,116.658157,95.202965
325.959320,213.993484,116.835449,95.490570
321.306610,214.760010,117.211662,95.714127
327.158752,214.502808,116.977097,95.639244
328.382294,213.718445,116.708656,95.407982
327.878387,214.543976,116.503960,95.375465
328.761993,213.386719,116.479301,95.304527
329.362213,214.481033,116.699944,95.422546
326.067902,212.730469,116.620003,95.263382
331.066101,212.275589,116.139389,95.118843
330.490936,211.869781,116.349045,95.279594
327.501099,213.770309,116.579819,95.460831
326.054657,213.310989,116.886574,95.448921
328.400208,212.346176,116.924721,95.596680
328.139832,213.310684,117.290810,95.958122
328.572205,212.335007,117.368279,96.014107
329.824921,211.987717,117.205658,95.990570
328.367493,210.839905,117.035858,95.970612
332.089355,211.668457,116.933479,95.923157
331.119568,211.707779,117.014984,95.811867
330.208588,211.869232,116.988991,95.663979
330.398773,213.556000,116.586143,95.333260
328.622223,215.328705,115.979477,94.852463
329.252319,216.318375,115.971268,94.784073
327.503998,212.947525,116.240089,95.216568
330.113647,212.572403,115.890160,94.961845
334.625763,212.001221,116.240112,95.449799
331.628204,215.306961,116.571426,95.568146
332.077240,213.668747,116.477539,95.471397
327.838776,209.968048,116.729744,95.818718
330.218475,211.465149,116.656578,95.772133
327.582611,208.598221,116.969322,95.886467
330.708862,210.668518,117.053894,95.760101
330.633209,208.494812,116.807060,95.513245
322.496246,206.585281,116.817131,95.583687
328.320618,206.941055,116.711433,95.481888
329.046082,202.376907,117.471840,96.062317
326.267853,205.606308,117.030220,95.720711
327.834503,210.029251,116.913498,95.651009
328.841400,209.855850,116.631989,95.523216
330.349060,209.174805,116.517342,95.430542
329.651520,208.700500,116.538803,95.439323
330.503693,201.997910,116.195381,95.146461
322.826355,203.265518,116.318474,95.268379
326.955231,201.105499,116.715279,96.000542
337.630096,197.984726,116.377174,95.641479
323.049988,204.306046,116.224792,95.801147
329.046783,201.110657,116.455307,95.960594
330.136841,203.863052,116.319489,95.916161
332.156250,205.532974,116.132355,95.705055
330.338989,204.699509,116.208183,95.798264
331.492950,203.292496,116.089066,95.898293
327.909363,207.728546,116.137573,95.872345
330.331665,204.721497,116.495125,96.176338
327.996307,206.966049,116.558571,96.335472
332.737823,203.058533,116.472450,96.309090
331.971405,204.473221,115.914528,95.800743
331.756470,207.779144,115.968399,95.962601
330.816986,206.083969,115.905388,96.077362
330.810455,204.872345,115.866074,95.914749
331.039703,206.977570,115.994247,95.943932
332.463043,205.784851,115.917725,95.962372
331.182190,204.948502,115.724045,95.882782
333.213562,206.858353,115.889793,96.002113
331.723450,205.469070,115.641266,95.752174
333.447388,204.198013,116.051567,96.349342
333.419189,208.803925,116.115601,96.262459
329.640930,208.058533,116.662170,96.677704
327.439545,208.430847,116.893425,96.898880
328.008240,210.790695,116.993073,96.942253
328.656403,205.642029,117.763390,97.590530
330.422760,207.668686,117.779785,97.677422
328.603790,210.005356,117.952499,97.939400
331.623047,207.581512,117.384254,97.480621
331.537292,208.483063,117.391792,97.440674
331.638763,207.160278,117.917297,97.722450
328.024628,209.061096,118.020287,97.880753
332.345459,204.343552,118.224770,97.992844
331.445374,209.025391,118.083405,97.987183
331.463104,209.616791,118.155281,98.064331
331.766693,208.410919,117.772736,97.795074
332.885803,209.185989,117.548340,97.536949
330.280945,209.461884,117.789124,97.578255
330.564178,209.036484,118.024284,97.660484
332.098114,210.191956,118.562447,98.088417
332.267487,209.337860,119.012444,98.448326
329.157593,208.989716,119.107796,98.614136
329.606293,208.842224,119.015831,98.622200
329.170868,207.595078,118.889717,98.329483
331.151947,208.697830,119.638702,98.905525
330.324158,208.909012,119.962601,99.396599
328.702850,208.670639,120.161201,99.433624
327.607178,208.374649,119.856010,99.287872
331.731934,207.924622,119.377785,98.823151
335.460052,206.800827,119.389297,98.818604
331.717560,208.262436,119.098709,98.362221
330.807831,205.742767,119.245102,98.452751
328.903198,208.651566,119.265930,98.542778
331.309875,209.055573,119.506889,98.894173
329.373108,207.466125,119.587631,99.123611
328.268738,208.549744,118.824158,98.334106
332.016632,209.979385,118.359184,97.973663
332.233063,209.875534,118.494133,98.154381
332.659332,209.824341,118.638527,98.238304
330.578430,209.649475,118.721359,98.361755
334.171448,207.832886,118.889305,98.627312
332.448578,208.668976,119.130920,98.798096
330.968933,209.415939,118.926193,98.622131
330.411102,208.495834,118.851379,98.718628
330.201508,209.043976,118.713760,98.597885
329.114136,206.851013,118.883598,98.825058
331.113251,210.714554,118.120262,98.257607
331.958740,209.115112,117.919952,98.059364
333.626251,209.332932,118.333214,98.686974
330.455750,208.967194,118.557663,98.752495
334.743958,207.563995,119.313385,99.471024
330.465851,209.206879,119.399445,99.558876
332.805237,208.545029,119.325790,99.625969
329.804749,209.213547,118.986359,99.285583
333.623352,208.783401,119.327118,99.528893
329.972229,210.047241,119.606560,99.961037
330.663574,209.558426,119.433456,99.813667
329.537842,208.646164,119.600365,100.164238
329.997253,208.899078,119.609886,100.053230
330.777649,210.024139,119.628242,99.967560
331.985992,208.697495,119.459877,99.849258
333.495911,208.098526,119.356049,99.692299
332.713989,203.182846,119.736862,100.000008
333.253479,208.771225,119.682945,99.954865
331.461792,207.386490,119.385330,99.574097
329.844482,209.726135,119.654755,99.909866
336.039215,206.848755,120.012474,100.160034
332.658997,208.702667,120.322731,100.235237
330.179352,207.947601,119.967514,100.063751
332.224121,208.848236,120.083778,100.128410
334.857117,207.901443,120.358421,100.245705
333.306335,208.375305,120.263550,100.111359
338.961578,208.690231,119.866005,99.878227
342.470764,207.864731,119.701523,99.724342
340.590179,207.934906,119.341759,99.512398
341.222992,205.863281,119.329468,99.596947
343.624664,204.750519,119.337746,99.490746
343.724915,203.570038,119.368233,99.487259
347.850067,205.625198,119.374672,99.461601
345.627106,206.848740,119.625893,99.730217
348.235992,205.219666,119.419975,99.471085
349.773651,204.559250,119.403870,99.465225
354.153778,201.239182,119.211273,99.268845
346.957611,206.206619,119.177124,99.182076
350.633881,204.196472,118.739754,98.677711
351.160919,206.322647,118.596931,98.564285
355.752411,202.732361,118.976814,98.829514
360.636078,204.368484,118.727081,98.529106
367.447296,206.505737,118.094215,97.866890
368.399109,203.650909,118.044006,97.846336
370.488068,209.450241,117.997887,97.816597
373.659698,208.629822,118.441177,98.317383
380.993744,209.603287,118.315994,98.337883
383.353943,210.204422,118.901367,98.935593
390.350281,208.658630,118.506332,98.691971
390.139801,209.735229,118.426613,98.782104
395.792114,206.001434,118.639038,98.824074
406.454742,204.558334,118.169533,98.235756
409.385864,204.233582,118.159164,98.304138
414.351013,205.268250,117.974724,98.116783
418.355042,207.926880,118.000847,98.131180
422.241272,208.966934,117.922478,98.121941
428.743530,204.825058,118.419006,98.669846
428.798523,205.530457,118.441849,98.692924
426.470947,206.206024,118.084190,98.312492
432.642731,206.702896,118.129456,98.168793
432.394012,202.732620,117.924736,98.003891
436.972229,207.634567,117.778755,97.835022
436.948547,207.561142,118.088913,98.033455
434.525146,208.537521,117.924507,97.781952
434.880219,208.439667,118.111382,97.941467
434.420563,209.996597,117.782364,97.616043
437.709717,210.660309,117.911728,97.665428
440.039612,211.748184,117.963539,97.819313
447.180908,214.294922,118.034195,97.840492
449.568359,215.346161,117.915131,97.672928
460.531128,216.408035,118.259720,97.992516
470.286804,222.372360,118.602440,98.349884
480.366241,224.565338,118.915199,98.510628
498.802551,232.824417,119.040359,98.676186
514.605530,233.421432,118.272987,97.914780
514.627625,239.569504,118.238678,97.836617
521.388367,240.846725,117.973175,97.669579
541.522827,242.583435,117.667145,97.280289
554.375854,211.901443,117.589554,97.136810
537.516174,180.113495,117.554543,97.105598
504.857605,193.855576,117.700714,97.233307
539.578308,159.001053,117.492691,97.007500
535.179016,162.301834,117.585930,97.189285
539.298645,173.166153,118.282845,97.705696
540.734131,176.200424,118.619858,97.996452
543.742981,173.547546,118.611435,98.136383
540.202637,170.217819,118.986923,98.473831
2
0
0
0
0
1
712.312622,228.760590,152.996704,80.275047
718.126343,227.560791,153.011475,80.346260
717.703369,229.296509,152.659302,80.139618
716.008118,230.357941,152.936005,80.327675
715.411682,228.298187,152.254929,79.906578
719.759949,232.250366,152.654083,79.926918
717.933350,231.749069,152.313141,79.733505
718.729553,230.094635,152.543289,79.927780
722.448853,232.316452,152.533340,79.915352
721.540894,230.102371,152.559555,80.035492
733.425171,235.088181,152.174362,79.907173
737.207642,233.556381,151.835922,79.813293
743.977905,233.491318,151.823318,79.649635
752.781799,231.817245,151.759811,79.696953
754.909851,229.925140,152.059418,79.793777
758.709900,232.040100,151.936340,79.939598
760.020996,230.924622,151.978912,80.002655
763.159241,229.577759,152.198792,80.061180
767.866394,229.409622,152.806244,80.598907
764.671692,227.472198,153.044769,80.672318
770.622009,229.191238,153.083496,80.772369
774.895752,229.546326,153.365280,80.751175
771.807617,229.618256,153.374268,80.789398
777.244629,229.164001,153.498734,80.777679
779.204468,228.754684,153.245834,80.535072
786.099487,226.745300,152.728226,80.330734
780.839539,225.824081,152.353989,79.988083
785.191895,224.185883,152.246689,80.136803
786.965210,222.557632,152.615051,80.460892
785.235535,223.992493,153.088104,80.947327
