1
338.000000,66.000000,37.000000,41.000000
340.000000,36.000000,37.000000,41.000000
338.000000,20.000000,35.000000,41.000000
340.000000,15.000000,37.000000,41.000000
343.000000,16.000000,37.000000,41.000000
347.000000,21.000000,37.000000,41.000000
352.000000,27.000000,37.000000,41.000000
357.000000,36.000000,37.000000,43.000000
364.000000,46.000000,37.000000,43.000000
360.000000,55.000000,37.000000,43.000000
368.000000,60.000000,37.000000,43.000000
372.000000,62.000000,37.000000,43.000000
2
0
0
0
0
1
321.000000,19.000000,41.000000,41.000000
322.000000,15.000000,41.000000,41.000000
323.000000,16.000000,41.000000,41.000000
322.000000,23.000000,41.000000,39.000000
330.000000,23.000000,39.000000,39.000000
336.000000,27.000000,39.000000,39.000000
347.000000,29.000000,39.000000,39.000000
354.000000,31.000000,39.000000,39.000000
353.000000,28.000000,39.000000,39.000000
347.000000,22.000000,39.000000,39.000000
340.000000,21.000000,39.000000,39.000000
343.000000,19.000000,41.000000,39.000000
359.000000,23.000000,39.000000,39.000000
367.000000,30.000000,39.000000,39.000000
372.000000,42.000000,37.000000,37.000000
379.000000,52.000000,37.000000,37.000000
2
0
0
0
0
1
395.000000,112.000000,45.000000,41.000000
394.000000,108.000000,45.000000,41.000000
391.000000,95.000000,43.000000,39.000000
380.000000,73.000000,43.000000,39.000000
366.000000,52.000000,43.000000,39.000000
342.000000,41.000000,43.000000,39.000000
332.000000,17.000000,43.000000,39.000000
344.000000,26.000000,41.000000,37.000000
2
0
0
0
0
1
305.000000,20.000000,47.000000,55.000000
305.000000,15.000000,49.000000,55.000000
303.000000,10.000000,49.000000,55.000000
301.000000,5.000000,49.000000,55.000000
297.000000,7.000000,49.000000,55.000000
292.000000,6.000000,49.000000,55.000000
295.000000,5.000000,47.000000,55.000000
311.000000,1.000000,47.000000,55.000000
322.000000,-2.000000,47.000000,55.000000
335.000000,-6.000000,47.000000,55.000000
328.000000,-3.000000,47.000000,55.000000
323.000000,4.000000,47.000000,53.000000
325.000000,9.000000,45.000000,53.000000
335.000000,9.000000,43.000000,49.000000
335.000000,16.000000,43.000000,49.000000
332.000000,3.000000,43.000000,49.000000
334.000000,-9.000000,43.000000,49.000000
345.000000,-11.000000,43.000000,49.000000
341.000000,-8.000000,43.000000,49.000000
326.000000,-7.000000,43.000000,49.000000
304.000000,17.000000,43.000000,49.000000
299.000000,31.000000,43.000000,49.000000
2
0
0
0
0
1
316.000000,175.000000,79.000000,75.000000
311.000000,190.000000,77.000000,73.000000
331.000000,158.000000,71.000000,67.000000
327.000000,173.000000,69.000000,65.000000
2
0
0
0
0
1
188.000000,10.000000,101.000000,107.000000
214.000000,10.000000,103.000000,109.000000
142.000000,44.000000,93.000000,99.000000
147.000000,54.000000,91.000000,97.000000
144.000000,59.000000,91.000000,97.000000
169.000000,25.000000,93.000000,99.000000
183.000000,8.000000,93.000000,99.000000
