1
2
0
0
0
0
1
365.000000,25.000000,41.000000,45.000000
384.000000,30.000000,41.000000,45.000000
2
0
0
0
0
1
343.000000,37.000000,39.000000,45.000000
334.000000,27.000000,39.000000,45.000000
324.000000,21.000000,41.000000,45.000000
321.000000,16.000000,39.000000,45.000000
317.000000,12.000000,39.000000,45.000000
313.000000,12.000000,39.000000,45.000000
317.000000,14.000000,41.000000,45.000000
317.000000,17.000000,39.000000,45.000000
319.000000,21.000000,39.000000,45.000000
323.000000,25.000000,39.000000,45.000000
330.000000,27.000000,39.000000,45.000000
331.000000,27.000000,41.000000,45.000000
331.000000,23.000000,41.000000,47.000000
331.000000,18.000000,41.000000,45.000000
334.000000,14.000000,41.000000,45.000000
340.000000,12.000000,41.000000,45.000000
350.000000,16.000000,41.000000,45.000000
361.000000,25.000000,41.000000,47.000000
373.000000,40.000000,43.000000,47.000000
387.000000,58.000000,41.000000,47.000000
396.000000,65.000000,43.000000,47.000000
406.000000,86.000000,41.000000,47.000000
419.000000,107.000000,41.000000,47.000000
384.000000,81.000000,39.000000,45.000000
2
0
0
0
0
1
353.000000,44.000000,51.000000,53.000000
341.000000,20.000000,51.000000,53.000000
328.000000,9.000000,47.000000,51.000000
306.000000,7.000000,45.000000,49.000000
291.000000,7.000000,45.000000,49.000000
291.000000,13.000000,45.000000,47.000000
291.000000,16.000000,45.000000,49.000000
293.000000,21.000000,45.000000,47.000000
298.000000,24.000000,45.000000,49.000000
298.000000,25.000000,45.000000,47.000000
303.000000,21.000000,45.000000,47.000000
296.000000,14.000000,45.000000,49.000000
290.000000,9.000000,45.000000,47.000000
287.000000,5.000000,45.000000,47.000000
282.000000,5.000000,45.000000,49.000000
277.000000,9.000000,47.000000,49.000000
281.000000,9.000000,47.000000,51.000000
289.000000,6.000000,47.000000,51.000000
310.000000,-1.000000,45.000000,49.000000
320.000000,-3.000000,45.000000,49.000000
329.000000,-8.000000,45.000000,49.000000
336.000000,-10.000000,45.000000,49.000000
324.000000,4.000000,47.000000,49.000000
319.000000,8.000000,45.000000,49.000000
316.000000,0.000000,45.000000,49.000000
320.000000,-9.000000,45.000000,47.000000
324.000000,8.000000,45.000000,47.000000
302.000000,-7.000000,45.000000,47.000000
292.000000,-4.000000,45.000000,49.000000
283.000000,3.000000,45.000000,49.000000
274.000000,30.000000,47.000000,49.000000
276.000000,56.000000,45.000000,49.000000
2
0
0
0
0
1
317.000000,173.000000,79.000000,75.000000
337.000000,171.000000,77.000000,73.000000
332.000000,163.000000,75.000000,71.000000
232.000000,146.000000,79.000000,75.000000
214.000000,127.000000,83.000000,79.000000
198.000000,110.000000,85.000000,81.000000
2
0
0
0
0
1
130.000000,46.000000,99.000000,117.000000
141.000000,22.000000,99.000000,115.000000
144.000000,30.000000,99.000000,115.000000
159.000000,33.000000,99.000000,115.000000
174.000000,22.000000,99.000000,117.000000
