1
336.45,219.39,362.41,219.19,362.00,165.19,336.04,165.39
338.45,217.19,363.39,215.84,360.58,163.97,335.65,165.32
335.72,215.38,360.34,216.03,361.70,164.83,337.09,164.18
320.33,202.81,341.54,214.91,366.71,170.77,345.49,158.68
333.65,206.83,357.29,210.07,364.01,160.89,340.37,157.66
332.90,209.17,356.93,209.36,357.31,159.38,333.29,159.19
331.29,209.09,355.83,209.26,356.17,158.22,331.64,158.06
327.78,211.55,353.60,209.59,349.52,155.88,323.70,157.84
319.61,210.45,345.71,208.60,341.87,154.33,315.78,156.18
313.38,208.77,339.46,207.50,336.82,153.24,310.74,154.51
310.70,208.13,336.99,206.88,334.39,152.19,308.10,153.44
2
0
0
0
0
1
334.63,230.29,358.26,229.02,354.73,163.26,331.09,164.53
333.67,230.55,357.49,230.45,357.20,164.17,333.38,164.27
328.61,231.54,352.98,233.01,357.06,165.17,332.68,163.71
338.95,230.14,362.44,227.53,355.18,162.18,331.69,164.79
334.53,228.42,357.89,227.83,356.27,162.84,332.91,163.42
334.18,229.99,357.17,225.74,345.35,161.75,322.36,166.00
319.30,229.42,341.15,237.28,363.04,176.47,341.18,168.60
312.42,233.82,333.58,245.79,366.90,186.91,345.74,174.94
316.67,254.70,342.31,261.52,361.27,190.18,335.64,183.36
310.31,251.51,335.40,259.49,357.59,189.70,332.51,181.72
312.97,258.63,339.43,259.62,342.17,185.99,315.71,185.01
315.26,260.21,342.35,260.74,343.80,185.35,316.71,184.83
314.22,259.97,341.46,260.91,344.09,185.10,316.84,184.16
316.97,257.21,343.16,260.84,353.27,187.95,327.08,184.31
322.20,262.98,347.30,262.80,346.79,192.95,321.69,193.14
318.71,258.04,342.02,259.34,345.65,194.48,322.34,193.18
318.28,258.09,341.52,259.36,345.04,194.70,321.81,193.43
316.96,257.13,340.68,259.12,346.21,193.12,322.49,191.13
310.48,248.87,330.83,260.21,362.40,203.59,342.05,192.25
304.38,246.02,324.27,258.29,358.41,202.95,338.52,190.67
300.42,245.18,320.38,257.76,355.39,202.20,335.43,189.62
302.42,242.18,321.45,254.77,356.49,201.83,337.47,189.23
299.25,241.31,318.48,254.54,355.30,201.06,336.08,187.83
302.71,246.24,323.99,254.61,347.28,195.41,326.01,187.04
310.02,248.83,330.81,255.94,350.60,198.09,329.81,190.98
317.04,251.53,337.10,257.23,352.98,201.41,332.92,195.70
324.42,253.71,344.72,257.69,355.79,201.23,335.50,197.25
323.49,254.13,343.81,258.37,355.62,201.84,335.30,197.60
329.92,256.44,349.34,260.64,361.02,206.62,341.61,202.42
338.26,259.01,357.83,261.71,365.34,207.24,345.76,204.54
335.23,259.48,354.88,261.91,361.64,207.24,341.99,204.81
334.38,257.83,352.68,261.15,361.91,210.23,343.61,206.91
333.31,254.15,349.51,258.68,362.12,213.61,345.92,209.08
336.25,256.04,353.58,260.11,364.92,211.89,347.59,207.81
336.52,255.47,353.32,257.99,360.32,211.23,343.52,208.72
333.68,253.59,349.91,256.34,357.55,211.18,341.32,208.44
328.77,250.67,344.12,253.47,351.89,210.76,336.54,207.97
324.03,255.82,338.77,262.00,355.97,220.99,341.23,214.81
324.18,254.31,338.43,261.29,357.85,221.65,343.61,214.66
321.49,253.51,335.74,260.09,354.06,220.45,339.81,213.87
322.75,253.96,337.08,260.00,353.87,220.12,339.54,214.08
321.45,252.62,334.87,260.83,357.72,223.49,344.30,215.28
325.91,254.78,339.86,261.51,358.59,222.70,344.64,215.97
330.00,255.62,343.75,261.87,361.14,223.60,347.39,217.35
332.09,255.05,346.07,261.24,363.28,222.35,349.30,216.16
332.51,255.71,346.73,261.44,362.65,221.86,348.42,216.14
327.46,253.53,341.37,260.00,359.36,221.30,345.46,214.84
323.91,251.73,337.35,258.98,357.54,221.58,344.10,214.32
322.50,250.42,334.85,257.53,354.66,223.16,342.31,216.04
316.11,246.77,327.42,254.30,348.37,222.83,337.06,215.30
306.98,243.48,314.77,254.38,345.10,232.71,337.31,221.81
311.38,234.16,321.83,244.58,350.82,215.50,340.37,205.08
314.44,234.85,324.54,244.96,352.69,216.87,342.60,206.75
313.87,234.69,323.39,245.28,352.85,218.80,343.34,208.21
308.89,228.34,315.00,241.36,351.24,224.36,345.13,211.34
306.36,220.97,307.15,236.55,350.51,234.37,349.72,218.78
301.31,220.61,303.74,236.10,346.85,229.33,344.42,213.84
293.95,218.00,296.05,233.98,340.49,228.14,338.39,212.17
289.87,217.49,292.41,232.18,333.27,225.10,330.73,210.41
288.49,223.56,296.22,235.80,330.30,214.28,322.56,202.03
290.08,215.83,292.84,231.23,335.71,223.56,332.96,208.15
290.78,223.46,296.45,237.86,336.52,222.09,330.86,207.69
287.09,222.13,292.26,237.05,333.80,222.66,328.62,207.73
280.29,220.79,285.68,236.15,328.39,221.15,323.01,205.80
2
0
0
0
0
1
321.70,218.40,346.86,218.88,348.22,147.41,323.06,146.93
324.81,221.53,350.56,220.56,347.79,147.43,322.04,148.41
322.11,217.10,345.58,218.64,349.95,151.98,326.48,150.44
335.18,218.79,359.11,215.63,350.12,147.67,326.19,150.83
336.09,218.01,360.13,215.30,352.43,147.04,328.40,149.75
334.88,213.09,357.90,212.76,356.96,147.37,333.93,147.70
337.42,213.11,360.58,212.62,359.19,146.84,336.02,147.33
339.13,212.87,362.14,212.31,360.56,146.97,337.55,147.53
331.29,218.38,357.06,220.37,362.70,147.17,336.93,145.18
338.08,220.62,364.20,219.24,360.28,145.06,334.16,146.44
338.10,220.04,363.89,218.73,360.17,145.47,334.38,146.78
337.02,219.66,362.73,218.82,360.33,145.80,334.62,146.65
334.21,218.08,359.21,218.79,361.24,147.79,336.24,147.08
337.64,219.13,363.33,218.33,361.03,145.36,335.34,146.17
339.77,217.73,364.64,216.55,361.30,145.93,336.43,147.10
341.47,217.26,366.41,215.20,360.57,144.35,335.62,146.41
343.73,216.22,368.56,213.20,359.97,142.67,335.14,145.70
336.93,217.45,362.08,218.52,365.11,147.10,339.96,146.03
343.05,217.02,367.42,215.85,364.08,146.64,339.71,147.81
341.01,218.34,365.58,218.80,366.90,149.03,342.33,148.56
345.45,216.59,369.83,215.38,366.40,146.14,342.02,147.34
341.88,217.76,366.44,218.90,369.67,149.14,345.11,148.00
346.99,218.77,371.36,218.12,369.50,148.91,345.13,149.57
344.42,221.50,371.07,221.75,371.78,146.07,345.13,145.82
357.36,219.09,381.64,215.09,370.27,146.14,345.99,150.14
356.82,217.55,381.84,215.05,374.75,144.00,349.73,146.49
348.85,216.07,373.73,219.70,384.07,149.03,359.18,145.39
353.38,215.71,378.06,218.74,386.68,148.66,362.00,145.62
349.64,218.24,374.48,224.05,390.99,153.50,366.15,147.69
354.92,219.62,380.55,223.64,391.96,150.85,366.33,146.84
361.35,223.25,387.41,224.86,391.99,150.86,365.93,149.25
361.97,223.92,388.53,225.36,392.60,149.92,366.04,148.49
366.75,228.50,394.58,226.60,389.19,147.56,361.36,149.46
370.74,229.63,398.20,226.31,388.76,148.33,361.31,151.66
383.11,225.45,408.24,218.91,389.69,147.56,364.56,154.09
384.92,227.25,410.42,219.11,387.28,146.69,361.79,154.84
378.69,226.22,404.30,221.03,389.57,148.30,363.96,153.48
373.96,224.06,399.90,221.34,392.19,147.66,366.25,150.38
361.84,218.95,386.86,223.10,398.65,152.03,373.62,147.88
366.54,221.89,391.92,223.59,396.74,151.49,371.35,149.80
369.77,223.70,395.25,224.20,396.66,151.82,371.17,151.33
372.64,224.38,397.76,223.91,396.45,152.57,371.33,153.04
374.00,225.42,398.68,224.89,397.19,154.81,372.51,155.33
376.61,225.19,400.64,224.46,398.59,156.21,374.55,156.93
379.76,225.47,403.66,223.63,398.42,155.73,374.52,157.57
357.62,230.48,382.80,238.55,405.70,167.03,380.52,158.96
357.40,231.02,383.95,239.35,407.62,163.95,381.07,155.61
360.25,232.80,388.44,239.91,408.64,159.86,380.45,152.74
360.60,233.09,389.03,240.24,409.35,159.53,380.93,152.37
363.23,234.32,391.55,240.96,410.42,160.53,382.10,153.88
375.38,234.21,404.39,238.68,417.10,156.30,388.09,151.82
388.75,238.63,417.67,237.59,414.70,155.46,385.78,156.50
390.53,239.96,419.39,238.54,415.36,156.56,386.49,157.98
392.68,240.06,421.65,238.38,416.89,156.12,387.92,157.80
387.89,235.17,414.50,236.49,418.24,160.93,391.63,159.61
393.00,233.40,418.11,233.04,417.09,161.73,391.98,162.09
401.25,235.02,425.97,232.32,418.30,162.11,393.58,164.81
404.38,235.89,430.32,234.85,427.36,161.18,401.42,162.22
405.86,237.02,432.28,235.94,429.20,160.90,402.78,161.99
406.07,235.57,432.27,235.19,431.19,160.80,404.99,161.18
414.75,235.37,439.66,232.10,430.36,161.34,405.44,164.62
410.51,244.41,439.64,242.67,434.69,159.93,405.56,161.68
414.15,242.28,442.30,240.18,436.36,160.23,408.21,162.32
413.10,241.95,441.12,240.41,436.75,160.84,408.74,162.38
418.56,242.14,446.27,238.83,436.87,160.14,409.16,163.45
408.21,236.62,434.83,237.78,438.13,162.18,411.51,161.01
405.56,229.82,430.66,232.24,437.53,160.94,412.43,158.52
406.33,230.18,431.53,232.87,439.17,161.29,413.96,158.60
404.88,230.27,431.35,232.76,438.43,157.58,411.96,155.09
405.48,230.26,432.57,232.18,438.03,155.23,410.94,153.31
408.31,231.36,435.61,231.73,436.66,154.18,409.35,153.81
406.11,230.32,433.51,231.93,438.07,154.11,410.67,152.51
412.13,233.11,439.73,231.97,436.48,153.57,408.88,154.72
415.29,235.53,444.20,232.13,434.57,150.03,405.66,153.42
419.68,236.81,448.43,231.38,432.99,149.72,404.24,155.15
416.47,241.23,444.81,240.00,441.30,159.51,412.96,160.75
417.92,239.65,445.87,238.32,442.09,158.93,414.14,160.26
420.50,241.21,448.22,240.89,447.29,162.16,419.57,162.49
427.10,246.02,456.06,244.00,450.31,161.73,421.34,163.76
430.93,245.23,459.70,243.72,455.42,162.00,426.65,163.50
445.26,239.39,472.34,233.97,456.95,157.05,429.87,162.47
448.89,239.49,476.26,233.83,460.18,156.08,432.81,161.74
451.08,241.48,479.37,235.23,461.63,154.87,433.33,161.12
453.32,241.53,481.56,234.82,462.50,154.63,434.27,161.34
456.58,239.74,484.58,233.28,466.25,153.76,438.25,160.21
456.02,238.26,484.00,233.91,471.65,154.44,443.67,158.79
459.49,238.13,487.20,233.26,473.36,154.55,445.65,159.42
464.45,237.46,492.39,232.23,477.54,152.87,449.59,158.10
469.17,235.35,496.86,228.99,478.81,150.36,451.12,156.72
477.34,235.21,504.16,226.18,478.51,150.01,451.69,159.04
478.35,234.26,505.18,225.26,479.64,149.08,452.81,158.08
471.18,235.47,499.91,229.64,483.35,148.05,454.62,153.88
470.81,232.64,498.85,227.08,483.07,147.43,455.02,152.99
465.46,237.28,495.26,236.76,493.80,152.12,464.00,152.63
474.29,233.66,501.48,230.52,492.56,153.29,465.37,156.43
476.54,230.84,502.46,227.82,493.87,154.22,467.96,157.25
470.97,230.44,496.47,229.94,495.04,157.52,469.54,158.02
470.25,228.63,494.28,229.60,497.03,161.35,473.00,160.38
466.63,237.18,494.23,238.59,498.24,160.21,470.64,158.80
468.24,238.91,496.07,238.91,496.06,159.89,468.24,159.89
468.16,239.36,495.90,239.06,495.05,160.27,467.31,160.57
468.35,239.61,496.41,239.18,495.21,159.49,467.15,159.91
468.26,240.45,495.87,240.54,496.13,162.12,468.51,162.03
472.20,240.22,498.01,237.38,489.95,164.09,464.15,166.93
476.25,241.30,501.86,235.69,485.93,162.96,460.32,168.57
476.32,241.22,501.76,235.23,484.75,163.00,459.31,168.99
472.67,240.62,497.96,235.07,482.19,163.25,456.90,168.80
462.61,236.56,487.38,234.52,481.56,164.16,456.79,166.21
467.34,236.67,491.28,232.40,479.16,164.39,455.21,168.66
469.57,237.15,493.43,231.94,478.64,164.16,454.78,169.37
466.44,234.47,489.91,230.15,477.65,163.48,454.17,167.80
467.62,234.44,492.01,229.62,478.31,160.37,453.93,165.19
465.51,232.76,490.21,229.53,481.01,159.38,456.31,162.62
466.08,234.92,491.42,231.26,481.02,159.29,455.68,162.95
468.01,230.80,492.25,227.90,484.00,159.07,459.76,161.98
470.25,228.86,493.75,224.31,480.80,157.57,457.30,162.13
462.78,225.25,486.30,223.26,480.63,156.48,457.12,158.47
461.81,222.20,484.61,220.76,480.54,156.02,457.74,157.46
461.06,220.47,483.11,219.79,481.19,157.18,459.14,157.86
455.95,216.46,476.70,218.70,483.06,159.78,462.31,157.54
457.10,212.79,476.00,214.15,479.86,160.46,460.96,159.10
447.81,207.42,466.13,212.51,480.58,160.50,462.27,155.40
451.76,205.38,471.13,207.29,476.54,152.27,457.17,150.36
449.23,205.77,468.84,208.44,476.40,152.76,456.80,150.10
447.80,206.90,467.23,210.17,476.52,155.01,457.09,151.74
440.69,205.11,459.16,211.60,477.58,159.15,459.11,152.67
438.18,199.03,454.32,207.65,478.82,161.81,462.68,153.19
442.71,218.07,464.39,222.56,477.15,160.98,455.47,156.49
443.57,210.18,464.89,214.41,476.91,153.86,455.58,149.63
445.39,209.45,466.47,213.29,477.39,153.41,456.30,149.57
444.89,209.02,465.75,213.17,477.53,153.91,456.66,149.76
445.59,210.74,467.07,214.65,478.17,153.66,456.69,149.75
437.35,200.35,456.09,208.22,478.44,155.00,459.70,147.13
435.19,197.11,452.82,205.89,477.75,155.83,460.12,147.05
435.59,197.26,453.53,206.00,478.36,155.06,460.42,146.31
436.09,198.46,454.52,207.06,478.94,154.72,460.51,146.13
436.84,197.28,455.19,206.06,480.11,153.95,461.77,145.17
436.46,193.31,452.71,202.59,479.06,156.46,462.81,147.18
431.57,191.51,448.17,202.57,479.61,155.40,463.00,144.33
427.73,189.88,444.39,202.60,480.50,155.27,463.83,142.56
431.24,190.22,448.01,201.33,479.57,153.72,462.81,142.60
432.42,188.03,449.48,199.31,481.51,150.87,464.46,139.59
444.32,199.41,465.69,201.55,471.77,140.86,450.40,138.72
444.23,200.16,466.24,202.45,472.76,139.95,450.75,137.66
445.66,199.81,467.92,202.11,474.46,138.90,452.21,136.60
446.55,200.20,469.15,202.17,474.73,137.99,452.13,136.03
441.56,189.34,460.02,197.66,483.64,145.24,465.18,136.92
447.07,188.68,465.21,196.10,486.28,144.56,468.13,137.14
446.57,188.67,462.83,200.03,495.10,153.87,478.84,142.51
454.29,198.16,472.55,205.39,493.08,153.53,474.82,146.30
460.00,195.83,477.65,203.13,498.37,153.02,480.73,145.72
2
0
0
0
0
1
530.10,208.47,560.10,206.63,554.95,122.61,524.94,124.45
530.19,205.97,560.40,205.69,559.62,121.09,529.40,121.37
533.65,204.53,564.28,204.21,563.40,118.46,532.77,118.77
534.72,201.32,564.04,200.95,563.00,118.86,533.68,119.23
532.89,201.53,562.27,201.97,563.50,119.70,534.12,119.26
533.50,200.47,563.04,199.60,560.61,116.91,531.07,117.78
529.43,199.29,559.54,200.60,563.22,116.29,533.11,114.98
528.02,196.79,557.30,198.57,562.28,116.58,532.99,114.80
523.97,194.70,553.19,197.33,560.54,115.51,531.32,112.89
523.91,192.94,552.06,195.06,557.99,116.26,529.85,114.14
514.25,192.91,542.22,196.29,551.68,117.97,523.71,114.59
515.75,191.93,543.33,193.10,546.60,115.88,519.03,114.72
513.61,190.82,541.64,191.99,544.91,113.51,516.88,112.34
512.63,189.01,539.83,189.49,541.19,113.34,514.00,112.86
518.20,191.31,544.06,190.64,542.17,118.23,516.31,118.91
523.27,189.38,547.87,186.90,540.93,118.03,516.34,120.50
514.83,189.65,539.68,191.21,544.06,121.64,519.21,120.07
515.60,188.42,539.25,185.89,532.16,119.67,508.51,122.20
514.10,186.93,537.92,184.35,530.70,117.65,506.87,120.23
511.03,185.89,534.70,183.99,529.38,117.70,505.70,119.60
508.55,183.30,532.28,181.94,528.46,115.50,504.73,116.86
506.76,178.84,530.30,177.02,525.18,111.12,501.65,112.94
503.57,176.58,526.51,175.15,522.50,110.91,499.56,112.34
503.77,175.02,526.54,173.02,520.95,109.26,498.18,111.26
506.13,170.41,527.56,166.50,516.62,106.52,495.20,110.42
499.81,167.60,521.50,165.16,514.65,104.43,492.96,106.87
512.65,166.15,531.21,156.91,505.35,104.94,486.79,114.18
510.11,163.77,528.65,155.18,504.58,103.28,486.05,111.87
501.24,160.34,521.68,155.67,508.60,98.42,488.15,103.09
502.46,154.29,521.29,147.42,502.07,94.68,483.24,101.54
500.55,151.38,519.70,144.77,501.19,91.15,482.04,97.77
496.75,148.12,516.22,142.60,500.78,88.07,481.30,93.59
491.88,146.65,512.27,143.95,504.71,86.87,484.32,89.57
475.39,145.84,496.49,151.22,511.57,92.14,490.47,86.75
476.49,141.61,496.08,147.15,511.59,92.29,492.00,86.75
478.52,136.12,496.34,141.03,510.07,91.13,492.25,86.23
478.52,133.35,496.39,137.99,509.39,87.97,491.52,83.32
478.73,130.75,496.87,134.96,508.63,84.16,490.49,79.96
477.11,127.95,495.75,131.93,506.91,79.73,488.27,75.75
475.74,124.77,495.04,128.42,505.26,74.38,485.96,70.73
473.73,120.01,494.38,121.64,498.94,63.81,478.29,62.19
471.18,120.58,492.58,121.20,494.32,61.28,472.92,60.66
2
0
0
0
0
1
488.97,157.15,515.90,159.25,521.73,84.46,494.80,82.36
492.38,152.07,519.09,152.24,519.56,78.05,492.85,77.88
491.49,151.46,517.93,150.98,516.59,77.53,490.15,78.02
488.02,150.58,514.31,150.80,514.92,77.76,488.63,77.54
478.10,144.12,502.87,151.12,522.31,82.31,497.54,75.31
492.95,156.16,517.78,152.50,507.62,83.54,482.80,87.20
489.41,157.88,514.61,155.60,508.28,85.61,483.08,87.89
488.75,156.83,513.41,152.61,501.68,84.11,477.02,88.33
483.27,158.27,509.16,154.98,500.03,83.04,474.13,86.33
470.43,161.02,498.57,160.61,497.43,82.41,469.28,82.83
461.30,164.06,491.26,165.48,495.20,82.24,465.23,80.82
471.07,163.83,498.14,160.01,487.52,84.83,460.45,88.65
464.77,161.05,490.09,158.88,484.05,88.54,458.73,90.72
460.28,159.45,483.22,157.74,478.46,94.02,455.52,95.74
463.41,162.14,488.27,157.36,475.00,88.32,450.14,93.09
457.18,159.11,480.79,153.62,465.53,88.03,441.92,93.53
451.54,153.09,472.57,149.02,461.29,90.61,440.26,94.68
450.29,154.10,471.70,149.54,459.03,90.05,437.62,94.61
447.12,157.05,469.35,153.67,459.97,91.93,437.74,95.31
451.83,155.62,473.35,151.18,461.00,91.41,439.49,95.85
444.49,151.64,464.99,150.97,463.14,94.03,442.64,94.69
446.40,149.87,465.79,148.40,461.70,94.55,442.31,96.02
444.29,145.35,460.53,144.17,457.25,99.06,441.01,100.24
443.26,146.74,457.75,147.99,461.24,107.75,446.75,106.49
448.25,146.79,462.25,143.61,453.44,104.71,439.44,107.88
451.03,144.12,464.55,139.83,452.61,102.29,439.09,106.58
448.08,141.30,461.18,138.10,452.29,101.70,439.19,104.90
447.72,137.87,459.98,134.19,449.77,100.14,437.51,103.81
451.93,133.49,462.05,127.68,445.91,99.55,435.78,105.36
452.83,135.41,463.36,129.50,446.96,100.23,436.42,106.13
449.36,134.81,461.87,129.92,448.28,95.17,435.77,100.06
449.42,135.21,460.89,130.54,447.93,98.68,436.46,103.34
449.71,139.89,460.04,135.77,448.59,107.07,438.26,111.19
443.58,141.90,454.81,140.70,451.47,109.53,440.25,110.73
433.81,141.62,445.42,146.01,457.59,113.77,445.99,109.39
431.59,145.90,446.15,149.96,457.41,109.51,442.85,105.46
424.99,151.34,441.79,156.70,456.67,110.02,439.86,104.66
419.66,146.64,435.48,154.63,457.68,110.68,441.86,102.69
422.31,158.51,441.08,163.58,455.15,111.44,436.38,106.37
420.92,160.84,439.63,166.22,454.56,114.22,435.85,108.85
420.20,159.79,438.38,165.22,453.48,114.73,435.30,109.30
419.06,165.33,437.00,170.93,452.53,121.11,434.60,115.51
420.15,166.55,437.48,171.82,452.13,123.68,434.79,118.41
429.72,174.88,447.46,172.28,440.25,123.00,422.51,125.59
426.41,170.34,445.91,166.99,436.59,112.82,417.09,116.18
432.48,165.28,449.25,156.00,423.48,109.42,406.71,118.70
428.68,164.08,445.11,155.71,421.86,110.06,405.43,118.43
426.60,166.37,442.90,157.53,418.34,112.25,402.04,121.09
426.57,169.07,442.71,160.52,418.97,115.68,402.83,124.23
425.83,169.16,441.63,160.45,417.45,116.56,401.65,125.27
424.38,171.19,440.96,161.85,415.01,115.79,398.43,125.13
420.91,172.71,437.46,163.94,413.11,117.94,396.55,126.71
419.39,175.71,435.94,167.42,412.91,121.46,396.36,129.76
419.85,178.27,436.51,169.94,413.36,123.67,396.71,132.00
419.82,180.30,436.46,171.57,412.20,125.34,395.55,134.07
420.07,180.33,436.72,171.58,412.43,125.33,395.78,134.08
2
