1
338.29,217.18,362.93,217.07,362.70,165.82,338.06,165.93
337.31,215.51,361.64,215.45,361.52,164.85,337.20,164.90
335.74,214.37,360.57,215.74,363.43,164.09,338.59,162.72
335.88,218.23,362.24,215.59,356.76,160.77,330.40,163.41
331.45,218.30,357.61,215.62,352.03,161.20,325.87,163.88
330.79,219.02,357.57,214.48,348.13,158.78,321.35,163.32
328.89,220.11,356.11,215.02,345.52,158.39,318.30,163.48
331.64,216.21,359.38,212.41,351.47,154.71,323.73,158.52
322.57,221.36,348.46,226.12,358.36,172.27,332.47,167.51
319.85,219.81,344.94,225.25,356.26,173.05,331.16,167.61
317.84,218.41,342.36,224.37,354.75,173.36,330.23,167.40
333.31,220.50,358.34,217.67,352.44,165.62,327.41,168.46
335.99,224.02,362.15,218.21,350.07,163.79,323.91,169.60
329.13,220.93,355.32,215.78,344.62,161.31,318.43,166.46
322.46,205.67,348.00,205.64,347.94,152.52,322.40,152.55
314.28,194.48,339.77,198.64,348.41,145.62,322.91,141.46
312.54,189.08,340.27,195.08,352.75,137.39,325.02,131.39
305.65,187.03,333.54,193.65,347.32,135.63,319.43,129.01
300.01,185.57,327.94,191.98,341.28,133.88,313.34,127.47
2
0
0
0
0
1
323.65,227.46,349.84,229.27,354.63,159.78,328.45,157.97
310.42,219.44,334.85,227.23,355.54,162.40,331.11,154.61
297.98,210.09,319.20,227.55,365.53,171.24,344.31,153.78
296.79,212.60,319.60,230.69,367.61,170.16,344.80,152.07
296.89,213.18,319.93,231.65,368.96,170.51,345.92,152.03
317.33,227.34,346.55,232.58,360.46,155.06,331.25,149.82
323.45,232.80,353.36,235.35,360.13,155.97,330.22,153.42
329.04,234.01,360.26,232.66,356.67,149.82,325.46,151.17
327.17,235.14,358.48,234.32,356.30,151.25,325.00,152.07
329.27,230.94,359.19,229.34,354.95,149.93,325.02,151.52
332.35,226.28,359.54,225.24,356.80,153.08,329.61,154.11
327.88,224.03,354.64,224.96,357.11,153.96,330.36,153.02
327.07,222.25,353.20,223.54,356.63,154.20,330.50,152.91
344.60,227.05,369.86,220.09,351.38,153.04,326.12,160.00
352.32,231.57,376.79,221.42,349.85,156.46,325.37,166.62
350.52,231.56,374.01,220.85,345.59,158.52,322.10,169.23
343.35,228.31,366.81,220.74,346.74,158.50,323.28,166.06
339.10,227.82,363.51,223.87,353.03,159.06,328.61,163.01
332.63,223.19,358.74,222.59,357.15,153.31,331.04,153.91
332.06,221.86,358.28,221.04,356.13,151.48,329.91,152.29
334.20,220.14,359.27,218.81,355.74,152.28,330.67,153.61
330.41,219.82,355.31,219.76,355.15,153.69,330.26,153.75
329.80,220.41,354.89,220.77,355.85,154.20,330.76,153.83
331.87,217.21,356.93,216.48,354.99,149.97,329.93,150.70
333.62,214.97,358.76,214.00,356.18,147.29,331.04,148.27
321.83,218.66,348.35,225.52,366.56,155.13,340.04,148.27
322.43,218.44,348.03,225.16,365.87,157.22,340.27,150.50
323.95,217.94,349.33,224.36,366.37,157.02,340.99,150.60
326.23,218.29,350.99,223.75,365.47,158.05,340.72,152.59
327.50,218.07,352.03,223.32,365.96,158.21,341.43,152.97
328.20,221.06,354.91,223.88,362.40,153.00,335.69,150.18
328.79,220.60,355.07,223.14,361.80,153.40,335.53,150.86
330.06,220.13,355.77,221.79,360.18,153.56,334.47,151.90
329.39,225.70,356.09,227.08,359.75,156.22,333.05,154.84
330.47,224.88,357.33,225.65,359.38,154.38,332.52,153.61
329.83,223.03,356.08,224.56,360.13,154.87,333.87,153.35
346.86,234.64,371.59,226.73,350.61,161.09,325.88,168.99
346.67,234.23,370.70,225.70,348.08,161.94,324.05,170.46
345.22,233.78,368.99,225.61,347.29,162.54,323.53,170.71
347.01,236.41,371.71,226.38,345.11,160.83,320.41,170.86
346.32,236.28,370.49,226.42,344.33,162.28,320.16,172.14
347.06,237.22,371.36,227.00,344.26,162.50,319.95,172.71
343.19,235.52,366.81,225.65,340.62,162.97,317.00,172.84
330.55,236.87,359.19,231.47,344.86,155.46,316.22,160.86
339.78,237.65,366.61,227.23,338.94,156.04,312.12,166.46
339.28,231.30,366.82,222.48,343.43,149.38,315.89,158.20
365.15,228.40,387.15,208.30,333.81,149.91,311.81,170.00
364.15,228.30,386.67,209.10,335.70,149.34,313.18,168.54
369.16,228.45,391.37,206.56,333.27,147.62,311.07,169.51
378.78,221.26,394.15,192.92,318.93,152.13,303.56,180.47
381.83,224.20,398.37,195.48,322.14,151.58,305.60,180.31
385.50,224.94,401.88,195.58,323.96,152.11,307.58,181.47
378.22,224.28,396.93,197.48,325.81,147.81,307.10,174.61
374.63,222.62,393.07,195.84,322.01,146.90,303.57,173.67
372.25,223.44,391.25,197.58,322.62,147.15,303.62,173.01
373.50,225.28,393.00,199.31,324.09,147.58,304.59,173.55
368.50,228.77,391.36,206.80,333.05,146.13,310.19,168.10
371.92,228.79,394.95,205.57,333.31,144.46,310.28,167.69
372.76,229.17,395.83,205.64,333.41,144.40,310.33,167.92
373.12,229.47,396.07,205.72,333.05,144.82,310.10,168.57
360.78,232.87,388.08,215.87,342.97,143.41,315.66,160.41
357.41,231.09,384.45,215.47,343.00,143.72,315.97,159.33
352.25,224.83,378.15,211.54,342.86,142.78,316.96,156.08
355.12,225.25,380.15,210.94,342.17,144.53,317.15,158.84
355.08,224.97,379.64,211.62,344.23,146.46,319.68,159.80
357.19,224.55,381.53,211.35,346.51,146.77,322.17,159.97
357.60,225.32,381.09,213.35,349.32,150.99,325.82,162.96
352.44,224.28,377.65,218.08,361.22,151.18,336.01,157.37
343.00,219.79,367.72,223.29,377.00,157.68,352.28,154.19
344.78,218.69,369.28,221.88,377.75,156.86,353.25,153.67
342.15,215.99,365.68,220.46,377.56,158.01,354.03,153.53
332.81,198.18,348.85,211.49,384.17,168.90,368.12,155.60
337.62,199.00,355.55,208.44,380.62,160.85,362.69,151.41
336.90,199.29,355.64,208.99,381.39,159.27,362.66,149.57
332.47,191.71,349.62,203.73,381.53,158.21,364.38,146.18
326.79,191.29,341.71,205.85,380.34,166.27,365.42,151.72
326.08,189.04,341.64,203.92,381.13,162.64,365.57,147.76
326.46,189.03,342.37,202.98,379.39,160.77,363.48,146.82
325.66,189.40,342.20,202.43,376.77,158.55,360.23,145.52
328.16,189.46,344.07,202.12,377.68,159.88,361.76,147.22
335.91,195.57,354.25,201.99,371.28,153.30,352.94,146.89
338.19,196.87,357.62,202.00,371.23,150.45,351.80,145.32
339.47,197.08,359.04,201.12,369.75,149.18,350.18,145.14
341.50,196.64,360.92,200.88,372.19,149.35,352.77,145.11
341.75,197.68,361.41,202.03,372.96,149.85,353.30,145.50
356.37,203.41,376.13,200.71,368.95,148.26,349.19,150.97
356.27,203.40,378.09,202.01,374.42,144.08,352.59,145.47
356.99,204.08,380.35,203.40,378.54,141.41,355.18,142.09
374.15,206.74,393.35,197.51,368.86,146.55,349.65,155.78
363.33,216.32,386.12,213.73,379.25,153.23,356.45,155.82
371.79,216.77,394.17,211.30,379.67,151.92,357.29,157.38
368.67,218.52,391.48,216.93,387.27,156.39,364.45,157.98
376.34,216.65,398.84,211.78,385.91,152.05,363.41,156.92
377.35,216.72,399.83,211.94,387.15,152.28,364.67,157.06
377.07,216.59,399.64,211.55,386.26,151.65,363.69,156.69
382.71,226.75,408.50,218.76,387.30,150.30,361.50,158.29
389.87,230.31,415.83,219.14,386.20,150.25,360.24,161.41
386.83,236.78,413.21,228.20,390.44,158.18,364.06,166.76
382.54,236.19,409.42,229.55,391.81,158.23,364.93,164.86
384.29,237.82,411.58,229.22,388.75,156.80,361.46,165.40
393.49,231.02,420.08,218.60,387.13,148.03,360.53,160.45
374.43,229.36,403.73,226.31,395.64,148.56,366.34,151.61
374.34,230.97,404.07,227.39,394.58,148.47,364.84,152.05
376.71,230.76,405.70,226.12,393.36,149.19,364.37,153.84
378.57,233.49,407.67,228.31,393.91,151.08,364.81,156.26
380.21,231.66,408.14,227.00,395.78,152.89,367.85,157.55
383.34,231.12,410.26,225.67,395.79,154.23,368.87,159.69
396.82,225.74,420.07,213.34,387.16,151.64,363.90,164.04
398.67,226.24,422.65,214.22,390.75,150.59,366.77,162.61
382.78,228.57,411.32,226.04,404.61,150.31,376.07,152.83
378.10,220.57,406.79,223.84,415.48,147.68,386.78,144.41
381.15,221.55,410.08,223.48,415.20,146.70,386.27,144.78
363.40,218.92,391.60,227.66,414.78,152.80,386.57,144.07
386.72,215.24,414.45,206.20,390.45,132.63,362.73,141.67
388.70,217.09,416.52,207.00,389.73,133.15,361.90,143.24
399.59,218.96,424.98,204.98,387.88,137.61,362.49,151.59
403.77,220.11,428.48,204.86,388.00,139.28,363.29,154.53
407.56,220.97,430.62,204.69,387.40,143.49,364.34,159.78
426.52,218.36,443.25,194.56,380.10,150.15,363.37,173.95
428.99,218.85,445.78,195.14,382.85,150.58,366.06,174.29
432.08,213.39,445.68,188.78,380.39,152.69,366.79,177.29
433.06,212.75,446.06,188.44,381.55,153.95,368.55,178.26
434.22,211.45,446.04,186.93,380.97,155.58,369.16,180.10
438.72,210.84,449.21,187.32,386.78,159.48,376.29,183.00
440.31,209.83,451.79,185.78,387.97,155.32,376.49,179.36
441.38,210.66,453.22,186.67,389.58,155.25,377.74,179.24
443.39,209.53,452.85,185.54,389.19,160.42,379.73,184.41
447.50,214.89,458.96,190.74,394.88,160.33,383.42,184.48
441.42,216.41,457.37,196.90,405.61,154.57,389.65,174.08
446.23,215.86,461.43,195.16,406.49,154.83,391.30,175.53
442.67,223.54,462.17,205.48,414.24,153.74,394.74,171.80
440.41,221.17,459.47,204.77,415.95,154.20,396.90,170.60
439.03,220.78,457.94,204.53,414.80,154.33,395.89,170.58
439.63,220.62,458.12,203.92,413.79,154.84,395.30,171.54
431.28,218.46,454.33,209.33,430.09,148.16,407.04,157.29
435.11,220.49,458.62,208.56,426.95,146.15,403.43,158.09
434.75,221.07,458.22,209.88,428.53,147.58,405.06,158.77
436.88,221.55,459.71,210.94,431.56,150.36,408.73,160.96
437.81,221.05,460.47,211.01,433.83,150.86,411.16,160.90
440.66,221.18,463.02,211.52,437.38,152.20,415.03,161.86
445.02,219.68,466.58,210.09,441.14,152.89,419.58,162.48
449.85,215.94,469.92,207.32,447.05,154.04,426.98,162.66
455.21,216.61,475.95,207.84,452.69,152.78,431.94,161.55
456.46,215.54,477.07,208.98,459.69,154.27,439.07,160.83
457.87,216.01,478.41,210.00,462.46,155.47,441.91,161.48
459.46,212.76,479.07,206.63,462.81,154.59,443.21,160.72
463.34,209.39,482.08,203.51,466.46,153.77,447.72,159.65
466.23,210.17,485.37,204.01,469.03,153.20,449.88,159.36
468.63,210.51,487.82,204.39,471.58,153.46,452.39,159.58
470.20,211.62,490.55,205.25,473.64,151.24,453.29,157.61
479.36,215.00,498.20,203.47,467.60,153.48,448.76,165.01
482.00,211.33,500.12,198.97,467.31,150.88,449.19,163.24
483.21,209.32,501.42,197.06,468.87,148.73,450.66,161.00
467.26,212.57,488.23,207.06,473.61,151.41,452.64,156.92
481.22,201.87,495.04,186.75,454.89,150.07,441.07,165.20
476.41,207.94,493.99,195.39,460.70,148.74,443.12,161.29
491.70,207.05,506.62,186.11,451.06,146.54,436.14,167.47
492.35,218.09,510.99,203.01,470.99,153.53,452.35,168.61
492.25,216.78,509.67,202.81,472.60,156.58,455.18,170.55
491.77,215.07,508.25,202.93,476.04,159.17,459.55,171.31
491.93,214.62,508.18,201.04,472.16,157.91,455.91,171.49
483.49,221.21,501.15,211.36,475.01,164.47,457.34,174.33
485.30,226.05,503.01,215.94,476.19,168.95,458.49,179.06
484.72,226.91,502.12,217.08,476.01,170.91,458.61,180.74
481.77,224.02,497.55,215.93,476.10,174.04,460.32,182.12
470.70,222.29,488.68,221.03,485.35,173.32,467.37,174.57
473.19,222.96,490.93,218.55,479.22,171.46,461.48,175.87
472.41,223.02,490.35,217.97,476.93,170.37,458.99,175.43
469.50,222.74,487.40,218.56,476.30,171.05,458.39,175.23
460.98,221.71,478.36,220.17,474.27,174.03,456.88,175.57
457.82,221.08,474.78,220.94,474.42,175.91,457.46,176.05
459.75,220.37,475.38,219.01,471.77,177.55,456.15,178.91
459.22,224.19,474.41,222.42,469.72,182.13,454.54,183.90
455.52,220.82,470.36,222.19,473.99,182.82,459.16,181.45
431.22,169.07,425.12,188.14,475.72,204.34,481.83,185.27
436.96,171.79,430.26,191.24,481.89,209.03,488.59,189.58
444.59,173.00,438.55,189.08,481.23,205.11,487.27,189.02
450.16,174.03,445.06,187.54,480.93,201.09,486.03,187.57
455.19,168.67,446.37,179.79,475.89,203.21,484.71,192.08
454.92,167.33,445.71,178.10,474.30,202.55,483.51,191.77
2
0
0
0
0
1
453.52,229.99,486.71,227.69,481.47,152.25,448.28,154.56
447.65,227.97,480.53,229.66,484.38,154.95,451.51,153.26
449.43,227.77,481.54,228.81,483.90,155.83,451.80,154.79
454.22,228.94,484.12,224.99,475.15,157.04,445.25,160.99
455.27,227.29,484.67,222.84,474.54,156.03,445.15,160.48
455.70,226.20,484.28,221.46,473.51,156.51,444.93,161.25
454.05,227.11,482.87,226.84,482.25,161.35,453.44,161.62
449.02,223.16,480.38,224.39,483.18,153.12,451.82,151.88
450.10,226.49,482.67,226.54,482.79,152.52,450.22,152.47
457.08,227.72,490.27,224.09,482.02,148.68,448.84,152.31
456.48,227.30,489.74,224.09,482.46,148.48,449.19,151.69
452.77,227.34,485.59,227.15,485.16,152.55,452.34,152.74
452.91,225.27,485.56,225.47,486.00,151.26,453.35,151.07
456.33,227.04,488.51,224.58,482.92,151.46,450.74,153.92
460.26,225.70,492.46,224.50,489.74,151.30,457.53,152.50
463.45,225.16,495.15,222.69,489.56,150.64,457.85,153.10
465.49,223.65,496.70,221.42,491.63,150.50,460.43,152.73
468.34,222.88,499.85,221.38,496.44,149.77,464.93,151.27
470.44,221.67,502.47,220.23,499.19,147.43,467.16,148.87
468.83,219.20,499.63,217.80,496.46,147.79,465.65,149.19
474.07,217.56,504.00,216.40,501.35,148.37,471.42,149.54
484.42,220.74,516.21,215.37,503.99,143.12,472.20,148.49
475.18,220.60,508.22,218.84,504.23,143.75,471.19,145.50
480.79,220.22,513.64,217.82,508.19,143.15,475.33,145.55
480.82,216.44,512.16,214.42,507.58,143.20,476.24,145.21
488.25,216.18,519.44,212.92,512.03,142.05,480.84,145.31
498.57,214.95,528.83,210.02,517.63,141.25,487.38,146.18
508.21,211.05,537.71,205.51,525.11,138.46,495.61,144.00
513.43,206.50,543.77,200.27,529.63,131.31,499.28,137.54
515.56,205.52,546.37,200.04,533.92,130.02,503.11,135.50
526.38,208.91,556.65,198.98,534.08,130.19,503.82,140.12
525.02,205.36,558.81,201.47,549.96,124.67,516.17,128.56
532.94,204.42,566.37,198.92,553.86,122.93,520.43,128.44
534.38,203.20,567.81,198.01,556.01,122.02,522.57,127.21
540.37,200.47,572.88,194.08,558.36,120.21,525.86,126.60
543.32,198.15,575.80,192.40,562.72,118.57,530.24,124.33
545.01,195.15,575.15,188.72,560.55,120.22,530.41,126.65
547.35,194.98,576.87,187.00,558.73,119.90,529.21,127.88
546.33,192.60,575.57,184.75,557.73,118.31,528.49,126.16
543.56,194.00,572.02,183.83,548.93,119.14,520.46,129.30
544.82,190.94,576.04,184.00,560.27,113.05,529.05,119.99
555.92,188.63,583.88,175.76,554.63,112.22,526.67,125.08
554.69,186.72,581.52,174.10,552.82,113.12,525.99,125.75
547.31,182.96,572.69,173.22,550.55,115.54,525.17,125.28
546.01,182.50,571.20,172.21,547.81,114.97,522.63,125.26
546.16,182.18,571.41,170.50,544.87,113.11,519.62,124.79
545.11,181.47,569.87,168.51,540.43,112.22,515.66,125.18
543.08,179.96,567.64,167.49,539.29,111.67,514.73,124.14
542.60,179.59,566.78,165.92,535.69,110.97,511.51,124.65
540.30,178.67,563.29,164.86,531.89,112.61,508.90,126.42
537.84,173.76,560.18,159.37,527.46,108.60,505.13,122.99
538.91,171.22,560.50,154.54,522.59,105.48,501.01,122.16
538.90,171.85,560.55,153.89,519.73,104.67,498.08,122.63
535.60,169.07,557.17,150.99,516.07,101.97,494.50,120.06
531.97,164.94,553.93,146.37,511.73,96.46,489.76,115.03
531.37,162.39,553.50,142.88,509.16,92.58,487.03,112.09
530.91,160.56,553.00,140.87,508.27,90.67,486.18,110.35
528.97,156.78,550.80,136.33,504.31,86.73,482.49,107.18
528.54,153.50,551.35,129.87,497.65,78.03,474.84,101.66
527.38,147.08,549.73,124.07,497.43,73.26,475.08,96.28
527.87,145.25,550.72,121.48,496.70,69.54,473.84,93.31
523.63,142.52,549.18,115.03,486.71,56.95,461.16,84.44
519.33,139.45,544.63,113.15,484.85,55.66,459.56,81.96
515.64,135.72,540.92,109.55,481.44,52.10,456.16,78.27
515.15,131.42,540.15,103.50,476.70,46.69,451.70,74.61
516.77,127.27,541.62,97.38,473.69,40.90,448.84,70.79
520.09,124.75,544.02,90.44,466.07,36.05,442.13,70.36
520.70,120.42,543.35,83.56,459.58,32.07,436.92,68.93
520.36,117.40,542.73,78.07,453.35,27.24,430.98,66.56
518.50,115.31,540.03,73.42,444.82,24.47,423.29,66.36
515.60,113.48,536.01,69.65,436.40,23.26,415.99,67.09
511.74,111.40,530.88,66.18,428.12,22.68,408.98,67.89
506.57,110.58,524.64,64.04,418.87,22.98,400.81,69.52
503.60,193.16,522.30,174.04,478.84,131.52,460.14,150.65
500.13,187.78,513.80,174.01,482.48,142.94,468.82,156.72
502.19,185.70,515.30,171.01,481.91,141.24,468.81,155.93
2
0
0
0
0
1
491.81,160.95,517.24,160.75,516.63,81.43,491.20,81.62
492.95,160.55,517.85,159.44,514.38,81.76,489.48,82.87
494.02,159.66,518.35,157.15,510.50,81.23,486.17,83.75
489.73,158.83,513.60,157.77,510.29,83.31,486.43,84.37
484.09,156.98,507.13,157.65,509.21,85.77,486.17,85.10
487.97,166.20,513.50,163.77,505.94,84.11,480.40,86.54
483.53,165.79,510.06,163.71,503.57,80.94,477.04,83.02
475.19,162.93,501.32,162.73,500.70,81.21,474.57,81.41
476.91,163.72,503.37,161.09,495.17,78.55,468.71,81.18
488.03,163.23,510.93,151.96,475.76,80.50,452.86,91.77
478.20,165.90,503.11,158.45,479.87,80.75,454.96,88.20
467.29,168.75,492.64,163.36,475.81,84.29,450.47,89.68
460.18,169.08,485.30,165.37,473.73,87.02,448.62,90.73
457.25,163.57,480.37,159.49,467.63,87.35,444.51,91.43
461.92,163.32,483.82,156.48,462.51,88.15,440.61,94.98
457.57,163.85,479.57,157.44,459.55,88.79,437.55,95.20
457.13,163.92,478.92,157.29,458.21,89.30,436.42,95.94
454.37,166.75,476.69,160.72,457.88,91.09,435.57,97.12
450.23,169.98,474.06,163.75,454.64,89.40,430.81,95.63
447.48,170.27,471.57,164.77,454.42,89.63,430.33,95.12
444.78,167.93,468.26,163.28,453.74,90.03,430.26,94.68
440.64,168.75,465.12,165.20,454.06,88.81,429.57,92.36
435.26,173.26,461.28,171.28,455.10,90.11,429.08,92.09
432.44,174.99,458.82,174.37,456.90,92.06,430.51,92.68
433.00,174.42,458.62,173.68,456.29,93.77,430.67,94.51
438.01,169.79,461.25,167.28,453.40,94.77,430.16,97.28
436.22,166.59,458.24,164.63,452.12,95.92,430.10,97.89
434.70,164.84,455.86,163.23,450.83,97.21,429.67,98.83
439.98,165.62,459.46,158.07,435.90,97.29,416.42,104.84
439.43,168.33,458.48,161.04,435.75,101.61,416.70,108.90
439.74,177.99,461.43,170.40,437.76,102.75,416.07,110.34
436.32,182.92,461.08,172.82,429.56,95.55,404.79,105.66
436.01,185.30,461.11,174.42,427.16,96.10,402.06,106.99
435.26,187.10,459.60,176.34,426.01,100.39,401.67,111.16
433.38,189.26,457.96,177.81,422.21,101.11,397.63,112.57
430.25,191.14,454.63,178.71,415.85,102.64,391.47,115.07
427.91,190.21,451.04,177.99,412.92,105.83,389.79,118.04
425.70,195.47,449.27,182.68,409.35,109.15,385.79,121.94
426.78,199.86,451.46,185.70,407.27,108.71,382.60,122.87
426.93,201.87,451.77,187.15,405.83,109.63,380.99,124.35
427.27,206.50,451.91,191.55,405.27,114.69,380.64,129.64
428.56,210.49,453.35,195.04,405.13,117.68,380.33,133.14
429.78,209.75,454.14,193.75,404.22,117.74,379.85,133.74
431.01,211.69,455.22,195.15,403.61,119.63,379.41,136.17
428.09,211.50,450.70,195.76,401.60,125.21,378.99,140.95
427.93,212.17,450.33,195.94,399.69,126.06,377.30,142.29
426.61,215.04,449.18,198.55,397.73,128.15,375.17,144.64
428.36,218.14,450.32,202.14,400.38,133.62,378.42,149.63
428.30,222.04,450.95,206.31,401.87,135.65,379.23,151.38
429.11,225.30,452.01,209.51,402.73,138.05,379.83,153.85
429.29,229.81,452.00,214.39,403.90,143.52,381.18,158.94
428.60,232.78,451.50,217.07,402.51,145.65,379.61,161.35
427.57,232.87,450.10,217.21,401.24,146.92,378.71,162.58
427.08,231.56,448.45,216.08,400.13,149.40,378.76,164.89
427.26,231.41,448.59,215.93,400.31,149.38,378.97,164.85
2
