1
436.496338,175.743668,48.259216,48.304947
436.438843,176.584885,44.442650,44.257458
432.226410,174.467575,46.269135,46.302814
426.978546,171.652695,46.774303,46.856548
421.923187,173.568695,48.594814,48.494034
419.548920,171.805527,48.041714,48.144272
416.393707,168.834412,46.001232,45.934589
414.646637,167.595520,46.632210,46.475986
412.252838,167.805634,48.137272,48.339863
407.188202,163.224426,48.849888,48.706551
404.981842,159.958939,51.108414,50.984795
405.632904,159.188904,49.098469,49.025002
404.232269,158.523224,48.231808,48.116131
402.892731,157.419525,48.823536,48.589153
400.350769,155.160843,49.029118,48.866474
400.350769,155.160843,49.029118,48.866474
403.892700,150.369904,47.530670,47.142693
408.393982,148.955109,47.476658,47.597099
409.419922,145.764481,48.419125,48.121166
413.604858,141.157288,46.021294,45.679760
415.849304,143.578934,45.357861,44.979195
433.767609,131.038345,46.749550,46.912552
441.517548,128.395782,46.709824,46.915794
456.321472,123.141121,46.658932,46.351192
450.065186,127.992470,47.432621,47.118946
466.725250,112.321892,47.621971,47.324795
482.341675,102.764153,51.188046,50.967312
485.461121,97.071754,49.979465,49.660122
499.676575,87.009186,51.100372,50.672653
512.367126,70.241722,50.426903,50.195496
525.956299,58.602081,50.832333,50.412426
537.445984,47.562668,52.476719,52.064125
542.460083,36.431149,53.800461,53.426609
541.987488,26.187365,54.219051,53.808796
551.263733,20.460178,50.887428,50.458057
551.193665,15.333792,51.306282,50.885132
538.172974,10.895038,53.849979,53.427582
520.355530,3.323191,55.513081,55.217239
507.137573,6.594093,55.302502,55.018936
480.145966,16.407528,55.146324,54.667526
455.891571,17.194719,54.730564,54.159885
489.004303,7.473654,57.342442,57.031929
468.356750,12.734286,54.113266,53.856850
454.579010,10.971645,54.202515,53.897682
442.689697,0.268860,57.403286,57.148300
475.054596,0.372012,54.530796,54.262566
462.476929,-6.153197,53.939098,53.643517
457.227417,-6.514406,53.636528,53.398952
463.531128,-13.086172,54.097664,53.795315
461.912262,-16.546062,51.734638,51.515697
480.443359,-3.656958,52.406467,52.030510
2
0
0
0
0
1
116.057930,1.520884,228.472519,266.449036
103.335304,6.293676,230.112808,268.276276
88.326607,23.158037,227.311539,264.428070
81.008057,38.498608,229.242340,267.429932
69.065994,52.082329,231.229416,269.372864
63.316628,55.813301,228.705139,267.136505
64.132339,62.823410,227.493362,265.278412
82.471657,59.553856,230.757050,269.135254
103.753090,67.125473,231.309235,269.800140
126.353188,75.256866,230.284561,268.650604
154.402863,52.966656,229.420242,267.464935
176.609207,51.068752,229.791763,267.880310
197.477859,47.210709,229.206955,266.886108
226.191956,35.031502,229.389572,268.180054
242.912247,46.488079,231.241501,269.939392
258.490173,56.746525,230.503128,269.111633
277.207733,62.699524,231.112320,270.147491
294.237732,63.470341,231.009857,269.971313
303.093781,74.373901,230.897186,269.617432
322.241699,84.048462,232.212662,271.120605
342.182343,97.272064,231.923660,270.134155
345.331787,86.383644,233.195847,272.377533
356.327148,86.031853,233.227753,272.313629
376.071655,73.674866,232.127609,270.856323
394.539948,57.291424,231.877151,270.495880
417.713654,64.156174,231.986191,271.642273
427.177612,62.982616,231.141846,269.340698
440.470428,46.528893,231.193420,269.965485
457.041565,46.745316,234.150482,274.255035
473.189972,60.174683,235.379913,274.859009
476.782898,63.681049,234.369202,274.703766
506.074066,96.458496,227.349518,265.703766
499.935303,87.947723,233.876877,274.033905
496.414673,99.080467,228.318192,267.058350
481.728607,81.758698,233.578857,273.091644
460.971436,68.474289,236.746231,275.767548
443.807159,65.716347,230.218292,268.687378
413.549042,50.362850,230.915070,268.635223
392.105408,31.683710,230.686584,268.312134
370.388275,32.532276,231.026825,268.813324
422.645905,40.421955,231.902222,269.839020
392.015686,43.095551,231.927307,269.875336
376.920502,55.439304,230.863297,268.455109
384.184204,45.762177,230.901901,268.177521
2
0
0
0
0
1
260.014435,107.722588,85.784889,110.188774
255.506287,112.055687,85.528244,110.023865
258.095947,117.425613,83.947380,107.753738
252.143463,127.462326,84.735085,108.954308
252.143463,127.462326,84.735085,108.954308
252.143463,127.462326,84.735085,108.954308
250.708496,138.774719,83.271759,106.886925
253.742142,139.376373,81.568710,105.027390
261.274170,138.343811,81.958496,105.459961
264.706116,138.167480,82.024498,105.436821
273.632874,133.342987,80.709015,104.020271
275.440979,135.478958,81.127701,104.495743
279.085144,136.806961,80.117210,102.697617
280.458496,144.932266,79.714798,102.218353
279.268616,144.336517,79.235924,102.048241
280.638672,153.992477,78.508575,101.097832
278.737915,160.582962,80.222603,102.954323
279.448853,169.928848,79.019211,101.905304
281.447540,178.017090,79.734619,102.462929
283.451843,173.173523,77.086197,99.402145
287.495209,182.677322,76.278748,98.231361
294.487793,179.635437,76.195465,98.048836
296.356018,182.301880,76.103729,97.549187
