1
731.000000,230.000000,193.000000,113.000000
731.000000,230.000000,193.000000,113.000000
731.000000,230.000000,193.000000,113.000000
731.000000,230.000000,193.000000,113.000000
731.000000,230.000000,193.000000,113.000000
731.000000,230.000000,193.000000,113.000000
731.000000,230.000000,163.000000,114.000000
731.000000,230.000000,163.000000,114.000000
731.000000,230.000000,163.000000,114.000000
731.000000,230.000000,163.000000,114.000000
731.000000,230.000000,163.000000,114.000000
731.000000,230.000000,163.000000,114.000000
731.000000,230.000000,145.000000,115.000000
731.000000,230.000000,145.000000,115.000000
731.000000,230.000000,145.000000,115.000000
731.000000,230.000000,145.000000,115.000000
731.000000,230.000000,145.000000,115.000000
731.000000,230.000000,145.000000,115.000000
730.000000,230.000000,135.000000,116.000000
730.000000,230.000000,135.000000,116.000000
730.000000,230.000000,135.000000,116.000000
730.000000,230.000000,135.000000,116.000000
730.000000,230.000000,135.000000,116.000000
730.000000,230.000000,135.000000,116.000000
729.000000,230.000000,129.000000,117.000000
729.000000,230.000000,129.000000,117.000000
729.000000,230.000000,129.000000,117.000000
729.000000,230.000000,129.000000,117.000000
729.000000,230.000000,129.000000,117.000000
729.000000,230.000000,129.000000,117.000000
729.000000,230.000000,127.000000,118.000000
729.000000,230.000000,127.000000,118.000000
729.000000,230.000000,127.000000,118.000000
729.000000,230.000000,127.000000,118.000000
729.000000,230.000000,127.000000,118.000000
729.000000,230.000000,127.000000,118.000000
729.000000,230.000000,127.000000,119.000000
729.000000,230.000000,127.000000,119.000000
729.000000,230.000000,127.000000,119.000000
729.000000,230.000000,127.000000,119.000000
729.000000,230.000000,127.000000,119.000000
729.000000,230.000000,127.000000,119.000000
729.000000,230.000000,127.000000,120.000000
729.000000,230.000000,127.000000,120.000000
2
0
0
0
0
1
878.005188,205.000000,82.000000,103.000000
878.009949,205.000000,82.000000,103.000000
878.015991,205.000000,82.000000,103.000000
878.021545,205.000000,82.000000,103.000000
878.027405,205.000000,82.000000,103.000000
878.031921,205.000000,82.000000,103.000000
878.036438,205.000000,83.000000,95.000000
878.041016,205.000000,83.000000,95.000000
877.550781,205.000000,83.000000,95.000000
877.567139,205.000000,83.000000,95.000000
877.089478,205.000000,83.000000,95.000000
877.611877,205.000000,83.000000,95.000000
877.134277,205.000000,84.000000,91.000000
876.656616,205.000000,84.000000,91.000000
877.179016,205.000000,84.000000,91.000000
876.701416,205.000000,84.000000,91.000000
877.223755,205.000000,84.000000,91.000000
876.746155,205.000000,84.000000,91.000000
876.268494,205.000000,85.000000,89.000000
875.790894,205.000000,85.000000,89.000000
876.313293,205.000000,85.000000,89.000000
875.835632,205.000000,85.000000,89.000000
876.358032,205.000000,85.000000,89.000000
875.880432,205.000000,85.000000,89.000000
875.402771,205.000000,86.000000,90.000000
874.925171,204.503372,86.000000,90.000000
875.447510,204.510056,86.000000,90.000000
874.969910,204.021896,86.000000,90.000000
875.492310,204.036575,86.000000,90.000000
875.014648,204.055557,86.000000,90.000000
873.537048,204.074554,87.000000,91.000000
874.059448,204.093536,87.000000,91.000000
873.581787,203.619141,87.000000,91.000000
874.104187,203.649445,87.000000,91.000000
873.626587,203.182587,87.000000,91.000000
874.148926,202.721817,87.000000,91.000000
872.671326,203.261063,88.000000,92.000000
873.193665,202.306503,88.000000,92.000000
872.716064,203.351959,88.000000,92.000000
873.238464,203.397400,88.000000,92.000000
872.760803,203.442856,88.000000,92.000000
873.283203,203.488297,88.000000,92.000000
871.805603,202.533737,89.000000,93.000000
872.327942,202.579193,89.000000,93.000000
871.850342,202.624634,89.000000,93.000000
872.372681,202.670090,89.000000,93.000000
871.895081,202.715530,89.000000,93.000000
872.417480,202.760971,89.000000,93.000000
870.939819,202.806427,90.000000,94.000000
871.462219,202.851868,90.000000,94.000000
870.984619,202.897308,90.000000,94.000000
870.506958,202.942764,90.000000,94.000000
871.029358,202.988205,90.000000,94.000000
870.551697,203.538773,90.000000,94.000000
870.074097,204.584000,91.000000,95.000000
869.596497,204.123993,91.000000,95.000000
870.118835,204.157898,91.000000,95.000000
869.641235,204.688385,91.000000,95.000000
870.163635,204.717941,91.000000,95.000000
869.685974,204.242401,91.000000,95.000000
869.208374,204.264603,92.000000,96.000000
868.730713,205.277618,92.000000,96.000000
869.253113,204.786896,92.000000,96.000000
868.775513,204.793091,92.000000,96.000000
869.297852,204.293015,92.000000,96.000000
868.820251,203.792938,92.000000,96.000000
868.342651,204.292847,93.000000,97.000000
867.864990,203.792770,93.000000,97.000000
867.890320,204.292694,93.000000,97.000000
867.418457,203.792618,93.000000,97.000000
866.951599,204.292542,93.000000,97.000000
867.491089,203.792465,93.000000,97.000000
867.030579,203.292374,94.000000,98.000000
866.076050,202.792297,94.000000,98.000000
867.121521,203.292221,94.000000,98.000000
866.671143,202.292358,94.000000,98.000000
866.725220,202.292480,94.000000,98.000000
866.449463,202.624847,94.000000,98.000000
866.173706,201.957214,95.000000,99.000000
865.897949,202.289581,95.000000,99.000000
865.622131,201.123276,95.000000,99.000000
866.346375,201.453201,95.000000,99.000000
866.070618,201.285385,95.000000,99.000000
865.547974,201.368881,95.000000,99.000000
865.025330,201.452377,96.000000,100.000000
864.502686,200.535873,96.000000,100.000000
864.980042,200.619370,96.000000,100.000000
865.457336,200.702866,96.000000,100.000000
864.934692,200.786346,96.000000,100.000000
865.412048,200.869843,96.000000,100.000000
863.889404,200.953339,97.000000,101.000000
864.366699,201.036835,97.000000,101.000000
863.844055,200.623962,97.000000,101.000000
864.321411,200.713120,97.000000,101.000000
863.798767,200.303055,97.000000,101.000000
864.276123,200.392624,97.000000,101.000000
862.753418,200.482193,98.000000,102.000000
863.230774,199.067444,98.000000,102.000000
862.708130,198.652695,98.000000,102.000000
862.850525,199.568619,98.000000,102.000000
861.997253,199.988907,98.000000,102.000000
862.650269,200.409180,98.000000,102.000000
862.303345,199.327972,99.000000,103.000000
861.956360,199.253021,99.000000,103.000000
861.609436,199.175842,99.000000,103.000000
862.262451,198.602066,99.000000,103.000000
861.915527,198.528152,99.000000,103.000000
861.568542,198.457169,99.000000,103.000000
861.221619,198.386200,100.000000,104.000000
860.874634,197.815262,100.000000,104.000000
860.527710,197.244308,100.000000,104.000000
861.180725,195.179626,100.000000,104.000000
860.586914,195.359665,100.000000,104.000000
860.330505,193.875015,100.000000,104.000000
860.074097,193.390350,101.000000,105.000000
859.485718,192.572723,101.000000,105.000000
859.401123,192.755112,101.000000,105.000000
859.818909,192.937485,101.000000,105.000000
859.243835,193.119858,101.000000,105.000000
858.871277,193.699646,101.000000,105.000000
859.498718,193.279419,102.000000,106.000000
858.627136,194.360275,102.000000,106.000000
858.253845,194.945999,102.000000,106.000000
857.881287,194.284088,102.000000,106.000000
857.509583,194.374832,102.000000,106.000000
858.636536,195.465561,102.000000,106.000000
857.763489,194.556290,103.000000,107.000000
857.890442,194.647034,103.000000,107.000000
858.017395,194.737762,103.000000,107.000000
857.651123,194.828506,103.000000,107.000000
857.791565,194.919235,103.000000,107.000000
857.435425,195.009964,103.000000,107.000000
856.585327,195.100708,104.000000,108.000000
856.405334,195.523254,104.000000,108.000000
856.729858,195.447876,104.000000,108.000000
856.556519,196.373535,104.000000,108.000000
856.587036,195.697266,104.000000,108.000000
856.119934,195.021011,104.000000,108.000000
854.857117,195.943253,105.000000,109.000000
854.799805,195.462448,105.000000,109.000000
855.246521,194.981644,105.000000,109.000000
855.197876,194.500824,105.000000,109.000000
855.652832,195.020020,105.000000,109.000000
855.113770,194.539215,105.000000,109.000000
853.579468,195.058411,106.000000,110.000000
854.050110,194.577591,106.000000,110.000000
853.029297,195.096786,106.000000,110.000000
854.011169,194.615982,106.000000,110.000000
853.996826,195.135178,106.000000,110.000000
853.986389,194.654373,106.000000,110.000000
853.477295,195.173553,107.000000,111.000000
852.975464,194.692749,107.000000,111.000000
853.481995,195.211945,107.000000,111.000000
852.996033,194.731140,107.000000,111.000000
852.516785,195.250320,107.000000,111.000000
853.044922,194.769516,107.000000,111.000000
851.580688,195.288712,108.000000,112.000000
852.121948,194.807907,108.000000,112.000000
851.668518,195.327103,108.000000,112.000000
852.218994,194.846283,108.000000,112.000000
851.772888,195.365479,108.000000,112.000000
852.332275,194.884674,108.000000,112.000000
851.891724,195.403870,109.000000,113.000000
852.451111,194.923065,109.000000,113.000000
852.010498,195.442245,109.000000,113.000000
851.076599,194.961441,109.000000,113.000000
851.648193,195.480637,109.000000,113.000000
852.219788,194.999832,109.000000,113.000000
850.791382,194.519012,110.000000,114.000000
851.362976,195.038208,110.000000,114.000000
850.934570,194.557404,110.000000,114.000000
850.009644,195.076599,110.000000,114.000000
850.590881,194.595795,110.000000,114.000000
850.674500,195.114975,110.000000,114.000000
849.758118,194.634171,111.000000,115.000000
849.841675,195.153366,111.000000,115.000000
849.925293,194.672562,111.000000,115.000000
850.008911,194.698044,111.000000,115.000000
849.196289,193.925629,111.000000,115.000000
740.781860,305.950165,111.000000,115.000000
740.367432,304.974701,112.000000,116.000000
739.953003,304.999237,112.000000,116.000000
739.538574,305.023804,112.000000,116.000000
2
0
0
0
0
1
721.493896,239.000000,159.000000,62.000000
780.193115,246.412674,159.000000,62.000000
752.869934,248.262238,159.000000,62.000000
655.100220,237.704727,159.000000,62.000000
633.442261,236.506210,159.000000,62.000000
640.167114,240.088486,159.000000,62.000000
658.694153,255.577072,123.000000,63.000000
660.343872,279.216644,123.000000,63.000000
662.010559,302.505646,123.000000,63.000000
653.314453,265.213593,123.000000,63.000000
614.188843,212.872574,123.000000,63.000000
614.576782,213.846619,123.000000,63.000000
615.224548,215.614166,99.000000,64.000000
614.510864,215.382950,99.000000,64.000000
615.301086,216.157181,99.000000,64.000000
611.063293,211.511673,99.000000,64.000000
616.009521,217.005814,99.000000,64.000000
2
0
0
0
0
1
417.002197,201.000000,183.000000,100.000000
415.503052,201.329620,183.000000,100.000000
414.728638,201.386414,183.000000,100.000000
413.051849,203.242996,183.000000,100.000000
411.291382,202.768494,183.000000,100.000000
410.381348,204.981262,183.000000,100.000000
409.471893,205.194016,151.000000,101.000000
408.316040,206.030701,151.000000,101.000000
409.288483,205.115860,151.000000,101.000000
410.757874,204.702469,151.000000,101.000000
411.226654,203.664810,151.000000,101.000000
394.346191,207.209869,151.000000,101.000000
392.468689,206.754944,133.000000,102.000000
388.434052,206.630219,133.000000,102.000000
387.217468,205.414139,133.000000,102.000000
386.149078,204.767090,133.000000,102.000000
385.077606,204.204742,133.000000,102.000000
383.191864,204.329773,133.000000,102.000000
382.640137,205.783783,123.000000,103.000000
382.588074,204.734726,123.000000,103.000000
381.033386,203.183975,123.000000,103.000000
380.675598,203.233276,123.000000,103.000000
379.815216,203.782761,123.000000,103.000000
378.813263,203.618774,123.000000,103.000000
378.811310,203.454803,117.000000,104.000000
380.011505,202.889603,117.000000,104.000000
381.209229,201.826813,117.000000,104.000000
381.905243,201.931946,117.000000,104.000000
380.801392,202.637177,117.000000,104.000000
381.498138,203.742538,117.000000,104.000000
380.689514,205.847900,115.000000,105.000000
378.384521,206.953247,115.000000,105.000000
377.746552,207.729355,115.000000,105.000000
377.107727,208.505402,115.000000,105.000000
376.668640,210.881638,115.000000,105.000000
374.630951,215.054916,115.000000,105.000000
373.340576,215.475159,115.000000,106.000000
372.550934,217.893723,115.000000,106.000000
370.047943,220.026596,115.000000,106.000000
367.540588,222.161423,115.000000,106.000000
363.811951,224.737823,115.000000,106.000000
365.084930,219.110916,115.000000,106.000000
364.854553,220.153244,115.000000,107.000000
363.159576,220.263962,115.000000,107.000000
364.350159,219.546051,115.000000,107.000000
362.683472,221.461426,115.000000,107.000000
360.165588,224.070602,115.000000,107.000000
360.523468,223.546005,115.000000,107.000000
358.888550,224.021393,115.000000,108.000000
358.968658,225.070190,115.000000,108.000000
356.795898,223.496674,115.000000,108.000000
355.985504,221.832535,115.000000,108.000000
355.889526,222.740509,115.000000,108.000000
354.549011,221.771606,115.000000,108.000000
352.016357,222.603226,115.000000,109.000000
350.372681,225.319534,115.000000,109.000000
349.033630,227.209473,115.000000,109.000000
348.055084,228.985916,115.000000,109.000000
348.362183,226.046921,115.000000,109.000000
347.669769,226.107513,115.000000,109.000000
346.288727,227.867767,115.000000,110.000000
345.730804,229.220413,115.000000,110.000000
345.921753,230.491119,115.000000,110.000000
345.494141,230.458557,115.000000,110.000000
345.092438,229.822021,115.000000,110.000000
348.378418,224.528885,115.000000,110.000000
346.166718,224.235748,116.000000,111.000000
346.455292,223.156586,116.000000,111.000000
346.316132,221.931152,116.000000,111.000000
346.246918,220.188858,116.000000,111.000000
345.102295,219.444489,116.000000,111.000000
344.433990,219.806381,116.000000,111.000000
343.099884,219.946136,117.000000,112.000000
342.700836,219.955490,117.000000,112.000000
342.188507,222.005615,117.000000,112.000000
341.438599,214.798294,117.000000,112.000000
341.488251,217.487579,117.000000,112.000000
341.621460,217.217087,117.000000,112.000000
340.189758,216.660995,118.000000,113.000000
339.564392,216.928116,118.000000,113.000000
343.265656,220.529907,118.000000,113.000000
339.469574,212.807419,118.000000,113.000000
337.441376,212.047516,118.000000,113.000000
336.666656,212.620636,118.000000,113.000000
334.180847,211.622208,119.000000,114.000000
331.551086,208.959167,119.000000,114.000000
329.545013,209.220108,119.000000,114.000000
328.799652,209.566452,119.000000,114.000000
328.334167,210.578934,119.000000,114.000000
327.408661,211.238556,119.000000,114.000000
325.795502,213.515015,120.000000,115.000000
323.988495,209.256500,120.000000,115.000000
325.684753,215.281326,120.000000,115.000000
323.780518,210.907440,120.000000,115.000000
325.676758,210.912598,120.000000,115.000000
326.119263,212.235947,120.000000,115.000000
324.566864,212.559311,121.000000,116.000000
324.068115,213.726456,121.000000,116.000000
339.984406,207.734299,121.000000,116.000000
327.393402,208.742142,121.000000,116.000000
326.804443,210.749985,121.000000,116.000000
326.708618,211.757828,121.000000,116.000000
322.126556,212.765686,122.000000,117.000000
324.549011,213.773529,122.000000,117.000000
325.681793,214.426559,122.000000,117.000000
321.326050,216.079590,122.000000,117.000000
318.986816,216.732635,122.000000,117.000000
317.173676,218.385666,122.000000,117.000000
315.865387,219.038712,123.000000,118.000000
313.553772,219.691742,123.000000,118.000000
309.960968,221.868744,123.000000,118.000000
308.877045,222.045761,123.000000,118.000000
305.476654,216.386230,123.000000,118.000000
305.076233,217.726700,123.000000,118.000000
302.181732,219.067169,124.000000,119.000000
300.177795,220.945541,124.000000,119.000000
300.290039,213.863922,124.000000,119.000000
298.404938,209.782303,124.000000,119.000000
299.178986,207.368393,124.000000,119.000000
299.446655,208.205048,124.000000,119.000000
294.214905,209.843552,125.000000,120.000000
296.995392,210.482056,125.000000,120.000000
293.782043,211.120560,125.000000,120.000000
292.062836,211.759064,125.000000,120.000000
292.325653,213.397583,125.000000,120.000000
292.087616,208.536179,125.000000,120.000000
289.850433,209.674789,126.000000,121.000000
287.117126,210.813400,126.000000,121.000000
286.889252,211.952011,126.000000,121.000000
286.882050,212.456497,126.000000,121.000000
285.666229,214.116562,126.000000,121.000000
286.941345,208.776627,126.000000,121.000000
283.712982,210.436691,127.000000,122.000000
282.991302,211.096756,127.000000,122.000000
282.779327,211.756836,127.000000,122.000000
284.068604,213.416901,127.000000,122.000000
284.360321,214.076965,127.000000,122.000000
282.151398,214.737030,127.000000,122.000000
280.947235,216.397095,128.000000,123.000000
280.741333,217.057159,128.000000,123.000000
279.537048,211.717224,128.000000,123.000000
281.331116,213.377289,128.000000,123.000000
281.121460,214.037354,128.000000,123.000000
280.414673,214.697418,128.000000,123.000000
279.716278,216.357483,129.000000,124.000000
282.013092,217.349686,129.000000,124.000000
282.308502,218.341888,129.000000,124.000000
281.605957,219.334091,129.000000,124.000000
281.900085,220.326309,129.000000,124.000000
281.697388,221.318512,129.000000,124.000000
281.495056,222.809265,130.000000,125.000000
281.285919,218.300018,130.000000,125.000000
281.076172,223.790771,130.000000,125.000000
280.862274,225.281525,130.000000,125.000000
280.646057,225.772278,130.000000,125.000000
280.931580,221.263031,130.000000,125.000000
281.615234,220.952423,131.000000,126.000000
283.511841,221.751877,131.000000,126.000000
282.905823,222.551331,131.000000,126.000000
282.790741,224.350784,131.000000,126.000000
282.171478,225.150238,131.000000,126.000000
281.007477,220.311478,131.000000,126.000000
280.841766,221.472717,132.000000,127.000000
280.898499,221.189438,132.000000,127.000000
281.947876,215.906158,132.000000,127.000000
281.994080,222.622879,132.000000,127.000000
281.536621,219.339600,132.000000,127.000000
281.572052,220.056320,132.000000,127.000000
280.112701,220.773041,133.000000,128.000000
281.645325,221.489761,133.000000,128.000000
282.667145,222.206482,133.000000,128.000000
281.188141,223.923203,133.000000,128.000000
280.711304,224.639923,133.000000,128.000000
281.797699,225.792908,133.000000,128.000000
280.885742,225.945892,134.000000,129.000000
281.473022,226.597900,134.000000,129.000000
281.061554,223.249908,134.000000,129.000000
281.148346,223.571701,134.000000,129.000000
281.737061,223.893478,134.000000,129.000000
282.320648,225.215271,134.000000,129.000000
281.905975,225.537064,135.000000,130.000000
282.987885,226.858841,135.000000,130.000000
282.569153,228.180634,135.000000,130.000000
282.147552,223.502411,135.000000,130.000000
281.722992,224.324677,135.000000,130.000000
282.294586,225.146957,135.000000,130.000000
2
0
0
0
0
1
85.500031,241.000000,185.000000,85.000000
86.000000,241.506790,185.000000,85.000000
86.249771,242.270172,185.000000,85.000000
86.585396,242.038025,185.000000,85.000000
87.197960,242.903580,185.000000,85.000000
87.000206,240.765701,185.000000,85.000000
86.499313,238.627823,149.000000,86.000000
86.002693,238.489944,149.000000,86.000000
85.999031,238.352066,149.000000,86.000000
85.000694,240.214188,149.000000,86.000000
83.999977,240.076309,149.000000,86.000000
83.498428,239.938431,149.000000,86.000000
82.500435,239.800537,125.000000,87.000000
81.997581,239.662659,125.000000,87.000000
80.000267,238.524780,125.000000,87.000000
78.995399,239.386902,125.000000,87.000000
77.994904,239.249023,125.000000,87.000000
77.001816,239.111145,125.000000,87.000000
76.501839,238.473785,111.000000,88.000000
74.501358,237.836441,111.000000,88.000000
72.500015,237.697754,111.000000,88.000000
70.001274,237.058456,111.000000,88.000000
67.202827,237.815430,111.000000,88.000000
66.005890,236.572388,111.000000,88.000000
62.999546,236.329346,105.000000,89.000000
61.997387,235.086319,105.000000,89.000000
61.005009,233.843277,105.000000,89.000000
60.996937,232.600235,105.000000,89.000000
60.502300,231.857208,105.000000,89.000000
61.497864,229.114166,105.000000,89.000000
60.503551,229.371124,101.000000,90.000000
61.497669,228.129425,101.000000,90.000000
61.995605,227.887741,101.000000,90.000000
62.494797,227.646042,101.000000,90.000000
63.496590,228.404358,101.000000,90.000000
63.500256,228.162659,101.000000,90.000000
63.500816,227.920975,101.000000,91.000000
64.999313,227.679276,101.000000,91.000000
65.752655,228.191040,101.000000,91.000000
67.172623,228.371292,101.000000,91.000000
68.197227,228.949646,101.000000,91.000000
68.500046,229.858917,101.000000,91.000000
67.502495,229.768204,101.000000,92.000000
68.496376,230.677475,101.000000,92.000000
68.000069,231.083847,101.000000,92.000000
68.337685,232.161423,101.000000,92.000000
68.499496,232.238998,101.000000,92.000000
68.993492,232.813416,101.000000,92.000000
68.000000,232.387817,101.000000,93.000000
68.000000,231.962234,101.000000,93.000000
68.499405,231.536652,101.000000,93.000000
69.000000,232.111069,101.000000,93.000000
69.400612,231.287384,101.000000,93.000000
69.504036,231.965164,101.000000,93.000000
69.000000,230.642944,101.000000,94.000000
69.000000,231.320724,101.000000,94.000000
68.495583,230.998505,101.000000,94.000000
68.000000,230.676285,101.000000,94.000000
68.000000,231.354065,101.000000,94.000000
67.334152,230.698593,101.000000,94.000000
67.000000,231.043121,101.000000,95.000000
66.000000,231.387650,101.000000,95.000000
65.669693,231.069321,101.000000,95.000000
65.506149,231.751007,101.000000,95.000000
65.662224,231.762650,101.000000,95.000000
65.505913,230.774292,101.000000,95.000000
65.000000,230.785934,101.000000,96.000000
65.000000,230.797562,101.000000,96.000000
65.000000,230.809204,101.000000,96.000000
65.000000,230.820847,101.000000,96.000000
65.000000,230.832489,101.000000,96.000000
65.000000,230.844116,101.000000,96.000000
65.000000,230.855759,102.000000,97.000000
65.000000,230.867401,102.000000,97.000000
65.000000,230.879044,102.000000,97.000000
65.000000,230.890686,102.000000,97.000000
65.000000,230.902313,102.000000,97.000000
65.000000,230.913956,102.000000,97.000000
65.000000,230.925598,103.000000,98.000000
65.000000,230.937241,103.000000,98.000000
65.000000,230.948868,103.000000,98.000000
65.000000,230.960510,103.000000,98.000000
65.000000,230.972153,103.000000,98.000000
64.505745,230.983795,103.000000,98.000000
63.661385,231.325974,104.000000,99.000000
63.000000,230.668152,104.000000,99.000000
63.000000,231.010330,104.000000,99.000000
63.332478,231.023315,104.000000,99.000000
63.332634,230.703018,104.000000,99.000000
63.501404,230.885620,104.000000,99.000000
64.000000,230.068237,105.000000,100.000000
64.496841,230.250854,105.000000,100.000000
64.502365,230.433472,105.000000,100.000000
65.000000,229.616074,105.000000,100.000000
65.000000,229.798691,105.000000,100.000000
65.494095,229.981308,105.000000,100.000000
65.000000,230.163910,106.000000,101.000000
65.000000,230.346527,106.000000,101.000000
65.000000,229.529144,106.000000,101.000000
65.496033,229.711761,106.000000,101.000000
65.663422,230.221817,106.000000,101.000000
65.501549,229.731873,106.000000,101.000000
66.000000,230.241943,107.000000,102.000000
66.000000,229.751999,107.000000,102.000000
66.000000,230.262054,107.000000,102.000000
66.000000,229.772125,107.000000,102.000000
65.505371,229.787552,107.000000,102.000000
65.668419,229.141769,107.000000,102.000000
65.493843,229.495987,108.000000,103.000000
66.284142,229.134384,108.000000,103.000000
66.537598,229.078644,108.000000,103.000000
66.992599,229.518417,108.000000,103.000000
66.729408,229.411774,108.000000,103.000000
67.005989,229.809769,108.000000,103.000000
66.249504,229.457321,109.000000,104.000000
65.498924,229.604080,109.000000,104.000000
65.003403,229.254791,109.000000,104.000000
64.502350,229.905487,109.000000,104.000000
62.852100,229.699265,109.000000,104.000000
40.948559,224.124481,109.000000,104.000000
39.506142,223.549698,110.000000,105.000000
39.608292,223.377838,110.000000,105.000000
39.999825,223.205978,110.000000,105.000000
40.992149,223.034119,110.000000,105.000000
41.427280,222.433075,110.000000,105.000000
43.002728,222.333572,110.000000,105.000000
43.504009,222.234085,111.000000,106.000000
43.492146,221.631165,111.000000,106.000000
43.500942,221.028259,111.000000,106.000000
44.994228,221.822296,111.000000,106.000000
46.990112,221.411011,111.000000,106.000000
47.776688,221.665802,111.000000,106.000000
47.500793,221.421524,112.000000,107.000000
48.330132,221.508408,112.000000,107.000000
49.329369,221.261261,112.000000,107.000000
51.495522,222.014099,112.000000,107.000000
52.502689,222.262787,112.000000,107.000000
54.337734,221.842270,112.000000,107.000000
55.000000,222.421753,113.000000,108.000000
55.499168,222.502075,113.000000,108.000000
57.505020,223.077362,113.000000,108.000000
59.497452,223.652649,113.000000,108.000000
61.002262,225.724213,113.000000,108.000000
63.337391,226.129135,113.000000,108.000000
64.334961,225.862518,114.000000,109.000000
66.347664,225.834167,114.000000,109.000000
67.688919,226.802658,114.000000,109.000000
74.578812,228.666412,114.000000,109.000000
76.835953,228.418686,114.000000,109.000000
82.912071,228.653488,114.000000,109.000000
83.497894,227.888290,115.000000,110.000000
83.497398,228.123093,115.000000,110.000000
83.497864,228.357895,115.000000,110.000000
83.497414,227.592712,115.000000,110.000000
83.497505,227.827515,115.000000,110.000000
83.497902,228.062317,115.000000,110.000000
83.496368,228.297119,116.000000,111.000000
83.500183,227.531921,116.000000,111.000000
83.502609,227.766724,116.000000,111.000000
83.996407,228.001541,116.000000,111.000000
83.996758,228.236343,116.000000,111.000000
83.996017,228.471146,116.000000,111.000000
84.000000,227.705948,117.000000,112.000000
84.000000,227.940750,117.000000,112.000000
84.000000,228.175568,117.000000,112.000000
84.493538,228.410370,117.000000,112.000000
84.494339,227.645172,117.000000,112.000000
84.495743,227.879974,117.000000,112.000000
84.000000,228.114777,118.000000,113.000000
84.493813,228.349594,118.000000,113.000000
84.004494,227.584396,118.000000,113.000000
84.005524,227.819199,118.000000,113.000000
84.006195,228.054001,118.000000,113.000000
84.008057,228.288803,118.000000,113.000000
84.000000,227.523605,119.000000,114.000000
84.501488,227.758423,119.000000,114.000000
84.505600,227.993225,119.000000,114.000000
85.000000,228.228027,119.000000,114.000000
85.000000,228.462830,119.000000,114.000000
84.506905,227.697632,119.000000,114.000000
84.494553,227.932449,120.000000,115.000000
84.500320,228.167252,120.000000,115.000000
84.993752,228.402054,120.000000,115.000000
84.498650,227.636856,120.000000,115.000000
84.004890,227.871658,120.000000,115.000000
87.445808,227.743881,120.000000,115.000000
86.667732,226.945618,121.000000,116.000000
87.494316,227.147339,121.000000,116.000000
87.496735,227.349060,121.000000,116.000000
87.332855,226.881195,121.000000,116.000000
87.004662,227.413315,121.000000,116.000000
86.999565,226.945435,121.000000,116.000000
86.000000,227.477554,122.000000,117.000000
86.000519,227.009674,122.000000,117.000000
86.496765,226.541794,122.000000,117.000000
86.497795,227.073914,122.000000,117.000000
86.498779,226.606049,122.000000,117.000000
86.497925,227.138168,122.000000,117.000000
86.003387,225.670288,123.000000,118.000000
86.497726,226.202408,123.000000,118.000000
86.991814,225.734528,123.000000,118.000000
86.993805,226.266647,123.000000,118.000000
86.992630,225.798767,123.000000,118.000000
86.992661,226.330887,123.000000,118.000000
86.495552,225.863022,124.000000,119.000000
86.497467,226.395142,124.000000,119.000000
86.498566,225.927261,124.000000,119.000000
86.991302,226.459381,124.000000,119.000000
86.992302,225.991501,124.000000,119.000000
86.993591,225.523621,124.000000,119.000000
87.990952,226.055740,125.000000,120.000000
87.991669,225.587875,125.000000,120.000000
87.497513,226.119995,125.000000,120.000000
87.991081,225.652115,125.000000,120.000000
87.995079,226.184235,125.000000,120.000000
87.995735,225.716354,125.000000,120.000000
87.496284,226.248474,126.000000,121.000000
87.498848,225.780594,126.000000,121.000000
87.497208,226.312729,126.000000,121.000000
87.500221,225.844849,126.000000,121.000000
87.004807,226.376968,126.000000,121.000000
87.002510,225.909088,126.000000,121.000000
87.496864,226.441208,127.000000,122.000000
87.502075,225.973328,127.000000,122.000000
87.996338,225.505447,127.000000,122.000000
87.994072,226.037582,127.000000,122.000000
87.991432,225.569702,127.000000,122.000000
87.996674,226.101822,127.000000,122.000000
87.495300,225.633942,128.000000,123.000000
87.494469,226.166061,128.000000,123.000000
87.002495,225.698181,128.000000,123.000000
87.002625,226.230301,128.000000,123.000000
86.503990,225.762436,128.000000,123.000000
87.003265,226.294556,128.000000,123.000000
87.000557,225.826675,129.000000,124.000000
86.996681,226.358795,129.000000,124.000000
86.996796,225.890915,129.000000,124.000000
86.998947,226.423035,129.000000,124.000000
86.999123,225.955154,129.000000,124.000000
87.001701,226.487289,129.000000,124.000000
87.991600,226.019409,130.000000,125.000000
87.497818,225.551529,130.000000,125.000000
87.003159,226.083649,130.000000,125.000000
87.498512,225.615768,130.000000,125.000000
87.994888,226.147888,130.000000,125.000000
87.990852,225.680008,130.000000,125.000000
88.498444,225.212143,131.000000,126.000000
88.499290,224.744263,131.000000,126.000000
88.499985,225.276382,131.000000,126.000000
88.501900,224.808502,131.000000,126.000000
88.998161,225.340622,131.000000,126.000000
89.000298,224.872742,131.000000,126.000000
89.000000,225.404861,132.000000,127.000000
89.496162,224.936981,132.000000,127.000000
89.496101,225.469116,132.000000,127.000000
90.003220,225.001236,132.000000,127.000000
89.997086,224.533356,132.000000,127.000000
89.500710,225.065475,132.000000,127.000000
90.493309,224.597595,133.000000,128.000000
90.496429,225.129715,133.000000,128.000000
90.496849,224.661835,133.000000,128.000000
90.497627,225.193970,133.000000,128.000000
90.497566,224.726089,133.000000,128.000000
90.496040,225.258209,133.000000,128.000000
90.496048,224.790329,134.000000,129.000000
90.500153,225.322449,134.000000,129.000000
90.500504,224.854568,134.000000,129.000000
90.501587,225.386688,134.000000,129.000000
90.501740,224.918823,134.000000,129.000000
90.998100,225.450943,134.000000,129.000000
91.495285,224.983063,135.000000,130.000000
91.494698,224.515182,135.000000,130.000000
91.497452,225.047302,135.000000,130.000000
91.496216,224.579422,135.000000,130.000000
91.498260,225.111542,135.000000,130.000000
91.498703,224.643677,135.000000,130.000000
90.505669,225.175797,136.000000,131.000000
91.494469,224.707916,136.000000,131.000000
91.000000,225.240036,136.000000,131.000000
91.496628,224.772156,136.000000,131.000000
2
0
0
0
0
1
242.495773,205.000000,228.000000,99.000000
242.486954,205.000000,228.000000,99.000000
242.976425,205.000000,228.000000,99.000000
243.459061,205.000000,228.000000,99.000000
242.937576,205.000000,228.000000,99.000000
243.909851,204.670288,228.000000,99.000000
242.387650,204.340576,181.000000,100.000000
242.864334,204.010864,181.000000,100.000000
243.347397,203.681152,181.000000,100.000000
243.826767,204.351440,181.000000,100.000000
244.304306,204.021729,181.000000,100.000000
244.275772,203.692017,181.000000,100.000000
243.746384,204.362305,149.000000,101.000000
243.716980,204.032593,149.000000,101.000000
243.193970,203.702896,149.000000,101.000000
244.170181,204.373184,149.000000,101.000000
244.642181,204.043472,149.000000,101.000000
244.610184,203.713760,149.000000,101.000000
243.083954,204.384048,131.000000,102.000000
243.060684,204.054337,131.000000,102.000000
244.533951,203.724625,131.000000,102.000000
245.007217,204.394913,131.000000,102.000000
245.984283,204.065201,131.000000,102.000000
246.457703,203.735489,131.000000,102.000000
245.931122,204.405777,121.000000,103.000000
246.404526,204.076065,121.000000,103.000000
245.877945,203.746353,121.000000,103.000000
246.351364,204.416641,121.000000,103.000000
245.156525,204.417450,121.000000,103.000000
244.675385,205.271729,121.000000,103.000000
243.529785,204.455826,115.000000,104.000000
243.786148,204.039001,115.000000,104.000000
243.639084,204.224503,115.000000,104.000000
244.090927,205.012268,115.000000,104.000000
244.683029,204.371933,115.000000,104.000000
246.070114,204.534103,115.000000,104.000000
245.963730,204.696274,115.000000,105.000000
246.356659,204.858444,115.000000,105.000000
246.748260,205.020599,115.000000,105.000000
247.634308,205.182770,115.000000,105.000000
247.314636,205.743561,115.000000,105.000000
247.790421,205.703934,115.000000,105.000000
247.266190,204.664291,115.000000,106.000000
246.741974,204.624649,115.000000,106.000000
247.217758,205.090256,115.000000,106.000000
245.193588,207.053711,115.000000,106.000000
245.002426,209.177460,115.000000,106.000000
244.918961,210.629669,115.000000,106.000000
244.835495,210.578323,115.000000,107.000000
244.752045,210.526978,115.000000,107.000000
244.266159,211.870331,115.000000,107.000000
244.276077,210.709457,115.000000,107.000000
244.786713,209.548584,115.000000,107.000000
245.297348,209.892426,115.000000,107.000000
244.807983,209.236267,115.000000,108.000000
245.917877,211.977783,115.000000,108.000000
245.361038,208.723419,115.000000,108.000000
245.135910,209.471237,115.000000,108.000000
245.158478,209.461960,115.000000,108.000000
245.181030,208.954910,115.000000,108.000000
245.531677,210.112061,115.000000,109.000000
244.882309,210.769638,115.000000,109.000000
244.985062,211.181137,115.000000,109.000000
244.591812,210.595871,115.000000,109.000000
244.699539,210.012787,115.000000,109.000000
244.474701,206.762238,115.000000,109.000000
244.750290,207.007385,115.000000,110.000000
244.529663,206.751755,115.000000,110.000000
244.812698,205.501709,115.000000,110.000000
244.427551,205.253738,115.000000,110.000000
244.042389,206.501434,115.000000,110.000000
243.657242,205.251648,115.000000,110.000000
244.272095,206.495087,116.000000,111.000000
243.886932,206.235001,116.000000,111.000000
243.252121,206.725418,116.000000,111.000000
243.120712,208.221512,116.000000,111.000000
243.989304,209.211670,116.000000,111.000000
243.857880,209.201981,116.000000,111.000000
243.726471,209.192307,117.000000,112.000000
243.595062,209.182617,117.000000,112.000000
244.662704,210.968033,117.000000,112.000000
244.107224,211.508987,117.000000,112.000000
244.124115,212.906769,117.000000,112.000000
244.572113,212.883087,117.000000,112.000000
244.020111,212.859406,118.000000,113.000000
244.797836,213.501190,118.000000,113.000000
243.972336,214.339722,118.000000,113.000000
244.146820,214.173370,118.000000,113.000000
243.923157,213.811417,118.000000,113.000000
243.202042,214.450912,118.000000,113.000000
244.480911,214.090408,119.000000,114.000000
243.759796,213.729889,119.000000,114.000000
243.544250,214.369385,119.000000,114.000000
243.833725,214.008865,119.000000,114.000000
243.627548,213.648361,119.000000,114.000000
244.088760,214.619446,119.000000,114.000000
242.549957,213.590515,120.000000,115.000000
243.011154,213.561600,120.000000,115.000000
243.472366,214.025879,120.000000,115.000000
242.933563,214.490158,120.000000,115.000000
243.394760,214.449997,120.000000,115.000000
242.855972,214.905426,120.000000,115.000000
243.317169,214.360870,121.000000,116.000000
242.778366,214.309418,121.000000,116.000000
243.239578,214.754166,121.000000,116.000000
242.700775,214.693985,121.000000,116.000000
243.161972,214.130173,121.000000,116.000000
242.623184,214.065720,121.000000,116.000000
243.084381,214.001251,122.000000,117.000000
242.545578,213.936783,122.000000,117.000000
243.006790,213.872314,122.000000,117.000000
243.467987,213.807846,122.000000,117.000000
242.929184,213.743393,122.000000,117.000000
243.390396,213.678925,122.000000,117.000000
242.851593,213.614456,123.000000,118.000000
243.312790,213.549988,123.000000,118.000000
242.774002,214.485519,123.000000,118.000000
243.235199,214.421051,123.000000,118.000000
242.696396,214.356598,123.000000,118.000000
243.157608,214.292130,123.000000,118.000000
242.618805,214.227661,124.000000,119.000000
243.080002,214.163193,124.000000,119.000000
242.541214,214.592758,124.000000,119.000000
243.002411,214.022308,124.000000,119.000000
243.463623,214.451874,124.000000,119.000000
242.924820,213.881439,124.000000,119.000000
243.386017,214.311005,125.000000,120.000000
242.847229,213.740555,125.000000,120.000000
243.308426,214.170120,125.000000,120.000000
242.769623,213.599686,125.000000,120.000000
243.230835,214.029236,125.000000,120.000000
242.692032,214.458801,125.000000,120.000000
243.153229,213.888367,126.000000,121.000000
242.614441,214.317917,126.000000,121.000000
243.075638,213.747482,126.000000,121.000000
242.536835,214.177048,126.000000,121.000000
242.998047,213.606598,126.000000,121.000000
243.459244,214.036163,126.000000,121.000000
242.920441,214.465729,127.000000,122.000000
243.381653,213.895279,127.000000,122.000000
242.842850,214.818253,127.000000,122.000000
243.304047,213.741211,127.000000,122.000000
242.765259,214.159729,127.000000,122.000000
243.226456,213.578247,127.000000,122.000000
241.687653,213.996750,128.000000,123.000000
242.148865,214.415268,128.000000,123.000000
241.610062,213.833786,128.000000,123.000000
242.071259,214.252304,128.000000,123.000000
241.532471,213.670822,128.000000,123.000000
241.993668,214.089340,128.000000,123.000000
242.454865,213.507843,129.000000,124.000000
241.916077,213.926361,129.000000,124.000000
242.377274,214.344879,129.000000,124.000000
241.838486,213.763397,129.000000,124.000000
242.299683,214.181915,129.000000,124.000000
242.254852,213.600433,129.000000,124.000000
242.210037,214.018936,130.000000,125.000000
242.165207,214.437454,130.000000,125.000000
242.120377,213.855972,130.000000,125.000000
242.572128,214.274490,130.000000,125.000000
242.519791,213.693008,130.000000,125.000000
242.964462,214.111526,130.000000,125.000000
242.409149,213.530045,131.000000,126.000000
242.349243,213.948547,131.000000,126.000000
242.783264,214.367065,131.000000,126.000000
242.712555,213.785583,131.000000,126.000000
241.641830,214.204102,131.000000,126.000000
242.064728,213.622620,131.000000,126.000000
242.487625,214.041138,132.000000,127.000000
242.407166,214.459641,132.000000,127.000000
242.824844,213.878159,132.000000,127.000000
242.739426,214.296677,132.000000,127.000000
242.149750,213.715195,132.000000,127.000000
242.055328,214.133713,132.000000,127.000000
241.960892,213.552231,133.000000,128.000000
241.866470,213.970734,133.000000,128.000000
241.772049,214.389252,133.000000,128.000000
241.677628,213.807770,133.000000,128.000000
241.583206,214.226288,133.000000,128.000000
242.488770,213.644806,133.000000,128.000000
242.887833,214.063324,134.000000,129.000000
242.780838,214.481827,134.000000,129.000000
241.673828,213.900345,134.000000,129.000000
241.566818,214.318863,134.000000,129.000000
242.459824,213.737381,134.000000,129.000000
242.352814,214.155899,134.000000,129.000000
242.245804,213.574417,135.000000,130.000000
242.138809,213.992935,135.000000,130.000000
242.031799,214.411438,135.000000,130.000000
241.924805,213.829956,135.000000,130.000000
241.817795,214.248474,135.000000,130.000000
241.710785,213.666992,135.000000,130.000000
241.603790,214.085510,136.000000,131.000000
242.496780,213.504028,136.000000,131.000000
242.883865,213.922531,136.000000,131.000000
242.270935,214.341049,136.000000,131.000000
242.151718,213.759567,136.000000,131.000000
242.527176,214.178085,136.000000,131.000000
241.902618,212.596603,137.000000,133.000000
2
0
0
0
0
1
409.292786,227.883209,161.000000,97.000000
431.680878,233.316132,161.000000,97.000000
446.672546,234.347458,161.000000,97.000000
453.204865,238.525055,161.000000,97.000000
459.657288,242.702209,161.000000,97.000000
485.423096,233.961609,161.000000,97.000000
499.213593,230.489609,137.000000,98.000000
505.974365,230.087738,137.000000,98.000000
508.490448,228.557785,137.000000,98.000000
503.984406,229.377121,137.000000,98.000000
508.282379,231.933945,137.000000,98.000000
522.263855,237.724289,137.000000,98.000000
522.244080,236.514633,123.000000,99.000000
522.222351,237.304977,123.000000,99.000000
522.203613,237.095322,123.000000,99.000000
522.681702,236.885666,123.000000,99.000000
523.150818,236.676010,123.000000,99.000000
2
0
0
0
0
1
714.000000,230.000000,152.000000,79.000000
714.000000,230.000000,152.000000,79.000000
714.000000,230.000000,152.000000,79.000000
714.000000,230.000000,152.000000,79.000000
714.000000,230.000000,152.000000,79.000000
713.502258,230.000000,152.000000,79.000000
714.342102,230.667068,123.000000,80.000000
718.037476,232.818558,123.000000,80.000000
721.237183,232.290863,123.000000,80.000000
714.687683,230.137177,123.000000,80.000000
714.785339,230.628845,123.000000,80.000000
714.382263,230.617111,123.000000,80.000000
718.982178,228.605377,105.000000,81.000000
727.583557,226.593643,105.000000,81.000000
732.186768,226.079590,105.000000,81.000000
735.286499,225.565521,105.000000,81.000000
737.886963,226.051468,105.000000,81.000000
739.988953,225.537399,105.000000,81.000000
739.589661,226.023346,95.000000,82.000000
739.687439,225.509277,95.000000,82.000000
739.281799,225.995224,95.000000,82.000000
739.371704,226.481155,95.000000,82.000000
739.956299,225.967102,95.000000,82.000000
739.034973,226.453033,95.000000,82.000000
739.113647,225.938965,91.000000,83.000000
739.192322,226.424911,91.000000,83.000000
739.270935,225.910843,91.000000,83.000000
739.349609,226.396790,91.000000,83.000000
739.428284,225.882721,91.000000,83.000000
738.506958,226.368668,91.000000,83.000000
