1
1097.000000,599.000000,48.100098,68.400024
1090.000000,588.000000,48.100098,68.400024
1068.000000,599.000000,48.100098,68.400024
1076.000000,614.000000,48.100098,68.400024
2
0
0
0
0
1
878.000000,594.000000,67.349976,48.900024
869.000000,599.000000,67.349976,48.900024
877.000000,603.000000,67.349976,48.900024
872.000000,580.000000,67.349976,48.900024
886.000000,560.000000,67.349976,48.900024
871.000000,565.000000,67.349976,48.900024
2
0
0
0
0
1
781.000000,555.000000,66.000000,46.000000
769.000000,557.000000,66.000000,46.000000
769.000000,552.000000,66.000000,46.000000
779.000000,559.000000,66.000000,46.000000
785.000000,556.000000,66.000000,46.000000
790.000000,549.000000,66.000000,46.000000
792.000000,551.000000,66.000000,46.000000
770.000000,540.000000,66.000000,46.000000
788.000000,545.000000,66.000000,46.000000
783.000000,546.000000,66.000000,46.000000
2
0
0
0
0
1
740.000000,491.000000,50.760010,23.429962
725.000000,485.000000,50.760010,23.429962
701.000000,481.000000,50.760010,23.429962
681.000000,476.000000,50.760010,23.429962
665.000000,471.000000,50.760010,23.429962
646.000000,467.000000,50.760010,23.429962
626.000000,465.000000,50.760010,23.429962
602.000000,461.000000,50.760010,23.429962
578.000000,458.000000,50.760010,23.429962
554.000000,455.000000,50.760010,23.429962
530.000000,452.000000,50.760010,23.429962
520.000000,433.000000,50.760010,23.429962
496.000000,428.000000,50.760010,23.429962
2
0
0
0
0
1
226.000000,422.000000,39.940018,31.040009
2
0
0
0
