1
214.078110,140.796524,81.773697,48.778164
213.596558,141.247360,81.520226,48.779831
213.299698,142.080994,81.427124,48.541172
211.145020,142.712921,80.745132,48.221020
208.347046,142.737732,82.635109,49.509602
207.113907,144.398743,81.348335,48.723488
207.361740,145.307281,80.244179,47.758492
204.642090,144.592484,80.998184,48.433937
203.760345,145.672867,80.609177,48.173317
200.704468,146.727158,80.738647,48.404007
198.566666,148.177536,80.013374,48.005722
196.739716,147.907394,81.318802,48.725281
194.297379,150.307724,81.049416,48.179020
195.450836,149.868896,79.984886,47.452515
195.727371,149.582367,79.333153,47.096630
191.336746,151.438339,81.148651,48.241951
192.797485,150.982819,79.270821,47.549625
186.031311,152.098511,81.711708,48.935284
187.614456,154.354401,80.789543,48.007984
187.759552,155.318192,80.875214,48.559288
189.933838,157.867432,79.481560,47.633099
180.844238,159.855347,79.951805,47.934807
179.353897,161.101074,80.578873,48.433838
179.702759,164.151047,77.848648,46.605957
179.702759,164.151047,77.848648,46.605957
176.817062,163.485916,79.688309,47.313412
175.535645,164.108307,78.276794,46.896980
171.352386,166.043121,79.392624,47.624748
171.887299,165.140396,80.598953,48.361073
166.165894,165.429123,81.242249,48.802330
164.944946,166.706055,80.557648,48.494030
160.715149,166.669678,80.987045,48.695694
161.300110,168.281174,80.207520,48.382145
154.160751,169.147110,80.746788,48.623692
160.940521,171.205475,80.550056,48.450199
160.940521,171.205475,80.550056,48.450199
158.765167,173.803268,78.529999,47.157719
154.795273,173.440903,80.248665,48.116920
159.805206,172.859497,78.150711,47.037903
154.683823,169.211044,80.264320,48.366772
157.588791,170.326645,80.351479,48.343578
157.006042,167.986771,78.663399,47.285919
154.799088,166.924652,78.511528,47.670464
156.910583,168.690216,78.011810,46.928852
155.598831,167.376953,77.911415,47.262634
155.598831,167.376953,77.911415,47.262634
150.487732,168.565689,78.070328,47.507034
150.178818,169.600677,77.497986,46.613976
153.829300,169.040054,78.161163,47.473427
155.555283,168.930939,77.621872,46.680237
152.779633,169.494278,78.199890,47.040535
152.779633,169.494278,78.199890,47.040535
153.727051,170.175034,77.030518,46.545055
155.480072,169.734619,77.179459,46.367558
154.104370,169.357635,78.367424,47.550755
154.104370,169.357635,78.367424,47.550755
154.104370,169.357635,78.367424,47.550755
158.386978,169.396118,76.814011,46.543816
158.386978,169.396118,76.814011,46.543816
155.890045,170.826614,79.699265,48.796535
158.382797,167.494293,79.551277,48.007904
158.281982,170.275223,79.652649,48.459641
161.956970,171.182220,75.982124,46.421726
161.956970,171.182220,75.982124,46.421726
157.899506,168.497345,78.732048,48.246120
161.297012,172.365692,75.987679,46.139690
161.297012,172.365692,75.987679,46.139690
161.016693,171.340042,76.499542,46.759899
159.650864,170.195679,76.544495,47.053883
161.339584,170.945267,76.597885,46.831169
156.917419,172.194351,76.784050,47.399090
152.883759,170.099197,75.953217,46.706116
154.115463,171.600861,75.060493,46.188236
155.409073,170.291611,75.709167,46.645519
151.286865,171.364212,77.325958,47.752991
150.134613,170.348495,75.254280,46.761738
150.323990,172.931564,74.336166,46.151505
149.222900,172.135620,74.067963,45.914875
144.738632,172.060272,74.099060,46.115601
143.524002,173.071152,73.138351,45.619663
141.620239,171.388565,74.884895,46.391441
139.431351,171.169662,73.162827,45.628521
136.800766,170.496628,73.529999,45.777607
136.741699,173.438843,72.670113,45.389992
138.662537,173.390594,72.467293,45.222248
135.505203,172.113510,71.777122,44.876545
132.793640,172.280823,74.068024,46.280910
132.793640,172.280823,74.068024,46.280910
132.976288,173.244736,71.368736,44.593372
129.950500,173.476669,71.104889,44.435184
122.029404,169.905212,76.330292,47.710533
122.860832,172.147415,73.640320,45.985538
118.077187,173.501907,76.878777,48.057941
123.679123,179.724121,70.469559,44.001469
124.003502,177.562836,70.641899,44.024349
124.003502,177.562836,70.641899,44.024349
125.563568,181.592941,71.466705,44.512875
124.217957,180.432312,72.315895,45.165031
127.403717,179.114639,70.461678,43.705433
126.538002,180.675903,70.928520,44.038017
122.377563,180.206909,72.336792,45.320736
130.047562,180.562698,70.204765,43.472328
128.110168,180.353928,71.217155,44.314888
129.272705,182.767319,70.017357,43.543434
127.742813,185.332535,71.085907,44.094074
131.532990,179.730026,71.666245,44.945656
129.244751,185.599274,70.191040,43.901367
136.174881,186.310654,67.587593,42.160416
133.878510,185.472748,68.220779,42.611412
130.674057,186.432281,68.774170,42.888275
135.380585,187.001114,67.871346,42.395695
129.257370,189.102570,67.043709,41.897224
127.402283,192.522797,66.224716,41.250996
127.538139,194.150574,68.232010,42.193390
124.286354,192.704987,69.240463,42.857613
125.394539,193.664017,69.099380,42.697575
128.001953,197.474915,65.500092,41.165279
128.203461,197.873108,65.045845,40.665112
129.480499,193.698456,65.149704,40.919594
130.446747,196.728409,66.190758,41.612522
133.627151,197.229889,65.586777,40.975567
133.843307,197.843704,63.963207,40.086338
136.095551,195.804779,63.806343,39.921204
133.995575,197.328766,65.784378,40.965652
133.995575,197.328766,65.784378,40.965652
136.039825,197.979919,65.791122,41.134171
136.039825,197.979919,65.791122,41.134171
136.039825,197.979919,65.791122,41.134171
137.592087,197.220581,63.927624,40.385067
140.818161,200.204575,61.186203,38.200687
139.911133,202.334229,62.784191,38.982780
139.998428,204.174652,61.193340,38.283028
142.972336,206.020233,59.920410,37.743328
144.703674,204.272964,60.135666,37.533028
146.500015,204.801910,59.640678,37.175365
149.128754,204.001770,60.470013,37.691982
149.797806,203.711899,59.017563,37.248665
149.797806,203.711899,59.017563,37.248665
155.529816,204.104492,60.701363,37.906826
153.011520,203.229599,58.316673,36.678368
156.502762,203.435349,59.314400,37.176052
154.030869,205.221939,57.712719,36.193382
159.586533,204.804260,59.960815,37.220772
162.950912,204.225815,59.156883,36.728413
167.565598,203.300980,58.342503,36.731472
167.588440,205.017090,57.542343,35.625931
170.689056,204.997498,59.276775,36.812115
172.904831,204.504303,57.340458,36.172871
172.865814,203.177048,55.979641,35.228748
172.226501,204.467667,58.093739,36.508533
175.638931,205.787811,58.194260,36.625839
174.917328,205.198593,58.751354,36.877968
173.222748,205.127396,58.161640,36.592342
175.548477,205.368912,57.533665,36.196110
175.548477,205.368912,57.533665,36.196110
175.779465,201.261078,56.601990,35.555580
176.987503,202.088165,57.797161,36.384415
174.821594,202.146362,60.159523,37.687103
177.389832,203.473587,57.367584,36.145611
176.992020,202.924561,59.512520,37.549374
178.017914,200.828018,58.425835,36.812180
178.656281,202.407959,59.742573,37.683502
185.092300,201.373596,58.060066,36.608006
186.263458,201.251312,58.377960,36.754269
187.865326,200.106506,60.175690,38.008678
193.379883,199.714188,57.791580,36.401947
194.425278,200.907532,58.329876,37.266693
198.217468,199.417084,56.260727,35.512035
202.274063,198.986755,58.267704,37.085175
201.616562,199.213837,56.518044,35.736809
203.889084,199.105591,59.437065,37.666569
203.930710,201.122971,59.574314,37.468719
205.286240,203.395691,58.405621,36.714664
206.297546,204.480774,58.196568,37.210644
208.781784,206.667084,58.003223,37.030460
206.266373,207.683762,59.609737,37.577084
207.256622,208.700012,58.050365,36.952602
205.958313,210.338135,59.940174,38.092648
205.057510,210.168823,60.609047,38.612694
207.516647,213.224426,58.234356,36.823128
206.074539,213.452072,60.871960,38.796127
208.332138,216.318283,57.846249,36.458904
205.778900,216.292633,61.755745,39.454166
206.418579,216.979996,61.680893,39.021523
206.253281,216.989807,63.589893,40.422096
208.783783,217.323425,62.052597,39.300694
209.193665,218.576950,61.999504,39.308025
208.236542,218.213196,63.684109,40.395042
209.701187,218.258743,61.441479,38.976913
210.002853,217.938293,62.590202,39.885403
207.432266,218.385193,64.018440,40.764908
207.504761,216.777802,64.893860,41.206474
203.846161,216.391891,65.342010,41.572239
200.688263,216.849777,65.257935,41.660995
205.204727,218.703705,64.621056,41.122368
205.204727,218.703705,64.621056,41.122368
205.204727,218.703705,64.621056,41.122368
206.063644,218.903549,63.892132,40.734097
206.063644,218.903549,63.892132,40.734097
206.755539,220.652374,63.073753,39.873386
205.604584,220.560883,62.788921,40.025398
204.964584,221.604889,63.342091,40.007019
204.964584,221.604889,63.342091,40.007019
205.087479,221.664566,63.953403,40.425343
202.478867,222.932510,63.727276,40.290714
205.788788,221.937408,62.172752,39.589397
203.385956,223.585602,62.436905,39.832172
205.126190,223.193939,61.564972,39.399296
205.094864,224.409653,59.894897,38.521755
205.094864,224.409653,59.894897,38.521755
206.346954,225.078857,60.675892,39.027653
205.695480,224.954361,61.106224,38.815460
205.346008,225.880951,59.228035,38.030159
204.975388,225.500717,60.723782,38.538631
205.271591,227.692719,57.143467,36.883556
205.271591,227.692719,57.143467,36.883556
199.903702,228.142700,59.067696,37.672970
198.203094,227.129395,60.398067,38.545631
202.539810,227.047501,57.778584,37.264549
203.574768,228.920441,56.894554,36.724098
198.520279,230.325180,58.424404,37.660522
200.352356,230.783035,57.540855,36.884968
198.909012,229.766907,59.850647,38.401554
201.728302,230.892410,55.651573,35.739967
195.947891,232.334564,57.709110,37.300694
197.712112,234.419785,56.278404,36.278019
191.573105,233.186401,61.263683,38.985252
190.051544,235.003250,56.530270,36.235390
190.150925,233.475235,56.202339,36.090824
188.029236,232.111389,57.739651,37.185898
189.195511,232.314240,55.493950,35.583683
189.195511,232.314240,55.493950,35.583683
186.888336,230.379395,57.535206,37.154739
185.126312,230.032104,57.555885,37.212925
187.467606,231.061127,56.638885,36.356476
184.082443,231.079468,57.696861,37.158005
184.082443,231.079468,57.696861,37.158005
185.677094,230.121277,57.638206,37.036957
182.877563,231.355057,55.436962,35.622246
177.778076,229.746689,57.303425,36.984600
184.139221,230.980865,54.885700,35.530586
184.139221,230.980865,54.885700,35.530586
184.139221,230.980865,54.885700,35.530586
184.139221,230.980865,54.885700,35.530586
184.139221,230.980865,54.885700,35.530586
184.139221,230.980865,54.885700,35.530586
185.204529,230.640640,55.935810,35.961002
187.706833,232.441437,54.798542,35.396824
188.936661,231.412674,54.475185,35.354504
192.128983,233.375443,54.134808,35.043137
195.182938,230.844604,54.382637,35.338078
196.143951,232.929520,54.042324,34.633064
195.319519,233.299271,55.676548,35.647339
196.736969,231.552734,55.835262,35.761913
197.284821,231.254105,56.438831,36.489376
200.195358,230.937164,57.092499,36.815891
199.084686,233.832748,54.902119,35.778828
205.362473,230.828125,54.971722,35.718323
203.532394,231.987930,53.091469,34.678631
203.532394,231.987930,53.091469,34.678631
203.532394,231.987930,53.091469,34.678631
203.985947,232.069153,54.237667,35.266266
201.153717,231.560822,56.191170,36.540264
205.646545,231.359100,52.316525,34.113670
204.604065,228.825668,53.974930,34.955784
211.249298,225.318863,57.417057,37.233482
211.249298,225.318863,57.417057,37.233482
211.249298,225.318863,57.417057,37.233482
210.148041,224.637772,56.882977,37.257423
205.054657,228.060059,54.266682,35.083370
210.597198,224.359482,59.886944,38.846481
210.597198,224.359482,59.886944,38.846481
212.271469,225.225937,57.487953,37.733051
212.271469,225.225937,57.487953,37.733051
212.271469,225.225937,57.487953,37.733051
212.271469,225.225937,57.487953,37.733051
212.271469,225.225937,57.487953,37.733051
212.701935,224.854202,58.242420,38.345909
218.492294,224.998962,57.853905,38.172676
213.367950,225.150375,58.021072,38.212505
216.720245,225.172089,58.704613,38.032459
215.607147,224.018677,59.645649,38.910542
212.106598,224.321609,58.849464,38.916862
212.306747,223.735992,59.391777,39.011375
212.306747,223.735992,59.391777,39.011375
212.306747,223.735992,59.391777,39.011375
214.549530,223.577316,59.364029,38.923447
214.092636,224.318146,57.781548,37.355186
217.093353,224.681046,57.591408,37.986946
217.093353,224.681046,57.591408,37.986946
219.720825,222.925568,60.618828,39.649040
214.516968,222.832047,59.604282,38.927780
217.062607,220.700546,64.391457,41.387817
217.062607,220.700546,64.391457,41.387817
219.012161,222.169403,62.028503,40.406902
218.134323,220.864639,61.647625,40.602211
217.645706,218.580200,64.283951,41.423565
217.097076,219.313019,60.787872,39.449127
214.088486,218.158340,62.491814,41.232647
213.368530,216.195084,62.428440,40.570564
215.321106,215.090271,62.042530,40.756134
212.883835,212.690598,62.042870,41.022903
214.056503,212.017212,61.208630,40.489677
207.690109,211.368210,63.699406,41.953983
206.337799,209.187241,63.168377,41.748432
207.376038,208.314743,63.498878,41.429928
204.160156,209.463440,61.590069,40.394894
208.840744,208.982681,61.264263,39.743092
206.098007,206.225723,63.670254,41.877666
206.215225,207.898926,62.179897,40.378040
208.369095,206.840500,62.548740,41.261318
204.402481,204.724655,63.989048,42.147720
199.702591,205.882263,64.216309,42.289791
202.202255,206.730331,62.425381,40.573528
200.761261,205.867294,64.559418,42.460522
198.956741,206.862335,63.260910,41.705986
198.476822,207.453400,65.173645,42.848217
2
0
0
0
0
1
280.530426,199.084335,74.367058,42.668556
283.571838,198.884125,75.660789,43.390179
283.350372,200.221100,76.393761,43.766884
287.770996,200.092438,75.980232,43.480862
289.109802,200.102539,74.943420,43.125454
291.709412,201.220200,75.124252,43.204651
291.709412,201.220200,75.124252,43.204651
291.509766,201.088303,75.928131,43.610725
297.203400,201.204422,76.317520,43.894733
301.140076,201.425003,74.552109,42.974739
302.574921,199.820114,76.415192,43.741123
301.005096,199.338989,75.322060,43.368893
305.786163,196.486053,75.366531,43.227222
304.836121,193.826416,75.419167,43.208389
306.356506,191.938477,76.744751,44.140366
308.312866,191.065491,73.681519,42.351952
308.995514,189.137604,75.369659,43.267239
311.347992,186.467331,73.508141,42.336342
311.347992,186.467331,73.508141,42.336342
315.186859,185.295425,72.001366,41.501030
312.805939,184.809280,73.035004,42.230682
317.635529,182.754730,74.736870,43.169479
319.814240,182.082214,73.824165,42.427700
318.457825,179.327332,77.227844,44.217743
324.854614,178.811615,73.861526,42.598831
320.882568,178.345291,76.365028,44.121208
323.446838,177.832260,75.016449,43.319969
327.389160,177.964630,72.584312,41.630959
329.940674,176.713379,74.529434,42.972038
329.014008,176.820831,72.833748,41.931591
329.099243,177.493912,75.397911,43.186623
332.217499,176.303467,77.057182,44.646038
332.903992,178.397949,73.265259,42.390690
334.212982,177.070526,73.901474,42.536140
334.166687,174.101257,75.107399,43.499504
335.490967,175.851288,76.889374,44.401173
336.068665,175.673187,72.516495,42.231972
335.927704,175.219391,76.576172,44.188305
335.927704,175.219391,76.576172,44.188305
332.498779,174.634445,78.832726,45.528679
332.498779,174.634445,78.832726,45.528679
334.209808,173.660828,78.764488,45.500584
333.167267,175.279633,74.825653,43.518150
332.963776,175.491470,76.080261,44.026699
338.150574,174.288727,79.029129,45.780872
335.487122,174.447815,78.127441,45.288864
337.461456,174.145767,79.843376,45.943142
337.657013,174.206329,75.074501,43.674255
335.525208,173.353378,77.563675,44.645420
338.294037,172.137329,78.988800,45.627956
338.294037,172.137329,78.988800,45.627956
338.294037,172.137329,78.988800,45.627956
337.394714,170.436890,82.870842,47.942249
337.394714,170.436890,82.870842,47.942249
338.518219,170.799026,76.764572,44.528900
338.514557,171.090576,74.082909,43.013123
336.971863,174.459595,74.144371,43.207172
338.004395,173.311752,76.284714,43.898090
335.676819,173.290802,75.285118,43.201641
337.112091,170.522659,79.495697,46.005833
334.990479,172.205978,78.884918,45.315323
338.512878,175.450439,75.212875,43.453461
341.421967,175.077850,73.858810,43.219460
341.421967,175.077850,73.858810,43.219460
343.332184,176.040283,73.221054,42.535591
340.694122,178.023788,77.272331,44.989223
344.313782,177.094284,78.158043,45.494171
346.972900,181.840042,77.006165,44.744572
348.099457,180.770370,77.708412,45.582581
348.656067,182.087494,77.270615,44.455944
345.013184,180.387405,81.596329,47.399750
351.549530,184.124741,74.308632,43.208523
350.347473,180.950073,78.259483,45.181770
354.761902,181.619904,74.689842,43.480076
356.170349,183.494247,76.548157,44.214695
360.252045,184.000687,74.684921,43.750816
361.098297,186.281265,78.691322,46.318485
361.641815,186.263412,79.776428,46.036274
366.915924,183.788971,79.075226,45.844120
372.549866,185.658340,75.479462,44.114338
372.860229,185.300949,76.359344,44.728764
379.494812,184.014069,76.760193,44.664574
379.443054,183.548813,79.646988,46.919216
391.316254,183.444458,76.810127,45.012344
393.535339,183.418655,75.634232,44.528114
391.240234,184.232590,78.509148,46.621845
394.954285,182.961746,78.129028,46.457397
398.471680,182.107300,79.431229,46.839977
397.731140,182.132980,80.240150,47.190048
397.728027,180.952484,79.768120,47.030327
399.497314,181.165329,79.620529,46.993111
401.693176,180.420135,80.294441,47.282658
401.558472,181.260849,78.539604,46.410011
401.236206,180.164261,77.367111,45.352638
402.896667,178.437256,81.750496,48.097778
400.974030,178.426224,80.696487,47.681480
402.322388,175.948746,80.996979,47.659370
394.068359,173.036835,81.039375,47.591599
394.068359,173.036835,81.039375,47.591599
393.174530,170.605469,77.180763,45.587456
391.363739,171.358582,79.362213,47.043243
393.365845,171.058731,80.386803,47.580849
392.797058,171.349152,76.524803,45.215530
390.596497,169.413376,78.886711,47.157894
392.199677,171.333969,77.455078,45.377090
388.925293,169.303360,76.937416,45.554703
389.029541,168.651184,78.905136,47.020470
390.377960,170.246048,76.703133,45.438358
391.731262,167.882370,75.850586,44.971771
390.358948,167.939774,77.877388,46.309509
388.827301,168.453491,79.053780,47.198666
393.163116,167.066620,78.153931,45.758442
394.363190,166.138931,76.935837,45.855549
398.089417,167.080582,76.431702,45.300751
401.066376,165.146286,74.173668,43.729725
402.076416,165.290665,75.711449,45.276680
410.584778,164.875687,76.348190,45.074409
410.341736,164.471268,75.493156,45.282326
413.770660,165.152634,74.679535,44.646454
420.833008,164.904602,74.418571,43.983505
421.449982,163.612717,72.973511,43.289928
421.267731,164.309525,73.900192,43.488491
419.773621,162.298965,73.636787,43.573177
420.031219,162.357315,74.993057,44.541851
420.245209,162.275070,73.494713,43.528744
418.207642,170.750458,72.297081,42.892426
427.129791,164.307434,73.437767,43.767811
428.559692,165.154785,71.646278,42.375389
425.698547,165.404816,72.198708,42.654041
425.584656,167.714905,72.017082,42.359444
425.489075,167.904312,69.776970,41.206970
422.694733,167.330994,69.434242,41.132484
424.898712,168.547974,69.223862,40.856327
423.563629,164.036194,69.994789,41.262684
420.874817,169.470718,69.324463,40.914185
419.575684,168.411163,67.556824,39.892353
418.795074,169.135284,65.710388,38.847946
414.838196,167.932388,66.284149,39.104778
412.814972,169.679779,66.071854,39.180237
413.535370,168.846542,68.009918,40.105915
414.028564,174.511581,66.214264,39.262234
412.721069,169.963913,66.356499,39.420288
410.322418,171.491837,65.451401,38.678608
404.053772,172.357147,65.548080,38.843258
403.538727,170.272995,66.445007,39.318825
402.529938,171.097931,66.794716,39.485023
396.109009,172.369232,66.060883,39.100727
396.394440,172.197540,65.455551,38.402348
396.541290,173.633789,63.805847,37.667137
392.865967,170.005600,66.164467,39.089226
391.414459,173.779694,64.198166,37.850094
390.610260,171.891266,65.433731,38.805351
388.474182,169.562531,64.702591,38.202560
387.559418,171.343979,65.410339,38.698578
389.159698,174.441116,63.799068,37.978214
390.372253,170.255798,65.923241,38.713627
389.114319,169.996445,65.933800,38.720680
390.057556,169.404449,63.723019,37.925213
392.660431,172.089371,63.164524,37.081268
389.313324,170.050644,63.398888,37.642239
389.621826,173.988144,59.989468,35.283833
392.055695,171.295761,61.153645,36.398125
392.055695,171.295761,61.153645,36.398125
393.057770,173.245026,60.921135,36.242050
391.515625,172.674988,61.636353,36.257401
392.918549,173.885300,60.736530,35.592930
393.234253,171.500351,61.732071,36.246418
393.234253,171.500351,61.732071,36.246418
394.510223,169.312149,58.568165,34.417355
394.510223,169.312149,58.568165,34.417355
391.406006,170.422104,59.168331,34.853077
394.165924,170.323029,59.623890,35.028069
391.771973,170.985901,59.440628,34.807476
393.473389,171.210037,57.727646,33.797844
396.857880,172.729172,59.390366,34.906708
391.401520,173.360138,57.601017,33.870529
395.179504,172.747742,57.266907,33.722183
393.573700,174.874268,57.990406,34.087433
395.816650,170.422607,56.586773,33.015053
395.816650,170.422607,56.586773,33.015053
396.880432,167.790314,57.967300,33.908672
397.206146,170.421875,56.053181,32.712513
397.206146,170.421875,56.053181,32.712513
398.820312,167.504883,56.003841,33.072674
400.102875,169.108261,53.530472,31.251417
399.692230,163.410568,56.335804,33.232441
398.500275,162.040070,59.622406,34.888424
398.500275,162.040070,59.622406,34.888424
400.868958,163.263519,55.407619,32.725758
400.215912,161.287186,56.739594,33.328819
397.405884,161.087082,57.957016,34.061275
395.816284,159.651962,55.398392,32.763195
395.877014,159.393051,54.372925,31.819040
396.779175,155.926300,56.830379,33.465965
396.594696,155.563278,54.178787,31.867413
