1
2
0
0
0
0
1
2
0
0
0
0
1
336.000000,441.000000,15.000000,50.000000
347.000000,438.000000,15.000000,50.000000
357.000000,444.000000,15.000000,50.000000
371.000000,449.000000,15.000000,50.000000
2
0
0
0
0
1
368.000000,368.000000,17.000000,55.000000
354.000000,363.000000,17.000000,55.000000
346.000000,351.000000,17.000000,55.000000
349.000000,338.000000,17.000000,55.000000
348.000000,324.000000,17.000000,55.000000
347.000000,310.000000,17.000000,55.000000
2
0
0
0
0
1
2
0
0
0
0
1
428.000000,297.000000,22.000000,58.000000
2
0
0
0
0
1
285.000000,275.000000,21.000000,66.000000
275.000000,264.000000,21.000000,66.000000
261.000000,259.000000,21.000000,66.000000
258.000000,245.000000,21.000000,66.000000
272.000000,246.000000,21.000000,66.000000
283.000000,256.000000,21.000000,66.000000
2
0
0
0
0
1
350.000000,353.000000,24.000000,64.000000
342.000000,357.000000,24.000000,64.000000
328.000000,357.000000,24.000000,64.000000
315.000000,350.000000,24.000000,64.000000
308.000000,337.000000,24.000000,64.000000
301.000000,324.000000,24.000000,64.000000
297.000000,312.000000,24.000000,64.000000
291.000000,321.000000,24.000000,64.000000
291.000000,315.000000,24.000000,64.000000
294.000000,315.000000,24.000000,64.000000
293.000000,303.000000,24.000000,64.000000
282.000000,310.000000,24.000000,64.000000
291.000000,320.000000,24.000000,64.000000
305.000000,321.000000,24.000000,64.000000
302.000000,321.000000,24.000000,64.000000
291.000000,311.000000,24.000000,64.000000
284.000000,304.000000,24.000000,64.000000
292.000000,315.000000,24.000000,64.000000
302.000000,316.000000,24.000000,64.000000
299.000000,326.000000,24.000000,64.000000
306.000000,325.000000,24.000000,64.000000
316.000000,330.000000,24.000000,64.000000
320.000000,344.000000,24.000000,64.000000
334.000000,341.000000,24.000000,64.000000
338.000000,338.000000,24.000000,64.000000
337.000000,324.000000,24.000000,64.000000
345.000000,312.000000,24.000000,64.000000
359.000000,316.000000,24.000000,64.000000
2
0
0
0
0
1
423.000000,291.000000,25.000000,71.000000
2
0
0
0
0
1
509.000000,281.000000,26.000000,72.000000
523.000000,279.000000,26.000000,72.000000
537.000000,274.000000,26.000000,72.000000
550.000000,267.000000,26.000000,72.000000
561.000000,257.000000,26.000000,72.000000
568.000000,244.000000,26.000000,72.000000
573.000000,230.000000,26.000000,72.000000
584.000000,220.000000,26.000000,72.000000
598.000000,215.000000,26.000000,72.000000
605.000000,213.000000,26.000000,72.000000
595.000000,205.000000,26.000000,72.000000
581.000000,200.000000,26.000000,72.000000
571.000000,204.000000,26.000000,72.000000
562.000000,194.000000,26.000000,72.000000
554.000000,196.000000,26.000000,72.000000
2
0
0
0
0
1
467.000000,140.000000,29.000000,81.000000
481.000000,145.000000,29.000000,81.000000
489.000000,150.000000,29.000000,81.000000
489.000000,142.000000,29.000000,81.000000
501.000000,134.000000,29.000000,81.000000
514.000000,127.000000,29.000000,81.000000
528.000000,123.000000,29.000000,81.000000
