1
442.000000,335.000000,51.450012,38.910004
440.000000,335.000000,51.450012,38.910004
439.000000,333.000000,51.450012,38.910004
438.000000,333.000000,51.450012,38.910004
439.000000,334.000000,51.450012,38.910004
438.000000,334.000000,51.450012,38.910004
438.000000,333.000000,51.450012,38.910004
438.000000,332.000000,51.450012,38.910004
437.000000,333.000000,51.450012,38.910004
436.000000,333.000000,51.450012,38.910004
433.000000,331.000000,51.450012,38.910004
435.000000,331.000000,51.450012,38.910004
431.000000,330.000000,51.450012,38.910004
430.000000,330.000000,51.450012,38.910004
429.000000,328.000000,51.450012,38.910004
412.000000,325.000000,51.450012,38.910004
423.000000,347.000000,51.450012,38.910004
421.000000,345.000000,51.450012,38.910004
408.000000,366.000000,51.450012,38.910004
423.000000,357.000000,51.450012,38.910004
447.000000,360.000000,51.450012,38.910004
453.000000,336.000000,51.450012,38.910004
431.000000,326.000000,51.450012,38.910004
415.000000,322.000000,51.450012,38.910004
414.000000,322.000000,51.450012,38.910004
415.000000,322.000000,51.450012,38.910004
417.000000,320.000000,51.450012,38.910004
420.000000,317.000000,51.450012,38.910004
425.000000,317.000000,51.450012,38.910004
426.000000,317.000000,51.450012,38.910004
429.000000,317.000000,51.450012,38.910004
433.000000,315.000000,51.450012,38.910004
437.000000,314.000000,51.450012,38.910004
440.000000,313.000000,51.450012,38.910004
443.000000,312.000000,51.450012,38.910004
443.000000,312.000000,51.450012,38.910004
446.000000,311.000000,51.450012,38.910004
449.000000,311.000000,51.450012,38.910004
468.000000,306.000000,51.450012,38.910004
453.000000,298.000000,51.450012,38.910004
455.000000,304.000000,51.450012,38.910004
455.000000,303.000000,51.450012,38.910004
465.000000,292.000000,51.450012,38.910004
463.000000,305.000000,51.450012,38.910004
465.000000,304.000000,51.450012,38.910004
468.000000,301.000000,51.450012,38.910004
471.000000,296.000000,51.450012,38.910004
472.000000,297.000000,51.450012,38.910004
473.000000,294.000000,51.450012,38.910004
474.000000,289.000000,51.450012,38.910004
476.000000,285.000000,51.450012,38.910004
478.000000,280.000000,51.450012,38.910004
478.000000,276.000000,51.450012,38.910004
477.000000,276.000000,51.450012,38.910004
478.000000,272.000000,51.450012,38.910004
476.000000,266.000000,51.450012,38.910004
472.000000,261.000000,51.450012,38.910004
471.000000,256.000000,51.450012,38.910004
470.000000,252.000000,51.450012,38.910004
470.000000,252.000000,51.450012,38.910004
469.000000,248.000000,51.450012,38.910004
469.000000,244.000000,51.450012,38.910004
471.000000,240.000000,51.450012,38.910004
472.000000,236.000000,51.450012,38.910004
473.000000,232.000000,51.450012,38.910004
472.000000,232.000000,51.450012,38.910004
471.000000,228.000000,51.450012,38.910004
468.000000,225.000000,51.450012,38.910004
464.000000,221.000000,51.450012,38.910004
462.000000,219.000000,51.450012,38.910004
461.000000,216.000000,51.450012,38.910004
461.000000,216.000000,51.450012,38.910004
460.000000,215.000000,51.450012,38.910004
459.000000,213.000000,51.450012,38.910004
462.000000,213.000000,51.450012,38.910004
466.000000,213.000000,51.450012,38.910004
474.000000,213.000000,51.450012,38.910004
474.000000,213.000000,51.450012,38.910004
486.000000,215.000000,51.450012,38.910004
499.000000,217.000000,51.450012,38.910004
513.000000,220.000000,51.450012,38.910004
529.000000,224.000000,51.450012,38.910004
543.000000,229.000000,51.450012,38.910004
544.000000,229.000000,51.450012,38.910004
555.000000,234.000000,51.450012,38.910004
564.000000,239.000000,51.450012,38.910004
569.000000,245.000000,51.450012,38.910004
570.000000,251.000000,51.450012,38.910004
574.000000,258.000000,51.450012,38.910004
574.000000,258.000000,51.450012,38.910004
580.000000,265.000000,51.450012,38.910004
589.000000,272.000000,51.450012,38.910004
598.000000,279.000000,51.450012,38.910004
605.000000,284.000000,51.450012,38.910004
611.000000,289.000000,51.450012,38.910004
610.000000,290.000000,51.450012,38.910004
616.000000,295.000000,51.450012,38.910004
621.000000,299.000000,51.450012,38.910004
625.000000,302.000000,51.450012,38.910004
629.000000,304.000000,51.450012,38.910004
613.000000,304.000000,51.450012,38.910004
613.000000,304.000000,51.450012,38.910004
636.000000,313.000000,51.450012,38.910004
646.000000,332.000000,51.450012,38.910004
636.000000,314.000000,51.450012,38.910004
638.000000,318.000000,51.450012,38.910004
640.000000,319.000000,51.450012,38.910004
640.000000,318.000000,51.450012,38.910004
639.000000,319.000000,51.450012,38.910004
641.000000,320.000000,51.450012,38.910004
642.000000,321.000000,51.450012,38.910004
642.000000,321.000000,51.450012,38.910004
645.000000,321.000000,51.450012,38.910004
645.000000,322.000000,51.450012,38.910004
647.000000,322.000000,51.450012,38.910004
648.000000,321.000000,51.450012,38.910004
648.000000,321.000000,51.450012,38.910004
645.000000,320.000000,51.450012,38.910004
640.000000,319.000000,51.450012,38.910004
641.000000,320.000000,51.450012,38.910004
635.000000,315.000000,51.450012,38.910004
637.000000,318.000000,51.450012,38.910004
634.000000,318.000000,51.450012,38.910004
633.000000,319.000000,51.450012,38.910004
631.000000,319.000000,51.450012,38.910004
631.000000,319.000000,51.450012,38.910004
625.000000,322.000000,51.450012,38.910004
627.000000,319.000000,51.450012,38.910004
625.000000,318.000000,51.450012,38.910004
624.000000,320.000000,51.450012,38.910004
623.000000,320.000000,51.450012,38.910004
623.000000,320.000000,51.450012,38.910004
622.000000,321.000000,51.450012,38.910004
622.000000,322.000000,51.450012,38.910004
621.000000,324.000000,51.450012,38.910004
618.000000,324.000000,51.450012,38.910004
615.000000,324.000000,51.450012,38.910004
615.000000,324.000000,51.450012,38.910004
610.000000,323.000000,51.450012,38.910004
606.000000,323.000000,51.450012,38.910004
601.000000,323.000000,51.450012,38.910004
596.000000,322.000000,51.450012,38.910004
592.000000,322.000000,51.450012,38.910004
592.000000,322.000000,51.450012,38.910004
588.000000,322.000000,51.450012,38.910004
585.000000,322.000000,51.450012,38.910004
581.000000,322.000000,51.450012,38.910004
578.000000,322.000000,51.450012,38.910004
574.000000,321.000000,51.450012,38.910004
574.000000,321.000000,51.450012,38.910004
571.000000,321.000000,51.450012,38.910004
569.000000,321.000000,51.450012,38.910004
567.000000,321.000000,51.450012,38.910004
564.000000,321.000000,51.450012,38.910004
562.000000,320.000000,51.450012,38.910004
562.000000,320.000000,51.450012,38.910004
558.000000,320.000000,51.450012,38.910004
555.000000,320.000000,51.450012,38.910004
550.000000,318.000000,51.450012,38.910004
547.000000,318.000000,51.450012,38.910004
543.000000,316.000000,51.450012,38.910004
544.000000,317.000000,51.450012,38.910004
541.000000,315.000000,51.450012,38.910004
536.000000,313.000000,51.450012,38.910004
532.000000,311.000000,51.450012,38.910004
529.000000,310.000000,51.450012,38.910004
523.000000,308.000000,51.450012,38.910004
523.000000,308.000000,51.450012,38.910004
517.000000,305.000000,51.450012,38.910004
512.000000,303.000000,51.450012,38.910004
505.000000,299.000000,51.450012,38.910004
498.000000,295.000000,51.450012,38.910004
491.000000,292.000000,51.450012,38.910004
491.000000,292.000000,51.450012,38.910004
483.000000,288.000000,51.450012,38.910004
476.000000,284.000000,51.450012,38.910004
468.000000,280.000000,51.450012,38.910004
461.000000,277.000000,51.450012,38.910004
454.000000,273.000000,51.450012,38.910004
453.000000,272.000000,51.450012,38.910004
445.000000,268.000000,51.450012,38.910004
436.000000,265.000000,51.450012,38.910004
427.000000,260.000000,51.450012,38.910004
419.000000,257.000000,51.450012,38.910004
410.000000,254.000000,51.450012,38.910004
410.000000,254.000000,51.450012,38.910004
402.000000,252.000000,51.450012,38.910004
392.000000,250.000000,51.450012,38.910004
385.000000,250.000000,51.450012,38.910004
378.000000,250.000000,51.450012,38.910004
371.000000,251.000000,51.450012,38.910004
363.000000,251.000000,51.450012,38.910004
363.000000,251.000000,51.450012,38.910004
357.000000,252.000000,51.450012,38.910004
352.000000,254.000000,51.450012,38.910004
347.000000,257.000000,51.450012,38.910004
343.000000,261.000000,51.450012,38.910004
341.000000,266.000000,51.450012,38.910004
341.000000,266.000000,51.450012,38.910004
339.000000,272.000000,51.450012,38.910004
338.000000,278.000000,51.450012,38.910004
338.000000,285.000000,51.450012,38.910004
340.000000,293.000000,51.450012,38.910004
340.000000,301.000000,51.450012,38.910004
340.000000,300.000000,51.450012,38.910004
340.000000,307.000000,51.450012,38.910004
342.000000,313.000000,51.450012,38.910004
343.000000,318.000000,51.450012,38.910004
345.000000,324.000000,51.450012,38.910004
348.000000,330.000000,51.450012,38.910004
349.000000,330.000000,51.450012,38.910004
352.000000,334.000000,51.450012,38.910004
354.000000,338.000000,51.450012,38.910004
357.000000,341.000000,51.450012,38.910004
359.000000,343.000000,51.450012,38.910004
360.000000,344.000000,51.450012,38.910004
360.000000,344.000000,51.450012,38.910004
362.000000,344.000000,51.450012,38.910004
364.000000,345.000000,51.450012,38.910004
365.000000,345.000000,51.450012,38.910004
366.000000,344.000000,51.450012,38.910004
367.000000,344.000000,51.450012,38.910004
367.000000,344.000000,51.450012,38.910004
368.000000,343.000000,51.450012,38.910004
368.000000,342.000000,51.450012,38.910004
370.000000,341.000000,51.450012,38.910004
371.000000,339.000000,51.450012,38.910004
372.000000,338.000000,51.450012,38.910004
372.000000,338.000000,51.450012,38.910004
373.000000,337.000000,51.450012,38.910004
375.000000,335.000000,51.450012,38.910004
376.000000,334.000000,51.450012,38.910004
375.000000,332.000000,51.450012,38.910004
375.000000,330.000000,51.450012,38.910004
375.000000,330.000000,51.450012,38.910004
374.000000,328.000000,51.450012,38.910004
373.000000,326.000000,51.450012,38.910004
372.000000,324.000000,51.450012,38.910004
371.000000,322.000000,51.450012,38.910004
371.000000,320.000000,51.450012,38.910004
370.000000,320.000000,51.450012,38.910004
370.000000,318.000000,51.450012,38.910004
365.000000,316.000000,51.450012,38.910004
364.000000,314.000000,51.450012,38.910004
361.000000,312.000000,51.450012,38.910004
357.000000,310.000000,51.450012,38.910004
356.000000,310.000000,51.450012,38.910004
354.000000,308.000000,51.450012,38.910004
350.000000,306.000000,51.450012,38.910004
347.000000,305.000000,51.450012,38.910004
343.000000,303.000000,51.450012,38.910004
341.000000,302.000000,51.450012,38.910004
341.000000,302.000000,51.450012,38.910004
338.000000,301.000000,51.450012,38.910004
338.000000,302.000000,51.450012,38.910004
337.000000,302.000000,51.450012,38.910004
336.000000,302.000000,51.450012,38.910004
334.000000,302.000000,51.450012,38.910004
334.000000,302.000000,51.450012,38.910004
331.000000,301.000000,51.450012,38.910004
331.000000,301.000000,51.450012,38.910004
330.000000,302.000000,51.450012,38.910004
328.000000,302.000000,51.450012,38.910004
325.000000,302.000000,51.450012,38.910004
325.000000,302.000000,51.450012,38.910004
326.000000,302.000000,51.450012,38.910004
326.000000,303.000000,51.450012,38.910004
325.000000,303.000000,51.450012,38.910004
324.000000,304.000000,51.450012,38.910004
323.000000,304.000000,51.450012,38.910004
324.000000,305.000000,51.450012,38.910004
322.000000,305.000000,51.450012,38.910004
320.000000,304.000000,51.450012,38.910004
321.000000,305.000000,51.450012,38.910004
321.000000,305.000000,51.450012,38.910004
320.000000,305.000000,51.450012,38.910004
321.000000,305.000000,51.450012,38.910004
323.000000,304.000000,51.450012,38.910004
322.000000,304.000000,51.450012,38.910004
323.000000,304.000000,51.450012,38.910004
324.000000,305.000000,51.450012,38.910004
322.000000,304.000000,51.450012,38.910004
322.000000,304.000000,51.450012,38.910004
323.000000,304.000000,51.450012,38.910004
324.000000,303.000000,51.450012,38.910004
325.000000,302.000000,51.450012,38.910004
325.000000,301.000000,51.450012,38.910004
325.000000,301.000000,51.450012,38.910004
325.000000,301.000000,51.450012,38.910004
326.000000,300.000000,51.450012,38.910004
324.000000,297.000000,51.450012,38.910004
322.000000,295.000000,51.450012,38.910004
323.000000,293.000000,51.450012,38.910004
323.000000,290.000000,51.450012,38.910004
322.000000,289.000000,51.450012,38.910004
320.000000,286.000000,51.450012,38.910004
317.000000,281.000000,51.450012,38.910004
314.000000,277.000000,51.450012,38.910004
310.000000,272.000000,51.450012,38.910004
306.000000,266.000000,51.450012,38.910004
306.000000,267.000000,51.450012,38.910004
302.000000,262.000000,51.450012,38.910004
297.000000,257.000000,51.450012,38.910004
294.000000,253.000000,51.450012,38.910004
290.000000,249.000000,51.450012,38.910004
286.000000,245.000000,51.450012,38.910004
286.000000,245.000000,51.450012,38.910004
283.000000,242.000000,51.450012,38.910004
279.000000,238.000000,51.450012,38.910004
275.000000,235.000000,51.450012,38.910004
271.000000,233.000000,51.450012,38.910004
267.000000,232.000000,51.450012,38.910004
266.000000,232.000000,51.450012,38.910004
262.000000,229.000000,51.450012,38.910004
256.000000,227.000000,51.450012,38.910004
251.000000,225.000000,51.450012,38.910004
245.000000,222.000000,51.450012,38.910004
240.000000,223.000000,51.450012,38.910004
240.000000,223.000000,51.450012,38.910004
236.000000,223.000000,51.450012,38.910004
232.000000,224.000000,51.450012,38.910004
228.000000,226.000000,51.450012,38.910004
224.000000,228.000000,51.450012,38.910004
222.000000,230.000000,51.450012,38.910004
222.000000,230.000000,51.450012,38.910004
221.000000,234.000000,51.450012,38.910004
220.000000,239.000000,51.450012,38.910004
220.000000,244.000000,51.450012,38.910004
221.000000,249.000000,51.450012,38.910004
223.000000,254.000000,51.450012,38.910004
223.000000,254.000000,51.450012,38.910004
226.000000,261.000000,51.450012,38.910004
229.000000,267.000000,51.450012,38.910004
234.000000,274.000000,51.450012,38.910004
239.000000,282.000000,51.450012,38.910004
245.000000,289.000000,51.450012,38.910004
245.000000,290.000000,51.450012,38.910004
251.000000,296.000000,51.450012,38.910004
255.000000,302.000000,51.450012,38.910004
257.000000,306.000000,51.450012,38.910004
259.000000,309.000000,51.450012,38.910004
261.000000,312.000000,51.450012,38.910004
261.000000,313.000000,51.450012,38.910004
262.000000,314.000000,51.450012,38.910004
259.000000,314.000000,51.450012,38.910004
255.000000,313.000000,51.450012,38.910004
249.000000,310.000000,51.450012,38.910004
241.000000,308.000000,51.450012,38.910004
241.000000,308.000000,51.450012,38.910004
235.000000,306.000000,51.450012,38.910004
228.000000,304.000000,51.450012,38.910004
221.000000,302.000000,51.450012,38.910004
216.000000,300.000000,51.450012,38.910004
209.000000,298.000000,51.450012,38.910004
209.000000,298.000000,51.450012,38.910004
202.000000,295.000000,51.450012,38.910004
194.000000,293.000000,51.450012,38.910004
187.000000,292.000000,51.450012,38.910004
179.000000,290.000000,51.450012,38.910004
172.000000,289.000000,51.450012,38.910004
172.000000,289.000000,51.450012,38.910004
164.000000,287.000000,51.450012,38.910004
157.000000,286.000000,51.450012,38.910004
150.000000,284.000000,51.450012,38.910004
143.000000,283.000000,51.450012,38.910004
135.000000,281.000000,51.450012,38.910004
135.000000,281.000000,51.450012,38.910004
130.000000,280.000000,51.450012,38.910004
123.000000,280.000000,51.450012,38.910004
117.000000,280.000000,51.450012,38.910004
114.000000,281.000000,51.450012,38.910004
115.000000,283.000000,51.450012,38.910004
114.000000,283.000000,51.450012,38.910004
120.000000,287.000000,51.450012,38.910004
130.000000,294.000000,51.450012,38.910004
144.000000,301.000000,51.450012,38.910004
167.000000,308.000000,51.450012,38.910004
180.000000,317.000000,51.450012,38.910004
180.000000,317.000000,51.450012,38.910004
194.000000,324.000000,51.450012,38.910004
205.000000,330.000000,51.450012,38.910004
214.000000,336.000000,51.450012,38.910004
221.000000,340.000000,51.450012,38.910004
224.000000,344.000000,51.450012,38.910004
224.000000,343.000000,51.450012,38.910004
228.000000,346.000000,51.450012,38.910004
232.000000,349.000000,51.450012,38.910004
235.000000,351.000000,51.450012,38.910004
241.000000,353.000000,51.450012,38.910004
248.000000,356.000000,51.450012,38.910004
256.000000,359.000000,51.450012,38.910004
256.000000,359.000000,51.450012,38.910004
266.000000,361.000000,51.450012,38.910004
277.000000,365.000000,51.450012,38.910004
287.000000,368.000000,51.450012,38.910004
296.000000,372.000000,51.450012,38.910004
305.000000,376.000000,51.450012,38.910004
305.000000,376.000000,51.450012,38.910004
314.000000,378.000000,51.450012,38.910004
321.000000,381.000000,51.450012,38.910004
327.000000,383.000000,51.450012,38.910004
331.000000,385.000000,51.450012,38.910004
338.000000,388.000000,51.450012,38.910004
339.000000,388.000000,51.450012,38.910004
346.000000,391.000000,51.450012,38.910004
354.000000,392.000000,51.450012,38.910004
363.000000,395.000000,51.450012,38.910004
372.000000,398.000000,51.450012,38.910004
379.000000,400.000000,51.450012,38.910004
379.000000,400.000000,51.450012,38.910004
387.000000,403.000000,51.450012,38.910004
397.000000,405.000000,51.450012,38.910004
406.000000,407.000000,51.450012,38.910004
418.000000,410.000000,51.450012,38.910004
428.000000,412.000000,51.450012,38.910004
429.000000,412.000000,51.450012,38.910004
438.000000,413.000000,51.450012,38.910004
448.000000,415.000000,51.450012,38.910004
456.000000,416.000000,51.450012,38.910004
463.000000,417.000000,51.450012,38.910004
469.000000,417.000000,51.450012,38.910004
470.000000,417.000000,51.450012,38.910004
472.000000,418.000000,51.450012,38.910004
488.000000,418.000000,51.450012,38.910004
492.000000,417.000000,51.450012,38.910004
505.000000,417.000000,51.450012,38.910004
519.000000,416.000000,51.450012,38.910004
519.000000,416.000000,51.450012,38.910004
532.000000,415.000000,51.450012,38.910004
545.000000,414.000000,51.450012,38.910004
557.000000,413.000000,51.450012,38.910004
569.000000,411.000000,51.450012,38.910004
581.000000,410.000000,51.450012,38.910004
581.000000,409.000000,51.450012,38.910004
592.000000,408.000000,51.450012,38.910004
601.000000,407.000000,51.450012,38.910004
607.000000,405.000000,51.450012,38.910004
609.000000,402.000000,51.450012,38.910004
610.000000,400.000000,51.450012,38.910004
610.000000,400.000000,51.450012,38.910004
609.000000,398.000000,51.450012,38.910004
607.000000,396.000000,51.450012,38.910004
607.000000,394.000000,51.450012,38.910004
605.000000,393.000000,51.450012,38.910004
603.000000,392.000000,51.450012,38.910004
603.000000,392.000000,51.450012,38.910004
599.000000,391.000000,51.450012,38.910004
595.000000,389.000000,51.450012,38.910004
590.000000,388.000000,51.450012,38.910004
585.000000,386.000000,51.450012,38.910004
580.000000,385.000000,51.450012,38.910004
580.000000,385.000000,51.450012,38.910004
575.000000,384.000000,51.450012,38.910004
570.000000,384.000000,51.450012,38.910004
566.000000,383.000000,51.450012,38.910004
561.000000,381.000000,51.450012,38.910004
556.000000,380.000000,51.450012,38.910004
557.000000,380.000000,51.450012,38.910004
554.000000,380.000000,51.450012,38.910004
551.000000,378.000000,51.450012,38.910004
548.000000,378.000000,51.450012,38.910004
545.000000,378.000000,51.450012,38.910004
541.000000,377.000000,51.450012,38.910004
541.000000,377.000000,51.450012,38.910004
538.000000,376.000000,51.450012,38.910004
535.000000,375.000000,51.450012,38.910004
533.000000,375.000000,51.450012,38.910004
531.000000,375.000000,51.450012,38.910004
529.000000,375.000000,51.450012,38.910004
529.000000,374.000000,51.450012,38.910004
526.000000,374.000000,51.450012,38.910004
517.000000,372.000000,51.450012,38.910004
523.000000,373.000000,51.450012,38.910004
522.000000,374.000000,51.450012,38.910004
520.000000,374.000000,51.450012,38.910004
520.000000,374.000000,51.450012,38.910004
519.000000,374.000000,51.450012,38.910004
519.000000,374.000000,51.450012,38.910004
519.000000,374.000000,51.450012,38.910004
521.000000,375.000000,51.450012,38.910004
523.000000,376.000000,51.450012,38.910004
523.000000,376.000000,51.450012,38.910004
524.000000,375.000000,51.450012,38.910004
526.000000,376.000000,51.450012,38.910004
529.000000,375.000000,51.450012,38.910004
532.000000,376.000000,51.450012,38.910004
536.000000,376.000000,51.450012,38.910004
536.000000,376.000000,51.450012,38.910004
540.000000,376.000000,51.450012,38.910004
546.000000,376.000000,51.450012,38.910004
551.000000,376.000000,51.450012,38.910004
557.000000,376.000000,51.450012,38.910004
563.000000,375.000000,51.450012,38.910004
563.000000,375.000000,51.450012,38.910004
570.000000,374.000000,51.450012,38.910004
576.000000,372.000000,51.450012,38.910004
585.000000,372.000000,51.450012,38.910004
593.000000,371.000000,51.450012,38.910004
601.000000,370.000000,51.450012,38.910004
601.000000,370.000000,51.450012,38.910004
608.000000,369.000000,51.450012,38.910004
615.000000,369.000000,51.450012,38.910004
621.000000,368.000000,51.450012,38.910004
626.000000,366.000000,51.450012,38.910004
628.000000,364.000000,51.450012,38.910004
628.000000,364.000000,51.450012,38.910004
631.000000,361.000000,51.450012,38.910004
634.000000,359.000000,51.450012,38.910004
636.000000,357.000000,51.450012,38.910004
638.000000,355.000000,51.450012,38.910004
640.000000,353.000000,51.450012,38.910004
641.000000,353.000000,51.450012,38.910004
642.000000,351.000000,51.450012,38.910004
643.000000,349.000000,51.450012,38.910004
643.000000,347.000000,51.450012,38.910004
644.000000,346.000000,51.450012,38.910004
641.000000,343.000000,51.450012,38.910004
641.000000,343.000000,51.450012,38.910004
639.000000,341.000000,51.450012,38.910004
636.000000,339.000000,51.450012,38.910004
632.000000,337.000000,51.450012,38.910004
629.000000,335.000000,51.450012,38.910004
625.000000,333.000000,51.450012,38.910004
625.000000,333.000000,51.450012,38.910004
621.000000,331.000000,51.450012,38.910004
617.000000,330.000000,51.450012,38.910004
613.000000,329.000000,51.450012,38.910004
609.000000,328.000000,51.450012,38.910004
606.000000,326.000000,51.450012,38.910004
606.000000,326.000000,51.450012,38.910004
603.000000,325.000000,51.450012,38.910004
602.000000,324.000000,51.450012,38.910004
602.000000,323.000000,51.450012,38.910004
602.000000,322.000000,51.450012,38.910004
602.000000,322.000000,51.450012,38.910004
602.000000,322.000000,51.450012,38.910004
602.000000,322.000000,51.450012,38.910004
603.000000,322.000000,51.450012,38.910004
604.000000,322.000000,51.450012,38.910004
606.000000,322.000000,51.450012,38.910004
608.000000,321.000000,51.450012,38.910004
608.000000,322.000000,51.450012,38.910004
609.000000,321.000000,51.450012,38.910004
610.000000,321.000000,51.450012,38.910004
612.000000,321.000000,51.450012,38.910004
615.000000,320.000000,51.450012,38.910004
616.000000,320.000000,51.450012,38.910004
616.000000,319.000000,51.450012,38.910004
616.000000,318.000000,51.450012,38.910004
617.000000,317.000000,51.450012,38.910004
618.000000,316.000000,51.450012,38.910004
618.000000,314.000000,51.450012,38.910004
618.000000,312.000000,51.450012,38.910004
618.000000,312.000000,51.450012,38.910004
617.000000,310.000000,51.450012,38.910004
616.000000,308.000000,51.450012,38.910004
615.000000,306.000000,51.450012,38.910004
