31.935,32.351,31.679,0,0,0,0,0,0,0,0,0,0,0,0
31.935,32.351,31.679,0,0,0,0,0,0,0,0,0,0,0,0
31.935,32.351,31.679,0,0,0,0,0,0,0,0,0,0,0,0
31.935,32.351,31.679,0,0,0,0,0,0,0,0,0,0,0,0
31.935,32.351,31.679,0,0,0,0,0,0,0,0,0,0,0,0
31.935,32.351,31.679,0,0,0,0,0,0,0,0,0,0,0,0
31.935,32.351,31.679,0,0,0,0,0,0,0,0,0,0,0,0
31.935,32.351,31.679,0,0,0,0,0,0,0,0,0,0,0,0
31.935,32.351,31.679,0,0,0,0,0,0,0,0,0,0,0,0
31.935,32.351,31.679,0,0,0,0,0,0,0,0,0,0,0,0
31.935,32.351,31.679,0,0,0,0,0,0,0,0,0,0,0,0
31.935,32.351,31.679,0,0,0,0,0,0,0,0,0,0,0,0
31.935,32.351,31.679,0,0,0,0,0,0,0,0,0,0,0,0
31.935,32.351,31.679,0,0,0,0,0,0,0,0,0,0,0,0
31.935,32.351,31.679,0,0,0,0,0,0,0,0,0,0,0,0
31.935,32.351,31.679,0,0,0,0,0,0,0,0,0,0,0,0
31.935,32.351,31.679,0,0,0,0,0,0,0,0,0,0,0,0
31.935,32.351,31.679,0,0,0,0,0,0,0,0,0,0,0,0
31.935,32.351,31.679,0,0,0,0,0,0,0,0,0,0,0,0
31.935,32.351,31.679,0,0,0,0,0,0,0,0,0,0,0,0
31.935,32.351,31.679,0,0,0,0,0,0,0,0,0,0,0,0
31.935,32.351,31.679,0,0,0,0,0,0,0,0,0,0,0,0
31.935,32.351,31.679,0,0,0,0,0,0,0,0,0,0,0,0
31.935,32.351,31.679,0,0,0,0,0,0,0,0,0,0,0,0
31.935,32.351,31.679,0,0,0,0,0,0,0,0,0,0,0,0
31.935,32.351,31.679,0,0,0,0,0,0,0,0,0,0,0,0
31.935,32.351,31.679,0,0,0,0,0,0,0,0,0,0,0,0
31.935,32.351,31.679,0,0,0,0,0,0,0,0,0,0,0,0
31.935,32.351,31.679,0,0,0,0,0,0,0,0,0,0,0,0
31.935,32.351,31.679,0,0,0,0,0,0,0,0,0,0,0,0
31.935,32.351,31.679,0,0,0,0,0,0,0,0,0,0,0,0
31.935,32.351,31.679,0,0,0,0,0,0,0,0,0,0,0,0
31.935,32.351,31.679,0,0,0,0,0,0,0,0,0,0,0,0
31.935,32.351,31.679,0,0,0,0,0,0,0,0,0,0,0,0
31.935,32.351,31.679,0,0,0,0,0,0,0,0,0,0,0,0
31.935,32.351,31.679,0,0,0,0,0,0,0,0,0,0,0,0
31.935,32.351,31.679,0,0,0,0,0,0,0,0,0,0,0,0
31.935,32.351,31.679,0,0,0,0,0,0,0,0,0,0,0,0
31.935,32.351,31.679,0,0,0,0,0,0,0,0,0,0,0,0
31.935,32.351,31.679,0,0,0,0,0,0,0,0,0,0,0,0
31.935,32.351,31.679,0,0,0,0,0,0,0,0,0,0,0,0
