1
508.241028,195.595093,55.797432,31.763208
502.164948,195.559509,55.910107,31.797211
490.665161,196.633606,55.817963,31.697758
477.624420,195.986694,55.664291,31.717054
471.677490,196.679398,55.815998,31.837641
455.111938,196.121933,55.641705,31.775511
439.035248,191.252121,55.442238,31.582096
434.105316,190.040497,55.194206,31.520885
420.823456,188.132065,55.346729,31.667868
409.510956,191.832687,55.047306,31.508141
404.638397,193.057434,55.149967,31.539532
389.067413,187.684998,54.901817,31.379808
374.562531,184.559875,54.918839,31.335400
366.109222,180.273773,55.109676,31.533272
354.295532,179.038498,55.170532,31.532991
344.233917,178.315811,54.885937,31.374298
341.208557,177.528534,54.481731,31.108717
328.233246,171.035645,54.317577,31.050385
313.750732,166.596817,54.772636,31.274342
312.720673,166.447037,54.855843,31.344172
308.961517,164.899475,54.654335,31.283728
285.609253,161.060318,54.502964,31.281084
312.716064,173.178635,54.241215,31.122715
291.768463,159.808655,53.650776,30.780617
277.481537,155.482208,53.903240,30.943035
288.273224,167.749741,54.170200,31.151484
278.227325,165.300858,54.404560,31.232155
2
0
0
0
0
1
172.939514,166.123123,56.724766,29.756720
166.434677,166.561859,56.848129,29.788517
148.822998,163.032242,57.542709,30.068497
138.289520,157.864075,57.392681,30.028364
132.191055,159.043015,58.356262,30.561146
133.553574,165.017273,58.638100,30.705631
132.719864,171.436615,58.905231,30.812960
135.225815,171.186996,58.962032,30.830435
138.082504,174.189514,58.827354,30.790956
142.319107,176.461533,58.840389,30.848797
146.447113,178.260574,58.448475,30.605818
151.689011,180.231934,58.567600,30.679676
155.012314,184.993164,58.701889,30.640137
155.003204,185.934662,59.246990,30.906769
159.524536,189.327225,58.564243,30.567595
164.965790,190.798752,58.228348,30.361944
166.412842,192.817535,58.093193,30.302420
169.360382,195.845398,58.107243,30.279585
173.076324,199.092209,58.094521,30.292404
173.622345,200.230118,58.273289,30.486725
176.621841,204.156570,58.519215,30.637819
181.836304,205.465714,58.641048,30.782709
183.611603,207.092346,58.280720,30.494825
186.699783,207.601395,58.444412,30.606783
190.366150,208.159225,58.399967,30.493406
192.919266,208.329117,58.366074,30.371130
194.126862,210.481247,58.589405,30.473747
2
0
0
0
0
1
186.529022,181.229004,32.191753,35.228474
188.125946,182.278976,32.293255,35.319553
192.417099,185.409042,32.265209,35.267216
196.042374,190.936234,32.337570,35.440311
197.900757,191.529526,32.201801,35.273563
202.069931,196.514343,31.762156,34.825439
205.860107,198.700562,31.597109,34.648537
208.045578,201.338028,31.256338,34.292145
211.957031,202.020157,31.330887,34.315712
214.498886,203.232910,31.722605,34.761215
216.417633,205.868622,31.621647,34.694084
218.695099,208.653107,31.979605,35.121529
219.841843,213.940170,32.246021,35.397011
220.111618,214.615936,32.760349,35.978352
221.559311,218.282303,33.093151,36.296886
227.922867,220.226562,32.483925,35.650948
232.152863,223.083252,32.482292,35.605324
238.302139,225.170456,32.251579,35.389515
241.929413,225.816681,32.279270,35.415279
243.769989,226.482376,32.037590,35.132153
249.304169,228.557037,31.424505,34.419182
254.697342,233.761597,31.227533,34.214737
257.305481,237.657593,31.574953,34.575901
244.283310,231.488190,31.338657,34.395390
244.997574,230.640015,31.693748,34.737850
246.731384,232.260864,32.077774,35.135429
245.570587,228.069473,32.186127,35.258339
250.727478,231.673584,31.808094,34.816101
252.677490,232.211349,31.757269,34.710987
259.101135,238.207001,31.860657,34.814575
263.374969,241.350174,31.890806,34.857056
260.767548,245.452347,32.128796,35.091824
260.223358,246.788956,32.014618,34.937569
256.916748,248.393204,32.110245,35.040394
256.890015,256.872437,32.391628,35.348671
256.853577,256.896973,32.041019,34.998978
256.861481,262.404724,32.303165,35.265121
258.117462,265.610229,32.090649,34.990044
256.340820,268.081238,32.331787,35.289215
260.464996,271.594086,32.565178,35.569244
263.414307,275.461914,32.758938,35.811317
265.259521,274.918701,33.137039,36.155884
269.880890,277.816345,33.178772,36.178314
273.124420,280.792664,32.560230,35.518311
274.211304,282.799042,32.433357,35.340160
276.380310,288.170349,32.219200,35.145428
280.202545,294.586792,32.136078,35.064938
283.626709,288.481964,31.811783,34.721844
271.111237,280.666565,31.750540,34.678940
273.610535,289.805389,31.121731,33.963249
286.264160,297.207489,31.363716,34.156841
281.590668,295.084534,31.668688,34.485149
265.052460,289.666656,31.720213,34.529926
261.412781,288.845032,31.671659,34.485340
260.988922,291.697906,31.442438,34.242035
259.865784,296.118561,31.402380,34.109932
259.422638,297.440674,31.266472,33.961079
257.438995,301.594666,30.754377,33.366081
255.997696,299.815155,31.349892,34.022339
256.938873,299.502197,30.968519,33.604755
258.125580,303.900024,31.245672,33.968456
269.402710,298.546722,31.024393,33.741467
254.563324,307.690277,31.525734,34.325375
252.509705,311.796143,31.033148,33.810249
246.604553,313.304657,30.489218,33.243164
248.929535,313.637054,29.952299,32.619637
245.936005,316.511261,29.681253,32.333851
243.221146,319.048157,30.180679,32.869205
245.218826,321.625854,30.026770,32.681854
242.997330,328.965302,30.375593,33.191624
242.179764,332.853607,29.872952,32.636318
241.604263,336.587585,29.394621,32.068115
241.832886,343.848450,29.381359,32.056820
239.114960,349.171387,29.451328,32.127987
239.932846,350.782654,29.505461,32.200783
253.005600,347.257599,29.193762,31.904509
266.356110,337.115570,28.966917,31.597389
283.425659,346.704193,29.114248,31.787544
2
0
0
0
0
1
230.420456,344.893158,49.897991,44.839863
232.940140,344.709839,49.851269,44.745586
234.601089,346.412384,49.822590,44.703300
233.277298,346.741364,49.745693,44.661518
235.563675,346.879456,50.312931,45.183178
232.237701,345.561981,50.449818,45.259838
234.935654,345.501465,50.326954,45.081692
