1
518.000000,50.000000,20.000000,21.000000
524.000000,61.000000,20.000000,21.000000
521.000000,75.000000,20.000000,21.000000
522.000000,89.000000,20.000000,21.000000
518.000000,102.000000,20.000000,21.000000
517.000000,114.000000,20.000000,21.000000
516.000000,123.000000,20.000000,21.000000
510.000000,136.000000,20.000000,21.000000
509.000000,150.000000,20.000000,21.000000
519.000000,161.000000,20.000000,21.000000
529.000000,168.000000,20.000000,21.000000
537.000000,170.000000,20.000000,21.000000
547.000000,180.000000,20.000000,21.000000
556.000000,186.000000,20.000000,21.000000
567.000000,196.000000,20.000000,21.000000
575.000000,206.000000,20.000000,21.000000
580.000000,215.000000,20.000000,21.000000
589.000000,225.000000,20.000000,21.000000
595.000000,234.000000,20.000000,21.000000
602.000000,247.000000,20.000000,21.000000
605.000000,256.000000,20.000000,21.000000
607.000000,260.000000,20.000000,21.000000
611.000000,257.000000,20.000000,21.000000
615.000000,258.000000,20.000000,21.000000
619.000000,258.000000,20.000000,21.000000
622.000000,260.000000,20.000000,21.000000
625.000000,260.000000,20.000000,21.000000
629.000000,264.000000,20.000000,21.000000
630.000000,267.000000,20.000000,21.000000
634.000000,265.000000,20.000000,21.000000
637.000000,265.000000,20.000000,21.000000
636.000000,261.000000,20.000000,21.000000
639.000000,262.000000,20.000000,21.000000
639.000000,261.000000,20.000000,21.000000
640.000000,266.000000,20.000000,21.000000
640.000000,268.000000,20.000000,21.000000
641.000000,271.000000,20.000000,21.000000
645.000000,271.000000,20.000000,21.000000
646.000000,271.000000,20.000000,21.000000
647.000000,270.000000,20.000000,21.000000
