1
622.000000,270.000000,86.000000,145.000000
623.000000,279.000000,105.000000,137.000000
626.000000,284.000000,105.000000,145.000000
626.000000,286.000000,105.000000,132.000000
621.000000,289.000000,104.000000,132.000000
589.000000,292.000000,130.000000,135.000000
589.000000,292.000000,129.000000,133.000000
606.000000,293.000000,116.000000,133.000000
594.000000,293.000000,128.000000,134.000000
592.000000,294.000000,138.000000,134.000000
588.000000,298.000000,131.000000,135.000000
597.000000,304.000000,112.000000,136.000000
584.000000,310.000000,132.000000,140.000000
577.000000,315.000000,130.000000,138.000000
589.000000,315.000000,119.000000,139.000000
593.000000,314.000000,116.000000,138.000000
592.000000,309.000000,126.000000,139.000000
606.000000,304.000000,115.000000,139.000000
605.000000,301.000000,120.000000,138.000000
600.000000,301.000000,120.000000,138.000000
599.000000,302.000000,114.000000,138.000000
583.000000,303.000000,130.000000,137.000000
615.000000,300.000000,113.000000,137.000000
619.000000,300.000000,113.000000,137.000000
616.000000,299.000000,113.000000,138.000000
617.000000,298.000000,115.000000,138.000000
620.000000,296.000000,115.000000,138.000000
622.000000,293.000000,113.000000,138.000000
625.000000,289.000000,113.000000,138.000000
628.000000,283.000000,113.000000,139.000000
629.000000,280.000000,112.000000,139.000000
632.000000,275.000000,112.000000,140.000000
636.000000,269.000000,112.000000,140.000000
636.000000,264.000000,112.000000,140.000000
628.000000,262.000000,113.000000,138.000000
623.000000,259.000000,112.000000,140.000000
618.000000,256.000000,114.000000,140.000000
618.000000,253.000000,112.000000,139.000000
618.000000,250.000000,113.000000,140.000000
614.000000,249.000000,111.000000,139.000000
609.000000,248.000000,113.000000,139.000000
600.000000,250.000000,119.000000,141.000000
592.000000,250.000000,113.000000,141.000000
602.000000,244.000000,114.000000,142.000000
608.000000,240.000000,111.000000,137.000000
608.000000,237.000000,112.000000,139.000000
603.000000,236.000000,111.000000,137.000000
599.000000,236.000000,112.000000,135.000000
600.000000,236.000000,114.000000,137.000000
607.000000,236.000000,112.000000,137.000000
609.000000,238.000000,113.000000,133.000000
609.000000,237.000000,113.000000,133.000000
607.000000,237.000000,115.000000,132.000000
607.000000,238.000000,113.000000,129.000000
607.000000,237.000000,112.000000,131.000000
592.000000,237.000000,130.000000,130.000000
613.000000,237.000000,112.000000,130.000000
608.000000,235.000000,122.000000,131.000000
597.000000,233.000000,134.000000,132.000000
615.000000,234.000000,118.000000,133.000000
616.000000,235.000000,119.000000,132.000000
624.000000,232.000000,111.000000,135.000000
624.000000,238.000000,114.000000,129.000000
627.000000,235.000000,112.000000,131.000000
628.000000,244.000000,113.000000,121.000000
631.000000,243.000000,115.000000,114.000000
635.000000,237.000000,114.000000,125.000000
638.000000,226.000000,113.000000,136.000000
640.000000,224.000000,114.000000,136.000000
639.000000,223.000000,116.000000,135.000000
638.000000,221.000000,114.000000,135.000000
636.000000,217.000000,113.000000,136.000000
638.000000,211.000000,116.000000,137.000000
640.000000,204.000000,114.000000,140.000000
641.000000,205.000000,115.000000,136.000000
642.000000,203.000000,117.000000,136.000000
641.000000,199.000000,115.000000,136.000000
641.000000,194.000000,114.000000,136.000000
643.000000,194.000000,114.000000,136.000000
640.000000,198.000000,126.000000,132.000000
670.000000,196.000000,121.000000,132.000000
686.000000,191.000000,113.000000,133.000000
691.000000,186.000000,117.000000,132.000000
676.000000,190.000000,123.000000,135.000000
674.000000,197.000000,119.000000,136.000000
684.000000,204.000000,112.000000,135.000000
690.000000,207.000000,117.000000,134.000000
683.000000,211.000000,117.000000,134.000000
682.000000,217.000000,116.000000,133.000000
682.000000,218.000000,117.000000,131.000000
676.000000,218.000000,117.000000,132.000000
675.000000,222.000000,114.000000,132.000000
673.000000,222.000000,115.000000,137.000000
672.000000,221.000000,115.000000,134.000000
677.000000,217.000000,115.000000,133.000000
675.000000,214.000000,113.000000,132.000000
664.000000,211.000000,115.000000,132.000000
663.000000,209.000000,116.000000,134.000000
672.000000,207.000000,116.000000,132.000000
676.000000,204.000000,115.000000,133.000000
679.000000,199.000000,115.000000,135.000000
680.000000,194.000000,111.000000,135.000000
676.000000,192.000000,116.000000,134.000000
686.000000,190.000000,113.000000,135.000000
693.000000,190.000000,114.000000,135.000000
696.000000,191.000000,113.000000,136.000000
694.000000,190.000000,114.000000,137.000000
696.000000,188.000000,113.000000,136.000000
701.000000,187.000000,114.000000,135.000000
706.000000,188.000000,115.000000,133.000000
704.000000,191.000000,120.000000,130.000000
704.000000,192.000000,121.000000,128.000000
711.000000,189.000000,116.000000,131.000000
719.000000,189.000000,114.000000,125.000000
722.000000,192.000000,115.000000,124.000000
713.000000,192.000000,122.000000,123.000000
719.000000,195.000000,115.000000,121.000000
723.000000,199.000000,116.000000,124.000000
722.000000,201.000000,119.000000,126.000000
712.000000,199.000000,130.000000,128.000000
734.000000,193.000000,114.000000,129.000000
742.000000,190.000000,116.000000,122.000000
750.000000,192.000000,114.000000,124.000000
752.000000,197.000000,114.000000,122.000000
751.000000,200.000000,116.000000,123.000000
757.000000,203.000000,116.000000,123.000000
765.000000,211.000000,116.000000,118.000000
768.000000,207.000000,117.000000,123.000000
773.000000,214.000000,116.000000,121.000000
776.000000,220.000000,121.000000,119.000000
789.000000,219.000000,118.000000,120.000000
784.000000,227.000000,129.000000,111.000000
800.000000,229.000000,141.000000,111.000000
813.000000,228.000000,142.000000,113.000000
824.000000,230.000000,148.000000,110.000000
2
0
0
0
0
1
832.000000,178.000000,95.000000,168.000000
850.000000,175.000000,80.000000,153.000000
864.000000,147.000000,80.000000,128.000000
849.000000,136.000000,85.000000,161.000000
848.000000,139.000000,73.000000,159.000000
854.000000,175.000000,69.000000,117.000000
861.000000,179.000000,66.000000,105.000000
856.000000,163.000000,79.000000,119.000000
864.000000,174.000000,53.000000,118.000000
859.000000,170.000000,69.000000,109.000000
852.000000,170.000000,54.000000,108.000000
846.000000,176.000000,60.000000,118.000000
841.000000,177.000000,71.000000,107.000000
837.000000,181.000000,82.000000,135.000000
803.000000,179.000000,121.000000,143.000000
787.000000,193.000000,133.000000,142.000000
797.000000,204.000000,119.000000,135.000000
791.000000,226.000000,128.000000,132.000000
803.000000,223.000000,130.000000,142.000000
800.000000,250.000000,154.000000,133.000000
827.000000,255.000000,144.000000,99.000000
838.000000,250.000000,157.000000,97.000000
847.000000,232.000000,165.000000,114.000000
874.000000,243.000000,159.000000,100.000000
902.000000,229.000000,165.000000,113.000000
921.000000,229.000000,172.000000,111.000000
2
0
0
0
0
1
720.000000,127.000000,304.000000,243.000000
728.000000,111.000000,293.000000,263.000000
727.000000,111.000000,306.000000,267.000000
774.000000,132.000000,272.000000,244.000000
800.000000,109.000000,285.000000,266.000000
816.000000,136.000000,301.000000,241.000000
872.000000,182.000000,300.000000,187.000000
909.000000,202.000000,306.000000,183.000000
944.000000,194.000000,306.000000,175.000000
2
0
0
0
0
1
832.000000,181.000000,191.000000,250.000000
832.000000,196.000000,242.000000,237.000000
832.000000,208.000000,239.000000,239.000000
826.000000,214.000000,287.000000,239.000000
854.000000,222.000000,279.000000,241.000000
869.000000,223.000000,295.000000,242.000000
893.000000,230.000000,295.000000,241.000000
2
0
0
0
0
1
580.000000,152.000000,259.000000,266.000000
616.000000,170.000000,223.000000,266.000000
630.000000,223.000000,233.000000,222.000000
653.000000,266.000000,194.000000,207.000000
626.000000,264.000000,264.000000,195.000000
640.000000,244.000000,223.000000,223.000000
668.000000,245.000000,227.000000,226.000000
680.000000,251.000000,223.000000,225.000000
712.000000,299.000000,231.000000,181.000000
750.000000,286.000000,227.000000,196.000000
774.000000,282.000000,227.000000,199.000000
783.000000,283.000000,240.000000,200.000000
780.000000,252.000000,252.000000,228.000000
2
0
0
0
0
1
624.000000,201.000000,255.000000,283.000000
685.000000,229.000000,256.000000,243.000000
701.000000,206.000000,275.000000,258.000000
723.000000,264.000000,271.000000,185.000000
713.000000,262.000000,284.000000,185.000000
701.000000,264.000000,300.000000,187.000000
693.000000,275.000000,313.000000,193.000000
680.000000,279.000000,315.000000,195.000000
681.000000,280.000000,313.000000,196.000000
679.000000,282.000000,318.000000,198.000000
682.000000,287.000000,318.000000,200.000000
2
0
0
0
0
1
445.000000,267.000000,386.000000,329.000000
451.000000,263.000000,394.000000,300.000000
