1
787.00,250.00,873.00,250.00,873.00,429.00,787.00,429.00
790.00,246.00,876.00,246.00,876.00,425.00,790.00,425.00
791.00,243.00,877.00,243.00,877.00,422.00,791.00,422.00
791.00,242.00,877.00,242.00,877.00,421.00,791.00,421.00
794.00,238.00,880.00,238.00,880.00,417.00,794.00,417.00
797.00,233.00,883.00,233.00,883.00,412.00,797.00,412.00
800.00,229.00,886.00,229.00,886.00,408.00,800.00,408.00
802.00,225.00,888.00,225.00,888.00,404.00,802.00,404.00
802.00,224.00,888.00,224.00,888.00,403.00,802.00,403.00
804.00,219.00,890.00,219.00,890.00,398.00,804.00,398.00
806.00,213.00,892.00,213.00,892.00,392.00,806.00,392.00
809.00,210.00,895.00,210.00,895.00,389.00,809.00,389.00
810.00,207.00,896.00,207.00,896.00,386.00,810.00,386.00
810.00,206.00,896.00,206.00,896.00,385.00,810.00,385.00
809.00,201.00,895.00,201.00,895.00,380.00,809.00,380.00
809.00,197.00,895.00,197.00,895.00,376.00,809.00,376.00
809.00,194.00,895.00,194.00,895.00,373.00,809.00,373.00
809.00,193.00,895.00,193.00,895.00,372.00,809.00,372.00
809.00,192.00,895.00,192.00,895.00,371.00,809.00,371.00
807.00,193.00,893.00,193.00,893.00,372.00,807.00,372.00
805.00,194.00,891.00,194.00,891.00,373.00,805.00,373.00
804.00,192.00,890.00,192.00,890.00,371.00,804.00,371.00
803.00,192.00,889.00,192.00,889.00,371.00,803.00,371.00
803.00,192.00,889.00,192.00,889.00,371.00,803.00,371.00
801.00,189.00,887.00,189.00,887.00,368.00,801.00,368.00
800.00,185.00,886.00,185.00,886.00,364.00,800.00,364.00
800.00,177.00,886.00,177.00,886.00,356.00,800.00,356.00
800.00,165.00,886.00,165.00,886.00,344.00,800.00,344.00
800.00,163.00,886.00,163.00,886.00,342.00,800.00,342.00
803.00,149.00,889.00,149.00,889.00,328.00,803.00,328.00
807.00,136.00,893.00,136.00,893.00,315.00,807.00,315.00
809.00,128.00,895.00,128.00,895.00,307.00,809.00,307.00
809.00,124.00,895.00,124.00,895.00,303.00,809.00,303.00
809.00,123.00,895.00,123.00,895.00,302.00,809.00,302.00
802.00,121.00,888.00,121.00,888.00,300.00,802.00,300.00
795.00,114.00,881.00,114.00,881.00,293.00,795.00,293.00
790.00,106.00,876.00,106.00,876.00,285.00,790.00,285.00
790.00,103.00,876.00,103.00,876.00,282.00,790.00,282.00
790.00,102.00,876.00,102.00,876.00,281.00,790.00,281.00
788.00,103.00,874.00,103.00,874.00,282.00,788.00,282.00
787.00,107.00,873.00,107.00,873.00,286.00,787.00,286.00
786.00,119.00,872.00,119.00,872.00,298.00,786.00,298.00
786.00,123.00,872.00,123.00,872.00,302.00,786.00,302.00
786.00,122.00,872.00,122.00,872.00,301.00,786.00,301.00
784.00,130.00,870.00,130.00,870.00,309.00,784.00,309.00
779.00,139.00,865.00,139.00,865.00,318.00,779.00,318.00
770.00,143.00,856.00,143.00,856.00,322.00,770.00,322.00
770.00,147.00,856.00,147.00,856.00,326.00,770.00,326.00
770.00,148.00,856.00,148.00,856.00,327.00,770.00,327.00
763.00,156.00,849.00,156.00,849.00,335.00,763.00,335.00
756.00,166.00,842.00,166.00,842.00,345.00,756.00,345.00
751.00,178.00,837.00,178.00,837.00,357.00,751.00,357.00
747.00,182.00,833.00,182.00,833.00,361.00,747.00,361.00
746.00,183.00,832.00,183.00,832.00,362.00,746.00,362.00
746.00,183.00,832.00,183.00,832.00,362.00,746.00,362.00
746.00,183.00,832.00,183.00,832.00,362.00,746.00,362.00
746.00,183.00,832.00,183.00,832.00,362.00,746.00,362.00
746.00,183.00,832.00,183.00,832.00,362.00,746.00,362.00
746.00,183.00,832.00,183.00,832.00,362.00,746.00,362.00
747.00,183.00,833.00,183.00,833.00,362.00,747.00,362.00
748.00,183.00,834.00,183.00,834.00,362.00,748.00,362.00
750.00,184.00,836.00,184.00,836.00,363.00,750.00,363.00
751.00,184.00,837.00,184.00,837.00,363.00,751.00,363.00
2
0
0
0
0
1
504.00,338.00,699.00,338.00,699.00,508.00,504.00,508.00
499.00,336.00,694.00,336.00,694.00,506.00,499.00,506.00
495.00,334.00,690.00,334.00,690.00,504.00,495.00,504.00
494.00,333.00,689.00,333.00,689.00,503.00,494.00,503.00
494.00,332.00,689.00,332.00,689.00,502.00,494.00,502.00
493.00,331.00,688.00,331.00,688.00,501.00,493.00,501.00
