1
442.049988,334.290009,51.450012,38.910004
439.125671,332.533783,51.725872,39.130032
439.125671,332.533783,51.725872,39.130032
434.649597,332.448120,51.597004,38.963295
439.087616,332.067139,49.255531,37.281822
439.087616,332.067139,49.255531,37.281822
439.087616,332.067139,49.255531,37.281822
439.857788,328.677643,52.981163,40.083668
438.955872,330.581451,49.061398,37.119186
437.093597,331.014954,50.891632,38.504486
434.176270,328.304382,54.855854,41.479282
434.176270,328.304382,54.855854,41.479282
428.599548,325.187195,54.179287,40.870094
426.066803,328.359558,51.748875,38.947556
423.333954,321.549408,51.986870,39.590576
427.822754,326.614166,47.498993,35.861561
392.107452,311.758698,54.023956,40.966702
389.085754,313.141266,51.448608,38.892479
2
0
0
0
0
1
407.041351,316.303558,58.281715,45.533951
409.562714,315.089783,59.558834,46.543987
413.613739,311.884979,58.048523,45.302418
416.603638,311.464722,56.874290,44.459568
416.594879,305.740875,62.139336,48.401505
421.793060,307.972473,56.269547,43.897747
424.494049,307.933899,56.952087,44.628815
427.370850,308.032257,57.024277,44.680542
433.613983,307.424591,55.137035,43.220196
434.125275,307.843750,57.351753,44.660732
437.297363,305.918121,58.761570,45.773319
437.297363,305.918121,58.761570,45.773319
438.855469,302.392212,62.409340,48.468586
444.592407,301.650726,58.825806,46.069138
443.244598,305.694977,52.903782,41.349258
422.149658,338.523987,52.711472,41.263020
454.170380,273.721771,52.596317,41.229118
446.454193,268.349884,51.796551,40.615501
459.764130,286.625031,51.763168,40.573006
462.508911,297.682678,50.969303,39.959663
464.983795,295.467224,55.780354,43.484253
466.387299,291.025848,51.250263,40.020828
469.335083,288.493988,47.376064,37.116627
469.335083,288.493988,47.376064,37.116627
470.039581,288.205811,47.993443,37.568268
469.733398,281.609192,51.735104,40.607189
473.102570,276.426300,55.731583,43.531269
475.132416,270.446228,55.706665,43.416443
475.132416,270.446228,55.706665,43.416443
475.132416,270.446228,55.706665,43.416443
479.976501,262.859528,53.384064,41.724606
474.989563,257.703674,55.457741,43.015781
469.443817,254.951462,55.151482,42.883034
469.568939,250.027832,54.158115,42.171791
464.615601,243.530731,56.368748,44.245350
467.404175,246.904755,55.734333,43.397633
469.837494,241.373001,51.574131,40.260723
466.646729,237.191177,54.540550,42.661125
469.613495,230.721573,57.035679,44.395859
471.461761,226.222092,59.856606,46.732483
469.720642,222.291519,53.810207,42.032890
469.720642,222.291519,53.810207,42.032890
464.074707,217.425781,59.115993,45.949707
459.559601,212.884979,59.864697,46.410118
459.559601,212.884979,59.864697,46.410118
459.559601,212.884979,59.864697,46.410118
454.911072,205.194550,61.086765,47.605618
454.911072,205.194550,61.086765,47.605618
454.911072,205.194550,61.086765,47.605618
454.911072,205.194550,61.086765,47.605618
455.651581,201.715912,66.236038,51.571392
455.651581,201.715912,66.236038,51.571392
460.879669,203.661697,59.683891,46.823639
464.052795,204.588425,62.674171,48.858261
477.894165,204.682129,63.295311,49.084995
488.483765,201.738770,69.170967,53.739025
504.781769,208.656342,63.702843,49.446495
518.338196,216.157196,60.588913,47.332493
530.640564,214.411194,60.770248,47.421532
530.136047,216.297394,63.854626,49.394558
546.843201,222.271225,62.495361,48.824257
552.662537,230.085098,62.364017,48.403736
560.377869,232.988312,65.565689,50.758064
560.845215,238.026794,63.794277,49.824135
559.251221,249.477814,60.760723,47.042435
559.251221,249.477814,60.760723,47.042435
567.691956,251.258698,66.344482,51.800907
581.047729,260.899719,67.132484,52.343044
583.354248,265.233307,68.634384,53.716057
591.991455,272.375092,67.687958,52.528511
602.277039,278.319519,65.823067,51.363277
599.317505,276.542542,70.111610,54.898533
600.884521,281.973053,68.699425,53.769505
604.884888,287.709290,68.099449,53.055489
613.713196,293.163391,63.168091,49.186256
621.285706,294.639618,69.166611,53.953949
618.194031,302.397461,61.622059,47.907284
617.506348,304.004181,59.550110,46.213013
577.840881,310.501251,63.831486,49.623211
657.333496,298.650360,68.870544,53.721584
621.939331,299.966522,67.980270,52.813755
626.385193,301.044006,71.513214,56.144798
622.979980,306.745392,72.113953,56.635963
626.152283,301.904053,73.300720,56.940178
628.670349,303.664673,72.120270,56.025562
628.513733,310.842896,64.213341,50.111877
623.231018,306.026611,71.995575,55.992908
623.231018,306.026611,71.995575,55.992908
627.251038,303.859344,73.360367,57.454601
630.676086,305.187134,71.190865,55.539719
630.360779,303.075134,72.382042,56.217896
636.419678,304.338379,68.238655,53.312275
630.196350,303.893280,72.014091,56.752922
627.903809,304.103760,74.394547,58.122284
621.021423,300.509338,77.237564,60.042351
621.021423,300.509338,77.237564,60.042351
618.350647,296.883240,77.747604,60.461117
615.673096,296.078186,77.700638,60.342850
618.772827,301.264465,70.845436,55.585835
609.778076,300.759003,77.824875,60.509460
617.774048,305.157440,65.683304,51.178619
614.697876,301.745972,70.590424,54.915287
600.799072,304.046143,81.601646,63.460182
607.900391,291.005890,78.788383,61.413498
607.475037,295.128021,79.014153,62.057365
607.564636,299.280670,76.958710,59.982998
604.938232,298.160950,78.805161,61.992889
604.938232,298.160950,78.805161,61.992889
606.491638,301.740234,73.207970,57.026310
604.019409,296.580383,79.861336,62.579231
599.505920,302.144196,77.809425,61.222771
601.047485,301.516571,76.450859,60.429203
596.899536,297.779510,77.930298,60.776657
596.899536,297.779510,77.930298,60.776657
590.900208,300.078308,76.262367,60.140858
586.870483,296.961365,78.047432,61.645973
580.467285,300.896454,76.524719,59.514420
576.673523,301.547577,78.196205,60.491737
574.817261,298.136627,78.028053,60.854725
574.817261,298.136627,78.028053,60.854725
568.263123,299.932953,77.850243,60.718285
565.392944,300.428253,74.104004,57.173416
564.565674,301.521210,65.437660,50.581814
556.230408,298.716034,78.037132,61.322289
555.014587,301.585724,77.916618,60.599155
551.920715,299.061584,77.703415,59.739803
555.205688,304.221802,64.711761,49.745365
548.587280,297.741821,77.847771,60.693031
546.857666,300.222717,78.082016,61.048244
555.250793,304.015839,63.605373,48.665642
555.250793,304.015839,63.605373,48.665642
552.598694,304.465942,64.932129,49.568005
546.692993,303.146759,64.973175,49.977867
537.454468,298.400726,72.109489,55.886517
531.219238,294.970886,79.253983,62.265171
525.688965,294.515778,79.364372,62.308342
524.297668,295.264679,78.383766,60.452557
524.740479,297.504211,78.224632,60.257111
521.037720,294.488464,78.307076,61.463470
518.299316,296.745850,71.252640,56.722771
517.364136,294.347900,72.518700,56.100296
513.856018,298.013428,69.916008,54.116367
508.222534,292.428864,70.666161,54.223900
508.222534,292.428864,70.666161,54.223900
501.449738,284.914886,72.626625,56.161480
494.820892,283.242462,74.547791,57.030094
487.724579,280.619171,71.261200,55.032711
479.919525,277.494965,71.472466,55.048359
471.916504,274.484894,71.546501,55.559921
471.916504,274.484894,71.546501,55.559921
470.074127,272.189362,68.244659,52.699928
462.235626,268.933563,61.941216,47.211143
454.944977,262.427704,69.167793,53.237556
446.402222,260.094727,64.972435,49.588745
441.783020,257.116394,61.757343,47.061497
441.783020,257.116394,61.757343,47.061497
426.235474,253.573395,69.782921,53.675236
426.836273,253.606934,60.562653,46.156273
411.687592,243.336166,67.798218,52.144760
407.063354,245.641663,61.186279,46.545479
393.861206,238.041946,69.602020,53.334839
393.861206,238.041946,69.602020,53.334839
388.529144,236.072449,64.824348,49.365902
375.412903,234.547165,67.075294,51.797459
370.374756,237.017395,69.614815,53.298447
363.171295,235.834534,69.690956,53.517220
355.116943,234.723801,70.000702,53.878338
352.285583,236.571442,65.107895,49.790306
352.285583,236.571442,65.107895,49.790306
345.491547,238.904022,69.419113,53.333103
343.209778,240.430908,65.288033,49.854816
332.336487,239.954773,69.491234,52.970238
332.707581,249.432343,62.756573,48.206367
331.512482,250.704620,66.620598,50.844078
330.594452,252.131348,66.284950,51.132748
329.283783,256.463013,65.602425,49.914032
330.773560,262.299377,65.580826,50.238544
330.281921,275.758453,59.509438,45.293003
328.730560,277.228760,69.891006,53.571495
326.797150,284.959473,66.584373,51.445187
328.842499,289.747650,63.674168,48.437332
329.343109,292.548401,66.333916,50.730499
333.364502,300.377441,62.795170,47.709518
333.932739,307.728638,63.803883,48.465466
333.433960,311.536285,64.065430,48.776123
340.789429,321.557831,60.128765,46.201149
338.454193,317.535553,67.443817,51.362591
342.735077,320.702942,69.082581,52.287807
348.339539,324.846466,65.207932,49.873055
350.569885,330.809967,61.190033,46.937798
350.473175,328.456604,68.053032,51.612160
352.735138,332.760223,62.612835,47.750889
352.735138,332.760223,62.612835,47.750889
347.570251,330.302643,70.468689,53.849144
355.642181,330.406616,69.437431,52.478394
355.642181,330.406616,69.437431,52.478394
358.308197,333.601044,64.792450,49.185436
361.461090,330.121704,61.211227,46.693539
356.990753,330.247711,65.561897,49.825363
362.741730,334.747559,60.462452,46.227722
362.741730,334.747559,60.462452,46.227722
365.490112,332.290405,58.062214,44.638382
365.490112,332.290405,58.062214,44.638382
371.632812,331.717957,54.641090,42.007614
371.632812,331.717957,54.641090,42.007614
373.304749,328.204926,57.114552,43.685478
370.351990,329.885895,54.815243,42.182888
373.899750,325.499878,54.110653,41.454304
373.899750,325.499878,54.110653,41.454304
373.184570,322.499756,55.572872,42.595730
373.554382,324.307465,54.203823,41.669067
367.188812,319.358093,63.324516,48.324291
371.471283,321.104309,53.222527,40.791348
366.037537,316.048889,61.386257,46.814987
368.333130,319.284790,55.541264,42.633270
366.940430,317.614136,52.907944,40.612431
366.186310,313.448456,59.192276,45.139503
363.498871,315.859314,54.286999,41.745808
362.422455,309.502563,55.919617,42.871773
357.585754,310.681427,57.310589,43.988316
352.686035,309.308441,60.023808,46.198833
352.595062,303.592590,63.420624,48.147972
351.649902,304.411621,58.028332,44.232437
344.087311,301.013733,61.362423,46.710148
345.915344,301.806641,56.351997,43.231785
336.445557,298.571716,63.367447,48.339741
336.042542,294.288635,61.071171,46.201843
336.011414,300.225098,56.155640,42.987167
335.246307,297.082489,55.129856,42.088360
334.299194,294.895294,55.499588,42.144569
333.245239,294.379028,56.945797,43.537037
330.047333,296.750671,57.884613,44.052155
330.047333,296.750671,57.884613,44.052155
329.362946,296.297485,56.514458,43.246925
328.882263,296.518280,58.513607,44.103165
328.882263,296.518280,58.513607,44.103165
327.893829,300.312378,56.342083,42.487259
318.246063,293.182861,63.895523,48.243366
322.902069,297.399963,57.187927,43.082924
319.996704,296.381592,57.209099,43.733768
321.312988,296.628937,59.562103,45.543251
317.282471,298.090515,58.664734,44.786064
317.282471,298.090515,58.664734,44.786064
320.874573,295.696960,62.067722,47.391052
317.717957,297.478241,59.177959,45.292545
318.560883,298.659882,60.299667,46.148026
318.560883,298.659882,60.299667,46.148026
320.786499,301.762848,54.229820,41.434311
320.786499,301.762848,54.229820,41.434311
315.604706,299.995117,58.493427,44.831364
317.916382,301.349548,54.439137,41.535034
317.219238,302.648834,52.002346,39.700771
317.219238,302.648834,52.002346,39.700771
317.425446,304.613770,56.207584,42.438606
317.136353,302.244690,54.848866,41.649193
315.957306,303.908112,56.364185,42.634468
322.797516,304.056702,51.878792,39.597748
322.797516,304.056702,51.878792,39.597748
322.797516,304.056702,51.878792,39.597748
322.263153,303.806183,50.582352,38.602421
322.263153,303.806183,50.582352,38.602421
321.228973,300.140900,55.755054,42.255230
321.427032,299.096222,55.591541,42.327908
324.771820,299.462219,50.701790,38.719753
324.771820,299.462219,50.701790,38.719753
324.771820,299.462219,50.701790,38.719753
325.848480,294.548065,51.938580,39.380623
323.020599,294.264160,48.895161,37.303692
325.483704,288.582336,52.515823,39.754280
322.748962,289.170776,49.137119,37.515514
322.748962,289.170776,49.137119,37.515514
325.498718,283.877258,50.214802,38.298496
319.442108,283.453369,48.176006,36.722805
317.006409,274.723236,48.633194,37.196903
315.653534,273.503601,49.277626,37.606487
309.262848,271.121277,47.326801,36.180302
311.302338,268.402679,45.339874,34.539021
304.851166,262.391113,50.241062,38.410706
295.933868,251.632065,62.682186,47.632099
298.034637,252.503906,50.602848,38.246437
292.123291,248.692184,49.775188,37.751633
291.090271,242.131149,48.272602,36.574173
291.090271,242.131149,48.272602,36.574173
284.476318,240.189423,50.883781,38.346592
283.781555,237.769180,50.702457,38.514286
277.597748,235.193100,49.061012,37.473064
274.367798,229.922211,48.055939,36.720860
270.900177,230.699539,49.695526,37.811733
273.880981,229.439423,46.136833,34.714832
267.454224,226.341888,48.186516,36.450661
263.080048,226.163422,48.209896,36.483040
257.961639,220.489273,48.497894,36.697971
251.206619,219.430786,47.312908,35.645863
245.728989,216.766525,48.973831,37.233932
245.728989,216.766525,48.973831,37.233932
242.837845,220.037155,46.432056,35.418053
239.219940,221.475327,44.924305,34.013779
237.532257,223.019531,43.656582,33.331100
226.847046,220.639771,50.705193,38.488628
229.498123,229.357208,44.436760,33.744114
229.498123,229.357208,44.436760,33.744114
227.716156,231.711655,45.868301,35.118343
224.281647,233.758698,46.835751,35.694855
229.859451,242.013443,44.243279,33.664074
227.916031,246.514282,45.249302,34.235157
227.750046,251.500031,46.305378,35.042500
227.630859,254.873642,43.442432,33.079498
235.033630,264.514374,38.808464,29.714996
235.169312,267.286255,41.277214,31.248701
242.589752,274.194336,41.952568,32.021759
244.608322,281.557617,43.714554,33.328693
252.616150,288.878387,41.276615,31.196005
252.616150,288.878387,41.276615,31.196005
257.293701,298.025970,41.332527,31.191902
259.869202,302.006714,42.097233,31.763079
265.361755,306.529449,40.419632,30.873312
264.093750,309.852600,41.342602,31.526350
268.462128,312.204742,40.913204,31.200876
268.462128,312.204742,40.913204,31.200876
267.591431,314.019806,40.738934,30.661930
265.602509,315.574036,39.959953,30.246353
260.715424,313.256378,42.093002,31.825686
251.312622,309.463196,43.392422,32.925362
250.815002,313.460754,38.901558,29.249611
250.815002,313.460754,38.901558,29.249611
242.481537,307.965210,40.538391,30.972410
237.524841,306.427826,39.869904,30.092209
225.022110,306.233368,41.192104,31.112770
220.410095,301.397461,44.771236,33.845585
214.631042,300.106079,41.593563,31.536888
212.442215,300.401917,38.836430,29.298195
212.442215,300.401917,38.836430,29.298195
203.151443,296.112274,40.962139,31.079611
197.399185,296.458466,40.930138,30.960194
191.548386,296.242279,38.087292,28.752050
184.446777,296.007294,37.636372,28.342216
182.152664,292.845245,38.626251,29.117884
174.436920,290.514465,37.852066,28.521524
167.005508,291.144958,37.671131,28.397532
158.489594,288.507965,40.844872,30.991533
150.016418,288.787842,39.164780,29.551416
144.608582,286.946960,39.033707,29.374615
148.159210,289.206024,32.831505,24.727156
139.735107,286.673401,36.876492,27.716579
131.313950,286.217712,37.078060,27.817949
129.783813,285.647125,38.757935,29.161320
121.321388,285.106598,39.545158,29.809128
124.670715,288.682007,39.631031,29.803158
124.670715,288.682007,39.631031,29.803158
128.180420,292.615967,39.394150,29.633915
136.476501,300.011078,37.387329,28.092813
157.240891,308.909424,32.458160,24.315105
2
0
0
0
0
1
223.718460,354.474518,45.923763,24.506014
226.568497,356.911926,48.134289,25.749273
231.452438,357.245605,45.356647,24.312017
234.842575,359.523010,47.373737,25.311752
237.305847,362.303864,45.933273,24.445059
242.139160,364.069183,44.661533,23.877142
246.770264,367.719543,45.434093,24.109310
253.093918,369.932526,44.556206,23.941301
260.164307,372.213531,42.942543,23.016272
260.164307,372.213531,42.942543,23.016272
274.216827,374.771545,40.905155,21.721622
280.146790,378.037720,45.716450,24.299744
288.840973,378.748108,49.801182,26.618050
296.870483,383.870941,47.549820,25.311382
306.794556,387.892090,47.321060,25.377399
306.794556,387.892090,47.321060,25.377399
317.513397,390.066742,44.747593,23.911890
326.875092,392.923645,43.359829,23.194860
330.012726,395.929688,48.291485,25.666704
335.168213,393.033478,44.585552,23.807545
344.090729,401.319946,45.392071,24.109890
343.979034,400.779022,43.782669,23.403099
346.996796,403.329041,41.516579,22.011753
360.076477,404.930481,39.290722,20.847349
365.766785,406.495911,39.546097,20.932352
375.315186,411.287872,37.432091,19.894686
386.005707,415.301941,37.860676,20.108807
383.555176,414.477234,39.797699,21.069729
385.198181,410.215607,42.682323,22.695921
408.888123,411.547333,38.566315,20.430027
402.151001,412.656525,47.250446,25.404886
411.019012,416.665283,45.512901,24.195065
415.522003,429.047821,35.322414,18.697008
409.576447,430.283508,35.723305,18.907423
429.966980,420.219879,49.688076,26.313328
439.652863,421.937683,46.225845,24.756758
450.514191,423.652710,49.267525,26.437273
458.112091,423.907349,45.014416,24.115164
457.042572,423.627167,52.991886,28.415104
460.686981,423.537109,52.030949,28.071878
466.423950,419.261383,53.044590,28.400667
481.389160,421.434174,46.062401,24.586121
484.537964,422.437500,51.654190,27.756430
496.413879,415.666840,54.596386,29.398602
514.686157,416.455872,56.496269,30.341087
519.974060,416.297424,51.802425,27.862490
532.591675,418.416962,52.356178,27.899321
544.215576,415.284576,54.271675,29.350805
561.100342,418.864471,46.691502,25.115953
565.958862,414.909912,54.732666,29.508089
584.317444,414.663177,46.494766,24.573057
584.317444,414.663177,46.494766,24.573057
598.768372,418.819153,51.465649,27.480644
602.676941,413.470673,50.147083,26.554073
603.951904,408.814789,48.119244,25.531597
597.425476,405.028900,56.450607,30.196180
619.346497,411.473267,51.515118,27.213764
621.177429,415.566528,52.090240,27.534342
611.690063,400.695770,42.269882,22.290356
611.502747,397.678284,46.026993,24.537561
603.971802,395.643860,51.067539,27.322384
603.824097,394.059418,51.048046,27.247549
603.886597,392.567535,46.737011,25.193213
603.886597,392.567535,46.737011,25.193213
600.823792,392.428925,47.477798,25.633762
593.806091,390.861908,49.389931,26.347399
592.217285,392.116730,46.768219,25.360249
587.737061,387.676514,44.809631,24.106094
581.603271,387.428101,45.485508,24.590008
581.603271,387.428101,45.485508,24.590008
579.768433,381.379517,46.319256,24.981882
571.923645,388.414642,45.098801,24.399971
565.383972,384.864441,49.731129,26.687567
556.175842,379.838470,54.514072,29.070364
556.175842,379.838470,54.514072,29.070364
555.489624,381.099213,54.263607,28.907543
552.714355,380.676697,51.929173,28.042856
546.457031,377.475098,55.958778,29.551500
546.577698,378.323761,53.428612,29.026489
541.925110,377.026184,54.567245,28.998165
538.337585,376.905457,57.094559,30.921961
538.564514,377.466217,54.691753,29.410526
530.864929,377.825592,60.839993,32.497986
533.852234,376.730286,53.252468,28.872580
530.438538,375.782318,57.054558,31.012619
525.686157,374.696136,53.955189,29.192535
528.975281,377.144318,53.315647,28.904957
528.975281,377.144318,53.315647,28.904957
524.196045,374.169861,51.988014,28.268873
517.730774,379.934448,59.456520,31.975288
510.173340,376.599060,60.390591,32.458256
516.712036,371.966461,58.862492,31.754608
519.418945,375.863892,49.343838,26.500002
519.418945,375.863892,49.343838,26.500002
516.353210,377.714630,49.964188,26.761162
514.831665,377.360199,58.423801,31.399143
511.848633,375.544434,59.625935,32.185196
520.070435,377.575806,50.091015,26.857527
521.027954,379.045563,49.860661,26.604872
520.010559,375.576141,55.568298,30.180037
520.011047,376.597198,58.385948,31.512667
524.062195,381.779510,47.380177,25.248161
525.461182,377.001617,56.058022,30.203562
530.734741,380.688721,48.346096,25.792307
530.108521,379.935730,52.532570,28.449615
531.502319,377.468384,54.476368,29.557350
535.285583,377.573486,55.952595,29.992758
535.285583,377.573486,55.952595,29.992758
548.465149,377.970642,53.305161,28.921545
552.910217,378.589447,53.285900,29.055618
559.064209,377.981506,53.840096,29.191191
559.064209,377.981506,53.840096,29.191191
564.291687,376.316101,53.845493,29.311098
569.530457,377.181580,53.510674,29.144089
577.335815,376.776428,52.630367,28.698196
577.639771,370.336212,61.441853,33.505013
593.075562,373.355530,55.831596,30.090420
593.075562,373.355530,55.831596,30.090420
605.047852,373.150635,50.431873,27.274233
612.648132,372.744873,50.472801,27.227057
613.772400,370.009033,52.339794,28.412039
617.852173,371.513977,53.018654,28.455235
623.136780,369.221283,50.655418,27.080425
623.075012,369.055267,52.031448,27.902494
626.040466,364.431152,53.327843,28.712904
629.982849,363.121368,52.889557,28.478781
624.561340,363.517639,55.822475,30.017380
630.087952,355.090729,53.967369,29.079279
636.942078,357.037201,53.429600,28.609741
636.942078,357.037201,53.429600,28.609741
637.296021,352.457336,55.292603,29.837173
637.296021,352.457336,55.292603,29.837173
638.676270,350.866119,54.302238,29.267246
632.436035,345.763184,61.135345,32.925583
627.473267,349.190887,57.023216,30.632393
627.805908,345.247803,56.703705,30.497267
629.448181,344.732025,57.671494,30.963053
625.531433,346.555786,53.977818,28.751354
628.859192,340.900818,55.249359,29.842812
621.027344,340.161957,57.541847,30.983795
614.153259,340.341492,56.599255,30.497087
614.888123,339.165619,56.958019,30.620308
611.045593,338.883087,56.138992,30.084249
615.511963,337.900604,48.042805,25.639463
606.614990,333.329712,56.552525,30.478662
608.716309,335.061218,47.084824,25.153666
606.116089,330.577332,50.162029,26.609976
599.390076,328.420197,54.580585,29.503540
592.322937,330.734192,54.791744,29.242537
592.322937,330.734192,54.791744,29.242537
596.167480,326.474854,53.503056,29.062418
597.205017,329.080750,47.325382,25.295948
594.127075,325.271942,53.832371,28.848852
590.864807,323.504303,56.952431,30.652422
594.585815,326.981964,51.761024,27.583891
595.225830,322.696533,51.543839,27.411514
592.788330,323.684479,54.664612,29.625835
594.688782,325.001801,52.401726,27.832741
601.555176,324.431244,49.935406,26.394493
602.920715,326.751740,46.890617,25.044550
609.005371,326.341064,44.836544,23.847174
605.705261,325.091125,50.819290,27.466507
606.158813,325.608185,53.280460,28.742146
617.968140,325.826752,43.177216,22.905975
615.794800,323.429443,45.261379,24.010267
615.794800,323.429443,45.261379,24.010267
608.609070,321.050140,53.208775,28.349611
608.609070,321.050140,53.208775,28.349611
614.522522,320.765503,48.343082,25.872087
607.934387,319.572754,54.291203,28.914398
607.055298,315.961670,52.738503,28.072151
606.208252,314.211884,56.989357,30.282270
608.512817,314.027527,54.302223,28.962038
608.512817,314.027527,54.302223,28.962038
601.223999,308.850098,59.155464,31.959858
