1
483.000000,498.000000,38.000000,117.000000
481.000000,488.000000,45.000000,120.000000
489.000000,477.000000,44.000000,117.000000
487.000000,463.000000,48.000000,120.000000
486.000000,444.000000,46.000000,122.000000
483.000000,431.000000,48.000000,121.000000
487.000000,418.000000,49.000000,121.000000
487.000000,400.000000,50.000000,125.000000
489.000000,389.000000,47.000000,124.000000
490.000000,373.000000,41.000000,121.000000
489.000000,364.000000,43.000000,121.000000
492.000000,355.000000,44.000000,125.000000
495.000000,347.000000,41.000000,121.000000
495.000000,334.000000,39.000000,118.000000
485.000000,323.000000,43.000000,116.000000
481.000000,315.000000,43.000000,109.000000
481.000000,308.000000,44.000000,107.000000
488.000000,301.000000,49.000000,115.000000
500.000000,303.000000,48.000000,106.000000
512.000000,301.000000,44.000000,116.000000
519.000000,300.000000,46.000000,121.000000
523.000000,294.000000,46.000000,122.000000
508.000000,289.000000,47.000000,118.000000
480.000000,276.000000,46.000000,116.000000
468.000000,270.000000,45.000000,113.000000
472.000000,271.000000,39.000000,117.000000
479.000000,273.000000,40.000000,113.000000
486.000000,278.000000,42.000000,111.000000
502.000000,276.000000,35.000000,113.000000
517.000000,287.000000,34.000000,113.000000
531.000000,303.000000,41.000000,110.000000
548.000000,309.000000,41.000000,117.000000
554.000000,316.000000,39.000000,119.000000
544.000000,320.000000,39.000000,118.000000
541.000000,313.000000,39.000000,117.000000
539.000000,310.000000,40.000000,116.000000
539.000000,305.000000,40.000000,113.000000
545.000000,296.000000,38.000000,115.000000
547.000000,292.000000,41.000000,123.000000
546.000000,286.000000,42.000000,131.000000
552.000000,284.000000,40.000000,126.000000
549.000000,271.000000,42.000000,131.000000
547.000000,258.000000,43.000000,133.000000
544.000000,264.000000,46.000000,120.000000
548.000000,258.000000,39.000000,122.000000
546.000000,255.000000,40.000000,117.000000
543.000000,252.000000,43.000000,120.000000
538.000000,248.000000,46.000000,112.000000
532.000000,250.000000,51.000000,107.000000
525.000000,242.000000,52.000000,122.000000
524.000000,241.000000,51.000000,115.000000
520.000000,239.000000,51.000000,128.000000
517.000000,239.000000,52.000000,134.000000
509.000000,249.000000,57.000000,135.000000
502.000000,265.000000,59.000000,128.000000
494.000000,267.000000,58.000000,137.000000
493.000000,272.000000,52.000000,135.000000
488.000000,284.000000,56.000000,128.000000
486.000000,287.000000,56.000000,131.000000
482.000000,287.000000,58.000000,139.000000
481.000000,277.000000,60.000000,150.000000
486.000000,281.000000,55.000000,147.000000
484.000000,288.000000,59.000000,139.000000
484.000000,292.000000,57.000000,139.000000
489.000000,284.000000,54.000000,154.000000
486.000000,287.000000,58.000000,137.000000
487.000000,292.000000,59.000000,137.000000
487.000000,286.000000,60.000000,136.000000
487.000000,280.000000,62.000000,133.000000
484.000000,284.000000,67.000000,126.000000
489.000000,278.000000,57.000000,133.000000
490.000000,275.000000,58.000000,123.000000
487.000000,264.000000,60.000000,131.000000
484.000000,266.000000,64.000000,114.000000
489.000000,261.000000,58.000000,129.000000
481.000000,260.000000,66.000000,123.000000
480.000000,263.000000,66.000000,139.000000
479.000000,265.000000,66.000000,136.000000
466.000000,259.000000,77.000000,141.000000
460.000000,261.000000,77.000000,121.000000
460.000000,259.000000,70.000000,137.000000
459.000000,260.000000,74.000000,145.000000
456.000000,266.000000,82.000000,145.000000
450.000000,271.000000,91.000000,148.000000
454.000000,267.000000,87.000000,154.000000
451.000000,271.000000,96.000000,155.000000
454.000000,263.000000,93.000000,174.000000
458.000000,263.000000,90.000000,158.000000
472.000000,253.000000,75.000000,178.000000
473.000000,255.000000,81.000000,168.000000
472.000000,253.000000,83.000000,175.000000
476.000000,252.000000,79.000000,183.000000
483.000000,264.000000,69.000000,177.000000
485.000000,265.000000,63.000000,187.000000
483.000000,257.000000,67.000000,174.000000
476.000000,259.000000,72.000000,171.000000
480.000000,259.000000,80.000000,161.000000
484.000000,260.000000,66.000000,158.000000
480.000000,266.000000,72.000000,149.000000
487.000000,257.000000,64.000000,164.000000
489.000000,259.000000,63.000000,167.000000
485.000000,260.000000,66.000000,166.000000
487.000000,261.000000,67.000000,170.000000
489.000000,253.000000,66.000000,186.000000
488.000000,253.000000,71.000000,166.000000
492.000000,250.000000,70.000000,184.000000
494.000000,244.000000,68.000000,194.000000
494.000000,240.000000,69.000000,209.000000
491.000000,252.000000,72.000000,186.000000
495.000000,259.000000,71.000000,185.000000
497.000000,260.000000,73.000000,179.000000
496.000000,257.000000,75.000000,193.000000
490.000000,264.000000,80.000000,189.000000
490.000000,277.000000,81.000000,186.000000
493.000000,276.000000,83.000000,187.000000
492.000000,275.000000,83.000000,182.000000
493.000000,268.000000,86.000000,188.000000
493.000000,266.000000,89.000000,187.000000
489.000000,265.000000,93.000000,187.000000
494.000000,270.000000,89.000000,188.000000
496.000000,268.000000,95.000000,189.000000
492.000000,260.000000,96.000000,196.000000
483.000000,254.000000,94.000000,208.000000
465.000000,257.000000,95.000000,210.000000
444.000000,273.000000,96.000000,186.000000
403.000000,278.000000,93.000000,192.000000
329.000000,250.000000,103.000000,211.000000
263.000000,245.000000,89.000000,209.000000
203.000000,283.000000,95.000000,188.000000
139.000000,358.000000,85.000000,205.000000
