1
38.430168,61.809254,66.767288,76.643776
41.191360,69.209511,66.484428,76.177895
50.342289,77.130814,65.602501,75.109108
55.920223,82.583252,65.499214,75.142197
64.318268,81.172874,65.614349,75.483109
79.133911,81.654289,66.281303,76.122292
88.975845,86.286186,65.667870,75.263222
95.468849,90.505783,64.870087,74.481544
103.814575,94.698265,66.552361,76.136696
113.774902,99.838539,64.404869,73.648201
123.691788,93.656471,64.922859,74.222404
131.216324,94.274460,63.765762,73.239220
134.686752,90.668510,65.684952,75.224136
140.576935,89.132500,64.885048,74.042854
145.523499,85.507912,64.403679,73.728462
150.541763,81.511894,63.628628,72.662918
156.811417,76.019722,65.372849,74.893616
163.555542,75.030746,65.218369,74.708878
177.870651,73.500404,63.687317,73.016602
195.976624,72.897537,63.607033,73.393898
208.938034,73.683945,66.716782,76.484634
231.872879,72.861702,64.633560,73.437218
244.864532,73.469002,64.966492,73.741852
258.862793,73.325645,66.050941,74.966873
271.513580,73.109436,65.531723,75.407120
285.371796,73.364616,64.697014,73.551514
292.062347,72.644096,63.948231,72.587059
296.727448,68.727524,63.702225,72.272827
295.056549,66.916916,65.062363,73.757774
288.801697,70.655937,64.600845,73.398109
281.471649,70.142944,63.754822,72.315529
263.959229,70.291428,63.172279,71.757133
255.134827,70.629860,63.394958,72.202110
241.411011,71.655624,64.120300,72.940887
227.978592,72.740448,63.227402,71.882172
209.724152,73.384308,62.980038,71.584412
197.020111,77.284584,64.229645,73.126167
180.256027,77.061989,63.500595,72.192734
173.910706,84.325974,63.906483,72.717133
166.624557,93.486359,62.923615,71.668968
160.313644,96.705734,62.740562,71.365692
149.598938,92.353935,61.630295,69.897179
144.844284,96.921700,61.452030,69.817322
134.392426,93.711121,61.201118,69.477051
127.738144,95.841377,61.179527,69.230522
123.331612,98.225121,62.335495,70.873718
119.662376,97.186302,62.702213,71.335838
115.201546,92.862518,61.501240,69.732193
110.717667,96.007576,60.972305,69.285912
106.611656,95.577202,61.892250,70.242592
111.324059,97.298973,60.976677,69.417366
121.609825,96.811890,59.797409,67.910469
136.561783,90.897049,63.470299,71.832100
155.406158,94.306976,61.694271,69.849434
172.798096,89.305664,61.761147,69.959373
194.581146,84.418259,62.540661,70.802147
207.846344,80.052979,62.636723,70.835785
229.231674,83.336655,62.458961,70.439178
248.945709,83.046280,62.358456,70.505325
258.291138,78.920326,63.573067,71.837418
276.672729,81.965431,63.020061,71.320503
290.887238,79.519318,60.987305,68.872749
299.941864,73.437950,62.197735,70.154785
309.715027,69.654434,61.176529,69.082153
314.456207,67.492737,64.339485,72.842232
316.349548,66.512413,62.694458,71.063438
312.768219,68.813934,62.153408,70.139915
303.201111,71.948433,62.990383,71.572418
289.961304,76.014648,62.496254,70.550278
276.826691,91.310349,62.669540,70.946808
261.772705,95.753189,63.415779,71.477242
245.379196,88.325554,62.598110,70.441849
221.072693,96.701630,60.894497,68.757973
201.185364,99.001984,60.450371,68.282379
182.410828,93.267220,60.442684,68.259811
160.439117,99.073235,61.126904,69.049095
141.280121,99.339981,60.650948,68.397278
117.846046,92.691528,60.012054,67.662575
95.192612,71.103310,59.957424,67.532753
74.521538,66.113342,59.829746,67.447311
52.649288,65.537468,60.076916,67.661217
36.630989,70.478905,59.771492,67.323921
11.076707,78.595146,59.240105,66.660408
1.401409,80.679329,59.799809,67.581001
0.796853,78.850975,58.280537,65.534561
0.796853,78.850975,58.280537,65.534561
1.292987,81.097641,58.372528,65.655922
0.789634,77.474449,58.011169,65.474297
4.901193,80.891144,57.987041,64.934212
14.653408,64.007889,59.707569,67.310493
20.708467,61.071838,59.856140,67.724815
25.020164,64.097733,60.853035,68.988876
18.069401,84.141289,59.177269,66.999329
34.069794,83.832108,59.734188,67.149155
33.596146,88.409035,59.140789,66.493721
54.211815,92.189423,59.085617,66.914703
64.885429,97.116028,59.723392,67.389053
70.222229,101.421806,60.197094,67.888603
95.986450,100.630791,58.533932,65.732819
99.707405,105.258995,58.485130,65.633461
120.793793,116.359550,57.881554,65.571724
141.654587,118.084755,60.439102,68.162857
150.653992,117.080772,60.311207,67.989990
161.328125,107.371155,60.220669,68.051117
175.593430,108.542122,59.785484,67.625824
201.745163,109.309380,59.733414,67.596443
222.864136,111.182518,59.608936,67.351143
249.136063,115.922997,59.472145,67.116035
269.932556,114.669441,60.527283,68.381126
298.333282,117.879211,59.372219,67.197578
321.303894,110.403671,58.911263,66.753326
341.337250,108.059830,58.895584,66.704422
357.774139,108.000648,58.794342,66.592545
359.964600,99.866554,59.623730,67.559608
365.172272,94.336288,58.235252,65.925301
361.880096,95.788521,58.070797,65.795776
368.223236,101.721596,60.239689,68.281822
358.573425,95.866936,60.047012,68.043144
350.514618,79.445274,58.845524,66.553841
332.204712,77.208572,59.943054,67.732933
311.684601,74.650352,58.435436,66.033150
299.757782,77.104378,59.287930,67.401428
292.706024,64.172394,58.610470,66.144730
288.632599,64.776993,57.956135,65.543800
284.483032,66.873901,58.069763,65.427055
282.774231,75.892914,56.791901,64.303101
275.322083,90.256950,58.489990,66.264038
268.195923,92.630943,58.789814,66.662376
254.399979,91.049919,58.657322,66.443367
237.614227,89.317108,59.267197,66.655495
221.007767,84.662109,59.252628,66.604797
206.926208,73.792892,57.030491,64.716156
192.807724,70.680153,57.420204,65.252365
180.116760,70.118340,58.307858,66.222603
179.403976,78.295479,57.575699,65.288368
193.516617,87.217545,58.358376,66.222710
213.153046,90.126900,58.570454,66.344765
234.295578,94.233894,58.847614,66.672462
243.238861,94.716194,59.070305,66.980194
258.291901,99.614777,58.190422,65.994926
265.772675,96.152214,58.210342,66.043877
263.406097,93.880920,58.244232,65.932510
261.952271,98.209137,57.384605,64.966820
258.597778,99.552803,57.147762,64.928970
254.227158,106.289703,57.409348,65.176819
248.225266,107.151939,57.126022,64.849815
245.397263,103.603073,57.238487,65.017792
239.177002,106.345795,56.397354,64.109200
233.330902,96.070190,56.580269,64.107994
229.530624,90.286674,57.954849,65.813301
245.819061,94.306595,57.217361,64.854477
256.340790,91.919769,57.316307,65.269203
271.500580,94.127762,57.335587,64.904030
283.158112,90.487457,57.728374,65.433952
298.136322,86.242706,57.986916,65.585419
306.884338,85.115234,57.343754,65.116768
313.686218,76.801361,57.924881,65.428627
318.027405,67.057884,57.647789,65.186317
320.264038,65.727951,57.599327,65.138649
318.673889,63.053043,57.067181,64.878067
312.826233,71.017509,57.865688,65.306770
306.700684,82.160095,57.458096,65.051346
296.874390,94.726212,58.247696,65.807579
289.244415,100.909164,56.792385,64.423912
279.948608,108.517883,58.003483,65.752808
279.948608,108.517883,58.003483,65.752808
279.948608,108.517883,58.003483,65.752808
269.713409,94.101250,56.947334,64.424263
256.941803,92.623360,56.460602,63.915203
243.293488,78.344513,58.859962,66.707382
229.075897,70.655518,58.967571,66.485817
220.870621,70.826180,57.562153,65.340240
229.751633,69.839149,59.181828,66.450645
234.430984,74.167786,55.693798,62.990044
229.389114,77.664467,56.306709,63.601391
208.723251,72.193054,58.671051,66.390976
194.691467,77.341591,55.744305,62.906780
180.419235,84.378746,59.068321,66.847015
168.919556,100.614807,58.159264,65.533104
178.247177,95.421883,58.571426,65.911629
184.515488,96.980362,57.327950,64.622925
183.752625,95.496437,58.159580,65.452461
187.865921,96.278549,55.561676,62.875542
183.546066,100.440720,57.670399,64.972954
203.788574,98.270691,54.558723,61.608608
213.734894,96.273552,54.577927,61.611969
212.127625,88.007904,57.436646,65.003387
217.406189,79.689781,57.301243,64.867455
223.537109,81.998184,55.843216,63.093109
232.640640,71.594795,59.164234,66.638786
229.899582,72.915314,59.319256,66.840797
229.618179,73.440651,56.746262,64.222481
234.990463,80.555740,55.309563,62.484634
238.104202,75.311302,56.210411,63.364449
231.504562,73.605286,54.724396,61.684540
237.180237,76.520523,54.850468,61.910858
234.101181,79.630539,55.211197,62.235580
233.556229,84.652023,55.056511,62.410137
235.431305,83.874100,54.074413,60.929306
240.702927,77.017914,56.496159,63.982666
254.623764,81.514915,54.962914,62.231968
270.715820,82.696762,57.394814,64.644485
272.300415,83.230461,57.254333,64.482582
280.694885,79.305130,56.214134,63.183861
290.022095,75.156586,56.078484,62.989746
271.449982,74.435059,57.935993,65.143120
255.138809,79.106476,56.650417,63.609543
250.540680,81.598244,56.392525,63.312603
256.023895,87.547585,58.646988,65.816292
253.458282,87.106667,59.878616,67.159279
250.485245,90.597580,58.668903,65.911186
238.862244,86.644661,60.351074,67.808083
220.395325,91.275208,59.243969,66.667419
194.541733,90.122665,57.079250,63.749638
174.855301,100.008278,56.665520,63.295296
163.142334,106.527695,57.231766,63.969593
149.602966,119.109459,57.402328,64.196571
155.245590,115.663918,57.051208,63.753139
163.235214,116.136330,57.818615,64.653374
174.082764,107.681366,58.597370,65.629143
179.009995,108.520515,58.067627,65.058044
189.856445,94.045143,56.512321,63.100235
197.556946,83.202744,56.211670,62.992680
204.056503,73.124306,56.922817,63.656555
217.546417,67.423271,56.799915,63.616779
235.850418,63.370476,56.563549,63.368904
242.022583,58.713909,55.600925,62.120602
249.046478,60.485859,55.664070,62.423027
252.163971,62.312832,55.671391,62.293327
237.954269,72.494217,56.448872,63.221336
233.871140,76.786125,59.780655,66.906006
232.935165,78.209732,55.428440,62.120586
217.475845,90.824356,55.882919,62.693977
201.624069,96.610687,56.333702,63.162399
188.574356,99.828598,55.313454,61.965706
191.401840,105.328568,58.742859,65.844444
193.087570,110.308884,55.209183,61.820122
198.167038,101.538208,59.420483,66.341179
202.382812,96.251732,58.908772,65.974144
214.279175,87.795235,60.100712,67.379280
225.379990,83.625931,61.293781,68.725098
230.138000,73.320343,56.988140,63.671181
233.983612,74.613617,58.929211,65.629601
235.976349,85.238029,59.776512,66.527428
243.540344,94.539932,56.579514,63.293377
248.556824,92.542618,56.454597,63.256542
251.858490,91.346199,56.330338,62.911976
245.953629,91.423233,57.307602,64.009109
240.129822,93.152779,55.969170,62.710197
226.818146,90.892303,55.780258,62.246250
216.753922,93.598579,55.574463,62.004902
211.735977,101.157318,55.644920,62.045109
208.231842,108.107208,56.966183,63.613525
206.551529,120.357880,56.078766,62.916908
206.199966,123.044746,57.474167,64.264412
211.014969,124.541191,57.379444,64.476830
216.434052,118.967178,57.818214,64.407944
229.773514,113.349144,57.856800,65.195580
229.582092,107.458160,57.147320,64.135918
231.897339,103.684731,57.350170,64.296799
228.254593,104.593529,56.707966,63.670132
215.754486,102.914757,58.450600,66.043930
210.145966,91.211678,56.001339,62.739029
198.145065,86.660439,56.687157,63.260902
187.608612,85.004303,58.218708,65.894188
190.162033,76.484596,55.398918,61.732956
199.115021,63.184746,54.993534,61.186184
200.239471,54.268253,54.075745,60.208549
203.245880,53.056095,54.577774,60.681541
203.205338,49.779442,55.224968,61.401489
217.122559,50.619789,56.872471,63.510471
214.103104,50.208542,55.152332,61.420307
206.518997,57.394726,52.273857,58.309200
198.836945,60.270535,54.094101,60.057693
186.794403,62.050468,54.463596,60.734509
176.572769,66.236755,54.635159,60.943363
164.599304,69.879723,54.596752,60.499043
148.765594,74.065613,57.457623,63.959423
138.483200,76.349670,57.474483,64.019157
138.918701,70.423439,55.348618,61.430138
142.401749,63.995724,57.509212,63.979595
160.226318,59.658833,54.553574,61.111549
174.855759,56.184082,56.173077,62.431530
191.495697,60.503609,58.812363,65.641190
215.835251,67.001160,57.626976,63.809307
227.664841,69.280312,57.625145,63.731987
250.407410,75.858757,56.989742,63.013161
263.549103,88.066971,57.766979,64.018646
271.208557,88.571960,58.654243,64.993683
268.270142,79.860542,57.959110,63.910675
268.503815,78.306831,56.368290,62.062801
274.933350,66.815460,56.948223,63.190399
270.159576,65.090019,56.506611,62.605598
260.026093,66.752121,57.150436,63.212269
252.721359,74.548119,56.466740,62.657856
248.470703,80.524666,57.734959,63.841084
249.490250,79.768661,55.753098,61.974792
239.102325,78.911720,56.805630,63.037994
230.108871,81.775673,57.900517,63.971142
221.583679,81.288788,55.993267,62.104931
214.533905,82.147583,56.262749,62.357018
220.418381,91.027428,55.622974,61.548431
231.029465,94.149803,57.190765,63.319527
241.555771,101.575188,57.964523,64.212616
250.972229,108.872139,58.698326,65.118660
262.666809,105.489937,57.719700,63.982880
258.036346,100.133904,57.938274,64.139618
253.971939,92.878517,59.613792,65.852768
250.572021,94.584221,60.036213,66.279396
255.188583,91.754616,59.355644,65.508728
252.249146,85.693237,57.371704,63.282410
233.232300,81.488556,59.178261,65.258591
215.688675,77.806938,59.029228,65.657364
189.459702,73.896828,59.644100,66.366241
174.679352,80.640602,60.028839,66.828644
171.458725,81.852501,60.241325,67.114822
183.553452,75.742287,59.717979,66.483421
203.450989,74.677780,60.230762,67.012466
226.556427,80.831192,60.425663,67.395699
2
0
0
0
0
1
180.211914,101.776649,78.004860,81.337471
173.022263,114.087524,76.856163,80.499245
177.711960,117.915100,77.198738,80.822952
184.217789,114.294868,77.546211,81.102737
201.207855,100.032051,76.919006,80.705322
221.058533,92.392395,76.930649,80.623245
229.507187,84.739799,76.775307,80.329628
230.660950,83.525108,76.836975,80.422859
218.743393,87.148560,77.061638,80.679947
200.864731,87.432983,77.454079,80.950760
192.664413,98.314156,74.369278,77.941246
189.421829,102.696686,76.016541,79.643005
213.870743,113.485229,74.565331,78.053886
178.481003,93.782425,77.186203,80.572273
2
0
0
0
0
1
251.564972,68.038506,69.243713,79.395409
2
0
0
0
0
1
158.910400,122.163994,67.025307,76.932144
170.948807,108.530090,67.585365,77.559792
163.631195,109.204041,68.746086,78.905182
164.077957,110.513840,68.224709,78.233131
172.131287,112.820290,68.829071,78.880745
165.349380,96.536552,69.209038,79.132629
160.484741,95.731346,69.337616,79.796837
144.975800,98.047195,66.786026,76.258080
136.415146,97.912308,68.853836,79.163277
139.161575,100.176445,69.285744,79.364693
154.340714,96.056511,68.373940,78.624184
156.892212,90.007118,68.958885,79.456955
