1
37.937099,63.339233,67.824486,77.747940
42.081978,69.765121,67.521378,77.321060
46.648418,74.735138,67.893417,77.946297
56.130394,79.392227,67.844040,77.560051
65.728195,78.977066,67.922623,77.886543
77.466415,82.653465,67.457787,77.581345
86.856384,83.504120,67.655518,77.758430
94.838272,89.537643,68.444511,78.383186
103.584457,93.139542,67.924599,78.082153
113.220032,92.721855,66.636650,76.531105
123.463898,95.976021,66.382111,76.103989
129.554291,89.907318,67.310112,77.263451
134.623947,90.310867,65.683441,75.508537
138.323181,85.580200,66.228424,75.939194
143.901489,81.746223,67.080093,76.754257
149.667572,78.564880,66.405754,76.463631
154.259827,75.365211,66.876503,76.516266
162.706696,72.486099,67.208778,76.788139
176.088577,73.417313,67.441101,77.125481
193.051773,70.069519,67.684105,77.343811
206.734497,71.139503,67.781044,77.841606
223.628754,70.500916,67.154861,76.759293
242.779846,72.137543,66.843666,76.311150
256.944763,70.420395,66.632179,76.141624
272.004333,71.295219,65.889404,75.443665
283.773102,69.436821,66.687752,76.396606
290.774506,70.328865,65.981567,75.572327
294.550293,64.829796,66.742943,76.237160
294.550293,64.829796,66.742943,76.237160
286.159302,66.383362,66.468674,76.139137
279.267639,70.101158,66.697876,76.463371
265.921265,69.027206,66.106400,75.550400
251.250717,66.011230,64.868759,74.295395
236.521393,63.726559,66.145134,75.500526
225.875031,67.525253,64.742142,74.284615
205.789276,68.791733,65.526169,74.987686
192.178757,75.695099,65.616158,75.475502
176.331116,74.531067,67.605148,77.183861
167.458145,77.337761,65.929298,75.084473
165.152023,86.336830,66.962463,76.969307
156.030899,95.061729,65.317375,75.358414
140.714752,89.532455,65.384201,74.914719
138.719406,90.470139,64.497597,73.272667
128.981369,88.633934,64.044594,73.390480
127.050705,91.703773,64.772911,74.038651
118.318764,93.162155,65.134857,74.870720
116.433121,93.226608,65.073578,74.278755
113.091225,91.951164,64.555847,73.779610
105.767204,91.794128,64.615593,73.920532
105.767204,91.794128,64.615593,73.920532
110.933640,93.401909,62.572002,71.088272
118.031235,93.615402,64.453796,73.287094
136.714081,88.917274,66.225891,75.578697
148.427078,87.522278,66.649078,76.355537
171.520340,85.082954,64.219246,73.203514
189.556259,83.154533,64.363098,73.304604
204.907959,79.136177,64.515060,73.514740
227.784454,79.305832,64.595604,73.545830
246.263550,79.860191,64.183876,73.119270
258.216614,79.627403,63.982388,72.755859
276.467255,76.629700,65.181587,74.134689
287.983643,74.885704,64.156555,73.173965
299.912109,71.748917,64.620918,73.611786
310.309418,70.999626,61.265747,69.937843
314.114349,66.361053,64.162918,73.128464
311.418793,63.021526,65.912415,75.016350
312.138580,64.717560,64.417427,73.525551
299.216614,68.964897,65.009064,74.292686
287.606934,78.722336,64.231453,73.204964
272.436554,84.602394,63.935478,72.918945
250.880325,90.776367,64.321320,73.634377
242.028183,85.289146,64.525757,73.528244
221.908920,99.762115,64.577805,74.234184
192.025375,97.534912,65.304413,74.683144
171.551865,102.524094,65.576958,75.071175
155.946930,100.289581,64.627068,74.041916
133.681488,95.157196,65.043732,74.544014
111.245064,87.632904,64.848579,74.283829
97.397354,86.282616,64.902809,74.305046
76.164696,80.571465,64.695358,74.048233
56.416473,80.163208,64.466888,73.774811
37.805481,75.020676,65.362312,74.785477
17.502739,80.212334,65.641876,75.213371
2.360627,80.233513,65.388611,74.997017
2.360627,80.233513,65.388611,74.997017
1.721851,80.078674,65.547256,74.899910
2.876285,76.605095,66.095222,75.811852
3.243485,74.394272,65.777611,75.387383
11.804682,73.730629,66.258224,75.686684
22.988674,74.150444,66.088211,75.504417
22.988674,74.150444,66.088211,75.504417
32.329838,73.653023,63.536777,73.120918
28.678007,79.573608,66.100853,75.247665
37.237823,83.768509,64.353256,74.124496
47.939880,89.837006,62.902767,72.427536
58.185337,94.402039,63.503086,72.956062
66.946625,94.179314,64.097305,73.442253
76.346947,100.858910,64.211411,73.877960
90.701988,102.681076,64.391457,73.883369
102.177902,107.545509,65.043121,74.612228
119.982834,108.682343,63.082634,72.472122
124.520401,109.645454,65.073944,75.067551
144.336700,115.939133,63.588951,72.818123
157.933167,105.728737,66.010513,76.109032
175.458969,106.327080,64.472664,74.063629
194.743988,114.293549,65.953217,75.803490
176.417053,100.037796,62.862610,72.625946
2
0
0
0
0
1
343.758881,96.382011,75.115929,79.641853
347.517822,93.578728,75.013344,79.715477
346.487366,93.666374,74.561996,79.234886
335.918243,88.111115,75.680237,80.277786
321.769806,77.985809,75.212212,79.839195
304.628113,71.068916,75.064453,79.746231
288.679596,69.877533,74.592415,79.411118
270.745911,72.780251,75.400581,79.974495
264.504669,79.013985,74.745117,79.142212
259.818878,53.895329,75.425339,80.446228
252.514648,51.482048,75.664574,80.625206
244.060867,56.337021,75.410034,80.451500
241.509140,62.715500,74.537956,79.122604
239.831421,77.246506,75.443008,80.199051
241.160461,78.359886,74.863785,79.588181
236.144791,76.471596,75.563789,80.348000
213.140976,74.073189,74.941917,79.439552
195.043716,77.481529,74.087769,78.526619
180.376740,73.086739,74.995842,79.701141
170.404129,69.744980,75.275520,80.034241
157.716782,70.354645,74.386696,78.932732
161.321838,76.521736,73.156120,77.765038
171.423691,78.499481,75.322960,79.916176
170.727936,84.148109,75.601944,80.273529
172.283325,76.763359,73.654747,77.860626
172.283325,76.763359,73.654747,77.860626
171.925217,74.792458,74.019554,78.287987
171.925217,74.792458,74.019554,78.287987
171.845947,74.198463,75.072197,79.320740
2
0
0
0
0
1
227.480316,99.131279,66.582542,73.809273
230.762985,99.308800,66.540344,73.702522
236.691147,96.361588,65.019844,72.023788
242.870483,93.598167,67.210228,74.477089
261.825745,92.774315,65.453514,72.358368
278.631653,80.619400,65.297966,72.337433
293.144470,82.756081,67.243668,74.580742
301.860291,79.417877,67.269791,74.254219
309.201935,71.215958,67.000816,74.237305
312.046478,62.758194,66.897316,74.046326
313.625732,63.256062,64.549927,71.606911
314.696381,60.268242,64.610809,71.558563
305.201843,66.740723,64.634949,71.471664
295.821228,76.123077,64.910515,71.810493
290.627319,89.675278,65.731377,72.734566
281.604675,108.654091,67.471359,74.561417
267.086975,114.941475,67.261345,74.411491
271.176147,107.683884,64.719559,71.598907
269.077820,102.425339,64.876556,71.950974
255.327194,98.328270,67.451080,74.373833
243.502548,102.384857,64.316994,71.186943
233.622833,83.696671,67.069290,74.055542
221.338928,75.186691,67.119995,74.137817
214.361740,73.460114,64.469597,71.452827
218.076782,75.677277,67.917610,74.817017
226.650208,82.076736,63.835968,70.715569
220.581223,77.617744,66.371292,73.298035
204.658066,72.284584,65.706841,72.395782
179.288864,80.244644,65.393082,72.058708
175.460785,79.585472,65.285088,72.033028
161.456329,95.330933,65.429237,72.070786
175.064651,92.658028,65.187668,71.735001
179.230789,93.679932,64.141708,70.930267
179.935715,89.518089,64.446129,71.370110
177.916245,94.920288,64.160019,71.027893
190.507278,90.869156,64.080284,70.449142
202.898636,97.464172,63.831299,70.174164
209.391907,91.989769,61.616352,68.096855
211.180603,86.042206,63.126900,70.252739
215.902908,84.126030,62.161598,69.175468
223.581558,81.151047,63.790051,70.065598
227.245697,71.710823,65.510361,72.226128
224.956650,73.487831,62.415379,69.172455
224.813782,72.075851,62.065758,68.684570
225.816162,71.551430,61.505661,68.024902
230.839813,72.774185,63.383827,70.401299
226.811050,81.286125,62.729229,69.502739
226.066360,81.756248,62.502071,69.256592
226.125656,81.329529,63.365379,70.008316
225.639954,82.140694,62.964630,69.700584
228.902786,79.411453,66.275787,73.269196
231.924042,80.607407,66.212151,73.189857
245.526001,75.721420,63.668003,69.807678
260.241791,77.097832,63.018337,69.859833
272.242401,81.057243,63.173119,69.118568
280.471588,78.292564,62.806557,68.702065
278.414276,74.482704,62.312714,68.998177
264.178986,72.500641,65.519516,72.910736
245.266129,76.145943,67.263451,74.185463
244.173630,82.525620,65.403793,71.715240
246.178558,92.635612,67.194229,73.967583
248.130447,90.835594,67.592171,74.482742
241.527084,93.658638,67.944565,74.763458
232.637924,94.675301,67.012108,73.925858
217.741928,90.006355,66.618439,73.700813
200.282730,85.199066,66.456398,73.669624
178.038773,91.252838,66.992393,74.239563
163.974426,101.291512,66.825340,74.079666
154.850662,101.625809,67.144737,74.526634
154.163666,105.594673,67.850327,75.531281
162.923935,104.735336,66.599525,73.718575
169.137299,102.877426,66.422150,73.805641
178.379028,99.401703,66.091431,73.383682
186.084488,93.741669,65.227264,72.372719
190.122025,81.597046,66.830696,74.032539
199.420395,74.227554,66.218254,73.482269
215.537231,70.003120,66.672470,73.481010
230.598602,59.751911,67.282349,74.635406
239.847153,57.670792,66.503067,73.377838
242.440887,62.898491,70.072632,77.233383
244.670364,70.311813,65.782646,72.604668
241.104462,72.539978,67.748940,74.493126
231.045517,72.786835,69.751472,77.179329
218.858170,76.348091,68.075226,75.018768
205.988144,81.901779,69.484558,76.823166
195.820389,93.692825,67.093620,73.530319
184.144592,94.136330,65.663574,72.546333
183.413483,102.690041,68.963280,76.207245
184.973236,103.219330,69.017433,76.396515
190.566696,100.516731,68.744087,75.938332
203.056274,95.458321,70.522362,78.065529
213.616959,85.342606,67.146057,74.157921
224.009567,80.380661,67.008247,73.652405
229.060135,78.311844,71.430046,78.809555
232.868210,78.198639,68.912552,76.187073
237.440063,89.073509,72.417641,79.996101
241.029221,95.223640,68.937141,76.182343
237.671875,97.459137,71.292557,78.398415
240.201157,98.581924,67.735245,74.881599
235.724319,98.119507,70.849121,78.372208
227.385178,95.360283,70.496872,77.411270
218.597885,96.416199,70.890022,77.996689
215.696640,100.247093,65.840248,72.854950
207.930725,108.455208,65.969833,73.193230
203.592865,112.939316,66.631721,73.591568
199.429428,114.056633,67.633934,75.094444
202.102585,120.885864,65.049942,71.864403
207.634796,117.007790,67.487045,74.701561
211.079880,112.414635,72.305122,80.120316
221.336349,113.221245,69.102554,76.115150
229.461792,101.937363,68.079735,75.196136
232.436096,99.883026,68.758499,76.518784
224.933243,96.702583,71.030251,79.184990
216.833786,98.343559,69.642555,77.288979
206.759155,95.267181,72.250206,79.260757
192.211685,96.309357,71.959541,80.079178
182.611603,95.199059,72.135216,80.248253
181.852371,79.305481,72.043716,79.125839
186.406281,65.755989,70.986473,79.059982
189.059387,55.840343,71.184181,79.018776
193.816818,52.735081,71.159492,79.691948
194.634827,46.556995,70.934441,79.394432
191.270752,45.917633,70.958435,77.352798
189.997192,53.926285,70.359268,78.608032
199.174286,48.909004,71.654663,80.075409
193.620239,55.250801,67.668465,75.153542
178.406387,57.371922,71.250641,79.523094
172.301636,59.044540,66.733009,74.335030
159.565826,65.447937,66.227478,73.798119
146.244965,67.916260,66.358788,74.066780
134.164200,73.395569,66.424706,74.138206
131.066910,69.661392,66.336487,74.105667
135.454178,60.675430,70.905304,79.222000
146.376587,59.254951,69.669769,77.422745
168.495453,56.454300,65.758705,73.239731
190.200211,53.279449,65.559074,73.157410
204.200806,59.678204,65.006195,72.550896
226.376602,63.891098,64.966057,72.549072
241.953247,74.675667,66.866447,74.535088
260.882111,79.583221,67.208229,74.902214
269.795227,82.709656,65.225174,72.816971
267.225098,79.099884,64.222198,71.719284
263.296967,71.530991,65.171577,72.557838
267.352966,53.609356,67.840927,75.332642
255.807251,52.685623,67.725632,75.640892
250.826355,52.975624,68.586433,76.347740
248.007278,73.397339,65.906693,73.515518
244.036438,80.429619,68.593781,76.209099
244.438004,81.504227,66.488899,74.309479
233.496658,80.433609,66.194885,74.052139
224.809784,76.179131,66.369766,73.970184
218.804123,85.678879,66.359398,74.186874
212.303360,86.742233,68.261398,75.668671
215.171295,91.089310,68.826309,76.308815
220.058075,89.057022,69.252647,76.962067
233.140030,95.431046,69.167122,76.966644
251.483566,97.424141,68.581337,76.592308
261.071991,96.827103,66.982338,74.761543
257.565094,93.810829,65.800606,72.892845
251.054688,84.986404,67.393639,75.346848
250.896301,89.525398,67.944633,75.622269
250.896301,89.525398,67.944633,75.622269
248.513275,88.654129,65.750793,73.328598
234.256210,82.096878,69.208534,77.040138
213.592255,77.688362,68.441223,76.184792
186.758896,75.477921,67.833717,75.518181
169.491135,75.407120,67.978622,75.618195
165.587494,77.277657,67.333038,74.960869
182.163208,74.733208,68.400658,76.089806
199.581680,68.232834,67.793045,75.253052
225.684555,71.031303,68.521828,76.156700
2
0
0
0
0
1
180.306808,99.521950,76.867355,80.399414
172.290771,115.971741,75.920631,79.214081
174.738358,115.914436,77.416901,81.027336
185.449234,101.700478,76.521767,79.577682
203.178452,100.342606,76.397995,79.598648
216.900284,88.106941,76.641296,79.886513
232.833923,85.387688,76.228096,79.365417
232.833923,85.387688,76.228096,79.365417
219.396484,85.463570,76.643600,79.766312
202.395676,87.514282,77.297943,80.610977
193.132935,96.931824,74.871658,77.912468
191.085541,102.835152,76.060112,78.660042
213.476578,115.375198,75.668686,79.008667
178.597473,95.988029,75.721512,78.580368
2
0
0
0
0
1
256.821075,84.979836,67.861641,77.823418
2
0
0
0
0
1
159.411499,121.869911,67.732033,77.478554
169.506897,106.402382,67.280655,77.078461
163.756577,115.046112,66.658127,76.454445
165.063766,110.710503,67.479744,77.471764
166.321854,115.864952,67.937378,77.956314
163.669922,98.479027,67.790977,77.794136
159.299988,92.016647,67.883110,77.933746
142.006790,99.256813,67.812584,77.733574
136.100021,98.616737,69.098549,79.254601
138.660034,97.469826,66.468880,76.297249
150.343781,96.308189,65.196838,74.770576
156.144806,88.358696,66.335373,76.093117
