1
36.505268,62.141087,66.955307,76.726959
43.016720,69.551788,66.499641,76.043770
46.491070,75.782867,65.852058,75.216621
56.587749,79.365295,67.749985,77.904953
68.024368,81.175667,65.721321,75.095512
78.478729,79.749260,66.065201,75.716667
87.967949,84.787178,64.874908,74.106728
95.142235,93.100105,64.843132,74.090637
104.000008,97.057808,65.359558,74.647530
114.789886,94.396240,65.553360,74.806831
123.255417,95.047523,64.168045,73.248085
130.409393,94.184563,65.662857,75.039383
134.603958,90.536392,65.585083,74.989380
138.091568,85.467613,66.094482,75.600372
145.277084,81.325554,65.816269,75.353851
149.647476,80.683189,65.124779,74.575676
156.566605,77.249794,63.830608,73.034782
166.847534,74.245926,64.086555,73.155052
175.710281,72.080276,66.126816,75.721161
194.684647,75.117935,65.332054,74.798698
213.067596,72.907173,64.479065,73.610413
225.257217,71.684486,64.966789,74.141144
244.737762,73.173401,65.820732,75.391884
261.436615,73.103310,64.112022,73.366547
271.889008,72.989754,65.422577,74.788315
282.534271,71.131615,64.870255,74.404549
291.668793,70.558426,63.784153,72.903954
294.647278,70.075203,64.339684,73.518684
294.183105,66.354469,63.904003,72.940536
288.682922,69.956467,63.391209,72.826477
279.701843,68.779564,63.999672,73.202911
267.775116,73.399368,61.955097,70.831268
254.724838,70.611443,63.773788,72.553413
241.131973,71.030273,61.912502,70.785965
226.189362,71.055611,63.025730,72.248863
210.851074,70.552071,63.074383,72.124969
196.550873,75.130379,63.049591,72.241333
179.094543,81.745308,62.355167,71.352249
173.273956,84.045967,62.003723,70.828156
168.906693,92.256424,61.577076,70.503944
158.746719,93.079399,62.163670,71.096199
153.564926,96.759865,61.114273,70.041962
144.375183,94.327072,61.946320,70.690994
134.777588,94.207840,61.213528,70.030312
125.704605,94.635811,63.965279,73.136642
123.167542,96.860886,61.604721,70.330872
118.797112,93.171165,62.477917,71.521461
114.265839,93.271362,62.623631,71.771523
108.955986,95.723900,60.610016,69.160797
104.968483,92.817177,62.431744,71.128571
110.501343,94.960754,62.751350,71.558762
120.386078,95.621086,59.902435,68.665512
137.657562,91.781776,64.371735,73.627060
155.617996,94.330208,59.648342,68.376587
176.156296,92.215958,59.784000,68.524559
185.259277,78.227745,64.454376,73.820183
203.243744,81.558479,64.256615,73.519928
232.216492,75.065636,64.685898,74.012306
244.718124,84.027992,59.809891,68.494240
265.089600,84.995186,59.988182,68.800247
277.307617,75.948784,65.185570,74.518463
287.389465,75.870972,64.175568,73.389114
298.463837,72.164391,63.102467,72.171257
310.997375,70.263657,62.606918,71.521873
313.294830,66.372597,64.067467,73.654503
315.062500,66.212440,62.050049,71.300880
312.655701,68.559708,62.612240,71.606789
301.539398,69.014328,65.907516,75.448738
285.749390,76.372536,66.258812,75.923988
270.336456,84.064835,64.601189,73.782921
263.324066,93.531158,63.542610,72.785851
242.786484,85.950081,63.185017,72.350624
222.260132,90.218513,62.829243,71.908737
198.283630,83.633476,63.011719,72.121246
177.116898,90.054558,62.725212,71.781670
154.750305,103.621002,64.172386,73.417938
132.402725,96.246910,62.617424,71.816704
106.710922,91.804817,62.608543,71.811020
87.762650,86.359062,62.869381,72.012222
67.834053,85.268379,62.615948,71.672478
44.541832,79.628998,62.707466,71.902298
28.780689,75.669678,62.542881,71.675621
9.707268,80.372185,61.826809,70.919159
1.086227,77.379456,61.928463,71.005249
1.245039,79.449257,62.058243,71.189583
-3.140038,78.153709,60.341499,69.341103
5.198660,78.169395,60.458473,69.323616
1.214633,78.510277,59.558323,68.388329
6.067481,79.355278,60.833130,69.562149
12.855604,81.634857,60.453255,69.237854
17.328993,81.595741,60.148468,68.939308
22.824844,82.611259,59.086151,67.489090
19.623514,83.708740,58.799004,67.338654
26.651922,85.541588,59.166924,67.840263
27.967196,87.748230,58.865452,67.563873
26.669367,87.715408,58.754574,67.223213
47.000992,73.743271,58.292534,66.819740
60.987320,70.696892,58.528545,67.219154
63.052139,93.934555,59.843571,68.123314
75.468964,96.026329,59.223663,67.485756
92.970779,96.713135,59.996712,68.630981
116.231857,99.558434,59.467274,68.034790
136.643295,102.704254,59.597874,68.184341
156.583267,108.635635,59.066551,67.564102
175.703659,108.488457,59.351681,67.914391
199.497147,114.244041,59.487076,67.984940
176.180664,103.080086,59.479633,68.233841
2
0
0
0
0
1
344.632507,95.931610,75.145569,79.863441
348.160065,93.044174,74.684914,79.357430
343.743958,90.938393,75.225357,79.852699
338.338898,85.693680,74.229210,79.090950
327.191711,70.850769,74.744064,79.474083
307.658020,65.913391,74.364876,79.012589
296.968658,75.897171,76.003349,80.658875
284.601562,70.611801,75.586815,80.225166
272.465302,66.699821,75.648750,79.985977
261.250122,53.626129,73.578461,78.195641
253.552551,53.649399,75.762383,80.618347
248.694397,57.970242,76.547935,81.102318
244.358032,62.092564,74.438881,79.144646
239.416458,77.692566,74.760506,79.522774
241.055466,80.848160,74.707977,79.406708
237.185471,79.182152,75.351616,80.074394
221.519653,75.700241,75.415352,80.081657
198.163284,79.574913,73.691124,78.139305
176.030655,68.818283,75.226906,79.672386
167.496170,69.994614,75.147491,79.656181
156.973053,71.774094,74.169418,78.518211
160.047928,76.245605,74.173149,78.646271
170.475159,78.221550,73.244347,77.547554
178.223373,84.012711,75.396736,79.929909
198.886673,81.786102,73.866486,78.529900
219.681229,98.355690,75.274925,79.961365
239.199478,96.037987,75.351486,80.017921
244.401855,95.970284,75.647133,80.394676
245.232574,96.542221,75.622253,80.366684
245.612015,98.069656,73.921173,78.439919
243.292862,97.273033,73.911598,78.654892
236.915131,98.904617,74.696205,79.224548
231.081741,103.186272,73.544914,78.350487
226.267960,100.762199,75.066002,79.962753
222.084976,100.566956,74.516968,79.406502
213.014572,94.114471,73.063232,77.820580
210.806137,87.138054,71.158119,75.641174
218.763000,76.781960,72.552727,77.229706
231.135864,79.833809,72.334824,76.857590
245.440948,80.766273,71.735916,76.442558
261.882935,81.143066,72.839279,77.134972
280.664825,79.088470,73.308731,77.545639
288.900299,76.824615,72.585487,77.221474
295.899567,68.899826,72.446037,76.612083
297.783569,58.486626,71.122246,75.529930
301.162415,50.241024,72.737434,77.454536
296.087921,55.889503,72.180016,76.542625
292.953430,61.294201,70.349922,74.312393
283.001007,67.002968,72.346687,76.945335
274.825958,79.051628,74.584740,79.659966
269.436523,96.862610,71.908714,76.222824
260.290070,106.391968,71.710953,76.045433
252.908569,114.963776,71.460617,75.717331
254.979385,104.560959,73.642166,77.818573
256.125366,91.201843,70.594467,74.877365
239.442886,81.667259,72.028542,76.363487
224.999283,74.920929,72.590561,76.974945
208.754364,74.667587,71.778763,76.234695
198.835632,64.079384,73.311523,77.793571
205.884109,62.101543,73.676506,78.049500
208.645294,65.090965,70.713264,75.105049
200.314896,62.981995,74.437637,78.679024
197.051071,67.922394,74.056831,78.270561
165.007690,71.435265,74.979385,79.188362
156.025543,85.009064,75.125603,79.249107
155.331436,91.252426,71.056335,75.130348
159.817642,96.062164,73.367340,77.840858
164.203934,90.403770,73.098167,77.412659
163.347153,89.163773,73.864159,77.808548
165.564697,88.964287,72.484848,76.549904
174.498383,91.653542,71.013336,75.142700
186.348068,97.647514,68.943497,72.883881
195.986740,87.870277,70.227516,74.576485
200.349579,84.841484,70.005836,73.970673
201.148651,79.215599,69.082336,73.142578
210.066956,75.723503,70.092789,73.842529
215.894897,71.143356,70.055275,73.899940
212.380997,65.764290,68.954239,72.668594
208.678619,63.718082,68.849045,73.091232
208.760391,71.438179,69.360657,73.001816
213.633362,70.763535,68.357964,72.161270
216.127167,75.447441,68.478142,72.563957
215.584702,78.477715,67.432808,71.129677
220.374298,77.601234,68.151573,72.140816
218.806015,80.646072,68.053070,71.665436
221.028305,77.485107,68.131760,72.010658
221.098907,74.953842,68.817963,72.743362
232.052704,69.249535,70.898109,74.941475
239.505081,75.928513,68.191170,71.991913
259.755310,76.194084,67.242058,71.582764
269.226044,78.548988,65.774323,70.007843
257.390930,70.567284,71.145622,75.138428
251.049576,70.289101,71.396660,75.491844
237.760818,77.452606,68.954041,73.217537
230.461563,77.969688,71.935471,75.817665
233.975571,76.754173,71.876366,75.947968
236.246063,80.541039,70.716309,75.313812
233.265244,86.516075,67.055336,71.037796
218.915039,84.737808,68.685364,73.133568
203.705490,85.074966,70.154655,73.806442
180.701126,87.439064,70.331429,74.917252
168.258469,97.741676,67.573952,71.797363
151.915756,102.067177,66.995941,71.096619
142.133865,108.960068,67.164391,71.255737
144.971573,114.406059,66.335884,70.470222
147.512421,114.878967,65.407219,69.561829
154.368073,115.282295,66.171410,69.998360
170.293259,102.579254,67.650612,71.955788
179.267868,95.461555,65.784370,69.764236
179.721497,86.699120,66.900719,70.971954
188.682968,71.676163,68.946640,73.389725
203.026489,66.380203,68.941696,72.982933
224.903809,59.834167,67.487892,71.820152
229.489853,55.674301,67.775772,72.093102
235.075134,59.686665,70.149918,74.331894
235.413498,63.975552,68.135208,72.518791
230.781372,65.984917,69.353409,73.443527
219.730103,71.751854,70.656013,74.700378
208.382782,77.402870,69.983345,74.036087
190.442932,83.865280,71.861969,76.244331
178.583633,91.993622,71.569229,75.864845
166.331238,102.035027,71.770317,76.056664
169.391144,113.322311,69.574112,74.332817
174.637238,108.185211,72.568680,77.082657
177.459595,100.476730,71.962914,76.505554
186.000992,92.781471,71.779480,76.051033
196.647003,86.938957,71.598534,75.923080
212.292221,79.441948,71.925026,76.412186
218.392303,68.151955,71.340347,76.094994
217.557831,74.943176,70.570129,74.812340
224.728699,79.501976,71.247337,75.738174
234.189728,84.582428,70.780373,75.042587
236.738144,86.864029,70.544441,74.747437
232.399796,96.964973,70.772636,75.036247
229.728851,94.706306,70.818825,75.048500
220.893890,84.943855,69.938004,74.158226
210.393585,82.343803,69.369415,73.578850
202.677917,90.279877,68.576813,72.733154
194.393585,107.616005,70.133781,74.565735
191.532608,110.192329,69.954956,74.320152
186.840790,115.529663,69.598892,73.993729
189.007797,119.724922,69.418907,73.656097
193.612839,117.217094,70.599205,75.143272
203.479630,117.015327,69.221291,73.841316
211.238678,113.444977,71.256683,75.942169
221.476700,102.336823,69.776924,74.247444
218.555756,102.361206,70.304138,74.694008
216.442551,95.005325,70.946274,75.667328
211.802551,81.148773,70.785553,75.421677
201.209579,71.640770,71.145065,75.665154
184.620667,75.764549,69.032829,73.639282
177.564529,80.187202,68.316910,72.814896
175.888062,70.782310,68.546890,73.149361
183.451294,52.001743,72.084274,76.796722
188.294922,46.834419,70.134323,74.297791
192.378265,46.419621,70.011841,74.895515
191.351181,45.159256,69.820618,73.957947
186.288391,43.553146,71.441780,76.076920
185.488632,45.023880,72.151146,76.735481
180.594833,47.390419,69.640457,74.564217
174.949982,51.535305,69.736244,73.720520
174.672256,52.819897,71.156555,75.572655
161.133972,59.777775,69.169472,73.179291
147.115555,64.391182,70.732033,75.274681
135.921753,64.658585,70.698349,75.642059
126.313271,69.403900,68.882759,72.734451
121.751137,65.632217,70.418427,75.610870
130.678741,59.402016,69.634583,74.760780
143.716309,53.982540,70.001518,74.871132
159.298279,54.839287,72.628624,77.402794
175.960541,55.890995,69.913254,74.792442
193.009323,63.749660,73.190079,78.004662
210.022964,65.401688,72.872711,77.654305
234.591095,68.119186,71.947090,76.783783
250.468857,72.099831,72.051750,76.937820
264.125488,76.237206,72.097313,76.932922
258.251617,67.767212,72.996796,77.977341
252.161972,68.209381,74.500534,79.495987
247.067703,53.238373,72.549660,77.628395
246.329956,48.017448,72.544090,77.622520
237.455978,54.779099,72.764053,77.831940
233.897980,68.689232,72.214409,77.236847
233.321991,68.463417,71.729324,76.202751
232.526367,69.605789,72.455261,77.361244
221.832260,69.744087,72.192055,77.338051
211.171158,70.116043,71.145042,75.993790
200.879929,71.608643,71.775551,76.755585
198.632080,76.344643,69.731522,74.654533
201.309113,82.438972,71.994591,76.951118
211.620819,84.736084,74.238747,78.798515
226.073883,103.021034,73.977692,78.830956
240.496338,97.606239,73.187256,78.378052
249.849564,97.121307,73.856995,78.813766
244.377884,87.086067,75.613297,80.473244
239.841202,84.288979,75.377045,80.516418
237.453125,82.208588,75.404289,80.314331
239.212906,85.214958,73.292366,78.502213
237.169815,75.260727,72.375481,76.835220
230.038345,70.825394,72.221077,76.682678
205.085785,60.304012,73.616539,79.033089
178.993988,55.877716,73.549385,78.908058
162.751099,73.223175,73.148727,78.477486
159.641785,75.012901,72.960335,78.165878
168.206680,72.051567,74.317085,79.652412
193.554016,67.051842,73.761932,79.175682
219.702408,79.624977,74.027458,79.332085
252.556061,69.156158,74.134377,79.526550
273.474152,66.052689,74.236206,79.626373
283.475555,62.268925,73.695312,78.901833
256.663269,61.676292,73.224060,78.554298
234.928207,57.887978,74.259827,79.733124
213.287949,65.258179,74.702003,80.013420
218.823196,45.212574,74.023270,79.379951
208.768646,48.928261,73.727699,79.087975
201.581100,49.082787,72.886314,78.082909
207.432938,49.062859,71.693893,76.910179
210.285858,66.490364,72.532494,77.690865
219.552963,72.658455,73.280365,78.446953
226.600266,72.158951,72.525314,77.805962
231.997070,70.802948,74.505981,79.865807
216.896271,65.703278,74.538689,79.958023
210.499847,68.472725,72.553055,77.930794
206.246475,65.741257,73.420609,78.822701
209.175339,70.304962,72.614113,77.594635
212.915710,71.466064,72.212402,77.340027
214.193863,70.007011,72.170006,77.297447
211.037766,66.834999,73.201996,78.194099
2
0
0
0
0
1
219.320023,77.275780,68.346077,78.342949
2
0
0
0
0
1
168.735062,120.763687,68.627594,78.745552
167.768036,120.770248,68.693169,78.813301
167.675980,125.683472,67.569740,77.557373
167.675980,125.683472,67.569740,77.557373
156.587936,132.663406,66.607216,76.192764
172.938629,117.284134,66.491577,76.062210
165.804398,126.830750,66.143288,75.654976
164.046753,128.592148,66.630798,76.386681
159.104614,131.283142,68.146347,78.261261
171.590576,119.555756,65.774826,75.273132
156.625397,132.715775,66.044250,75.492035
