1
240.200745,165.453445,117.666641,114.509270
216.617828,103.503777,117.518204,114.356331
197.994965,117.676422,117.922035,114.955833
197.666992,154.752975,118.056496,115.040131
195.251022,128.060287,118.223732,115.070717
196.848541,122.059708,118.560165,115.241066
191.900925,120.859795,118.418716,115.124107
155.429443,140.384506,118.098770,114.731377
124.290337,180.755249,118.218170,114.916473
175.128113,180.920563,118.266525,114.761795
221.892441,154.610550,118.473335,115.026138
201.076111,135.848389,118.323700,114.736092
190.723755,131.694199,118.131653,114.653168
182.084320,126.156403,118.000999,114.588455
166.282349,134.245529,118.126007,114.807030
166.273010,146.114716,118.234337,114.903198
178.823395,136.421936,118.467537,115.227898
192.694016,108.868164,118.517639,115.320877
190.653122,79.087738,118.616066,115.340157
169.442871,68.803146,118.762787,115.602028
178.873367,88.369255,119.054169,115.926964
203.369858,116.951439,119.836113,116.885384
233.039215,151.194626,119.724777,116.803543
242.254303,166.252045,119.524734,116.710274
230.154861,163.848907,119.457626,116.506584
213.880264,174.147202,119.055504,116.093964
207.435898,174.289627,119.286407,116.155045
205.517578,165.558060,119.073547,116.149246
200.821045,152.711090,118.673286,115.672417
198.745789,137.326355,118.374466,115.577446
203.666321,131.307114,118.537270,115.603416
217.168076,121.715843,118.482681,115.590714
218.332550,99.723892,118.572311,115.727737
200.056992,83.692429,118.702950,115.625557
198.624008,60.967205,118.332176,115.230431
203.411514,42.674911,118.179749,114.885696
217.604568,50.599586,118.152596,114.955070
228.576279,49.067951,118.083855,114.734901
231.033951,67.774765,118.317757,114.875687
241.762161,103.097115,118.787842,115.203812
239.224258,135.298920,118.692116,115.164871
245.382141,159.762558,118.730743,115.231232
246.298218,154.992920,118.758064,115.320038
244.375809,159.462448,118.854538,115.435440
235.358658,144.470139,118.894966,115.434029
231.710098,140.575012,119.222298,115.627045
240.111328,123.219452,119.358963,115.676598
242.381805,93.196762,119.064995,115.253883
242.196899,84.888130,118.900505,115.163078
246.117142,103.954704,119.183678,115.369247
232.840576,103.623962,119.553123,115.750000
233.883743,97.520470,119.666481,115.829430
237.584885,101.360245,119.188309,115.551994
245.699814,105.524216,118.986557,115.234596
255.720978,121.122681,119.426537,115.693787
249.760773,134.253052,119.467667,115.699623
217.139297,141.474731,119.094673,115.252769
187.415054,137.764511,118.591278,114.565582
169.418457,128.360458,118.784218,114.740623
174.143967,127.964661,118.032814,113.986740
198.231110,136.162979,118.050072,113.910805
237.796005,120.523476,118.369446,114.180489
272.010773,141.817764,118.328995,114.105125
301.500122,138.876450,118.178444,114.161224
297.228882,140.097427,118.299774,114.346245
284.246338,135.811661,118.340340,114.399902
259.234467,114.990601,118.100906,114.297821
228.061859,91.388924,118.497131,114.658768
207.299820,77.955002,118.613091,114.690910
212.074646,91.903778,118.626434,114.639458
221.723770,109.689629,118.492775,114.617691
226.914139,124.283157,118.376472,114.515633
237.741348,137.533630,118.287880,114.290390
265.535217,143.333130,118.241241,114.200760
276.731049,156.782242,118.308289,114.345390
272.196747,165.060043,117.941956,114.058220
264.181122,168.688629,117.348648,113.472290
255.347229,164.270523,117.173119,112.933861
221.612869,160.324646,117.373779,112.950882
194.672623,146.514740,117.862465,113.454315
178.561569,146.904953,118.092216,113.753059
175.550156,153.472305,117.903198,113.574745
186.680908,152.603821,117.857643,113.447243
205.010498,133.773087,117.589149,113.090591
221.519562,109.459503,117.930618,113.603218
231.442215,83.894318,117.075897,112.529388
264.508026,59.045155,117.243958,112.668678
285.351196,68.048859,116.960686,112.410553
293.758728,81.656425,116.956009,112.421593
291.658478,93.602448,117.030464,112.369331
278.835785,102.977165,116.849594,112.152649
256.277191,116.993332,116.856567,112.195381
234.551392,135.092178,116.782990,112.193184
212.115341,146.767914,116.825989,112.213676
198.974777,147.305908,116.463905,111.803925
186.775909,138.187897,116.921997,112.237923
171.765289,122.746124,117.130219,112.604980
168.632507,123.146111,117.064819,112.386368
179.302139,118.028778,117.134216,112.509789
198.094376,97.323479,116.826866,112.068672
205.823044,83.578773,116.901558,112.214188
225.975342,89.350685,116.616150,112.050072
243.401703,116.261017,116.458916,111.992264
266.389801,141.249619,116.241150,111.910095
264.994507,143.834610,116.143776,111.860825
258.467773,130.326187,116.467850,112.201691
210.129181,118.532402,116.667267,112.562599
166.198975,119.736031,117.139557,112.911293
141.636597,133.728210,117.155029,112.921753
128.371338,153.258392,116.541054,112.293427
126.869629,158.039337,116.305290,112.063896
145.153061,140.899521,116.444977,112.215019
165.979736,114.922386,116.515175,112.282669
189.521057,91.446358,115.783226,111.703529
199.603119,98.243126,115.833298,111.802513
194.404221,116.816795,116.659981,112.783875
187.330170,126.327148,116.611694,112.729118
185.466278,124.837120,116.727547,112.800156
195.291473,113.148567,116.667648,112.672882
204.433685,113.871704,116.756752,112.805267
201.715576,127.338264,117.102859,113.181038
186.665604,142.341171,117.143433,113.231255
172.768250,141.545364,117.135628,113.405548
166.819244,133.829803,116.721008,113.124390
165.409454,112.673203,116.934998,113.319420
157.456543,110.715607,116.674149,113.185966
165.900162,129.670074,116.850761,113.322365
172.164383,154.747452,117.638077,113.960571
172.353088,171.178452,117.469551,113.893532
170.456055,174.543686,117.000404,113.439934
164.745483,152.260574,116.755814,113.192764
168.781509,124.510658,116.718964,113.360580
153.994171,104.130264,116.327965,112.931366
135.926529,91.467224,116.782806,113.449120
128.309738,104.012581,117.143173,113.673767
136.255066,115.514137,117.046799,113.782372
148.497635,118.997292,116.783821,113.395943
168.217789,122.578842,116.793396,113.160614
190.136459,127.482086,117.223907,113.541023
217.072876,146.481842,117.084793,113.363777
239.711655,159.517456,117.352089,113.688934
260.651794,160.290192,117.856621,114.170662
248.031464,156.903336,117.752151,114.075012
203.043503,146.850708,117.253700,113.609924
171.293503,137.019119,117.716431,114.110817
134.044083,134.445068,117.707314,114.125999
98.307732,147.132370,117.804214,114.188889
72.570282,138.638474,118.215073,114.701378
87.315552,133.294037,117.906303,114.494087
135.379898,115.350220,118.173912,114.917839
176.389099,109.182571,117.850372,114.573715
193.649658,103.414513,117.628395,114.396751
194.686569,105.360023,117.858627,114.657036
203.096817,116.106644,118.074173,114.728928
210.082657,128.153946,117.924988,114.708290
195.439651,132.994034,117.788902,114.392532
158.806076,136.066879,118.048737,114.636978
135.900330,138.743164,117.758766,114.232544
142.008179,141.927719,117.692421,114.139984
174.878036,144.630371,117.442657,113.991119
228.936401,127.516808,117.351784,113.972450
243.287735,130.336472,116.983879,113.524071
237.475708,131.403732,116.971085,113.629799
224.657059,125.445107,116.999901,113.682030
218.352432,113.545036,117.116943,113.868423
215.637650,113.584839,116.909576,113.546387
218.556717,104.395302,116.980453,113.658333
237.269348,107.421303,116.870605,113.708931
241.712555,119.782951,116.723518,113.531464
235.101303,119.677719,116.903084,113.667236
205.583160,131.647507,116.563248,113.316109
171.359955,155.962708,116.695480,113.525665
155.606262,163.285965,116.861572,113.642357
139.679642,164.984894,117.192078,113.811317
146.323517,161.742096,117.358337,114.109924
171.085739,155.956863,117.186485,114.050415
182.448685,150.053787,117.065407,113.861618
160.252075,149.764420,117.055435,113.933571
144.400009,144.917160,116.786636,113.658600
139.056259,140.225937,116.236008,113.088448
162.391998,135.816025,116.339828,113.185181
211.877777,133.217728,115.924881,112.670097
244.107452,117.363632,115.506958,112.260437
243.707596,108.974472,115.642220,112.541039
211.453690,109.629242,115.073730,111.854240
174.964615,102.493286,114.609749,111.473206
162.826126,98.804993,114.965645,111.815948
146.336945,102.247459,114.743187,111.520729
137.002579,103.706947,114.534584,111.341331
138.357208,104.560631,114.396935,111.314842
174.597595,108.499237,114.176262,110.991852
227.701614,116.120544,114.357674,111.006363
254.004669,111.678047,114.170937,110.791000
257.022949,106.133316,114.639275,111.339439
240.234604,110.411644,114.347336,111.042435
220.248611,115.970726,114.028145,110.593483
198.880463,128.186768,114.058281,110.465889
175.233505,132.656693,114.161385,110.501953
139.744019,123.924278,113.481529,109.756241
109.584389,107.397217,113.446114,109.522018
109.489815,105.145981,113.217392,109.287369
132.008545,104.802849,113.289871,109.479172
155.133667,111.552345,113.405212,109.546501
161.411179,116.543152,113.171463,109.195923
163.553726,109.402054,113.205154,109.281883
165.595795,98.941032,112.750526,108.806709
175.164886,89.916374,112.782616,108.934929
179.889053,90.952637,112.930939,109.022499
186.192581,100.693726,113.033463,109.141525
179.824783,114.257629,112.890839,109.003258
169.104538,130.035690,112.943359,109.158234
180.568451,153.308304,112.592018,108.752319
192.882523,166.947052,112.598938,108.643440
180.392349,170.032028,113.168793,109.368576
159.261841,164.873901,112.975952,109.210373
152.226212,135.645050,113.110168,109.442688
147.795456,97.119362,112.527061,108.887016
159.244568,78.910606,112.612633,108.932541
172.871262,79.380066,112.700073,108.998909
187.595383,95.150024,113.204308,109.507309
208.697250,106.050362,113.026741,109.262878
209.938934,108.892967,113.099174,109.456673
203.682739,105.199173,112.878838,109.179680
178.840729,113.740974,113.049698,109.379211
159.881653,124.366020,113.118645,109.603172
155.538437,130.858917,113.400810,109.859299
155.864990,136.079010,113.486542,109.895454
158.254639,130.219833,113.251213,109.595581
156.633545,112.188248,113.650772,110.058815
169.993225,84.117859,113.710823,110.104881
202.571228,81.365723,114.116646,110.496399
236.579681,86.393532,113.951118,110.346390
261.463226,109.726562,114.130447,110.376335
267.057190,129.837357,114.365997,110.645447
262.300110,139.017029,114.555199,110.774979
264.672974,137.988800,114.246941,110.455772
274.355682,139.181198,113.970947,110.129120
260.643341,141.535049,114.044106,110.169456
233.405731,147.393402,113.998009,110.021309
210.789810,142.584045,114.067490,110.073891
202.427521,153.751389,114.405548,110.326096
188.239227,159.202255,114.909332,110.857025
177.716431,150.707687,114.424973,110.439384
177.608261,137.006897,114.605583,110.660194
183.776642,126.610603,114.189392,110.033768
191.442398,120.777687,113.976570,109.876266
208.046280,119.320572,113.490692,109.296440
223.207916,115.555176,113.699188,109.474823
230.717575,99.958069,114.039543,109.799973
229.664215,85.984154,114.361984,110.163277
241.700241,106.281654,114.196381,110.100792
253.963837,143.621277,113.471497,109.481544
244.321350,174.132141,113.820518,109.712082
232.372864,173.464890,113.864502,109.968285
218.296097,160.735535,113.838219,109.851097
215.789459,111.188286,113.561539,109.564705
214.467651,87.183411,113.645866,109.608887
202.795959,76.867043,113.750496,109.934013
195.087845,85.228882,113.670120,109.897087
174.275833,90.868706,113.833908,110.133804
188.662613,87.969124,114.340622,110.672966
216.551712,80.575653,113.877228,110.218010
237.303406,68.974640,113.968315,110.329842
251.919342,62.191330,113.449051,109.654762
250.837280,81.992462,113.386230,109.465546
233.684174,96.975662,113.050133,109.145164
215.370850,107.756233,113.021652,109.137634
206.508209,105.453979,112.903183,109.098831
209.870850,102.766174,112.832092,108.907379
218.908356,106.992508,112.909004,108.905716
212.100174,121.658371,112.961227,108.653542
180.115738,128.672546,112.519371,108.054497
173.843231,132.775955,112.614357,108.075851
184.403229,122.982201,112.992432,108.488098
204.619995,105.801491,112.806381,108.444633
212.865387,101.578537,112.921181,108.609070
215.768265,109.901543,112.276093,107.896889
210.777542,119.702202,112.275497,107.934364
208.774399,123.478699,111.925812,107.372528
201.823090,130.844574,112.069939,107.540436
187.428925,140.971619,112.299820,107.826172
183.296753,147.588455,112.421272,107.816116
186.589127,153.298599,112.752823,108.245476
191.192001,149.079117,113.232597,108.780853
185.478806,142.195450,113.137047,108.706306
187.365173,139.925659,113.065109,108.611778
194.770706,134.185898,112.968094,108.522484
224.854507,105.191010,112.603745,108.280731
247.744156,77.337151,112.501503,108.309151
249.112198,83.359467,112.738930,108.454697
252.689240,92.888023,112.717018,108.420387
242.373917,114.108688,112.815895,108.496658
236.555862,136.843033,112.981316,108.556580
230.449646,143.085724,112.964630,108.483147
212.275604,141.646698,112.608589,108.196190
191.469894,138.976852,112.219841,107.826622
188.203354,151.502090,112.221741,107.702934
198.612930,162.067612,112.177376,107.523293
208.783157,158.696335,111.868988,107.250046
211.309906,144.330307,112.291946,107.739395
213.654068,126.781464,112.713982,108.104019
229.584854,121.752655,112.957947,108.538086
261.839081,126.686005,112.877663,108.433586
270.273529,131.643906,113.059097,108.468613
263.667328,120.062439,112.461433,107.832077
250.907425,120.394005,111.612175,107.017479
237.395523,130.229752,111.405235,106.657303
233.756775,142.402451,111.207878,106.415382
225.124542,157.210342,111.656593,106.779984
223.722198,161.670975,111.320824,106.575653
228.924484,151.226334,111.065292,106.476830
237.504089,138.874405,111.156563,106.609558
233.804764,138.321732,111.202805,106.637726
224.705658,127.818329,111.700249,107.156967
226.778412,124.621948,111.798058,107.131531
227.804718,121.636253,111.899284,107.335564
239.830536,112.598717,112.109116,107.680573
235.848175,108.702797,112.429718,108.060684
242.537369,114.462814,112.128616,107.769005
248.508453,127.763313,112.305542,107.843239
257.343414,134.628159,112.103004,107.661011
254.171829,152.371658,111.894730,107.483856
245.680771,142.881332,112.214020,107.899811
216.384048,147.281601,112.594368,108.293518
194.420334,148.725327,112.924820,108.604637
183.899399,133.164200,112.529427,108.171799
172.866318,109.658325,112.343536,108.182030
171.224731,81.787186,112.288231,108.196609
179.214691,74.684319,112.367210,108.332870
195.943634,79.590973,112.142014,108.160583
208.399658,93.168625,112.184433,108.193588
211.154343,101.285797,112.675766,108.627464
224.214081,93.434021,113.073235,108.968948
236.418503,112.923615,113.363220,109.271606
253.094315,137.153839,112.925972,108.681572
261.745911,158.022263,112.807289,108.642448
256.793884,151.205414,112.738632,108.630508
243.212753,127.157608,113.167244,108.979736
236.400986,104.125931,112.683235,108.603882
211.091324,100.905212,113.085335,109.045303
193.460632,105.077126,113.366020,109.281364
189.319763,125.422295,113.324226,109.085472
196.289627,133.638779,113.402458,109.020889
208.308929,136.487183,113.278870,108.838478
236.179657,127.908195,112.818336,108.532715
2
0
0
0
0
1
286.208038,245.881119,87.909103,79.232193
286.257141,237.822067,88.312340,79.498093
285.260773,237.471207,88.106468,79.259415
276.041718,244.551376,87.864319,79.140907
265.166351,247.453049,87.832634,79.154053
260.503723,238.106171,87.515022,78.777496
262.899933,225.114777,87.550896,78.735886
265.780945,221.966385,87.527077,78.681671
256.145142,224.424103,87.775864,79.012939
261.694763,229.931213,87.746994,79.044113
273.677856,230.707138,88.116875,79.433723
287.416260,223.993088,87.928848,79.275940
301.094604,209.018768,87.447853,78.930092
307.387848,195.266006,87.317223,78.837189
302.103394,195.287567,86.843475,78.509087
293.436218,202.708847,87.282166,79.023010
289.958191,210.736710,87.250244,79.003288
274.111359,215.093277,87.676033,79.284492
255.789978,204.023453,87.116707,78.749008
236.770142,196.945862,87.244934,78.957962
231.805466,202.251556,87.073166,78.993851
237.808090,219.161911,86.297142,78.231110
254.093460,263.488037,86.026192,77.935150
287.386841,285.054199,85.555367,77.534035
308.466309,267.837280,86.145493,78.068054
329.783325,246.415314,86.594589,78.411270
326.510956,234.770706,86.807594,78.570930
310.778076,226.277298,86.551704,78.453239
288.698486,232.675400,86.370377,78.394493
256.498688,243.403488,86.223618,78.189667
235.377213,242.913330,85.972939,77.940193
257.210938,239.846588,85.723747,77.636452
292.164764,242.830490,85.247574,77.322540
319.854767,241.189392,85.401100,77.461311
339.672852,232.182480,85.402756,77.518051
351.768616,235.474533,85.041100,77.106918
358.796600,244.057373,84.975548,77.091522
363.180389,242.644913,84.888992,77.081718
362.619354,235.522049,84.853088,76.983345
352.318329,236.923248,85.101570,77.093437
329.451111,251.365723,84.971146,76.957352
309.558441,267.814240,84.846840,76.824562
305.603821,255.909653,85.245087,77.151741
317.149536,248.582581,85.087730,76.919838
324.336517,245.282303,85.280220,77.230301
341.343903,254.245239,85.431442,77.336708
359.408752,264.156708,85.930939,77.857712
367.351227,252.105453,86.227554,78.064072
342.214233,223.906860,86.238358,78.233376
317.515839,192.674454,86.223167,78.175774
293.767700,159.611740,86.674568,78.640770
292.545929,175.080826,86.362961,78.215981
279.809845,191.415909,86.673378,78.525063
282.964661,210.496506,87.231339,79.037369
260.518951,231.432175,87.076782,78.814835
231.676437,239.417328,87.131332,78.847557
220.268326,246.683411,86.904449,78.654518
224.048401,249.605591,86.659027,78.475571
241.008606,251.195831,86.824387,78.593117
258.636810,240.265961,86.167603,77.936043
254.843796,208.700089,86.493805,78.195480
247.681717,181.318024,86.150871,77.864967
236.342957,174.318344,86.318901,78.099121
236.643509,182.044922,86.770988,78.516769
222.919189,194.051804,86.775513,78.519638
198.524246,205.916519,87.037689,78.774117
195.118912,211.126923,86.515816,78.238533
193.142365,212.462021,86.784569,78.394936
184.295517,229.095612,87.000893,78.550400
189.432358,237.498306,86.851181,78.481331
215.802505,238.481033,86.166275,77.859825
248.250946,230.893570,85.758629,77.326561
282.217255,222.984253,85.891220,77.383186
303.482574,221.183365,85.846176,77.231880
320.602692,225.808578,86.219315,77.521378
320.057617,240.984634,85.740479,77.136444
294.432281,249.990051,85.245789,76.702057
263.403687,237.997406,85.174965,76.670540
221.160660,220.212555,85.189354,76.635696
204.084457,218.374359,85.602814,77.057976
190.326767,228.109756,85.419617,77.036392
210.858566,233.641388,85.878334,77.386581
243.842896,217.738358,86.037674,77.693634
252.620956,202.208054,86.392311,77.895218
265.422791,198.402542,86.568237,78.018265
292.944489,198.467148,86.264984,77.803284
329.057495,206.166687,86.279839,77.775642
338.335266,211.356659,85.951866,77.477577
334.312897,206.719543,85.762688,77.334152
313.150879,200.924362,85.784584,77.216042
282.995514,185.156860,85.716057,77.204933
250.220047,159.045975,85.609886,77.044533
254.263062,150.109222,86.066994,77.421463
282.299683,144.572861,86.189850,77.491547
305.983673,130.122177,86.286789,77.666786
310.182587,122.183739,85.810768,77.231323
308.505615,129.910049,85.777687,77.023392
310.347839,160.267334,86.160034,77.314247
315.740204,196.827484,86.332573,77.486000
317.004639,228.144577,86.113594,77.338463
318.238007,231.968063,86.076103,77.356621
313.715668,216.768936,86.251862,77.555145
305.670959,206.990005,86.380905,77.701797
296.949829,193.435150,85.845116,77.293144
292.316132,169.939133,86.353081,77.836739
290.325256,139.228775,86.830101,78.229958
295.223907,99.527336,86.746407,78.191963
310.497009,79.830612,86.252937,77.726501
326.409607,97.716934,86.312729,77.688484
334.733429,138.133591,86.070091,77.494720
327.756927,168.166061,86.697495,78.019501
311.811523,186.962952,86.493698,77.799095
299.820221,202.072296,86.834145,78.021912
291.205841,216.094604,86.898636,78.088959
278.048920,229.747498,86.816795,77.949837
270.992126,235.901352,86.469521,77.658272
280.344666,237.382202,86.424232,77.684700
289.326752,235.745392,86.542427,77.886505
296.671082,225.696564,86.419258,77.704620
305.070099,211.473038,86.008072,77.408813
316.116730,195.547424,85.983017,77.432014
325.601746,189.820251,86.279572,77.620422
329.993347,193.612442,86.219467,77.562569
343.457672,201.171951,86.372322,77.704117
341.502960,215.262741,86.759285,78.290047
327.151581,231.281036,86.837631,78.388702
306.878601,253.766632,86.610535,78.139961
280.648560,263.520294,86.663643,78.178375
270.290619,264.031036,86.219002,77.686264
270.174591,261.153198,85.910889,77.344261
244.805069,238.686462,85.677620,77.141014
248.639374,198.592133,85.435410,76.829109
268.856384,183.222015,85.386162,76.853477
286.973175,178.120804,85.677200,77.098763
304.473785,180.674896,85.702179,77.041428
320.910858,196.226868,86.136917,77.552467
334.238251,215.442337,85.928925,77.278603
353.246613,233.744873,85.653824,76.985733
357.265320,256.531494,85.381798,76.739082
354.090729,265.151917,85.277031,76.613441
339.311371,266.619568,85.041946,76.433014
303.037872,272.267944,85.283638,76.662697
269.945099,273.315674,85.576591,76.992638
229.458603,267.705048,85.941559,77.234734
219.549500,250.788712,85.928772,77.174210
229.247986,224.276535,86.876404,78.119644
231.088989,195.863831,87.037582,78.284309
242.878708,189.683167,87.025658,78.195671
276.907166,185.429810,86.507317,77.508568
302.617249,187.995621,86.370033,77.264145
317.198975,187.956345,86.005699,76.940002
326.994568,194.377121,86.075523,77.102875
331.649872,202.548691,85.683807,76.707214
335.633636,217.886230,85.983704,76.875801
322.384674,235.988220,86.434128,77.216072
290.669189,235.639145,86.857323,77.568565
256.730408,235.104980,87.309784,78.027534
212.331680,233.265244,87.368568,77.996979
191.256821,232.811340,87.324097,78.040314
202.663345,232.890991,87.023712,77.694038
235.305435,234.526474,87.064140,77.648300
254.970459,233.607758,87.357292,77.962524
263.989319,227.612732,87.211136,77.892784
290.563660,227.699219,87.330002,78.011345
333.714111,220.666168,86.847839,77.506523
374.489258,212.511276,86.862770,77.502350
355.808990,204.685501,87.105797,77.658089
315.513092,206.104980,87.392395,77.850960
2
0
0
0
0
1
189.866653,161.414917,84.927155,80.964371
201.242172,187.653152,84.809875,80.933228
204.222183,218.382599,84.953148,81.087914
199.394196,237.703400,84.675697,80.825233
208.529953,253.007202,85.329704,81.476059
234.231110,270.331940,85.133469,81.254372
208.374680,249.319290,85.470901,81.558258
185.876465,249.742325,85.523148,81.612999
193.832718,259.296234,85.928192,81.965706
223.389969,279.528107,85.634445,81.762039
238.698044,280.448364,85.708344,82.058960
241.506851,263.475861,85.271736,81.623184
237.121674,242.465363,84.848473,81.227409
242.115753,196.378281,84.865005,81.228760
237.070694,152.670578,85.010002,81.340538
218.935562,146.686401,85.493500,81.749550
201.775192,154.548416,85.393028,81.630928
192.354996,177.844681,85.802681,81.924454
192.607361,210.300049,85.918571,82.068192
189.578583,242.847870,85.688828,81.878502
197.099579,253.795715,85.968292,82.356621
206.263199,243.170776,85.892845,82.396774
212.470932,227.896881,86.286751,82.747780
209.082657,224.851532,85.917831,82.310692
222.315018,221.727905,85.884132,82.413559
246.206024,210.068085,85.466385,82.052124
245.039551,200.062180,85.090179,81.728600
233.917786,184.954224,84.804024,81.463402
244.550827,175.551804,85.003342,81.583771
256.335632,171.576416,85.402489,81.942368
258.751801,193.196060,85.493317,81.941818
242.862839,220.585098,85.463531,82.064827
232.923004,255.562363,85.884308,82.603714
250.480133,257.965332,85.743309,82.731628
248.896805,249.904053,85.192490,82.140869
241.655212,237.065506,84.937866,81.812103
237.695938,233.711472,84.549133,81.255173
242.464371,231.873688,84.404861,80.916885
233.844116,229.924728,84.169571,80.694809
230.207764,222.661087,84.378220,80.824402
218.498825,213.597458,84.038147,80.498726
212.836334,216.597275,83.822449,80.348045
210.180664,221.886963,84.285835,80.820808
196.679886,226.362335,84.661728,81.018562
201.224899,220.485077,84.899498,81.148750
221.007996,211.721664,84.734146,81.089943
249.260574,218.082397,84.783852,81.164642
239.514526,227.062012,85.127106,81.527275
215.531311,233.933014,84.899513,81.213318
212.742020,236.171127,85.045815,81.431511
224.253143,221.839188,85.138039,81.600609
232.057343,211.753891,84.984695,81.494171
223.542130,209.329330,84.981300,81.549438
228.977417,214.152435,84.795792,81.318329
236.945114,217.236069,84.946037,81.520287
235.467392,217.566986,85.272621,81.949089
231.525513,217.503204,85.443489,82.156845
230.495880,211.398224,85.851433,82.599442
237.383453,212.482758,85.973114,82.863899
233.899765,224.948853,85.905380,82.740997
225.843109,238.112961,85.525017,82.373802
219.659943,243.039185,85.170555,82.041862
237.509430,231.973969,85.116638,81.952095
248.071289,218.283188,84.692932,81.487709
239.110977,213.899933,84.786705,81.609596
233.547974,223.887085,84.209137,81.024025
219.945053,234.762497,84.255402,81.194313
227.994095,229.118866,84.155334,81.179741
232.569412,207.708252,84.199631,81.247925
224.615784,200.447922,84.086777,81.177025
238.753784,208.631042,84.523499,81.594795
236.888092,221.852631,84.696060,81.695618
228.391632,230.767960,84.770981,81.843521
217.224197,231.796478,85.061157,82.081001
224.482422,228.768158,85.393532,82.488556
222.330765,222.998901,85.594749,82.547981
218.952499,224.611740,85.732201,82.716164
208.015259,235.170959,85.476135,82.364929
201.722076,244.246780,85.564987,82.412735
204.422241,243.832199,85.414825,82.244530
212.987274,233.378906,85.756493,82.605881
203.082489,227.358002,85.816856,82.548615
210.797043,236.463394,85.198959,81.902695
211.911804,247.168900,85.764267,82.567459
204.498016,253.777557,85.997139,82.608147
201.302078,254.488464,86.478996,83.042374
198.355515,253.066147,87.062172,83.588509
209.427261,249.400467,86.666206,82.964935
195.008591,242.382553,86.623764,83.036606
199.211121,236.402771,86.649933,83.001053
203.622711,222.775604,86.794327,83.117943
197.547180,215.055939,86.606598,82.844559
188.176971,213.805832,86.470383,82.675110
194.066772,216.154572,86.992546,83.033455
205.443008,214.848755,86.843521,83.009834
208.343597,204.245346,86.673012,82.942146
204.460663,202.993134,86.129158,82.425720
216.657867,211.513062,85.859634,82.035378
215.790085,228.200775,85.876060,82.036964
207.134247,237.049637,85.919617,81.992859
212.123993,233.379318,86.364006,82.489151
213.414642,223.416214,86.920517,83.102180
214.850342,216.988983,86.474510,82.571831
222.510559,220.132614,86.371544,82.580452
219.645981,230.239395,86.634148,83.003471
203.887146,232.216293,86.592873,82.972061
204.593048,230.304825,86.481422,82.932343
214.288437,222.101730,86.180748,82.632401
207.788040,216.177155,86.187607,82.726501
201.602158,228.944962,86.264503,82.852524
192.249893,243.495514,86.311378,82.984238
189.872742,246.721848,87.051620,83.775940
207.200851,243.177856,86.948944,83.751114
232.910812,232.479004,87.495743,84.290016
233.162872,224.630966,87.645187,84.498978
219.928314,227.883667,87.282791,84.185196
200.063980,238.451874,87.033546,83.941162
219.136154,248.503494,86.977921,83.900337
237.442123,241.714218,86.786789,83.718102
234.750214,227.798157,86.591003,83.497650
202.142197,221.843170,86.341988,83.345871
193.834869,222.075073,86.878998,83.955330
194.933289,227.192398,86.956024,83.876312
191.744202,221.844162,86.970917,83.885880
190.391006,219.792953,87.080910,83.938255
184.940216,217.181671,87.187164,84.072914
184.896057,219.277832,87.355995,84.139244
199.286896,226.615814,87.192001,83.906509
196.803482,236.857773,87.551727,84.240456
208.970291,246.194824,87.232925,83.921127
251.081406,246.032806,87.242638,83.951981
271.973022,237.500504,86.928108,83.552246
236.811584,235.805878,86.646446,83.245949
197.448914,251.762314,86.453239,83.178459
174.202011,264.370941,86.731529,83.450127
179.108780,265.010406,86.570198,83.204514
208.043823,258.070831,86.906296,83.562202
208.058640,250.106094,87.009140,83.680717
198.507797,254.429047,86.824295,83.563370
175.993118,256.394653,86.680313,83.402527
170.030853,255.650162,86.653061,83.516556
181.628647,257.977142,86.439781,83.399590
192.078537,258.054291,86.538704,83.430130
196.619461,252.854202,86.447159,83.214569
197.991379,245.996933,86.517258,83.276619
188.229034,243.429352,86.203140,82.945236
190.125137,237.534363,86.239616,82.984756
205.561340,230.672607,85.853218,82.558479
204.215179,222.070831,86.194267,82.774109
196.553802,218.580505,86.153229,82.633270
201.110275,211.490082,85.883934,82.391205
201.557007,206.443909,86.271271,82.866089
207.877396,218.735916,86.865486,83.279076
193.486633,248.253632,86.099106,82.567795
187.179108,277.726288,86.216911,82.827972
186.419357,281.096191,85.791397,82.388245
198.645218,257.058838,85.779938,82.406677
205.312241,237.524567,84.619781,81.360146
213.002792,221.842789,84.811852,81.633545
221.621780,203.429749,84.816254,81.668510
209.760559,191.207474,85.024887,81.926178
211.226746,177.316727,84.818436,81.728256
212.359879,160.436188,84.614517,81.464325
206.555084,152.884125,84.564407,81.401733
227.333344,160.152557,84.555656,81.314301
226.420761,177.375732,84.507362,81.199219
238.264557,210.092606,84.363152,80.991676
236.132278,235.904236,83.936028,80.505096
242.339813,232.162109,83.627937,80.181526
239.628082,204.706268,83.252274,79.920601
233.698212,190.689423,82.857918,79.602982
245.565338,192.306137,82.729706,79.541489
268.573212,198.810654,83.448875,80.298294
271.663116,212.233673,83.201630,80.042213
258.573425,215.626328,83.702232,80.449112
247.323242,216.576157,83.754349,80.541840
255.093170,219.520187,83.505798,80.411926
254.737396,244.867798,83.373680,80.260048
266.701508,267.229492,83.271980,80.122017
273.330170,272.563019,83.644226,80.468971
263.635834,266.817413,84.168556,80.931267
249.136780,244.807343,83.698502,80.611992
251.541473,224.033371,83.984848,80.884041
246.971130,199.450256,84.198120,81.154709
240.905777,194.386749,84.059273,80.928421
242.941238,204.452072,84.248825,81.114540
252.412781,214.922028,84.044693,80.900970
264.364075,220.540604,83.602486,80.384125
264.421173,226.696869,83.411278,80.143646
260.698639,232.078064,83.690262,80.322533
252.312225,243.852615,83.647118,80.247322
249.370178,244.352051,83.848175,80.478867
254.124390,234.041534,83.537071,80.281311
253.473495,219.822189,83.265793,80.004196
256.241211,204.330475,83.829544,80.436882
255.678375,194.791794,83.580826,80.301514
253.324783,192.751724,84.353157,81.092628
255.849014,190.246689,84.295944,81.043213
265.151459,198.147263,84.845627,81.613388
289.386261,209.476547,84.835220,81.656647
291.618988,226.748459,84.816269,81.595375
272.090546,246.614792,85.111427,81.964928
232.562042,248.411392,85.060791,81.876297
213.728943,240.883804,85.120232,81.866402
198.155502,235.467255,85.149254,81.962440
183.873779,211.422073,84.887062,81.873802
199.675629,174.968414,85.005882,82.044189
200.938660,167.651352,85.198074,82.189934
221.725479,173.257477,85.326149,82.317322
236.139404,186.216324,85.180382,82.256950
235.493469,196.622803,85.023560,82.025749
234.673462,199.127731,84.970917,81.971939
241.374191,202.348022,85.286850,82.255653
245.022308,204.956833,85.467514,82.308762
248.761658,210.002136,85.439575,82.394012
245.448822,208.911133,85.463745,82.365334
