1
244.487762,168.287979,114.411560,111.222237
219.197449,111.124138,114.408470,111.373192
201.722641,126.680557,114.608597,111.659676
194.873459,141.845901,114.732475,111.852760
201.816849,135.332733,114.790314,111.913559
198.756104,127.876816,114.858109,111.849556
197.520737,128.217117,114.587570,111.514839
157.603241,147.315155,114.730461,111.734978
132.403091,180.663940,114.608551,111.661690
186.033966,183.858002,115.026398,112.118340
229.682114,151.764954,114.947021,112.058434
205.382324,142.048950,115.270622,112.351311
200.523819,131.581192,115.155762,112.359184
190.188400,133.565842,115.023666,112.242577
175.495987,137.610550,114.437439,111.713768
176.254318,144.018646,114.348389,111.671761
187.016769,138.425705,114.306526,111.650902
197.740585,107.226402,114.105621,111.442017
198.475204,79.743927,114.091385,111.411591
177.796356,76.308472,114.146675,111.658028
184.660980,92.521729,113.943985,111.628380
210.865387,119.859505,113.729095,111.570801
233.589722,154.441422,113.842766,111.590981
252.820740,168.346100,114.066284,111.748741
239.109283,175.025452,113.568031,111.147797
225.891403,172.496643,113.955345,111.655342
219.315750,179.115204,114.085396,111.705147
215.681366,171.092896,114.082390,111.780159
207.692337,155.813126,113.591476,111.314003
208.826218,141.864471,113.900970,111.716576
214.945496,133.853882,113.998863,111.797234
227.116196,119.055176,114.556396,112.321136
223.381119,102.598114,114.458160,112.393806
209.297409,83.820076,114.659485,112.560005
206.401917,57.833317,114.699585,112.547966
210.831711,41.312588,114.293938,112.187881
229.750595,53.805729,114.163109,111.996658
235.000061,51.152184,114.135170,111.801582
236.425995,71.553276,114.382118,112.094383
249.245453,107.246864,114.474716,112.232849
247.801819,141.572098,115.007607,112.957100
250.682831,162.935196,115.606308,113.529869
259.615906,157.879944,116.277458,114.060829
250.742493,162.086304,116.466187,114.265106
242.100464,148.481415,116.282722,114.018944
248.420471,138.117218,116.210831,114.061394
246.438248,119.310562,116.297905,114.152779
248.654160,88.103043,116.619492,114.523758
248.415329,87.288010,116.174698,114.067268
251.238785,105.522011,116.416573,114.240234
247.551178,106.285110,116.421104,114.226532
245.762726,102.635864,116.420212,114.192375
248.783844,106.426819,116.569649,114.457176
253.043976,108.821533,116.489639,114.371407
260.983917,123.394753,116.469223,114.507950
262.696869,134.982498,116.662697,114.559586
231.860703,143.391129,116.717834,114.642418
188.606888,137.691147,116.952469,114.703171
178.084274,135.010056,117.053108,114.562859
192.910034,123.738533,117.210594,114.731964
204.540604,121.725296,117.352913,114.848671
251.295883,141.356201,117.471443,114.785301
291.511597,142.267853,117.637634,114.911263
308.112671,138.929306,117.167519,114.519775
306.165161,143.802063,116.912872,114.247955
290.909607,133.921341,117.065353,114.391823
265.138214,114.440651,116.841362,114.089409
238.238846,89.655563,116.924202,114.039101
217.059753,82.687050,117.241890,114.311302
218.467056,94.431068,117.359360,114.375900
230.510834,110.946831,117.824142,114.937157
232.287277,122.077240,117.777771,114.908096
245.159393,134.303604,117.464455,114.615967
273.168274,143.768417,117.768906,114.806396
284.891296,157.857590,117.893417,115.022842
277.395935,167.663071,117.748375,114.806595
271.117096,167.934723,117.716347,114.811920
262.223022,171.230042,118.199509,115.276588
233.981293,159.764252,118.088272,115.105713
205.949722,154.299957,117.866112,114.778954
188.139343,147.372986,117.315063,114.056320
186.227539,157.307755,117.153595,113.855652
192.872314,154.897247,116.615395,113.195801
215.155060,134.213852,116.401459,113.051369
229.274612,106.478310,116.365753,112.901428
237.413300,79.978767,116.567741,113.102150
269.911743,70.550674,116.228691,112.941139
295.093140,69.738724,116.512001,113.287369
301.697418,82.724045,116.540627,113.281853
298.924957,95.165154,116.381882,113.165207
287.425232,104.075760,117.145386,113.879333
263.377960,119.081429,116.735573,113.440819
239.813034,137.181656,116.498077,113.378326
221.537323,148.375809,116.156738,113.072960
209.696228,149.462128,116.630630,113.433228
194.729584,137.138290,116.791191,113.550362
181.153915,125.069641,116.711662,113.517372
177.312439,122.932426,116.322243,113.099945
187.496643,118.803581,115.731178,112.555267
204.722626,98.539856,115.456741,112.324638
221.072403,87.216827,115.282417,112.172241
235.670181,95.414345,115.441978,112.312378
250.250946,113.698883,115.999405,112.885986
273.742584,139.258850,116.460152,113.214149
276.098755,146.716248,116.811577,113.539009
269.270416,128.877609,116.603340,113.462799
222.240265,113.083282,117.027931,113.948189
175.461853,117.816216,116.764977,113.632088
149.760361,133.795273,116.679169,113.539619
142.333588,154.305679,116.633186,113.725189
134.630035,157.827499,116.816490,114.087196
147.204834,148.875031,117.395798,114.611961
180.636581,112.057739,117.149925,114.319801
200.672180,92.748260,117.161186,114.349060
205.381195,96.359993,116.773758,114.179581
203.132721,114.699692,117.621384,115.151924
201.569260,124.786827,117.252060,114.792168
195.129257,122.921669,117.028549,114.422478
203.003723,114.153519,117.242249,114.632439
213.065491,115.436905,117.635437,115.132065
208.294067,132.275284,117.269348,114.922241
197.374863,138.652069,117.254227,114.960701
182.917084,141.754517,117.334320,114.831558
177.623718,132.314667,117.415047,114.723808
173.911545,114.461891,117.233536,114.723053
169.110489,109.020660,117.768211,115.336884
173.796539,129.660324,117.673691,115.072655
183.267899,153.970093,117.676178,115.018394
181.962723,171.653412,118.089020,115.360748
177.701965,171.703796,118.141037,115.458420
173.113876,146.830170,118.109024,115.173630
179.351822,122.455879,118.072739,115.131241
166.684708,102.495674,118.109985,115.085159
146.838440,89.962624,117.847946,114.912331
138.403214,104.781288,117.836395,114.879776
148.300766,115.545227,117.381233,114.285439
158.041763,121.693230,117.263626,114.270599
175.570145,122.648178,117.540192,114.678986
203.716736,127.749664,117.259010,114.454262
224.609741,147.889008,117.356812,114.497650
258.289673,157.005051,117.351067,114.526825
269.689056,159.506454,117.210083,114.534081
264.411438,157.604630,117.024345,114.352730
219.318100,150.443893,117.446930,114.830963
184.952576,139.785721,117.453484,114.727295
147.469467,133.128342,117.985634,115.256897
113.756699,141.615082,118.400848,115.607811
85.097588,141.059357,117.860870,115.140350
91.171227,132.480331,118.169006,115.548943
142.088989,119.350731,118.667984,115.926582
189.205048,112.665909,118.787590,116.168854
207.936066,103.850807,119.218872,116.762253
199.194824,107.980438,118.876007,116.346970
211.704117,116.583755,118.462448,115.923660
219.090652,130.446411,118.206238,115.545715
204.772858,135.885666,118.405266,115.655617
170.005112,134.724228,118.535110,115.712486
144.689575,139.274963,118.645859,115.930717
157.954315,140.845657,118.510254,115.830948
193.775284,139.216110,118.376007,115.603485
244.756592,128.445114,119.014282,116.367149
251.065140,131.415100,118.515335,115.813637
245.208282,131.262070,118.337646,115.778763
233.402725,124.153770,118.219574,115.730888
228.808105,115.719376,118.047531,115.553108
226.280640,108.100967,117.759224,115.341492
230.247040,104.121368,117.409920,115.029350
247.839859,111.741692,117.342003,114.981201
248.917770,120.540001,117.234634,114.857094
245.309158,121.792336,117.222832,114.833237
215.047684,125.137787,117.102493,114.802887
180.205460,154.741989,116.843025,114.526505
162.553268,167.286118,116.493568,114.361732
152.198990,164.177597,116.702118,114.622620
157.910202,164.259644,116.799217,114.618309
183.024384,155.906158,116.535141,114.458427
186.760895,152.640274,116.535324,114.426781
171.560074,152.412506,117.111267,115.022896
154.194321,144.232407,117.542160,115.475288
148.940842,138.960159,117.256691,115.121681
174.869293,132.646225,117.129631,114.971703
214.234421,130.388916,116.922615,114.762413
258.217438,120.859360,116.866814,114.571289
257.005920,110.522758,116.941307,114.548500
226.394958,110.757690,117.436485,114.914825
186.581116,103.547585,118.323395,115.726166
172.840652,96.967918,118.255600,115.683823
155.769577,101.775772,118.526962,115.928185
143.502090,105.066994,118.167015,115.704460
146.086548,106.025581,118.578163,116.299347
194.733368,116.257607,118.808342,116.435074
248.431931,112.625923,118.694214,116.235870
271.391418,105.565536,118.422462,116.047913
263.291626,106.890862,118.620163,116.184540
251.418594,111.485107,118.266853,115.820953
236.255676,115.960617,117.765205,115.109688
208.166443,128.589722,117.577255,114.772850
189.563904,131.347412,117.174232,114.467445
147.750610,121.097183,117.458672,114.677055
125.074852,103.857109,117.727364,114.969490
119.596298,100.528702,118.010345,115.157417
140.851135,105.761986,117.860344,115.016525
164.685532,108.693680,118.137070,115.096207
173.686417,115.000114,118.263817,115.236542
164.189362,106.401093,118.158768,115.072548
173.565079,97.376251,117.894119,114.699493
182.418396,87.434265,117.754723,114.642387
188.904099,88.128120,117.972672,115.004387
195.344803,99.125587,117.816528,114.867287
182.896866,111.042671,117.839111,114.741661
178.598312,129.030060,117.883247,114.904884
191.093063,150.279022,117.968872,114.768204
202.414078,168.186600,118.331635,115.309578
191.425430,168.082764,118.236931,115.159935
166.969070,161.756302,118.002052,114.991478
156.837692,135.018356,118.052246,115.010422
160.734085,97.249535,117.834557,114.887192
167.475311,75.095665,117.546722,114.493874
180.998077,78.276543,117.731567,114.829590
200.143753,90.802246,118.031548,115.170776
219.958725,102.898758,118.258118,115.358521
220.379440,104.872353,117.916359,115.047424
212.079117,103.671791,118.081230,115.206245
193.155182,111.877899,117.747917,114.914825
171.728622,120.238197,117.632057,114.807861
162.546310,131.226974,117.500420,114.828560
167.492325,134.414047,117.632019,114.872894
165.446625,129.964691,117.356712,114.530457
163.292847,108.445793,117.475296,114.378731
180.287277,84.358360,117.242134,113.980301
221.094131,83.669548,117.039238,113.830513
252.118469,89.491798,116.441391,113.079041
272.018829,110.743774,116.601883,113.255096
277.514893,130.227982,116.359222,113.025795
274.255646,138.479858,116.733116,113.385498
274.276672,139.259262,116.939056,113.620018
275.207947,139.688293,116.938271,113.668976
272.037323,142.353821,117.143936,113.665871
246.474213,144.806580,117.533165,113.987862
219.622238,142.414597,117.845963,114.428871
211.281647,153.554565,117.485031,114.168869
197.762970,157.867340,117.820465,114.501190
187.559967,151.285721,117.706406,114.215172
187.777527,135.063370,117.850677,114.395134
192.829834,123.213150,118.091949,114.646530
196.227982,118.983978,118.493538,114.943581
220.970642,118.241470,118.769226,115.141441
232.828125,111.960381,118.791374,115.261620
238.523010,98.544678,118.517914,114.821793
235.707260,80.644043,118.659790,114.943489
248.070709,104.215912,119.229858,115.334915
268.647491,138.115402,119.368179,115.519150
261.145813,163.848450,119.684540,115.797775
240.699036,172.995682,119.862396,115.826958
230.481033,154.246231,120.251656,116.120972
236.360611,111.785240,120.109970,115.891823
221.851410,82.967293,119.850540,115.544479
215.083984,72.782524,119.895683,115.605392
205.722183,82.139740,119.975723,115.609818
187.136841,84.636955,119.792854,115.313065
200.029999,85.894753,119.573769,115.188614
226.954636,74.940399,119.790581,115.332100
254.118790,62.264259,120.089691,115.474014
259.225555,54.925404,119.317932,114.917023
258.237274,73.870667,119.447945,114.939308
242.269821,89.151169,119.741180,115.223518
221.156647,101.973183,119.718872,115.174393
221.281235,100.757919,119.731056,115.192947
218.577301,99.223289,120.199234,115.811111
231.283478,100.163994,119.933327,115.444321
223.440903,112.864723,119.699196,115.226814
188.936707,125.625328,119.342628,114.858131
180.599701,125.179298,119.280266,114.762741
201.952118,115.614479,119.295479,114.801643
210.686050,99.720993,119.153229,114.622116
220.207870,96.245186,119.368637,114.901917
224.235474,107.714355,119.373367,114.855042
219.940979,115.940514,119.444633,114.939499
217.083282,116.210785,119.109375,114.513641
211.740326,124.998024,119.031967,114.440758
196.956680,133.885590,118.951172,114.436691
186.882614,149.134460,118.961479,114.081337
196.661270,153.157684,118.986519,114.118362
202.276505,145.357162,119.182564,114.439026
196.368423,141.933792,119.454872,114.541199
189.827744,140.038818,119.242020,114.350975
209.169739,130.270782,118.991882,114.104668
229.948502,107.092186,119.035736,114.091003
262.358551,77.667458,118.991035,114.044319
251.832077,79.337715,118.591827,113.692955
260.245941,84.295624,118.661232,113.717644
256.057343,107.051056,118.459633,113.491379
248.210831,128.858841,118.540260,113.613663
239.203979,143.196930,118.807167,114.043526
225.348083,139.991852,118.971931,114.320496
198.327957,138.436462,118.787659,114.300842
201.005890,148.238312,118.991142,114.539154
206.923599,158.452637,118.915245,114.563713
217.937225,157.724258,118.674774,114.373955
220.687515,135.196838,118.671570,114.277702
223.108475,118.465645,118.983597,114.516449
239.302673,122.317184,119.073418,114.726532
272.262787,112.987000,118.768356,114.363747
281.834930,124.048546,118.660805,114.276199
277.549774,113.571739,119.024467,114.456299
262.071991,111.998695,119.403404,114.786324
250.642059,118.982231,119.505829,114.866524
246.337128,135.694458,119.402924,114.765556
234.211304,152.649582,119.687019,114.968994
232.587341,145.917130,119.758408,115.081093
249.273041,136.794724,119.118759,114.397705
247.104050,137.134872,118.986130,114.335945
245.917938,120.921295,119.446495,114.942482
237.636688,123.760925,119.506363,115.110527
235.262360,116.293030,119.347931,115.034492
239.583374,119.222427,119.603714,115.182152
251.717804,101.860489,119.568192,115.310852
250.705170,97.361252,119.346947,115.132233
256.801758,100.150291,119.151108,115.040916
262.769135,114.064507,119.022087,114.938004
270.721466,129.564316,118.890732,114.706810
267.497162,143.723007,118.936638,114.901154
265.065460,130.073898,118.984375,114.967339
233.270401,139.475372,118.953239,114.983421
212.883774,134.685944,118.869598,114.939171
191.911041,126.090828,118.939842,114.911392
187.067520,97.266365,119.145660,115.290344
189.808456,74.094666,119.518715,115.713173
196.400101,62.620365,119.583443,115.835991
209.205414,71.150734,119.713493,116.036797
224.247025,86.586235,119.744713,115.928864
228.681641,84.886772,119.131760,115.228210
239.790131,87.205284,119.095818,115.198837
252.364777,104.902237,119.419868,115.313049
267.589081,132.342636,119.029716,114.933060
277.275330,145.583725,118.750183,114.617401
272.355011,146.140121,118.245522,114.118622
257.280792,116.327423,118.241501,114.031593
252.775101,96.375916,118.304588,114.207848
237.265106,91.539993,117.995117,113.895195
210.186783,99.831306,117.879089,113.734528
204.309982,112.804123,118.047638,113.776138
214.561066,127.845566,117.676460,113.630783
229.387741,122.527039,118.031242,113.864952
2
0
0
0
0
1
277.932556,249.926605,96.773636,90.611565
276.842438,239.371048,96.885315,90.763191
279.983734,232.998047,96.340576,90.269630
276.826691,233.455887,95.838913,89.788910
263.891724,239.838058,95.887245,89.804642
257.330750,243.050690,95.579102,89.481766
257.503693,230.892563,95.758430,89.547539
257.781006,219.960922,96.370834,89.980347
253.398300,218.413574,96.089096,89.939301
251.347321,219.998230,96.013435,89.866653
252.691376,225.259888,96.343788,90.127113
266.008636,226.945770,96.484932,90.189148
278.348999,217.409485,96.357803,90.072762
296.359436,204.383926,96.069237,89.698547
297.090118,191.082581,96.216316,89.865829
292.823090,191.243393,96.000237,89.670517
286.956848,198.438629,95.634109,89.311172
282.358917,207.141113,95.399101,89.117966
254.746643,210.329636,95.616562,89.316681
238.243332,200.568054,95.651054,89.292191
226.448181,193.286209,95.429863,89.193153
225.858429,197.277237,95.794708,89.526535
229.521988,215.403946,95.770966,89.477051
251.289124,255.051453,95.316643,89.004784
275.767578,275.878326,95.472839,89.144363
304.985474,259.425873,95.906525,89.533417
320.369324,238.250534,95.601608,89.135757
312.891785,229.025055,95.559570,89.073471
291.996094,220.884583,96.100494,89.525276
276.970978,224.764786,96.315033,89.574348
249.140228,233.489075,96.381165,89.671654
226.217728,236.152328,96.320541,89.508446
252.416748,226.505829,96.577644,89.652382
291.491394,233.446671,96.787796,89.741631
315.400208,234.136978,96.544601,89.490791
332.780548,228.505203,96.237206,89.228264
341.372437,229.593170,96.154205,89.107574
347.756836,238.362823,96.238861,89.149559
351.171753,237.073364,96.275818,89.209175
350.365753,229.760757,96.428795,89.255966
343.447876,227.913025,96.514771,89.317963
318.794983,245.250626,96.671822,89.414185
292.907074,260.076294,96.327240,89.184074
297.320770,252.122940,96.736229,89.681038
307.859558,239.906830,96.940971,89.951843
312.923767,238.714951,96.938995,89.954407
326.508240,248.376816,96.802948,89.839676
345.171021,254.813400,96.777374,89.856606
358.274536,246.748886,96.475540,89.545105
334.758392,214.374695,96.328011,89.454201
306.926941,185.196228,96.752419,89.858635
284.538452,160.889313,96.801498,89.837761
285.021179,168.386841,96.837547,89.804138
283.709045,187.192474,96.595711,89.628113
275.576660,204.142471,95.928726,88.965446
247.993713,229.346375,95.769440,88.899162
223.796524,237.090179,95.774261,88.900658
213.644943,243.011520,96.150032,89.172203
213.186005,242.445572,96.552986,89.493721
225.985596,242.923630,95.963364,88.813377
247.453125,231.456665,96.210709,89.031082
244.397766,202.700699,96.210533,89.119293
238.680557,177.064728,96.486862,89.227913
222.910049,171.445953,96.199860,88.847450
227.824188,174.608902,95.809998,88.515076
208.151337,190.951019,95.886528,88.627274
196.037354,203.043610,96.358398,89.174553
186.628006,209.094147,96.313332,89.108849
185.499924,208.575043,95.665497,88.542374
178.628067,223.606216,95.333656,88.262871
176.856583,232.084320,94.820030,87.871361
210.282959,232.776016,94.635277,87.578918
240.560532,227.399246,94.792046,87.669395
270.640320,222.317734,95.200264,88.033775
292.214905,213.403000,95.327278,88.079063
308.759399,220.870453,95.297180,88.029144
310.230774,233.422714,95.751343,88.434799
291.945038,241.327148,96.118645,88.704018
249.601318,227.443039,96.170586,88.659958
213.662262,210.289825,96.788559,89.165329
186.041367,211.306625,96.860435,89.373032
177.011261,221.805023,97.059547,89.671715
206.054108,226.731537,97.089920,89.600563
230.089294,213.261581,97.202293,89.589928
243.347046,196.146225,96.858513,89.255348
259.150787,192.161453,96.418777,88.799515
289.150360,194.861862,96.094101,88.498451
317.369324,200.364120,95.879807,88.380455
323.943207,203.220062,95.884720,88.424995
326.155487,202.982773,95.630760,88.141876
294.538910,198.253128,95.747520,88.214737
258.309875,177.917114,96.304779,88.734894
235.838745,154.741211,96.442719,88.727264
244.668945,143.477310,95.887115,88.259857
276.879761,137.751511,95.549644,87.919624
294.431732,125.738083,95.934830,88.291161
293.297241,116.988174,95.976768,88.163635
302.740967,124.360634,95.399101,87.593483
308.230438,152.460648,95.986908,88.154770
307.155212,189.102798,96.443718,88.518356
307.744293,223.051910,96.150757,88.156616
299.596313,226.884613,95.694214,87.721344
302.420074,210.671707,95.762657,87.782471
293.843445,198.227341,95.496979,87.534576
288.582764,187.510010,95.226166,87.305092
289.633484,166.231812,95.346413,87.368317
290.482086,133.800613,95.361969,87.346802
287.031921,88.748619,95.767586,87.756279
305.940155,74.964989,95.473701,87.588234
321.483521,89.168663,95.635780,87.806351
333.060791,133.863831,95.486465,87.612465
317.838257,162.122574,95.441803,87.490463
303.991791,181.749237,95.303772,87.383240
291.641846,198.817612,95.494057,87.493660
279.415131,213.488739,95.556213,87.480232
272.403076,223.823959,95.437866,87.416420
260.052063,229.762909,94.655014,86.728081
265.088776,231.876816,94.662498,86.866142
279.787842,231.244904,94.374619,86.518478
286.740021,219.394165,94.263329,86.471550
295.452423,206.730927,94.308983,86.570732
305.205475,192.660400,94.475906,86.675148
304.286285,186.400864,94.341408,86.618332
314.026611,187.913956,94.297470,86.629089
332.589325,194.579666,94.859741,87.171539
331.082397,213.523880,95.136436,87.447037
319.222443,230.299652,95.570236,87.955864
298.372131,252.367676,96.018066,88.209152
266.872070,260.905853,96.079254,88.222282
257.979767,260.572968,96.571739,88.589943
257.070648,253.282562,96.529778,88.527634
243.493851,227.251083,96.779701,88.917564
240.318115,193.027023,96.914993,89.096939
256.541748,176.426926,96.952309,89.121956
275.897369,171.420151,96.697739,88.876068
291.119843,175.365112,96.835159,88.959877
308.833282,190.727676,96.064255,88.197914
328.480225,208.271103,95.931061,88.038322
337.841003,231.451935,95.821274,87.816063
346.049561,251.416061,95.603706,87.552711
334.586487,260.471497,95.307106,87.327812
322.710938,263.709503,95.220886,87.322609
290.563751,264.954651,95.224091,87.386002
258.226929,266.856781,95.595535,87.794655
212.216141,264.400818,95.963257,88.122116
213.173721,245.955399,96.127747,88.283730
222.942642,221.017792,96.040207,88.224617
221.759354,192.659103,95.830002,87.931473
234.325760,185.324448,96.120232,88.249596
273.348236,181.268356,96.375298,88.523582
295.505402,180.503510,96.867004,89.000328
304.632507,183.144135,96.693405,88.851585
315.345428,186.289673,96.843544,89.203285
321.798431,196.444839,96.718582,89.025887
323.929169,215.839249,96.429039,88.758156
311.582214,228.133194,96.417480,88.720131
281.401855,231.472137,96.025665,88.365364
242.684753,225.995972,95.625710,88.141060
200.052353,229.289536,95.599960,88.124062
170.265671,220.214676,95.655586,88.105652
195.423508,225.397903,95.317841,87.778633
237.550964,228.213181,95.216995,87.703629
245.438477,225.010651,95.676155,88.065941
244.096008,223.722076,95.381432,87.860886
292.247925,224.261642,95.330055,87.954361
342.259796,215.628799,95.353577,87.914413
363.652222,205.122681,95.140388,87.695724
345.852600,198.685242,95.094437,87.611702
299.187592,206.733200,94.721283,87.277740
272.514954,181.820114,94.913841,87.535362
2
0
0
0
0
1
240.051773,200.946213,85.685875,78.587524
243.832993,229.295700,85.781387,78.702644
236.431305,251.047318,85.608559,78.623032
241.883682,260.526031,85.214294,78.204361
252.631210,269.435333,84.947426,78.010620
238.010071,255.447189,84.711510,77.708397
220.353241,255.019165,84.827377,77.761421
228.779144,269.919342,85.187660,77.952339
252.797821,283.611267,85.176239,77.969101
273.767426,286.885101,85.075874,77.913933
276.146515,272.405426,85.401169,78.145164
274.617401,249.578918,86.125992,78.820274
283.297394,212.322357,86.245850,78.964035
273.578247,173.143692,86.099266,78.818672
255.756775,147.704071,86.197784,78.928848
239.191757,162.188553,86.316460,78.994377
233.696152,187.424225,86.125328,78.908142
231.311523,221.481033,85.864334,78.658249
228.761551,246.647522,86.224037,79.113022
231.837494,256.100952,86.193085,79.148499
244.884857,246.072510,86.260323,79.150200
251.235474,233.150192,86.352226,79.270073
242.635162,228.455383,85.714706,78.737625
260.189728,222.947815,85.257278,78.288612
282.194366,215.895508,84.718010,77.816292
282.609772,204.286285,84.785507,77.783363
273.110992,190.465149,84.467613,77.307602
282.258606,179.821671,84.612190,77.313271
296.058228,179.913162,84.819290,77.499893
298.422272,205.499451,84.850655,77.655556
280.707062,229.345200,85.154686,77.834007
275.314941,253.892242,86.000237,78.581413
284.933624,263.036865,85.856483,78.273285
293.786621,257.013855,85.711243,78.220612
276.915283,241.388489,86.052483,78.537361
265.228394,235.157928,85.700294,78.181366
268.934906,239.457535,85.793892,78.288696
273.302948,236.689407,86.160400,78.620247
265.379730,226.469345,86.290550,78.697861
256.795868,221.149643,85.793434,78.256271
250.901062,221.560318,86.435532,78.911247
247.901123,226.990967,86.402344,78.936516
236.509781,227.454819,86.569733,79.039604
238.642563,224.601761,86.605034,78.951157
258.167572,217.245773,86.777176,78.934433
286.031281,218.711197,86.889427,79.123878
277.348602,229.263779,87.080803,79.303848
251.153778,238.605225,86.727020,78.901978
251.037918,241.202271,87.189056,79.242340
261.887146,228.107361,87.419121,79.436478
268.519684,213.811035,87.357010,79.261894
266.217560,212.657135,87.463341,79.488197
273.207977,217.927597,87.812843,79.791588
275.710358,222.165649,87.815941,79.677612
275.910583,225.449814,87.459801,79.264084
268.557007,222.449326,87.400375,79.215469
267.763062,216.366516,87.497162,79.326851
272.038971,221.175995,86.974014,78.895424
277.612030,227.059784,86.865204,78.739105
270.195435,239.227081,86.715675,78.648026
261.558167,249.073486,86.739754,78.664673
277.366028,235.612015,86.975075,78.844154
284.492035,219.275284,87.207649,79.043633
283.470459,218.194183,86.861526,78.745598
274.072296,227.556641,86.610954,78.564957
263.379639,240.483322,86.381508,78.298927
268.093597,232.841827,85.785065,77.679626
272.615265,214.081467,86.107506,77.951454
270.392609,207.066666,86.266411,78.167427
278.846069,213.184158,86.414230,78.233391
277.623444,227.412003,86.232468,78.192383
268.606110,238.478668,86.060577,77.988411
258.858276,237.993713,85.796730,77.763954
267.293304,234.295273,86.074165,78.001633
268.238251,231.526489,85.905373,77.797661
264.449310,230.536621,85.778885,77.881371
251.682587,241.038986,85.630287,77.683449
254.102036,252.753616,86.042244,77.986328
252.663162,248.859192,85.450775,77.338013
252.120010,238.744370,85.838722,77.587166
251.999557,236.217926,86.289619,77.951782
250.098877,241.329712,85.945992,77.669487
249.317459,253.748856,85.970627,77.690926
253.395935,262.662964,86.200035,77.834442
249.878983,263.809082,86.373970,77.962540
246.073883,261.609711,86.429344,78.037262
249.139282,255.286880,86.272865,77.979813
240.333984,250.567673,86.448051,78.117455
239.912155,242.672073,86.407265,78.043846
247.740356,230.393890,86.114395,77.726990
240.401596,222.440048,86.203094,77.932175
237.197891,220.287979,86.449982,78.162292
243.949173,225.361862,86.657333,78.427765
248.028351,221.075912,85.760010,77.610657
250.841721,211.806870,85.818695,77.537781
253.547958,210.360870,85.939339,77.635979
257.637695,219.782196,85.969902,77.553307
257.623260,233.342102,85.940796,77.633995
253.327103,244.341980,86.179230,77.949417
253.449463,238.624924,86.464897,78.255913
255.901016,228.938843,86.066818,77.840759
264.340515,224.849487,85.783333,77.603111
268.467499,226.976898,85.679604,77.498344
263.164154,233.921036,86.378883,77.937866
251.240295,238.565887,86.157494,77.557915
248.986969,239.486633,86.998398,78.389175
257.018127,225.299225,86.773438,78.364624
252.445038,223.614716,87.210915,78.718178
243.749237,234.631317,87.009956,78.484619
236.899139,249.749039,86.809906,78.176537
236.625656,253.889694,86.999695,78.360657
253.476364,252.278244,86.950104,78.292091
271.096558,240.804611,86.899124,78.117737
281.671997,230.122437,87.035851,78.246910
262.107422,233.693085,87.168617,78.401604
245.308136,245.434250,87.242874,78.316154
256.799347,254.388229,86.662086,77.749847
284.630280,246.642151,87.022964,78.121681
274.294891,233.654922,86.553864,77.696083
251.069733,227.560669,86.410873,77.531944
237.509125,229.091339,85.986130,77.247635
231.144943,231.272339,85.987305,77.239410
238.160950,231.035141,85.706177,77.038551
242.472733,228.140778,86.076920,77.376015
232.200333,230.157089,86.351334,77.613464
232.429153,230.614883,85.765129,77.073677
243.334732,231.263550,85.887100,77.186447
242.282715,243.597977,86.239998,77.422005
263.909943,254.153473,85.928040,77.146385
287.165283,251.053818,86.016502,77.252579
322.727570,243.549225,85.874741,77.150833
292.406982,242.601486,86.140045,77.291641
247.878830,255.743500,86.082939,77.247986
217.797104,272.380951,85.991287,77.110664
224.309143,273.470673,86.274216,77.389923
252.795898,261.981323,86.256218,77.446915
259.837738,261.370331,86.166595,77.414925
245.299011,262.528503,85.702263,77.014709
230.091400,264.398163,85.588196,76.910469
219.594452,265.917206,85.349854,76.659225
223.653549,267.145416,85.211594,76.484848
243.296722,267.145660,85.241753,76.452385
247.667343,260.794678,84.862083,76.187370
247.425735,254.869949,85.413551,76.644791
238.762543,251.719635,85.381088,76.794098
238.212173,246.267181,85.076797,76.637962
249.774124,233.730118,85.089134,76.712196
249.635803,230.236755,85.236946,76.999435
246.738754,227.700272,84.976532,76.818253
251.326874,218.420807,84.961113,76.788048
249.020233,215.460785,84.602249,76.545219
261.858856,220.308548,84.160851,76.067184
249.480087,254.545242,84.259102,76.147881
234.314331,285.410828,84.661903,76.495224
233.858749,284.024231,84.430450,76.253868
246.058685,259.971313,84.533569,76.342239
246.721283,242.472733,84.929932,76.695923
256.631348,226.952515,84.345337,76.137459
264.861908,209.378311,84.376007,76.187202
256.368500,196.065308,83.948830,75.799583
251.009674,182.149658,83.444504,75.233528
255.229156,166.409943,83.482658,75.249756
255.691711,158.925735,82.984581,74.949150
265.847931,166.976822,82.661003,74.561577
274.775787,185.165466,82.192131,74.039993
281.013245,210.061707,82.080872,73.979080
282.171234,241.452332,81.739243,73.584404
285.194733,240.357574,81.499336,73.452339
280.708344,215.262009,81.453484,73.346909
278.572388,198.449173,81.402077,73.257530
293.615936,198.961685,81.335991,73.155151
321.320007,205.903534,80.941811,72.758186
320.389069,215.043259,80.412102,72.280716
308.072723,221.968521,80.475975,72.156754
296.806671,223.146088,80.913811,72.614418
300.381592,228.950165,80.657990,72.448975
308.552338,248.167404,80.993477,72.732643
314.085968,272.478577,80.759987,72.479950
314.805634,282.742340,81.439896,73.070953
311.072174,267.637146,81.654358,73.206123
301.775299,249.229202,81.830658,73.331902
297.666260,229.096161,82.490257,73.899071
292.898376,203.908264,82.691254,74.069565
286.174255,202.949249,82.753128,74.098892
291.459595,208.865952,83.001289,74.253807
295.047424,219.714722,83.303429,74.471680
308.333893,226.933746,83.210541,74.269852
311.265503,235.214401,82.807190,73.885834
307.941437,237.280258,82.915520,73.952896
300.129395,249.168228,83.068634,74.012062
296.973541,251.765411,83.066597,74.042778
296.709686,242.626175,82.786118,73.761971
296.724121,225.712784,82.909447,73.851997
295.983002,210.246750,82.953934,73.848610
297.618011,203.101288,82.823669,73.798782
295.581848,200.993713,83.395752,74.251823
302.309692,202.391968,83.502495,74.214279
313.016937,203.382904,83.441307,74.323250
328.452454,217.643494,83.036285,73.991463
333.200745,238.268723,83.246155,74.173492
311.668427,254.693985,82.541634,73.666878
277.056213,254.178223,82.570625,73.625084
257.027893,250.746109,82.161644,73.174515
243.766327,240.988266,82.109238,73.012878
236.973450,221.500870,82.089607,72.989601
229.946167,187.520203,82.176743,73.067314
248.841660,177.230972,82.328400,73.245041
267.985565,182.780624,82.260437,73.201469
279.719971,195.526947,82.508568,73.239616
281.257416,205.564743,82.092636,72.829826
285.011505,209.500275,81.871201,72.660736
289.436981,212.390594,82.530823,73.227768
292.305389,214.426147,82.348770,73.203522
295.985474,216.454300,82.082359,73.052444
294.960724,216.103622,81.722267,72.696983
