1
68.23,334.27,137.93,334.15,137.46,65.29,67.76,65.41
71.30,332.79,140.55,332.70,140.20,65.60,70.95,65.69
74.44,332.77,143.58,332.59,142.88,65.93,73.75,66.11
77.61,331.55,146.27,331.39,145.67,66.54,77.01,66.69
80.28,330.33,148.49,330.39,148.71,67.26,80.50,67.21
83.20,330.44,151.44,330.64,152.22,67.42,83.98,67.22
86.54,328.75,154.15,328.81,154.37,68.04,86.77,67.99
88.99,328.49,156.23,328.84,157.56,69.49,90.33,69.14
93.45,327.64,160.27,327.44,159.53,69.72,92.71,69.92
96.89,327.85,163.81,327.62,162.92,69.50,96.00,69.73
98.61,326.76,165.16,326.94,165.86,70.24,99.31,70.06
101.48,326.50,167.84,326.85,169.18,70.90,102.82,70.55
104.58,326.74,170.82,327.04,171.99,71.57,105.76,71.27
108.03,325.13,173.50,325.39,174.50,72.85,109.03,72.59
111.65,324.79,176.93,324.85,177.17,73.05,111.89,72.99
114.20,324.29,179.26,324.43,179.78,73.46,114.72,73.33
117.74,324.87,182.81,324.60,181.75,73.61,116.68,73.89
119.56,323.74,184.09,323.89,184.66,74.99,120.13,74.84
122.38,323.16,186.50,323.42,187.50,76.09,123.38,75.83
125.64,321.95,189.00,322.27,190.26,77.88,126.90,77.55
128.75,321.81,192.01,322.19,193.48,78.22,130.23,77.83
131.09,321.38,194.12,321.80,195.76,78.70,132.73,78.27
133.19,320.43,195.78,321.01,198.00,79.60,135.42,79.02
137.25,320.71,199.81,320.86,200.37,79.57,137.81,79.43
139.23,319.35,201.29,319.71,202.70,80.30,140.63,79.94
142.33,319.17,204.40,319.59,206.01,80.17,143.94,79.75
144.71,318.63,206.50,319.06,208.16,80.75,146.37,80.32
147.24,317.88,208.76,318.29,210.35,81.01,148.83,80.60
149.02,317.62,210.11,318.31,212.81,82.66,151.72,81.96
151.68,316.09,212.43,316.79,215.10,82.48,154.35,81.79
153.61,315.91,214.21,316.82,217.73,83.05,157.12,82.14
157.17,315.58,217.59,316.40,220.76,83.38,160.35,82.56
159.71,315.28,219.92,316.09,223.04,83.83,162.82,83.03
162.94,312.78,222.23,313.26,224.07,84.55,164.77,84.07
165.38,312.48,224.59,313.04,226.75,84.63,167.53,84.07
168.05,311.30,226.53,311.89,228.79,86.31,170.31,85.73
171.26,311.23,229.58,311.53,230.74,86.57,172.41,86.27
173.85,309.88,231.95,310.18,233.11,86.07,175.00,85.77
176.34,309.71,234.29,309.95,235.18,86.44,177.23,86.21
178.81,309.30,236.55,309.42,237.01,86.71,179.27,86.59
181.47,308.28,238.81,308.22,238.59,87.02,181.24,87.08
183.66,307.42,240.65,307.29,240.15,87.44,183.15,87.57
186.05,307.03,242.90,306.82,242.11,87.53,185.26,87.74
187.99,306.45,244.43,306.38,244.17,88.68,187.73,88.75
189.58,304.21,245.18,304.15,244.93,89.71,189.34,89.77
191.94,304.05,247.49,303.89,246.84,89.61,191.29,89.78
194.45,303.69,249.87,303.43,248.86,89.69,193.45,89.95
195.92,302.04,250.69,302.13,251.02,90.87,196.25,90.79
197.38,300.29,251.59,300.72,253.23,91.62,199.02,91.20
199.23,299.48,252.88,300.12,255.34,93.17,201.68,92.53
201.73,299.04,255.13,299.56,257.12,93.60,203.72,93.08
203.12,298.29,256.25,299.09,259.35,94.17,206.22,93.37
204.98,297.30,257.79,298.20,261.28,94.50,208.46,93.59
207.08,295.96,259.40,296.93,263.16,95.13,210.84,94.15
208.94,295.59,261.06,296.74,265.46,95.72,213.35,94.58
210.75,294.79,262.22,295.84,266.28,97.34,214.81,96.29
213.12,294.29,264.42,295.35,268.51,97.45,217.21,96.39
214.64,293.30,265.45,294.40,269.68,98.42,218.87,97.32
216.82,291.92,266.89,293.13,271.55,100.03,221.48,98.82
219.16,290.75,268.86,291.64,272.30,99.92,222.60,99.03
221.62,290.78,271.26,291.47,273.93,100.01,224.29,99.32
223.03,290.24,272.39,291.01,275.39,100.62,226.03,99.84
223.80,286.88,272.85,287.18,273.99,97.99,224.94,97.69
223.37,289.87,273.39,291.82,280.95,98.86,230.92,96.90
223.66,289.22,273.19,291.31,281.26,100.28,231.74,98.19
224.89,288.83,274.34,291.25,283.67,100.53,234.23,98.11
226.47,287.43,275.47,289.76,284.44,100.78,235.45,98.45
227.91,286.60,276.30,289.00,285.59,102.35,237.19,99.94
231.65,294.16,284.65,292.68,278.96,88.28,225.96,89.75
233.23,293.30,285.99,291.86,280.46,88.37,227.70,89.80
234.46,292.55,286.91,291.09,281.31,88.76,228.85,90.22
235.98,292.04,288.25,290.57,282.57,88.94,230.30,90.41
237.42,291.57,289.54,290.19,284.21,89.16,232.09,90.54
238.52,290.61,290.40,289.31,285.36,89.20,233.48,90.51
233.60,286.86,285.07,288.20,290.22,89.67,238.74,88.34
235.95,285.28,286.44,286.60,291.51,91.83,241.02,90.52
237.42,284.34,288.06,285.46,292.41,90.13,241.77,89.00
239.16,283.69,288.97,285.11,294.44,92.99,244.64,91.58
240.56,281.83,289.62,283.22,294.99,94.01,245.94,92.62
242.93,281.17,291.62,282.32,296.06,94.54,247.37,93.39
243.99,279.71,292.37,280.82,296.68,94.22,248.30,93.11
245.22,279.34,293.41,280.42,297.57,94.53,249.38,93.46
246.38,279.11,294.56,280.26,299.01,94.44,250.83,93.28
247.88,277.79,295.72,278.83,299.75,94.31,251.91,93.27
249.00,276.80,296.47,277.95,300.91,94.82,253.43,93.68
250.11,276.74,297.42,277.92,301.96,95.43,254.65,94.26
251.55,277.30,298.89,278.29,302.69,95.71,255.36,94.72
252.80,275.97,299.82,276.87,303.29,95.52,256.27,94.62
253.64,276.66,301.00,277.51,304.30,94.83,256.94,93.98
255.07,275.83,302.12,276.79,305.81,95.30,258.76,94.34
256.49,274.83,302.95,275.78,306.62,96.55,260.16,95.60
257.95,274.43,304.19,275.24,307.29,96.86,261.04,96.06
259.37,273.70,305.29,274.46,308.23,97.32,262.30,96.56
260.72,273.31,306.37,273.92,308.72,97.86,263.08,97.25
262.24,272.54,307.50,273.07,309.56,98.49,264.30,97.96
263.17,271.69,308.11,272.38,310.74,99.05,265.80,98.36
264.03,271.21,308.73,271.99,311.74,99.56,267.03,98.78
265.65,270.00,309.92,270.80,312.99,100.06,268.73,99.26
266.90,269.66,310.99,270.35,313.65,100.31,269.57,99.62
268.25,269.24,312.12,269.97,314.91,100.77,271.05,100.05
268.99,268.64,312.61,269.56,316.18,101.33,272.56,100.41
270.43,268.31,313.88,269.20,317.34,101.62,273.89,100.72
268.98,270.28,313.47,272.31,321.30,100.70,276.81,98.67
270.05,269.34,314.51,271.20,321.66,99.72,277.21,97.87
269.95,271.32,316.20,272.53,320.85,94.15,274.61,92.94
270.69,271.93,316.74,273.26,321.89,95.64,275.84,94.31
276.99,264.06,319.01,264.83,321.98,102.74,279.96,101.97
275.30,266.34,318.57,268.49,326.86,101.59,283.59,99.44
276.52,267.20,319.96,269.29,328.00,101.71,284.56,99.63
277.96,266.03,320.99,268.05,328.77,102.09,285.75,100.07
279.05,265.98,321.89,267.89,329.28,102.63,286.44,100.72
279.76,265.61,322.51,267.69,330.53,102.78,287.78,100.70
281.03,264.29,323.33,266.16,330.54,103.02,288.24,101.15
282.52,263.33,324.18,265.06,330.85,104.36,289.19,102.64
281.50,264.47,324.45,266.07,330.64,100.41,287.70,98.81
282.21,264.34,324.98,265.80,330.60,100.83,287.83,99.37
283.47,262.04,325.72,263.34,330.74,100.38,288.49,99.08
283.34,262.20,325.97,263.62,331.44,99.20,288.82,97.78
282.72,263.97,326.02,265.41,331.56,98.39,288.26,96.95
283.36,262.52,326.20,264.02,331.99,98.81,289.16,97.31
285.47,262.99,328.54,261.88,324.26,95.74,281.18,96.85
279.62,261.91,322.69,263.93,330.45,97.79,287.38,95.77
278.90,260.95,322.81,263.06,330.96,93.72,287.05,91.61
278.77,259.45,321.81,261.73,330.61,95.74,287.58,93.46
278.28,257.67,320.84,260.11,330.26,95.96,287.70,93.51
280.22,255.91,321.74,258.08,330.12,97.93,288.60,95.76
280.06,257.01,321.98,259.38,331.13,97.70,289.21,95.33
280.40,255.86,322.97,258.23,332.13,94.02,289.55,91.65
281.18,256.26,323.24,258.84,333.17,96.61,291.12,94.04
282.45,254.61,323.84,257.20,333.84,97.53,292.44,94.94
283.13,254.22,324.41,257.02,335.23,97.81,293.96,95.01
283.60,254.95,325.62,257.63,335.94,95.54,293.92,92.87
284.18,254.88,325.85,257.76,336.95,97.04,295.28,94.16
284.34,254.03,325.89,257.23,338.23,96.97,296.68,93.77
284.76,254.16,326.50,257.63,339.88,96.63,298.14,93.16
285.30,252.58,326.61,256.36,341.18,97.02,299.87,93.24
286.28,252.11,327.38,256.00,342.39,97.46,301.29,93.57
286.93,251.94,328.09,255.67,342.48,96.93,301.33,93.19
287.17,252.36,328.92,256.35,344.29,95.29,302.54,91.30
287.83,252.89,330.13,256.96,345.84,93.78,303.54,89.71
288.61,252.35,330.80,256.32,346.11,93.61,303.92,89.64
290.08,253.05,332.51,256.75,346.80,93.10,304.37,89.39
289.64,252.09,331.87,256.33,348.23,93.43,305.99,89.19
290.89,252.40,333.02,256.57,349.10,94.08,306.97,89.91
292.05,251.21,333.57,255.48,350.04,95.30,308.51,91.04
292.86,250.90,334.09,255.31,351.10,96.28,309.87,91.87
293.18,249.91,333.80,254.37,350.99,97.69,310.37,93.24
294.33,249.74,334.87,254.13,351.81,97.79,311.28,93.40
295.11,249.37,335.50,253.91,352.97,98.13,312.59,93.60
296.56,249.01,336.72,253.42,353.71,98.52,313.55,94.11
296.45,248.47,336.44,253.30,355.05,99.09,315.07,94.26
296.48,247.01,336.06,251.92,355.00,99.29,315.42,94.38
296.01,247.15,335.50,252.58,356.46,100.24,316.96,94.81
296.87,247.02,336.37,252.60,357.88,100.24,318.38,94.67
296.64,246.58,336.03,252.59,359.19,100.67,319.80,94.66
297.72,245.15,336.12,251.34,359.98,103.25,321.59,97.06
312.82,248.13,350.09,249.53,355.50,105.76,318.23,104.36
312.64,245.96,349.75,247.36,355.14,104.24,318.03,102.84
312.09,246.33,349.50,248.08,356.25,103.82,318.85,102.07
313.11,245.79,350.21,247.41,356.48,104.30,319.37,102.67
313.56,245.28,350.35,246.90,356.60,105.01,319.81,103.39
314.11,244.56,350.84,246.38,357.86,104.69,321.13,102.87
313.66,244.93,350.70,246.68,357.43,103.82,320.40,102.08
314.46,245.01,351.60,246.76,358.37,103.47,321.22,101.72
314.46,243.78,351.52,245.59,358.47,102.67,321.42,100.86
314.83,243.92,352.07,246.01,360.12,102.37,322.89,100.28
315.32,242.75,352.11,245.16,361.39,103.26,324.60,100.86
315.78,242.31,352.33,244.58,361.08,103.61,324.53,101.34
316.88,242.45,353.54,244.72,362.31,103.31,325.65,101.04
317.19,242.42,353.88,244.70,362.65,103.17,325.96,100.90
318.63,241.18,354.89,243.40,363.47,103.56,327.21,101.34
318.82,241.65,355.37,243.93,364.18,102.94,327.63,100.66
320.03,241.01,356.50,243.29,365.32,102.61,328.85,100.32
320.18,240.36,356.50,242.62,365.20,102.52,328.88,100.27
320.62,239.60,356.80,242.06,366.27,102.49,330.09,100.04
321.18,239.11,357.18,241.84,367.68,102.97,331.68,100.25
320.85,239.64,357.40,242.36,367.88,101.38,331.33,98.66
322.03,241.43,359.23,243.76,368.21,100.28,331.01,97.95
322.58,241.48,359.86,244.07,369.85,100.28,332.57,97.69
323.20,240.98,360.63,243.32,369.63,98.93,332.20,96.60
323.64,241.32,361.27,243.73,370.56,98.61,332.93,96.20
324.75,241.55,362.17,243.70,370.45,99.35,333.03,97.20
324.95,240.53,362.26,243.04,371.95,99.13,334.64,96.62
325.03,239.36,361.86,241.89,371.65,99.83,334.82,97.29
326.55,239.57,363.45,241.91,372.50,99.58,335.60,97.24
327.99,240.11,364.97,242.16,372.85,99.50,335.87,97.46
328.01,239.44,364.85,241.48,372.71,99.38,335.87,97.34
329.44,239.86,366.19,241.69,373.27,99.94,336.52,98.10
330.91,239.09,367.38,240.81,374.02,100.13,337.55,98.41
330.23,239.80,366.72,241.64,373.79,100.90,337.30,99.07
331.47,239.28,367.82,240.95,374.27,100.74,337.92,99.07
332.73,239.05,369.11,240.78,375.79,100.48,339.42,98.75
332.57,239.39,368.90,241.07,375.37,100.94,339.04,99.26
333.00,239.70,369.36,241.65,376.86,101.41,340.51,99.47
333.44,239.85,369.91,241.75,377.28,101.08,340.80,99.17
333.60,239.15,370.00,241.37,378.59,100.94,342.18,98.72
334.61,239.26,371.02,241.22,378.59,100.79,342.19,98.83
335.07,239.36,371.32,241.33,378.91,101.53,342.67,99.56
336.57,239.32,372.75,240.92,378.91,101.37,342.73,99.77
336.90,238.41,372.79,239.93,378.63,101.52,342.75,100.01
338.19,238.63,374.10,239.97,379.26,101.45,343.34,100.12
338.31,238.66,373.92,239.94,378.87,102.61,343.27,101.33
339.10,237.84,374.79,239.22,380.11,101.54,344.41,100.16
338.99,238.02,374.48,239.43,379.92,102.55,344.44,101.14
339.31,238.06,374.85,239.37,379.91,102.29,344.38,100.98
340.48,238.17,376.08,239.39,380.77,102.07,345.16,100.85
339.97,237.33,375.57,238.86,381.47,101.56,345.87,100.03
339.93,237.60,375.44,239.26,381.86,102.29,346.35,100.62
341.26,236.73,376.46,238.25,382.34,102.47,347.14,100.95
341.00,236.11,375.97,237.85,382.68,102.98,347.71,101.24
341.47,235.62,376.16,237.17,382.13,103.36,347.44,101.81
342.81,234.68,377.16,236.12,382.73,103.63,348.38,102.19
342.71,234.24,376.85,235.71,382.55,104.04,348.41,102.56
342.58,234.10,376.58,235.69,382.73,104.55,348.73,102.95
342.65,232.70,376.22,234.33,382.51,104.86,348.95,103.23
344.13,232.27,377.51,233.88,383.70,105.13,350.32,103.53
344.35,232.16,377.66,233.77,383.89,105.31,350.58,103.70
344.75,231.28,377.70,232.89,383.93,105.79,350.98,104.17
344.62,231.08,377.46,232.82,384.16,106.14,351.32,104.41
345.05,230.78,377.67,232.29,383.50,106.48,350.89,104.97
345.01,229.74,377.52,231.34,383.70,105.91,351.18,104.31
345.34,229.64,377.68,231.16,383.51,106.43,351.17,104.91
345.38,229.05,377.46,230.68,383.74,106.96,351.66,105.33
346.52,228.63,378.42,230.16,384.32,107.11,352.42,105.58
347.06,228.39,378.81,229.75,384.08,107.29,352.33,105.92
346.64,228.09,378.30,229.70,384.54,107.58,352.88,105.96
346.76,227.37,378.39,229.01,384.73,107.00,353.10,105.36
346.48,227.18,377.99,228.79,384.17,107.27,352.67,105.67
346.44,227.54,377.96,229.20,384.36,107.62,352.84,105.96
347.46,226.71,378.78,228.36,385.15,107.56,353.84,105.91
347.41,226.05,378.59,227.76,385.19,107.49,354.01,105.78
347.75,225.91,378.61,227.57,385.02,108.53,354.16,106.87
347.44,225.33,378.13,227.20,385.34,108.83,354.65,106.96
347.82,225.13,378.40,226.86,385.10,108.93,354.52,107.19
347.89,224.99,378.38,226.81,385.41,109.20,354.92,107.37
347.79,224.50,378.03,226.48,385.65,109.83,355.41,107.85
347.53,224.27,377.59,226.33,385.53,110.38,355.47,108.32
347.87,223.93,377.98,226.01,386.00,109.86,355.88,107.78
348.14,223.14,377.77,225.24,385.87,110.93,356.23,108.83
348.65,223.68,378.31,225.49,385.30,111.10,355.64,109.29
348.97,222.30,378.41,224.02,385.03,110.48,355.59,108.76
349.11,222.10,378.22,223.79,384.74,111.53,355.63,109.84
349.89,222.73,379.20,224.04,384.24,111.00,354.94,109.69
349.98,221.97,378.92,223.26,383.87,111.59,354.92,110.31
350.37,222.21,379.49,223.33,383.83,111.03,354.71,109.90
350.65,222.44,379.90,223.61,384.43,110.80,355.19,109.63
350.62,221.61,379.42,222.84,384.18,111.75,355.38,110.51
350.73,221.24,379.15,222.54,384.16,112.90,355.74,111.60
350.63,221.02,378.71,222.45,384.25,114.13,356.17,112.69
351.13,220.78,378.91,221.95,383.43,114.81,355.65,113.64
351.11,220.30,378.59,221.61,383.63,115.59,356.15,114.29
351.60,220.25,378.95,221.28,382.92,115.79,355.57,114.76
351.33,220.27,378.61,221.43,383.07,116.21,355.79,115.06
351.58,219.80,378.70,220.96,383.19,116.35,356.06,115.18
351.66,219.42,378.55,220.67,383.36,116.96,356.47,115.71
352.39,219.13,378.80,220.06,382.40,118.19,355.99,117.26
352.29,218.67,378.48,219.71,382.50,118.67,356.30,117.63
352.03,218.25,378.07,219.35,382.31,118.92,356.28,117.82
352.33,218.50,378.57,219.35,381.85,118.12,355.61,117.27
352.07,218.26,378.15,219.15,381.58,118.57,355.51,117.68
351.98,217.77,377.79,218.77,381.64,119.22,355.83,118.22
352.18,217.25,377.52,218.28,381.49,120.56,356.15,119.53
352.22,216.77,377.31,217.89,381.66,121.10,356.57,119.98
352.06,216.64,376.98,217.93,381.96,121.79,357.04,120.50
351.81,216.41,376.55,217.86,382.14,122.42,357.40,120.97
351.87,215.45,376.53,216.85,381.93,121.72,357.27,120.32
351.87,215.17,376.45,216.63,382.07,121.82,357.49,120.37
352.12,214.76,376.48,216.18,381.97,122.24,357.62,120.82
352.52,213.98,376.49,215.42,382.04,122.94,358.07,121.51
352.87,213.08,376.46,214.51,381.95,123.50,358.35,122.08
353.26,212.25,376.48,213.56,381.52,123.99,358.30,122.69
354.44,212.16,377.46,213.46,382.49,124.67,359.47,123.36
354.90,211.30,377.58,212.38,381.77,124.89,359.08,123.80
355.41,210.87,377.83,211.76,381.26,125.26,358.84,124.37
355.33,210.48,377.60,211.49,381.46,125.58,359.19,124.58
355.40,210.12,377.51,211.22,381.75,125.92,359.64,124.82
355.60,209.64,377.47,210.76,381.80,126.42,359.94,125.30
355.25,209.33,376.98,210.65,382.08,126.83,360.35,125.51
355.17,207.37,376.49,208.84,382.17,126.58,360.85,125.11
355.15,207.95,376.54,209.43,382.25,126.90,360.85,125.42
355.39,207.53,376.72,209.07,382.67,126.82,361.35,125.28
355.61,206.43,376.38,207.99,382.37,127.88,361.60,126.33
355.79,205.97,376.32,207.52,382.30,128.34,361.77,126.78
355.85,205.26,376.09,206.84,382.22,128.79,361.98,127.20
356.15,205.00,376.25,206.49,381.99,128.94,361.89,127.45
356.32,204.61,376.31,206.10,382.04,129.00,362.06,127.52
357.02,202.85,376.55,204.10,381.37,128.79,361.85,127.54
357.24,202.74,376.68,204.07,381.80,129.09,362.36,127.77
357.35,202.06,376.52,203.32,381.39,129.41,362.23,128.15
358.45,202.71,377.75,203.96,382.58,129.53,363.28,128.28
358.13,201.75,377.06,203.18,382.57,130.15,363.64,128.72
358.43,201.48,377.23,202.86,382.55,130.37,363.75,128.99
358.86,201.01,377.40,202.38,382.71,130.84,364.16,129.46
359.23,200.34,377.25,201.67,382.36,132.16,364.34,130.83
360.00,200.70,378.00,201.70,381.85,132.27,363.85,131.27
359.84,200.50,377.71,201.59,381.93,132.65,364.05,131.55
360.29,199.19,377.74,200.18,381.57,132.86,364.12,131.86
360.59,198.76,377.83,199.68,381.41,133.19,364.17,132.26
360.85,197.93,377.75,198.87,381.36,133.71,364.46,132.77
361.20,197.90,378.03,198.74,381.26,133.82,364.43,132.98
361.16,197.88,377.98,198.73,381.26,133.84,364.44,132.99
361.22,197.36,377.64,198.27,381.16,134.95,364.74,134.04
361.48,197.06,377.80,197.94,381.19,135.00,364.88,134.12
361.82,196.60,377.87,197.36,380.82,135.42,364.76,134.66
362.11,196.26,377.99,197.00,380.87,135.75,364.99,135.01
361.65,195.98,377.51,196.99,381.41,135.79,365.54,134.78
361.60,195.69,377.29,196.67,381.07,136.14,365.38,135.17
361.43,195.26,376.91,196.29,380.85,136.61,365.38,135.59
361.52,194.77,376.81,195.84,380.91,136.89,365.63,135.82
361.47,194.69,376.66,195.81,381.00,137.20,365.80,136.08
361.02,195.33,376.56,196.49,381.05,136.56,365.51,135.39
362.28,194.86,377.55,195.51,380.06,136.62,364.79,135.97
363.23,195.27,378.54,195.52,379.49,136.47,364.18,136.23
363.17,194.11,377.84,194.55,379.54,137.95,364.86,137.51
363.32,195.27,378.74,195.46,379.48,135.98,364.06,135.79
362.79,194.77,378.32,194.93,378.93,135.05,363.41,134.89
361.43,196.68,377.57,197.37,380.22,135.14,364.09,134.45
360.44,196.06,376.63,197.14,380.80,134.72,364.62,133.64
360.80,195.49,376.69,196.47,380.44,135.16,364.55,134.19
361.53,194.39,376.97,195.18,380.04,135.61,364.60,134.82
361.24,194.69,376.93,195.34,379.42,134.82,363.73,134.17
361.18,194.18,376.49,194.99,379.62,135.95,364.31,135.14
361.03,193.23,375.88,194.14,379.39,136.84,364.53,135.93
360.60,192.04,374.83,193.25,379.51,138.38,365.28,137.17
361.02,191.75,374.88,192.89,379.28,139.44,365.42,138.30
360.93,191.28,374.51,192.50,379.23,140.10,365.65,138.87
361.25,191.41,374.75,192.59,379.31,140.52,365.81,139.34
361.38,191.42,375.02,192.62,379.64,139.99,366.00,138.79
362.27,191.61,375.89,192.41,378.97,139.88,365.35,139.08
361.40,191.66,375.20,192.81,379.66,139.58,365.86,138.43
360.82,191.68,374.72,193.11,380.26,139.50,366.36,138.06
361.34,192.14,375.36,193.12,379.16,139.06,365.14,138.07
362.52,192.71,376.66,193.05,377.98,138.50,363.84,138.16
362.49,192.83,376.62,193.21,378.08,138.72,363.96,138.34
361.37,192.64,375.51,193.64,379.35,139.10,365.21,138.11
361.43,193.32,376.04,194.16,379.30,137.82,364.69,136.97
361.47,193.68,376.40,194.48,379.48,136.90,364.55,136.10
361.42,193.63,376.12,194.55,379.67,137.86,364.97,136.94
361.67,193.33,376.16,194.17,379.42,138.27,364.92,137.42
361.67,193.22,376.08,194.05,379.27,138.46,364.86,137.63
361.79,193.40,376.14,194.22,379.30,138.85,364.94,138.03
361.97,192.58,376.00,193.43,379.29,139.32,365.26,138.47
361.91,192.99,376.07,193.92,379.64,139.30,365.48,138.38
361.94,192.37,375.82,193.36,379.66,139.82,365.78,138.82
361.82,192.73,375.84,193.66,379.41,139.59,365.39,138.67
361.82,192.96,375.95,193.89,379.52,139.41,365.39,138.48
362.26,192.09,376.00,192.91,379.17,139.94,365.44,139.12
362.54,190.99,375.91,191.73,378.75,140.15,365.37,139.41
362.49,192.03,375.84,193.21,380.40,141.72,367.05,140.54
362.98,190.86,375.87,191.98,380.19,142.23,367.29,141.11
