1
98.844345,58.973194,127.867065,123.041992
98.922363,54.804230,127.307228,122.635086
96.931175,52.131069,127.528801,123.006203
94.166069,45.203678,127.979500,123.488411
96.093002,47.560856,128.154602,123.615906
100.594879,46.225483,127.896202,123.393692
104.501877,45.162842,127.691620,123.281609
111.632065,45.270107,127.700569,123.263557
118.299385,46.513802,127.461708,123.036140
123.511955,46.374958,127.497856,123.030075
132.125885,47.621197,127.485458,123.035133
136.085419,48.213322,127.844940,123.488441
145.259125,52.609558,127.682953,123.294113
149.100967,48.363132,127.688202,123.146690
156.220078,54.064419,127.500328,123.041306
160.231461,56.817715,127.661301,123.205956
168.526886,60.270252,127.658920,123.279816
175.121506,64.329575,127.373428,123.010017
183.249466,67.382202,127.164627,122.814194
182.352173,65.923019,127.281288,122.729881
186.570541,71.456406,127.095596,122.391785
187.067291,72.240608,126.967125,122.337410
189.854797,72.219933,127.482224,122.758255
188.381866,64.790321,127.035469,122.294884
190.165283,66.665527,127.563072,122.853149
187.734604,64.255432,127.957161,123.168365
184.977310,57.300060,127.802299,123.072960
180.300064,51.195976,128.140823,123.224335
189.133072,39.758083,128.021744,123.075935
167.011444,4.476339,128.346359,123.444916
2
0
0
0
0
1
186.066269,123.086563,90.530945,92.938057
184.609955,122.877190,90.395416,92.810966
183.580811,122.458641,90.189537,92.544975
179.878311,125.232635,90.703133,93.163750
183.557114,124.458984,91.099884,93.497223
181.251389,118.854553,90.887085,93.300255
179.295364,117.563980,90.768158,93.050720
182.239578,117.023079,91.301178,93.560066
182.179108,121.223946,90.767426,92.958885
186.617325,127.159309,90.933517,93.124695
188.784698,134.299973,90.794266,93.047188
188.987335,142.442032,91.244652,93.548500
192.728928,152.210709,91.196045,93.381516
193.515289,163.624405,91.456200,93.481163
197.166779,171.567154,91.291908,93.328133
202.322617,176.595993,91.383492,93.415833
204.914093,185.234772,91.736237,93.775246
208.765030,191.121338,91.393967,93.433563
217.564972,199.838577,91.122101,93.185120
222.769318,204.782410,91.325264,93.359100
229.199692,212.843842,91.206543,93.320885
238.147278,213.400146,91.286217,93.542969
244.093079,219.257645,91.479263,93.912170
249.593704,222.596222,91.309471,93.732124
256.900085,222.739960,91.611656,94.089317
268.065674,215.385941,92.076637,94.629517
276.247559,213.332993,91.981117,94.476929
286.340271,201.172928,91.793114,94.277359
296.114471,190.998322,92.107018,94.658195
280.759827,198.041534,92.324142,94.906403
298.644318,169.771744,92.463005,94.971275
306.512390,157.363815,92.714928,95.078033
337.327301,102.911644,92.849983,95.242172
335.368530,55.396618,92.876541,95.367836
336.567444,35.086437,93.160706,95.570053
359.135895,76.235207,93.051941,95.539345
372.952698,50.529861,93.370270,95.923088
338.246979,29.268270,93.666344,96.221107
379.184662,11.559383,93.716759,96.338699
369.734802,-0.286694,93.472885,96.005653
370.102722,-0.145771,93.430984,95.953262
392.039307,-24.930592,93.317085,95.895546
368.646851,12.087958,92.805779,95.439339
388.629211,-24.600985,92.582481,95.275467
402.305359,23.085949,92.814194,95.548660
398.226746,-52.924656,92.653633,95.320152
392.864777,28.456945,92.480545,95.042137
386.759430,-20.519510,92.447052,94.986870
384.372437,-43.243614,92.052910,94.616348
372.450226,-15.831205,91.845108,94.405045
391.477386,-35.454205,91.638168,94.136620
354.441803,-4.501417,91.927010,94.461327
330.396881,-6.141790,91.992920,94.561615
331.263916,29.737093,91.740479,94.163231
318.852966,14.764521,92.413269,95.007660
304.547028,46.853916,92.460022,95.077240
279.967560,13.006220,92.474823,95.035690
278.029724,31.603453,92.822487,95.348389
283.279694,33.426582,93.019699,95.507858
264.946564,33.875248,93.397026,95.961311
256.207336,27.658819,93.497864,96.055862
248.879486,26.177401,93.500443,96.106606
239.471741,26.697790,93.632698,96.299179
229.715179,23.249855,93.366417,96.001534
223.240662,24.374863,93.681808,96.113266
217.246368,21.305775,93.879807,96.143303
214.743225,19.178146,93.434860,95.628044
201.057587,8.141390,93.279312,95.541641
191.305328,22.903006,92.811378,95.145241
181.413376,55.046112,92.392105,94.790260
181.317276,44.087673,92.621956,94.912674
172.033646,45.676998,92.982140,95.090332
195.909409,53.648994,92.985695,95.125244
162.640671,51.759792,92.611465,94.659897
170.392273,50.847507,92.893059,94.983177
140.582947,60.184719,93.144089,95.163788
128.748611,63.219086,91.910866,93.819321
129.942169,71.065811,92.519821,94.573120
107.630264,63.728119,92.549934,94.532478
135.507492,65.041939,92.284615,94.239227
89.309563,70.510666,92.626335,94.556587
85.211075,70.737801,92.263985,94.120590
89.648987,93.874146,92.563370,94.471031
101.347687,112.025642,92.198753,94.136108
78.010284,130.899750,92.124451,94.117615
76.579155,137.703857,92.213470,94.163185
76.845169,152.647034,91.950134,93.826416
80.253601,156.595001,92.047142,94.026291
80.847214,146.993759,92.375961,94.392632
79.977516,137.137299,91.868515,93.811523
89.059677,123.799080,92.065315,93.944611
92.560646,112.550964,92.139778,94.006073
104.486328,102.068871,92.340424,94.321396
114.963730,95.596992,92.771896,94.840019
131.241028,120.746872,92.596214,94.530624
136.067261,81.507179,92.717949,94.624634
148.098877,78.355347,92.097801,93.956665
154.200806,75.898094,93.415886,95.251320
166.503738,88.467873,93.227402,95.056381
171.291077,73.215233,94.524673,96.478920
181.720825,75.114532,94.473534,96.558136
186.310776,76.434387,94.451385,96.663467
188.715332,81.195580,94.306419,96.487419
185.229797,86.734360,94.151993,96.224854
189.129440,95.088287,94.086319,96.069519
193.692184,99.289940,94.569351,96.488747
195.874405,108.013519,94.314484,96.225952
194.620819,117.306320,94.475647,96.299896
195.068481,118.251740,94.203873,96.042679
187.639221,115.077400,93.923363,95.845169
194.825073,123.451874,94.074776,96.076706
189.942413,125.330582,94.155632,96.272224
193.706131,136.991867,94.422989,96.597801
194.663269,141.968689,94.164894,96.280533
196.533890,144.397705,94.600288,96.773033
197.630249,146.596252,95.050873,97.353149
197.746201,150.235687,95.048203,97.268768
197.860687,152.357162,95.253586,97.525658
196.342255,154.958740,95.116699,97.339500
201.279236,155.506714,95.201515,97.555244
205.999741,159.219910,95.143456,97.541054
207.244843,158.987549,94.956429,97.450981
207.528091,160.939407,95.461243,98.074791
204.716293,157.705414,94.743378,97.205406
207.904846,157.184814,94.848282,97.391258
210.661652,157.543274,94.567101,97.096695
210.439682,158.862625,94.541084,97.064453
