1
101.997414,63.737301,131.819229,126.889191
98.933029,55.489021,132.124893,127.246536
98.788773,49.934002,132.685257,127.692322
96.270721,47.991325,132.791824,127.760216
98.508430,47.326912,133.233658,128.283020
101.829590,45.558296,133.270004,128.449448
105.316559,43.790043,133.004761,128.146774
110.501976,44.199104,132.957718,128.362686
119.645454,40.995644,133.293564,128.548813
126.225433,41.048500,133.208267,128.513489
130.043594,44.027309,133.136017,128.206924
138.100479,43.987324,132.971802,127.980972
144.799118,45.771721,132.395187,127.495712
150.975845,45.726582,132.476242,127.615463
153.617859,47.018223,132.494202,127.517670
156.344040,50.312553,132.347824,127.265175
160.916290,53.775448,131.740784,126.654205
168.738434,59.674198,131.730362,126.584900
173.835526,63.679535,132.005417,126.948341
171.870926,62.439236,132.573944,127.750740
173.067276,64.789925,132.638412,127.959961
169.339554,64.089661,132.789764,128.011810
176.256775,58.834663,132.692215,128.185486
175.074585,58.963032,132.857101,128.193466
175.065445,59.177219,132.742279,127.892403
196.063309,53.373165,132.682709,127.675438
185.165634,54.123573,132.940903,127.859169
187.417664,46.627693,133.044708,128.058395
189.327652,39.311073,133.014053,127.930618
203.177048,16.046160,133.714172,128.766846
151.364212,-14.650255,133.486786,128.514694
2
0
0
0
0
1
183.867462,121.374832,88.630272,91.605682
182.064377,121.783623,87.906715,90.812424
181.316589,123.563820,87.441681,90.244728
182.641830,116.938583,87.459038,90.253677
184.454330,115.553795,87.172958,89.934891
183.649933,112.918343,87.721840,90.480217
183.985352,111.921951,87.361870,90.135612
188.334183,115.871368,87.135208,89.862099
186.772079,121.829224,87.205406,89.972038
188.092865,128.052704,87.580475,90.346893
190.882660,137.292068,87.278992,89.890900
195.508011,147.434616,86.559387,89.136314
196.752197,155.723953,86.659981,89.254539
200.344421,162.460007,86.732925,89.376457
203.306320,173.881729,86.837433,89.660034
204.604797,177.791168,86.809319,89.470085
210.263367,189.540359,86.698463,89.324547
215.528290,195.724686,86.846703,89.456665
222.051910,200.430557,87.299393,89.902382
228.847977,204.880737,86.977737,89.572899
235.166107,210.243225,87.412163,89.986839
243.946289,213.290939,87.403183,89.968918
251.437012,214.175858,86.739265,89.306328
259.924011,218.234482,86.535820,88.982147
270.861542,209.367233,86.678970,89.070190
279.297729,206.682251,86.940414,89.325699
287.144073,201.934921,86.208755,88.636726
297.973785,193.304367,85.913193,88.421745
304.497955,182.742020,86.381081,88.945770
310.476196,162.724106,85.899124,88.461273
329.049866,125.612289,85.915543,88.351585
316.299866,48.450314,86.008278,88.372734
291.222198,49.570843,85.879738,88.549522
275.741364,38.197765,85.651489,88.284332
2
0
0
0
0
1
344.441010,8.000435,165.985168,175.260727
344.605408,10.787523,166.066757,175.325012
340.088928,22.387627,166.203461,175.716599
337.446503,33.746696,166.342743,175.792664
325.328888,42.948853,166.464767,175.923950
316.088531,53.888554,166.232880,175.760071
305.744415,63.512325,166.133942,175.481995
294.478973,72.796112,165.951401,175.398849
278.033813,91.018669,165.891388,175.445541
263.170166,102.762909,166.126099,175.657425
248.997849,107.187790,166.181122,175.645126
237.062515,117.544136,166.166946,175.569031
225.513519,126.247398,166.555435,176.103241
207.719360,135.777771,166.884811,176.670486
190.438461,146.282318,166.814133,176.557861
170.925293,156.916916,166.827362,176.493515
160.090424,161.241730,166.992188,176.643112
150.110184,165.656021,167.233826,176.986633
2
0
0
0
0
1
207.037262,37.414295,144.122162,136.742386
201.084229,31.681759,143.970398,136.713715
198.927155,30.375235,144.107803,136.859055
192.354843,31.030674,144.297546,137.127960
186.069534,27.530647,144.431580,137.384003
177.956573,28.580395,144.489090,137.429352
167.917206,25.989737,144.054031,136.952499
163.059967,25.573767,144.136414,137.084351
156.393250,25.523485,144.270752,137.177338
148.230347,30.416613,143.856766,136.911697
138.410400,33.284824,144.039337,137.249435
129.535934,37.521191,144.020935,137.179153
115.851616,38.907375,144.280441,137.324890
111.915985,42.220863,144.417191,137.507767
98.784027,49.060143,144.441238,137.239319
89.685692,52.571114,144.449142,137.151642
86.153320,48.171150,144.221603,137.120316
83.137146,39.570042,144.267715,137.175278
79.741508,30.457386,144.194977,137.269928
83.151321,21.670759,144.672943,137.747864
85.814407,13.047324,144.740524,137.732315
89.520546,5.807557,145.228043,138.305145
2
0
0
0
0
1
116.251297,109.539017,92.591003,88.580902
129.173447,99.040283,92.540627,88.683632
141.445084,93.320137,92.651283,88.647758
148.934860,88.874260,93.012238,89.003357
158.373138,82.863350,93.218758,89.110954
167.389526,80.050407,93.462418,89.389320
177.007004,80.532310,92.879379,88.912888
185.944214,83.996902,92.593155,88.539520
188.768494,85.910538,92.864151,88.592537
190.461395,92.696198,92.775070,88.552444
190.739166,101.481384,92.651604,88.420280
193.458542,106.909096,92.226677,87.914406
194.680954,114.528076,92.566879,88.148376
199.491104,120.340340,92.667007,88.146355
200.077332,124.722748,92.811020,88.369835
196.269012,124.789726,93.027222,88.548363
194.605148,126.316757,92.758621,88.183441
194.925293,133.262848,93.540161,89.038048
192.013504,139.150909,93.102570,88.480469
197.385452,148.403503,93.287376,88.597664
198.469696,150.782578,92.941078,88.376785
198.212234,154.101120,92.780716,88.088051
200.413559,160.023621,92.841347,88.215797
199.614365,161.169449,92.594269,88.037567
197.668503,163.267227,92.527802,87.926270
198.295959,166.599701,92.317924,87.825157
199.736359,167.117401,92.380013,87.847839
207.437927,171.471191,92.209587,87.562599
209.107819,174.811096,92.317657,87.758308
209.501038,172.166321,92.263512,87.784767
211.342468,170.906250,92.799919,88.256256
206.566910,167.783096,92.723183,88.264534
211.271805,168.508728,92.703262,88.233627
208.425827,168.193939,92.359734,87.891792
