1
48.250000,44.674999,16.000000,65.000000
38.575001,42.200001,16.000000,65.000000
34.750000,47.150002,16.000000,65.000000
40.599998,43.549999,16.000000,65.000000
30.025000,44.224998,16.000000,65.000000
30.700001,44.900002,16.000000,65.000000
33.400002,46.250000,16.000000,65.000000
39.250000,45.125000,16.000000,65.000000
38.575001,40.625000,16.000000,65.000000
44.200001,37.924999,16.000000,65.000000
48.700001,39.950001,16.000000,65.000000
64.675003,42.650002,16.000000,65.000000
68.500000,37.474998,16.000000,65.000000
65.125000,35.674999,16.000000,65.000000
85.824997,35.450001,16.000000,65.000000
99.324997,38.825001,16.000000,65.000000
92.800003,31.400000,16.000000,65.000000
84.474998,31.174999,16.000000,65.000000
89.875000,28.924999,16.000000,65.000000
85.824997,29.375000,16.000000,65.000000
82.675003,31.625000,16.000000,65.000000
84.474998,37.250000,16.000000,65.000000
90.550003,43.775002,16.000000,65.000000
75.699997,48.275002,16.000000,65.000000
75.025002,46.700001,16.000000,65.000000
84.699997,36.349998,16.000000,65.000000
81.550003,29.600000,16.000000,65.000000
73.675003,20.825001,16.000000,65.000000
63.325001,19.250000,16.000000,65.000000
65.349998,21.950001,16.000000,65.000000
75.474998,27.799999,16.000000,65.000000
84.025002,29.150000,16.000000,65.000000
92.800003,30.950001,16.000000,65.000000
107.650002,28.250000,16.000000,65.000000
118.675003,31.174999,16.000000,65.000000
114.400002,28.250000,16.000000,65.000000
113.275002,26.225000,16.000000,65.000000
131.725006,31.174999,16.000000,65.000000
141.175003,33.200001,16.000000,65.000000
147.699997,35.900002,16.000000,65.000000
152.649994,36.575001,16.000000,65.000000
156.024994,38.825001,16.000000,65.000000
153.100006,36.125000,16.000000,65.000000
155.574997,32.299999,16.000000,65.000000
154.449997,37.025002,16.000000,65.000000
125.650002,41.075001,16.000000,65.000000
106.525002,38.599998,16.000000,65.000000
103.150002,36.349998,16.000000,65.000000
103.599998,38.825001,16.000000,65.000000
106.750000,29.150000,16.000000,65.000000
108.775002,18.350000,16.000000,65.000000
108.775002,18.125000,16.000000,65.000000
117.099998,25.775000,16.000000,65.000000
121.599998,27.575001,16.000000,65.000000
122.724998,34.549999,16.000000,65.000000
111.699997,35.674999,16.000000,65.000000
113.275002,38.599998,16.000000,65.000000
105.849998,35.224998,16.000000,65.000000
104.500000,28.700001,16.000000,65.000000
128.350006,25.325001,16.000000,65.000000
139.375000,25.549999,16.000000,65.000000
131.725006,30.049999,16.000000,65.000000
132.399994,36.575001,16.000000,65.000000
131.050003,43.775002,16.000000,65.000000
131.725006,46.700001,16.000000,65.000000
134.875000,52.549999,16.000000,65.000000
144.550003,62.900002,16.000000,65.000000
141.625000,67.849998,16.000000,65.000000
124.750000,66.500000,16.000000,65.000000
129.250000,55.025002,16.000000,65.000000
123.400002,55.474998,16.000000,65.000000
111.699997,61.549999,16.000000,65.000000
102.925003,50.525002,16.000000,65.000000
99.099998,55.700001,16.000000,65.000000
109.900002,62.224998,16.000000,65.000000
120.474998,71.900002,16.000000,65.000000
128.350006,76.625000,16.000000,65.000000
138.475006,74.375000,16.000000,65.000000
149.949997,80.224998,16.000000,65.000000
138.024994,69.875000,16.000000,65.000000
146.350006,65.599998,16.000000,65.000000
160.524994,62.900002,16.000000,65.000000
168.175003,60.200001,16.000000,65.000000
174.024994,60.875000,16.000000,65.000000
184.149994,62.224998,16.000000,65.000000
180.324997,64.699997,16.000000,65.000000
177.850006,63.799999,16.000000,65.000000
178.975006,66.949997,16.000000,65.000000
178.300003,59.974998,16.000000,65.000000
2
0
0
0
0
1
136.291672,46.262501,29.000000,86.500000
151.370834,50.112499,29.000000,86.500000
152.654160,52.037498,29.000000,86.500000
141.104172,56.849998,29.000000,86.500000
142.066666,53.641666,29.000000,86.500000
145.274994,53.962502,29.000000,86.500000
143.350006,43.054169,29.000000,86.500000
136.291672,30.220833,29.000000,86.500000
170.300003,31.504168,29.000000,86.500000
180.245834,38.241669,29.000000,86.500000
179.925003,36.958332,29.000000,86.500000
186.341660,38.562500,29.000000,86.500000
189.870834,43.695831,29.000000,86.500000
176.074997,43.054169,29.000000,86.500000
179.283340,46.904167,29.000000,86.500000
175.754166,50.433334,29.000000,86.500000
169.979172,52.679169,29.000000,86.500000
144.633331,53.641666,29.000000,86.500000
137.574997,51.395832,29.000000,86.500000
125.383331,59.737499,29.000000,86.500000
126.025002,55.245834,29.000000,86.500000
123.779167,53.962502,29.000000,86.500000
118.645836,59.737499,29.000000,86.500000
126.025002,55.887501,29.000000,86.500000
146.237503,56.208332,29.000000,86.500000
153.937500,58.133331,29.000000,86.500000
151.050003,53.641666,29.000000,86.500000
147.520828,55.887501,29.000000,86.500000
148.162506,39.204166,29.000000,86.500000
148.162506,31.504168,29.000000,86.500000
175.754166,30.862499,29.000000,86.500000
180.887497,33.108334,29.000000,86.500000
182.812500,40.487499,29.000000,86.500000
179.283340,45.299999,29.000000,86.500000
176.395828,41.129166,29.000000,86.500000
169.016663,43.054169,29.000000,86.500000
171.904160,45.299999,29.000000,86.500000
157.787506,39.525002,29.000000,86.500000
142.066666,39.845833,29.000000,86.500000
135.970840,36.637501,29.000000,86.500000
147.520828,23.483334,29.000000,86.500000
142.066666,26.691668,29.000000,86.500000
147.841660,26.691668,29.000000,86.500000
145.916672,35.033333,29.000000,86.500000
