1
328.00,338.50,350.00,338.50,350.00,307.50,328.00,307.50
328.00,335.50,350.00,335.50,350.00,304.50,328.00,304.50
327.45,336.27,350.55,336.27,350.55,303.73,327.45,303.73
325.45,340.27,348.55,340.27,348.55,307.73,325.45,307.73
323.45,341.27,346.55,341.27,346.55,308.73,323.45,308.73
322.87,339.09,347.13,339.09,347.13,304.91,322.87,304.91
322.87,338.09,347.13,338.09,347.13,303.91,322.87,303.91
322.87,337.09,347.13,337.09,347.13,302.91,322.87,302.91
319.87,338.09,344.13,338.09,344.13,303.91,319.87,303.91
317.87,339.09,342.13,339.09,342.13,304.91,317.87,304.91
318.27,336.94,343.73,336.94,343.73,301.06,318.27,301.06
319.27,333.94,344.73,333.94,344.73,298.06,319.27,298.06
321.27,336.94,346.73,336.94,346.73,301.06,321.27,301.06
323.27,343.94,348.73,343.94,348.73,308.06,323.27,308.06
322.27,341.94,347.73,341.94,347.73,306.06,322.27,306.06
322.27,341.94,347.73,341.94,347.73,306.06,322.27,306.06
323.63,341.84,350.37,341.84,350.37,304.16,323.63,304.16
324.63,340.84,351.37,340.84,351.37,303.16,324.63,303.16
325.63,342.84,352.37,342.84,352.37,305.16,325.63,305.16
326.63,347.84,353.37,347.84,353.37,310.16,326.63,310.16
326.63,347.84,353.37,347.84,353.37,310.16,326.63,310.16
328.63,347.84,355.37,347.84,355.37,310.16,328.63,310.16
328.63,347.84,355.37,347.84,355.37,310.16,328.63,310.16
326.63,343.84,353.37,343.84,353.37,306.16,326.63,306.16
325.63,345.84,352.37,345.84,352.37,308.16,325.63,308.16
321.96,346.78,350.04,346.78,350.04,307.22,321.96,307.22
320.96,345.78,349.04,345.78,349.04,306.22,320.96,306.22
320.96,348.78,349.04,348.78,349.04,309.22,320.96,309.22
319.96,345.78,348.04,345.78,348.04,306.22,319.96,306.22
318.96,348.78,347.04,348.78,347.04,309.22,318.96,309.22
318.96,345.78,347.04,345.78,347.04,306.22,318.96,306.22
317.96,345.78,346.04,345.78,346.04,306.22,317.96,306.22
317.96,346.78,346.04,346.78,346.04,307.22,317.96,307.22
318.26,347.77,347.74,347.77,347.74,306.23,318.26,306.23
321.26,347.77,350.74,347.77,350.74,306.23,321.26,306.23
322.26,351.77,351.74,351.77,351.74,310.23,322.26,310.23
322.26,355.77,351.74,355.77,351.74,314.23,322.26,314.23
323.26,350.77,352.74,350.77,352.74,309.23,323.26,309.23
324.26,349.77,353.74,349.77,353.74,308.23,324.26,308.23
325.26,349.77,354.74,349.77,354.74,308.23,325.26,308.23
326.26,349.77,355.74,349.77,355.74,308.23,326.26,308.23
325.26,348.77,354.74,348.77,354.74,307.23,325.26,307.23
320.26,349.77,349.74,349.77,349.74,308.23,320.26,308.23
318.52,354.81,349.48,354.81,349.48,311.19,318.52,311.19
317.52,355.81,348.48,355.81,348.48,312.19,317.52,312.19
317.52,356.81,348.48,356.81,348.48,313.19,317.52,313.19
316.52,353.81,347.48,353.81,347.48,310.19,316.52,310.19
315.52,354.81,346.48,354.81,346.48,311.19,315.52,311.19
314.52,354.81,345.48,354.81,345.48,311.19,314.52,311.19
315.52,350.81,346.48,350.81,346.48,307.19,315.52,307.19
317.75,345.90,350.25,345.90,350.25,300.10,317.75,300.10
317.75,345.90,350.25,345.90,350.25,300.10,317.75,300.10
316.75,345.90,349.25,345.90,349.25,300.10,316.75,300.10
317.75,348.90,350.25,348.90,350.25,303.10,317.75,303.10
320.75,347.90,353.25,347.90,353.25,302.10,320.75,302.10
321.75,347.90,354.25,347.90,354.25,302.10,321.75,302.10
323.94,352.05,358.06,352.05,358.06,303.95,323.94,303.95
325.94,354.05,360.06,354.05,360.06,305.95,325.94,305.95
327.94,351.05,362.06,351.05,362.06,302.95,327.94,302.95
329.94,346.05,364.06,346.05,364.06,297.95,329.94,297.95
329.94,344.05,364.06,344.05,364.06,295.95,329.94,295.95
329.94,347.05,364.06,347.05,364.06,298.95,329.94,298.95
329.94,339.05,364.06,339.05,364.06,290.95,329.94,290.95
326.94,336.05,361.06,336.05,361.06,287.95,326.94,287.95
326.94,334.05,361.06,334.05,361.06,285.95,326.94,285.95
328.94,331.05,363.06,331.05,363.06,282.95,328.94,282.95
328.08,334.25,363.92,334.25,363.92,283.75,328.08,283.75
328.08,344.25,363.92,344.25,363.92,293.75,328.08,293.75
328.08,342.25,363.92,342.25,363.92,291.75,328.08,291.75
326.08,339.25,361.92,339.25,361.92,288.75,326.08,288.75
324.08,339.25,359.92,339.25,359.92,288.75,324.08,288.75
322.08,342.25,357.92,342.25,357.92,291.75,322.08,291.75
320.08,340.25,355.92,340.25,355.92,289.75,320.08,289.75
319.19,338.51,356.81,338.51,356.81,285.49,319.19,285.49
316.19,331.51,353.81,331.51,353.81,278.49,316.19,278.49
314.19,333.51,351.81,333.51,351.81,280.49,314.19,280.49
311.19,336.51,348.81,336.51,348.81,283.49,311.19,283.49
309.19,338.51,346.81,338.51,346.81,285.49,309.19,285.49
311.19,333.51,348.81,333.51,348.81,280.49,311.19,280.49
311.19,335.51,348.81,335.51,348.81,282.49,311.19,282.49
311.19,335.51,348.81,335.51,348.81,282.49,311.19,282.49
314.19,332.51,351.81,332.51,351.81,279.49,314.19,279.49
311.25,331.84,350.75,331.84,350.75,276.16,311.25,276.16
309.25,329.84,348.75,329.84,348.75,274.16,309.25,274.16
307.25,331.84,346.75,331.84,346.75,276.16,307.25,276.16
305.25,335.84,344.75,335.84,344.75,280.16,305.25,280.16
303.25,337.84,342.75,337.84,342.75,282.16,303.25,282.16
301.25,339.84,340.75,339.84,340.75,284.16,301.25,284.16
299.25,339.84,338.75,339.84,338.75,284.16,299.25,284.16
299.25,337.84,338.75,337.84,338.75,282.16,299.25,282.16
301.25,335.84,340.75,335.84,340.75,280.16,301.25,280.16
305.25,331.84,344.75,331.84,344.75,276.16,305.25,276.16
305.25,333.84,344.75,333.84,344.75,278.16,305.25,278.16
307.25,333.84,346.75,333.84,346.75,278.16,307.25,278.16
309.25,335.84,348.75,335.84,348.75,280.16,309.25,280.16
310.26,341.23,351.74,341.23,351.74,282.77,310.26,282.77
310.26,343.23,351.74,343.23,351.74,284.77,310.26,284.77
310.26,345.23,351.74,345.23,351.74,286.77,310.26,286.77
310.26,339.23,351.74,339.23,351.74,280.77,310.26,280.77
310.26,339.23,351.74,339.23,351.74,280.77,310.26,280.77
312.26,343.23,353.74,343.23,353.74,284.77,312.26,284.77
312.26,347.23,353.74,347.23,353.74,288.77,312.26,288.77
312.26,345.23,353.74,345.23,353.74,286.77,312.26,286.77
314.26,341.23,355.74,341.23,355.74,282.77,314.26,282.77
316.26,343.23,357.74,343.23,357.74,284.77,316.26,284.77
312.26,341.23,353.74,341.23,353.74,282.77,312.26,282.77
310.26,341.23,351.74,341.23,351.74,282.77,310.26,282.77
312.26,337.23,353.74,337.23,353.74,278.77,312.26,278.77
314.26,335.23,355.74,335.23,355.74,276.77,314.26,276.77
314.26,341.23,355.74,341.23,355.74,282.77,314.26,282.77
316.26,345.23,357.74,345.23,357.74,286.77,316.26,286.77
315.22,344.69,358.78,344.69,358.78,283.31,315.22,283.31
313.22,344.69,356.78,344.69,356.78,283.31,313.22,283.31
311.22,344.69,354.78,344.69,354.78,283.31,311.22,283.31
311.22,344.69,354.78,344.69,354.78,283.31,311.22,283.31
311.22,342.69,354.78,342.69,354.78,281.31,311.22,281.31
307.22,340.69,350.78,340.69,350.78,279.31,307.22,279.31
309.22,344.69,352.78,344.69,352.78,283.31,309.22,283.31
307.22,346.69,350.78,346.69,350.78,285.31,307.22,285.31
307.22,346.69,350.78,346.69,350.78,285.31,307.22,285.31
305.22,344.69,348.78,344.69,348.78,283.31,305.22,283.31
305.22,336.69,348.78,336.69,348.78,275.31,305.22,275.31
304.13,330.22,349.87,330.22,349.87,265.78,304.13,265.78
304.13,334.22,349.87,334.22,349.87,269.78,304.13,269.78
304.13,340.22,349.87,340.22,349.87,275.78,304.13,275.78
304.13,344.22,349.87,344.22,349.87,279.78,304.13,279.78
306.13,342.22,351.87,342.22,351.87,277.78,306.13,277.78
304.13,342.22,349.87,342.22,349.87,277.78,304.13,277.78
306.13,342.22,351.87,342.22,351.87,277.78,306.13,277.78
310.13,346.22,355.87,346.22,355.87,281.78,310.13,281.78
308.13,346.22,353.87,346.22,353.87,281.78,308.13,281.78
310.13,346.22,355.87,346.22,355.87,281.78,310.13,281.78
310.13,346.22,355.87,346.22,355.87,281.78,310.13,281.78
308.99,345.83,357.01,345.83,357.01,278.17,308.99,278.17
308.99,345.83,357.01,345.83,357.01,278.17,308.99,278.17
308.99,347.83,357.01,347.83,357.01,280.17,308.99,280.17
310.99,347.83,359.01,347.83,359.01,280.17,310.99,280.17
310.99,345.83,359.01,345.83,359.01,278.17,310.99,278.17
306.99,345.83,355.01,345.83,355.01,278.17,306.99,278.17
306.99,345.83,355.01,345.83,355.01,278.17,306.99,278.17
304.99,347.83,353.01,347.83,353.01,280.17,304.99,280.17
302.99,347.83,351.01,347.83,351.01,280.17,302.99,280.17
303.79,351.53,354.21,351.53,354.21,280.47,303.79,280.47
303.79,351.53,354.21,351.53,354.21,280.47,303.79,280.47
303.79,353.53,354.21,353.53,354.21,282.47,303.79,282.47
303.79,351.53,354.21,351.53,354.21,280.47,303.79,280.47
305.79,349.53,356.21,349.53,356.21,278.47,305.79,278.47
307.79,351.53,358.21,351.53,358.21,280.47,307.79,280.47
305.79,349.53,356.21,349.53,356.21,278.47,305.79,278.47
305.79,349.53,356.21,349.53,356.21,278.47,305.79,278.47
305.79,349.53,356.21,349.53,356.21,278.47,305.79,278.47
307.79,351.53,358.21,351.53,358.21,280.47,307.79,280.47
307.79,349.53,358.21,349.53,358.21,278.47,307.79,278.47
302.79,351.53,353.21,351.53,353.21,280.47,302.79,280.47
302.79,351.53,353.21,351.53,353.21,280.47,302.79,280.47
302.79,351.53,353.21,351.53,353.21,280.47,302.79,280.47
304.79,349.53,355.21,349.53,355.21,278.47,304.79,278.47
304.79,349.53,355.21,349.53,355.21,278.47,304.79,278.47
302.79,347.53,353.21,347.53,353.21,276.47,302.79,276.47
300.79,347.53,351.21,347.53,351.21,276.47,300.79,276.47
300.79,345.53,351.21,345.53,351.21,274.47,300.79,274.47
300.79,345.53,351.21,345.53,351.21,274.47,300.79,274.47
298.79,350.53,349.21,350.53,349.21,279.47,298.79,279.47
297.53,357.30,350.47,357.30,350.47,282.70,297.53,282.70
297.53,357.30,350.47,357.30,350.47,282.70,297.53,282.70
295.53,355.30,348.47,355.30,348.47,280.70,295.53,280.70
297.53,355.30,350.47,355.30,350.47,280.70,297.53,280.70
297.53,355.30,350.47,355.30,350.47,280.70,297.53,280.70
297.53,355.30,350.47,355.30,350.47,280.70,297.53,280.70
297.53,355.30,350.47,355.30,350.47,280.70,297.53,280.70
295.53,353.30,348.47,353.30,348.47,278.70,295.53,278.70
295.53,353.30,348.47,353.30,348.47,278.70,295.53,278.70
295.53,351.30,348.47,351.30,348.47,276.70,295.53,276.70
295.53,353.30,348.47,353.30,348.47,278.70,295.53,278.70
295.53,355.30,348.47,355.30,348.47,280.70,295.53,280.70
297.53,357.30,350.47,357.30,350.47,282.70,297.53,282.70
297.53,355.30,350.47,355.30,350.47,280.70,297.53,280.70
297.53,350.30,350.47,350.30,350.47,275.70,297.53,275.70
297.53,352.30,350.47,352.30,350.47,277.70,297.53,277.70
299.53,352.30,352.47,352.30,352.47,277.70,299.53,277.70
299.53,354.30,352.47,354.30,352.47,279.70,299.53,279.70
301.53,356.30,354.47,356.30,354.47,281.70,301.53,281.70
303.53,354.30,356.47,354.30,356.47,279.70,303.53,279.70
303.53,352.30,356.47,352.30,356.47,277.70,303.53,277.70
303.53,352.30,356.47,352.30,356.47,277.70,303.53,277.70
303.53,350.30,356.47,350.30,356.47,275.70,303.53,275.70
303.53,350.30,356.47,350.30,356.47,275.70,303.53,275.70
303.53,350.30,356.47,350.30,356.47,275.70,303.53,275.70
305.53,352.30,358.47,352.30,358.47,277.70,305.53,277.70
305.53,357.30,358.47,357.30,358.47,282.70,305.53,282.70
303.53,355.30,356.47,355.30,356.47,280.70,303.53,280.70
303.53,357.30,356.47,357.30,356.47,282.70,303.53,282.70
303.53,359.30,356.47,359.30,356.47,284.70,303.53,284.70
305.53,359.30,358.47,359.30,358.47,284.70,305.53,284.70
305.53,357.30,358.47,357.30,358.47,282.70,305.53,282.70
305.53,357.30,358.47,357.30,358.47,282.70,305.53,282.70
306.85,353.44,357.15,353.44,357.15,282.56,306.85,282.56
304.85,353.44,355.15,353.44,355.15,282.56,304.85,282.56
304.85,353.44,355.15,353.44,355.15,282.56,304.85,282.56
302.85,355.44,353.15,355.44,353.15,284.56,302.85,284.56
300.85,357.44,351.15,357.44,351.15,286.56,300.85,286.56
300.85,364.44,351.15,364.44,351.15,293.56,300.85,293.56
300.85,359.44,351.15,359.44,351.15,288.56,300.85,288.56
302.85,357.44,353.15,357.44,353.15,286.56,302.85,286.56
302.85,357.44,353.15,357.44,353.15,286.56,302.85,286.56
304.85,364.44,355.15,364.44,355.15,293.56,304.85,293.56
306.85,364.44,357.15,364.44,357.15,293.56,306.85,293.56
304.85,366.44,355.15,366.44,355.15,295.56,304.85,295.56
304.85,361.44,355.15,361.44,355.15,290.56,304.85,290.56
304.85,359.44,355.15,359.44,355.15,288.56,304.85,288.56
306.85,361.44,357.15,361.44,357.15,290.56,306.85,290.56
308.85,359.44,359.15,359.44,359.15,288.56,308.85,288.56
308.85,359.44,359.15,359.44,359.15,288.56,308.85,288.56
306.85,361.44,357.15,361.44,357.15,290.56,306.85,290.56
306.85,366.44,357.15,366.44,357.15,295.56,306.85,295.56
308.11,366.67,355.89,366.67,355.89,299.33,308.11,299.33
306.11,362.67,353.89,362.67,353.89,295.33,306.11,295.33
306.11,360.67,353.89,360.67,353.89,293.33,306.11,293.33
306.11,362.67,353.89,362.67,353.89,295.33,306.11,295.33
308.11,362.67,355.89,362.67,355.89,295.33,308.11,295.33
308.11,362.67,355.89,362.67,355.89,295.33,308.11,295.33
310.11,362.67,357.89,362.67,357.89,295.33,310.11,295.33
312.11,362.67,359.89,362.67,359.89,295.33,312.11,295.33
312.11,362.67,359.89,362.67,359.89,295.33,312.11,295.33
312.11,362.67,359.89,362.67,359.89,295.33,312.11,295.33
312.11,362.67,359.89,362.67,359.89,295.33,312.11,295.33
312.11,364.67,359.89,364.67,359.89,297.33,312.11,297.33
315.30,360.98,360.70,360.98,360.70,297.02,315.30,297.02
315.30,360.98,360.70,360.98,360.70,297.02,315.30,297.02
313.30,358.98,358.70,358.98,358.70,295.02,313.30,295.02
313.30,358.98,358.70,358.98,358.70,295.02,313.30,295.02
313.30,360.98,358.70,360.98,358.70,297.02,313.30,297.02
313.30,362.98,358.70,362.98,358.70,299.02,313.30,299.02
311.30,364.98,356.70,364.98,356.70,301.02,311.30,301.02
311.30,362.98,356.70,362.98,356.70,299.02,311.30,299.02
309.30,362.98,354.70,362.98,354.70,299.02,309.30,299.02
307.30,364.98,352.70,364.98,352.70,301.02,307.30,301.02
307.30,364.98,352.70,364.98,352.70,301.02,307.30,301.02
308.44,361.38,351.56,361.38,351.56,300.62,308.44,300.62
310.44,361.38,353.56,361.38,353.56,300.62,310.44,300.62
310.44,359.38,353.56,359.38,353.56,298.62,310.44,298.62
312.44,359.38,355.56,359.38,355.56,298.62,312.44,298.62
312.44,363.38,355.56,363.38,355.56,302.62,312.44,302.62
312.44,363.38,355.56,363.38,355.56,302.62,312.44,302.62
310.44,363.38,353.56,363.38,353.56,302.62,310.44,302.62
306.44,365.38,349.56,365.38,349.56,304.62,306.44,304.62
306.44,367.38,349.56,367.38,349.56,306.62,306.44,306.62
306.44,365.38,349.56,365.38,349.56,304.62,306.44,304.62
304.44,363.38,347.56,363.38,347.56,302.62,304.44,302.62
304.44,361.38,347.56,361.38,347.56,300.62,304.44,300.62
307.52,361.86,348.48,361.86,348.48,304.14,307.52,304.14
307.52,357.86,348.48,357.86,348.48,300.14,307.52,300.14
307.52,357.86,348.48,357.86,348.48,300.14,307.52,300.14
307.52,357.86,348.48,357.86,348.48,300.14,307.52,300.14
310.54,360.42,349.46,360.42,349.46,305.58,310.54,305.58
310.54,358.42,349.46,358.42,349.46,303.58,310.54,303.58
308.54,358.42,347.46,358.42,347.46,303.58,308.54,303.58
308.54,358.42,347.46,358.42,347.46,303.58,308.54,303.58
308.54,358.42,347.46,358.42,347.46,303.58,308.54,303.58
310.54,358.42,349.46,358.42,349.46,303.58,310.54,303.58
308.54,360.42,347.46,360.42,347.46,305.58,308.54,305.58
308.54,358.42,347.46,358.42,347.46,303.58,308.54,303.58
311.51,359.05,348.49,359.05,348.49,306.95,311.51,306.95
311.51,356.05,348.49,356.05,348.49,303.95,311.51,303.95
311.51,356.05,348.49,356.05,348.49,303.95,311.51,303.95
313.51,358.05,350.49,358.05,350.49,305.95,313.51,305.95
315.51,360.05,352.49,360.05,352.49,307.95,315.51,307.95
313.51,355.05,350.49,355.05,350.49,302.95,313.51,302.95
313.51,352.05,350.49,352.05,350.49,299.95,313.51,299.95
313.51,354.05,350.49,354.05,350.49,301.95,313.51,301.95
314.44,352.75,349.56,352.75,349.56,303.25,314.44,303.25
312.44,352.75,347.56,352.75,347.56,303.25,312.44,303.25
312.44,354.75,347.56,354.75,347.56,305.25,312.44,305.25
312.44,356.75,347.56,356.75,347.56,307.25,312.44,307.25
312.44,354.75,347.56,354.75,347.56,305.25,312.44,305.25
310.44,352.75,345.56,352.75,345.56,303.25,310.44,303.25
310.44,350.75,345.56,350.75,345.56,301.25,310.44,301.25
312.44,352.75,347.56,352.75,347.56,303.25,312.44,303.25
310.44,355.75,345.56,355.75,345.56,306.25,310.44,306.25
310.44,355.75,345.56,355.75,345.56,306.25,310.44,306.25
310.44,357.75,345.56,357.75,345.56,308.25,310.44,308.25
311.32,356.51,344.68,356.51,344.68,309.49,311.32,309.49
311.32,354.51,344.68,354.51,344.68,307.49,311.32,307.49
313.32,354.51,346.68,354.51,346.68,307.49,313.32,307.49
313.32,352.51,346.68,352.51,346.68,305.49,313.32,305.49
313.32,352.51,346.68,352.51,346.68,305.49,313.32,305.49
315.32,354.51,348.68,354.51,348.68,307.49,315.32,307.49
317.32,357.51,350.68,357.51,350.68,310.49,317.32,310.49
319.32,363.51,352.68,363.51,352.68,316.49,319.32,316.49
317.32,360.51,350.68,360.51,350.68,313.49,317.32,313.49
318.15,352.33,349.85,352.33,349.85,307.67,318.15,307.67
319.15,351.33,350.85,351.33,350.85,306.67,319.15,306.67
320.15,350.33,351.85,350.33,351.85,305.67,320.15,305.67
321.94,350.22,352.06,350.22,352.06,307.78,321.94,307.78
321.94,349.22,352.06,349.22,352.06,306.78,321.94,306.78
320.94,350.22,351.06,350.22,351.06,307.78,320.94,307.78
320.94,351.22,351.06,351.22,351.06,308.78,320.94,308.78
319.94,350.22,350.06,350.22,350.06,307.78,319.94,307.78
319.94,351.22,350.06,351.22,350.06,308.78,319.94,308.78
319.94,352.22,350.06,352.22,350.06,309.78,319.94,309.78
318.94,349.22,349.06,349.22,349.06,306.78,318.94,306.78
317.94,353.22,348.06,353.22,348.06,310.78,317.94,310.78
316.94,353.22,347.06,353.22,347.06,310.78,316.94,310.78
317.70,352.16,346.30,352.16,346.30,311.84,317.70,311.84
318.70,349.16,347.30,349.16,347.30,308.84,318.70,308.84
321.70,352.16,350.30,352.16,350.30,311.84,321.70,311.84
321.70,353.16,350.30,353.16,350.30,312.84,321.70,312.84
317.70,346.16,346.30,346.16,346.30,305.84,317.70,305.84
322.41,349.15,349.59,349.15,349.59,310.85,322.41,310.85
322.41,358.15,349.59,358.15,349.59,319.85,322.41,319.85
318.41,356.15,345.59,356.15,345.59,317.85,318.41,317.85
