1
137.000000,334.000000,57.000000,100.000000
133.000000,334.000000,57.000000,100.000000
130.000000,342.000000,57.000000,101.000000
137.000000,349.000000,56.000000,99.000000
142.000000,341.000000,56.000000,99.000000
150.000000,336.000000,57.000000,101.000000
151.000000,328.000000,56.000000,99.000000
146.000000,300.000000,57.000000,100.000000
133.000000,287.000000,57.000000,101.000000
131.000000,266.000000,58.000000,102.000000
140.000000,261.000000,58.000000,103.000000
141.000000,263.000000,59.000000,103.000000
144.000000,255.000000,58.000000,102.000000
147.000000,256.000000,57.000000,101.000000
154.000000,256.000000,57.000000,100.000000
158.000000,248.000000,59.000000,104.000000
163.000000,243.000000,58.000000,101.000000
173.000000,232.000000,59.000000,103.000000
173.000000,236.000000,57.000000,101.000000
175.000000,216.000000,58.000000,103.000000
171.000000,195.000000,59.000000,104.000000
157.000000,175.000000,59.000000,104.000000
165.000000,162.000000,58.000000,102.000000
165.000000,147.000000,59.000000,103.000000
173.000000,141.000000,58.000000,103.000000
175.000000,146.000000,59.000000,104.000000
179.000000,147.000000,58.000000,103.000000
183.000000,131.000000,58.000000,103.000000
189.000000,126.000000,59.000000,103.000000
187.000000,129.000000,59.000000,104.000000
186.000000,145.000000,57.000000,101.000000
183.000000,148.000000,57.000000,101.000000
183.000000,155.000000,57.000000,100.000000
182.000000,156.000000,57.000000,100.000000
178.000000,156.000000,58.000000,102.000000
183.000000,156.000000,57.000000,101.000000
179.000000,155.000000,57.000000,101.000000
186.000000,157.000000,59.000000,104.000000
195.000000,163.000000,58.000000,102.000000
210.000000,168.000000,61.000000,107.000000
214.000000,170.000000,59.000000,104.000000
222.000000,165.000000,57.000000,100.000000
228.000000,146.000000,62.000000,108.000000
229.000000,129.000000,62.000000,109.000000
215.000000,111.000000,60.000000,105.000000
218.000000,89.000000,59.000000,104.000000
221.000000,69.000000,59.000000,105.000000
240.000000,64.000000,58.000000,103.000000
248.000000,66.000000,58.000000,102.000000
251.000000,63.000000,57.000000,100.000000
248.000000,70.000000,60.000000,106.000000
261.000000,79.000000,59.000000,104.000000
266.000000,75.000000,57.000000,100.000000
270.000000,75.000000,60.000000,106.000000
275.000000,63.000000,60.000000,106.000000
282.000000,47.000000,60.000000,106.000000
276.000000,28.000000,60.000000,105.000000
270.000000,14.000000,59.000000,104.000000
263.000000,-6.000000,59.000000,104.000000
266.000000,-21.000000,61.000000,107.000000
267.000000,-16.000000,59.000000,103.000000
268.000000,-16.000000,59.000000,104.000000
268.000000,-17.000000,58.000000,102.000000
267.000000,-12.000000,57.000000,100.000000
266.000000,-11.000000,58.000000,101.000000
264.000000,-11.000000,57.000000,100.000000
264.000000,-12.000000,58.000000,101.000000
262.000000,-10.000000,57.000000,100.000000
262.000000,-5.000000,57.000000,101.000000
263.000000,-3.000000,57.000000,100.000000
260.000000,-2.000000,59.000000,103.000000
264.000000,12.000000,57.000000,100.000000
264.000000,12.000000,57.000000,101.000000
264.000000,19.000000,57.000000,101.000000
264.000000,19.000000,59.000000,103.000000
263.000000,21.000000,58.000000,103.000000
264.000000,21.000000,59.000000,103.000000
262.000000,23.000000,60.000000,106.000000
263.000000,27.000000,59.000000,104.000000
264.000000,26.000000,59.000000,104.000000
262.000000,29.000000,60.000000,106.000000
262.000000,32.000000,59.000000,105.000000
262.000000,33.000000,60.000000,106.000000
262.000000,31.000000,61.000000,107.000000
263.000000,37.000000,59.000000,103.000000
261.000000,33.000000,59.000000,104.000000
262.000000,31.000000,60.000000,106.000000
262.000000,29.000000,59.000000,104.000000
263.000000,29.000000,60.000000,105.000000
263.000000,27.000000,60.000000,105.000000
264.000000,26.000000,61.000000,107.000000
264.000000,25.000000,61.000000,107.000000
263.000000,22.000000,61.000000,107.000000
265.000000,15.000000,61.000000,108.000000
267.000000,19.000000,60.000000,107.000000
266.000000,9.000000,63.000000,111.000000
277.000000,26.000000,52.000000,92.000000
270.000000,4.000000,61.000000,107.000000
270.000000,5.000000,58.000000,103.000000
270.000000,0.000000,57.000000,101.000000
265.000000,-6.000000,59.000000,105.000000
269.000000,-5.000000,58.000000,103.000000
271.000000,-4.000000,58.000000,102.000000
274.000000,-2.000000,57.000000,101.000000
273.000000,-4.000000,58.000000,102.000000
273.000000,-3.000000,59.000000,104.000000
273.000000,2.000000,59.000000,105.000000
273.000000,0.000000,59.000000,104.000000
273.000000,1.000000,59.000000,105.000000
273.000000,3.000000,61.000000,107.000000
271.000000,5.000000,62.000000,109.000000
273.000000,2.000000,55.000000,97.000000
274.000000,0.000000,57.000000,100.000000
275.000000,-3.000000,58.000000,103.000000
273.000000,0.000000,60.000000,105.000000
272.000000,-3.000000,63.000000,111.000000
273.000000,-1.000000,63.000000,111.000000
271.000000,-3.000000,63.000000,111.000000
275.000000,7.000000,60.000000,107.000000
272.000000,8.000000,62.000000,109.000000
264.000000,48.000000,60.000000,106.000000
269.000000,55.000000,60.000000,105.000000
267.000000,63.000000,60.000000,106.000000
269.000000,64.000000,60.000000,106.000000
271.000000,75.000000,58.000000,103.000000
270.000000,73.000000,60.000000,106.000000
271.000000,77.000000,60.000000,106.000000
272.000000,88.000000,60.000000,106.000000
272.000000,92.000000,60.000000,105.000000
271.000000,92.000000,60.000000,106.000000
266.000000,92.000000,62.000000,110.000000
277.000000,103.000000,60.000000,106.000000
273.000000,103.000000,60.000000,106.000000
268.000000,106.000000,59.000000,105.000000
274.000000,91.000000,61.000000,109.000000
287.000000,102.000000,60.000000,106.000000
298.000000,97.000000,57.000000,100.000000
307.000000,100.000000,57.000000,100.000000
312.000000,127.000000,61.000000,107.000000
317.000000,126.000000,57.000000,100.000000
322.000000,141.000000,60.000000,106.000000
322.000000,151.000000,59.000000,104.000000
322.000000,148.000000,59.000000,103.000000
321.000000,158.000000,57.000000,100.000000
318.000000,159.000000,59.000000,103.000000
318.000000,158.000000,57.000000,100.000000
323.000000,161.000000,57.000000,101.000000
327.000000,163.000000,56.000000,99.000000
327.000000,160.000000,58.000000,102.000000
331.000000,165.000000,56.000000,99.000000
