1
291.59,227.31,402.36,275.68,438.85,192.09,328.07,143.73
277.17,239.57,385.59,261.34,402.00,179.53,293.59,157.77
262.79,256.24,367.50,267.20,375.77,188.18,271.05,177.23
285.30,251.73,386.92,260.90,393.84,184.22,292.22,175.05
286.11,257.36,394.90,273.33,406.95,191.24,298.16,175.27
278.50,273.91,390.85,292.66,404.99,207.89,292.64,189.14
303.23,285.89,405.69,238.43,369.88,161.11,267.41,208.58
306.11,303.60,411.07,256.85,375.79,177.66,270.83,224.41
312.36,325.98,420.88,280.05,386.22,198.17,277.70,244.10
2
0
0
0
0
1
278.90,222.07,331.91,247.46,388.91,128.43,335.90,103.04
264.36,222.10,316.39,249.86,378.72,133.03,326.68,105.26
252.85,220.87,304.07,251.48,372.77,136.46,321.55,105.86
241.54,210.89,291.47,242.17,361.71,130.06,311.78,98.78
230.57,200.22,279.91,232.38,352.12,121.58,302.77,89.42
224.66,191.97,273.53,224.33,346.18,114.60,297.31,82.25
220.30,190.49,267.21,224.16,342.81,118.84,295.90,85.17
208.08,198.78,254.23,232.84,330.71,129.23,284.57,95.16
199.16,203.54,243.92,237.75,320.73,137.24,275.97,103.03
201.13,202.20,244.79,236.30,321.37,138.27,277.71,104.17
206.99,205.63,246.03,238.96,320.86,151.31,281.83,117.98
204.75,215.92,243.52,249.08,317.95,162.03,279.18,128.87
226.33,234.80,266.57,254.70,311.26,164.34,271.02,144.44
227.66,254.45,269.90,267.16,298.45,172.33,256.21,159.61
233.79,259.83,272.43,266.63,287.68,179.88,249.05,173.09
243.61,263.73,280.37,268.62,291.37,186.08,254.60,181.19
250.57,268.04,286.24,271.74,294.54,191.64,258.87,187.94
249.43,273.63,283.65,275.22,287.22,198.40,253.01,196.81
250.51,277.16,283.95,277.81,285.39,202.74,251.96,202.10
260.28,274.61,292.46,274.08,291.28,201.82,259.10,202.34
266.62,258.36,297.30,256.92,294.07,188.02,263.38,189.46
264.32,244.58,294.28,242.52,289.66,175.24,259.70,177.30
269.60,239.34,298.74,236.91,293.30,171.48,264.16,173.90
272.79,234.42,300.52,232.76,296.80,170.51,269.07,172.16
274.29,225.74,301.03,223.75,296.55,163.72,269.81,165.72
277.51,214.29,303.41,212.24,298.81,154.09,272.91,156.14
276.66,210.72,302.89,214.28,310.88,155.38,284.65,151.82
280.70,211.17,306.69,214.63,314.45,156.27,288.46,152.81
273.43,211.54,298.53,221.28,320.40,164.93,295.30,155.18
281.69,204.35,307.31,210.54,321.21,153.02,295.59,146.83
290.40,196.65,314.54,200.73,323.69,146.54,299.55,142.47
289.92,191.34,313.87,194.24,320.37,140.47,296.43,137.57
279.56,192.63,303.38,194.94,308.57,141.44,284.74,139.13
265.80,171.69,282.67,186.43,315.76,148.55,298.89,133.81
264.61,175.26,281.28,188.61,311.25,151.16,294.58,137.81
261.47,172.33,278.07,183.76,303.72,146.51,287.13,135.08
257.42,165.83,274.92,179.58,305.80,140.29,288.30,126.53
261.86,166.27,280.29,178.27,307.23,136.90,288.81,124.90
265.96,160.13,284.73,170.53,308.10,128.38,289.32,117.97
267.86,155.28,288.15,165.86,311.91,120.32,291.63,109.74
268.77,156.10,292.13,166.12,314.63,113.66,291.27,103.64
262.21,133.83,279.83,155.04,327.46,115.49,309.84,94.28
264.69,124.15,280.66,143.89,324.98,108.05,309.02,88.31
263.58,138.36,290.82,156.43,331.39,95.26,304.14,77.20
259.67,150.27,290.66,167.02,328.26,97.42,297.26,80.68
256.73,161.48,288.62,174.64,318.17,103.04,286.28,89.88
253.10,174.88,285.16,185.45,308.90,113.47,276.84,102.89
258.23,183.02,291.15,191.44,310.06,117.53,277.14,109.11
257.90,187.36,292.28,200.42,321.61,123.22,287.23,110.16
256.11,192.18,290.43,199.88,307.71,122.81,273.39,115.12
2
0
0
0
0
1
140.62,148.31,206.97,149.72,208.44,80.58,142.09,79.17
138.61,144.80,206.73,148.74,210.84,77.75,142.72,73.81
138.88,148.27,206.97,151.80,210.65,80.84,142.56,77.30
135.94,157.75,204.16,164.36,211.05,93.27,142.83,86.66
138.01,157.20,206.27,167.95,217.47,96.82,149.22,86.07
145.39,158.11,214.21,170.20,226.80,98.48,157.99,86.39
150.38,160.47,219.13,171.19,230.30,99.54,161.55,88.82
149.12,153.78,217.97,164.74,229.39,92.99,160.54,82.03
144.59,161.83,213.17,175.38,227.30,103.90,158.71,90.35
140.21,173.81,207.65,188.55,223.01,118.27,155.57,103.53
136.17,169.26,202.46,183.22,217.02,114.13,150.73,100.17
141.02,158.36,206.02,171.89,220.12,104.15,155.12,90.62
148.43,157.83,212.98,166.97,222.51,99.69,157.96,90.55
152.31,163.06,216.32,170.85,224.44,104.14,160.43,96.35
158.57,168.62,222.77,171.23,225.49,104.32,161.29,101.71
163.36,171.32,227.44,172.99,229.18,106.21,165.10,104.54
172.93,175.42,237.71,174.82,237.08,107.31,172.31,107.91
180.54,180.20,245.57,178.47,243.77,110.69,178.74,112.42
185.59,188.26,251.34,183.03,245.88,114.50,180.14,119.73
194.38,198.68,260.52,190.67,252.17,121.75,186.04,129.75
200.46,205.00,267.37,193.25,255.13,123.52,188.22,135.27
211.60,210.50,278.34,194.19,261.34,124.64,194.61,140.95
220.01,213.27,287.01,196.88,269.92,127.05,202.92,143.45
215.22,226.05,282.34,209.01,264.58,139.05,197.46,156.09
211.91,234.88,278.06,216.98,259.41,148.04,193.26,165.94
215.38,229.74,281.35,210.94,261.75,142.19,195.78,160.99
221.72,218.14,285.43,196.98,263.37,130.58,199.66,151.75
215.80,213.93,278.73,190.47,254.28,124.89,191.35,148.34
207.25,210.82,270.18,186.43,244.76,120.85,181.83,145.24
204.97,206.55,268.28,183.17,243.92,117.19,180.61,140.57
205.96,206.26,269.51,182.48,244.74,116.25,181.18,140.02
202.07,210.06,267.28,187.69,243.96,119.73,178.76,142.10
200.78,213.26,265.84,189.24,240.80,121.42,175.74,145.45
197.02,218.32,262.76,194.42,237.86,125.90,172.11,149.79
192.56,226.06,259.08,202.85,234.89,133.51,168.36,156.73
194.08,227.48,261.29,201.95,234.68,131.90,167.47,157.44
203.12,217.43,271.32,192.32,245.15,121.24,176.95,146.35
218.26,209.87,287.43,184.62,261.11,112.52,191.94,137.78
208.94,204.87,278.93,179.87,252.87,106.92,182.88,131.92
197.65,198.12,268.27,172.21,241.27,98.61,170.64,124.52
195.05,184.41,266.96,156.97,238.37,82.03,166.46,109.46
189.60,168.41,262.51,139.78,232.67,63.80,159.76,92.43
170.65,160.63,244.88,129.48,212.41,52.12,138.18,83.28
152.04,156.19,227.04,123.33,192.80,45.17,117.80,78.02
148.79,149.05,225.33,113.52,188.29,33.75,111.76,69.28
158.05,144.85,235.57,107.65,196.79,26.87,119.28,64.07
161.36,155.57,239.71,117.63,200.18,35.98,121.82,73.91
146.66,166.12,227.43,127.65,187.35,43.47,106.57,81.93
131.25,173.54,214.13,135.48,174.47,49.11,91.59,87.17
135.57,187.92,219.53,149.16,179.13,61.65,95.17,100.42
150.32,199.94,234.85,159.03,192.21,70.94,107.69,111.85
154.61,206.80,241.68,166.26,199.43,75.52,112.36,116.06
157.28,211.72,245.90,170.65,203.09,78.29,114.47,119.36
154.99,210.70,245.83,169.58,202.98,74.91,112.14,116.02
158.00,210.71,250.41,167.45,205.33,71.14,112.91,114.40
169.72,209.51,264.25,166.38,219.30,67.86,124.77,110.99
179.94,204.31,275.17,158.92,227.86,59.67,132.64,105.06
180.58,204.00,276.90,157.01,227.94,56.63,131.62,103.62
177.46,208.50,275.60,160.41,225.48,58.14,127.35,106.23
177.44,209.01,275.89,161.08,225.94,58.47,127.48,106.41
180.46,206.75,280.56,158.74,230.53,54.42,130.43,102.42
180.33,205.34,281.02,155.45,229.03,50.51,128.33,100.40
175.35,205.84,277.18,153.43,222.56,47.31,120.73,99.71
170.23,204.53,274.38,150.88,218.47,42.33,114.31,95.98
175.99,205.82,280.27,148.44,220.47,39.75,116.19,97.13
179.21,211.55,284.25,151.94,222.12,42.47,117.09,102.08
178.01,217.29,283.89,155.78,219.78,45.44,113.91,106.95
180.34,225.47,286.60,161.78,220.22,51.05,113.97,114.73
189.24,232.02,295.42,166.37,227.00,55.71,120.82,121.36
194.40,232.86,302.15,166.93,233.44,54.64,125.70,120.57
192.26,224.74,300.99,156.91,230.29,43.60,121.57,111.43
199.30,221.17,307.70,150.55,234.10,37.58,125.70,108.19
217.67,213.90,325.87,139.99,248.84,27.23,140.64,101.14
221.18,213.48,330.13,137.88,251.34,24.33,142.39,99.93
208.51,217.38,318.18,141.56,239.16,27.26,129.48,103.08
200.59,222.42,311.82,143.88,229.97,27.95,118.74,106.49
212.23,224.06,322.00,141.56,236.01,27.16,126.24,109.66
220.59,229.63,330.79,147.03,244.70,32.18,134.50,114.78
216.87,239.91,328.06,156.95,241.60,41.06,130.40,124.03
212.30,250.52,324.05,165.28,235.21,48.81,123.46,134.05
211.80,257.12,324.02,169.46,232.66,52.51,120.44,140.17
219.93,262.73,332.62,173.09,239.20,55.64,126.50,145.28
228.21,270.33,341.62,179.64,247.09,61.44,133.69,152.14
237.84,275.36,352.65,184.00,257.43,64.35,142.63,155.71
227.65,277.75,343.97,185.42,247.73,64.19,131.42,156.53
214.04,288.16,330.61,193.65,232.12,72.16,115.55,166.66
223.51,289.95,340.24,194.30,240.56,72.64,123.82,168.29
238.29,281.48,355.34,185.29,255.09,63.30,138.04,159.49
241.39,272.46,360.28,176.92,260.71,53.00,141.81,148.55
230.72,264.69,350.26,168.07,249.55,43.49,130.02,140.11
217.24,267.43,338.77,170.97,238.25,44.31,116.71,140.77
221.95,273.82,344.49,177.14,243.73,49.42,121.18,146.11
233.11,274.80,356.26,178.93,256.34,50.58,133.18,146.45
242.23,271.96,364.76,174.14,262.82,46.44,140.29,144.25
244.70,271.08,366.25,171.59,262.55,44.91,141.00,144.41
244.52,272.10,365.86,170.84,260.33,44.38,138.99,145.63
243.76,275.98,364.07,172.01,255.71,46.62,135.40,150.60
236.97,278.56,356.15,171.79,244.87,47.58,125.70,154.35
231.36,285.25,350.41,177.26,237.86,53.19,118.81,161.18
229.54,287.61,348.17,178.91,234.89,55.28,116.26,163.98
224.24,288.98,343.46,179.45,229.30,55.19,110.08,164.73
223.02,293.52,340.76,182.40,224.96,59.68,107.21,170.80
226.05,296.99,341.90,184.39,224.54,63.65,108.69,176.26
228.01,296.84,343.36,182.53,224.22,62.32,108.88,176.63
223.40,295.47,338.54,180.09,218.29,60.10,103.16,175.47
222.49,295.36,336.70,178.20,214.60,59.17,100.39,176.33
232.26,292.03,344.15,172.88,219.98,56.28,108.09,175.42
240.72,289.79,353.41,169.96,228.52,52.51,115.83,172.34
239.91,289.71,353.12,171.92,230.36,53.92,117.14,171.72
237.41,291.01,350.79,173.05,227.85,54.88,114.46,172.84
238.88,288.25,351.29,168.50,226.48,51.34,114.07,171.10
241.45,285.72,352.70,166.02,227.95,50.08,116.70,169.78
240.11,285.98,349.87,165.01,223.79,50.62,114.03,171.59
236.29,286.17,345.82,164.47,218.99,50.31,109.45,172.01
235.51,282.89,344.84,161.43,218.25,47.49,108.92,168.95
238.22,282.53,346.94,159.55,218.78,46.25,110.06,169.22
239.46,284.41,347.09,160.77,218.23,48.60,110.60,172.24
238.25,286.77,345.50,163.47,217.00,51.69,109.74,175.00
235.56,291.42,343.19,168.14,214.70,55.97,107.07,179.26
234.51,296.63,341.91,172.89,212.95,60.96,105.55,184.70
235.15,296.78,343.35,174.39,215.80,61.62,107.59,184.01
236.83,297.44,345.35,175.09,217.84,61.99,109.31,184.34
236.25,298.99,344.38,175.70,215.90,63.00,107.76,186.29
237.49,298.57,345.66,175.18,217.06,62.44,108.89,185.84
