1
287.768982,73.212616,75.448341,232.424057
289.208984,77.702148,75.193031,231.586914
288.055695,78.628387,74.823616,230.427414
284.813202,77.352211,74.780823,230.199493
283.907776,78.415077,74.664062,229.782501
283.935577,78.381218,74.768036,230.035660
282.769226,81.470184,74.471794,229.162338
281.245728,80.719116,73.922935,227.328583
279.392914,81.279434,74.335526,228.696350
277.457336,80.577171,74.385490,228.845718
274.400818,80.076523,74.409401,228.994446
274.881195,79.710869,74.630898,229.493652
271.766754,80.997055,74.852623,230.338913
269.109436,80.714668,74.695854,229.833542
266.846497,84.905167,74.953812,230.671661
265.315155,87.217018,74.196617,228.360748
269.992279,84.014969,74.598022,229.458878
264.227386,89.111595,74.759262,229.885300
269.122955,96.955704,74.519173,229.110962
272.589600,99.362907,74.813431,230.069595
270.127014,95.771767,74.539215,229.245987
278.488464,100.313942,74.432404,228.838104
280.577148,93.337936,74.172798,227.997360
282.966492,93.983429,74.082047,227.662460
282.158997,90.755180,74.268448,228.140503
289.033234,86.787209,74.184921,227.821793
286.980774,84.427223,73.948952,227.085526
282.264587,84.687180,73.977371,227.167007
279.232971,82.533440,73.661087,226.152313
275.598938,80.510406,73.627373,226.037857
247.233582,100.364113,73.521881,225.596222
276.076721,83.922516,73.302261,224.970047
285.563721,88.207268,73.540001,225.601013
276.887939,81.531013,74.044395,227.237167
272.385834,91.810051,74.211754,227.809677
282.559540,89.329826,74.368629,228.402115
291.098053,85.740280,74.392464,228.527466
248.809052,96.761436,74.035126,227.420837
259.804138,94.738525,73.382210,225.412643
271.122040,93.078194,73.515739,225.773804
279.540741,83.603569,73.187088,224.784027
285.487488,80.129234,73.529686,225.792572
280.036407,83.086639,73.596863,226.062881
294.949646,73.233376,73.772430,226.568939
296.426147,77.534027,73.832619,226.854141
295.522980,73.334831,73.421837,225.485992
291.517151,74.040268,73.161392,224.713898
291.539886,73.408325,72.880424,223.736496
288.249359,73.260078,72.733246,223.338013
285.718231,67.525703,72.639816,223.197647
287.070251,68.044266,72.928719,224.059540
283.468903,68.656487,73.442139,225.596207
279.508087,68.332443,73.212509,224.984741
265.128448,73.137581,73.279526,225.243378
281.136505,71.251366,73.504738,225.941956
269.348175,84.364494,73.708099,226.543808
272.159424,81.411034,74.027298,227.582611
279.394470,82.498482,73.594139,226.402298
278.643890,92.352959,73.614853,226.400772
267.914215,84.037262,73.243187,225.314987
283.512573,92.608749,73.196999,225.104919
305.993256,71.637131,72.987679,224.439438
289.559906,80.566299,72.797287,223.872726
298.811401,83.879883,72.983444,224.341827
332.941772,83.067947,72.856544,223.912811
316.497986,74.176613,72.573540,223.012741
326.521240,78.546387,73.165001,224.854416
326.286804,83.170868,72.957771,224.099319
335.034790,84.370544,73.179375,224.786575
329.234344,86.621750,73.433571,225.549179
329.987640,78.489922,73.279800,224.929031
318.528748,79.843987,73.490067,225.568527
325.830780,76.756760,73.869148,226.832672
310.966522,72.812614,73.869423,226.804214
317.569489,73.889496,73.565208,225.992096
314.746765,74.973999,73.800262,226.698990
310.963715,75.147202,74.419289,228.566299
310.188782,71.514534,74.732964,229.576843
316.883942,73.607849,74.946808,230.400299
293.989258,81.372551,74.806862,229.928467
311.707886,74.530334,75.182869,231.061676
300.697144,77.004433,75.619423,232.351639
308.952423,74.426819,76.308754,234.322052
304.313843,78.739212,76.264114,234.146072
295.478424,76.219894,76.006920,233.342468
309.172668,86.361122,75.279526,231.219177
305.162231,88.860039,75.372063,231.498718
310.137146,85.263283,75.445160,231.647308
315.959808,83.410973,75.585281,232.049240
311.696686,81.094986,76.004227,233.247040
321.137024,78.639587,76.205780,233.996155
319.496796,79.782791,75.587143,232.037201
323.387482,71.246246,75.187973,230.808945
360.954865,68.233086,74.958687,230.076599
326.715393,69.570900,75.064720,230.362839
342.533173,71.302467,74.715660,229.249130
315.164093,63.396458,74.710114,229.261734
312.059082,65.111504,75.127266,230.593658
306.180695,68.566277,75.611015,232.128357
298.809784,66.274109,75.687424,232.401535
310.775574,64.539795,76.281502,234.209534
295.029205,56.225269,76.016365,233.488174
335.843323,71.274963,76.040436,233.644836
301.769684,52.186142,76.248024,234.403549
288.462860,62.273952,76.412247,235.008804
279.116455,59.148632,75.824516,233.143845
269.519135,58.309284,75.888023,233.458237
272.949310,58.038677,75.707825,232.972229
277.033295,71.754402,75.882271,233.508942
283.026031,62.029190,75.345383,231.840012
283.127228,69.485382,75.471275,232.174515
280.870697,67.531052,75.703033,232.972534
284.972412,65.565506,75.120155,231.031662
303.777649,71.487831,74.965866,230.614105
287.123932,65.905273,74.647568,229.649323
291.762360,67.092880,74.977112,230.726547
280.687347,67.196129,74.168129,228.314499
270.321075,67.171036,73.956879,227.815567
284.639160,70.907555,73.437187,226.090500
304.137909,69.096222,73.372658,225.892578
284.560028,65.936874,73.357529,225.873260
288.156952,66.060524,73.544991,226.507843
291.133118,66.973686,73.652817,226.901672
293.842804,70.881248,73.506676,226.540253
307.544983,64.408974,73.778404,227.313416
292.514557,58.805920,73.312469,225.944687
309.663147,63.832645,73.120224,225.484467
322.875458,61.641911,73.122086,225.419083
321.753571,59.552765,72.739571,224.264954
325.179321,62.684105,73.150108,225.514786
312.563629,64.550201,72.753113,224.241028
310.015076,64.528603,72.220139,222.532944
306.112854,64.541374,72.084442,222.197189
313.478363,65.371094,72.028671,222.035431
303.931061,67.207130,71.948410,221.766830
303.386047,67.642258,71.965576,221.809341
290.512787,63.673950,72.000916,221.861984
304.406525,89.128288,72.328072,222.882492
280.254272,87.769020,72.603729,223.731979
284.039948,88.591499,72.573746,223.647400
286.946686,95.907776,72.414597,223.127563
308.662109,98.832817,71.927597,221.607254
322.290863,112.052147,71.786423,221.203293
290.913727,92.078209,72.535515,223.388580
291.824188,83.123947,72.636765,223.721542
305.380432,97.894737,72.723122,223.946793
322.275452,100.773926,72.895996,224.448486
330.976135,92.782295,72.780739,224.044983
313.444794,101.671783,72.880074,224.310730
302.286438,89.880676,72.557083,223.358047
298.678375,80.548424,72.807663,224.212097
279.529175,60.921906,72.761963,224.024139
297.441376,77.088379,72.155319,222.086563
268.819122,60.895840,72.321365,222.567062
291.192078,74.447868,72.101906,221.904266
283.587463,62.052639,72.844170,224.197693
286.376221,61.046619,73.214149,225.282700
269.397064,54.963161,72.643097,223.804794
270.610168,50.365498,72.673813,223.893066
267.350983,47.314705,72.644768,223.733948
287.224365,101.742577,73.793388,227.213287
256.255341,48.735264,73.715141,227.052490
271.006256,75.477356,73.482971,226.365341
248.415970,43.655418,73.862785,227.539917
243.601715,43.563503,73.965218,227.833466
255.676956,54.496300,74.111694,228.255798
241.533188,69.443527,73.862129,227.558197
247.703278,58.649876,74.146584,228.355316
232.067383,69.908966,74.337341,228.953217
244.837662,72.867638,73.760620,227.172134
240.944702,75.304985,73.358887,225.932907
248.260803,72.204590,72.913254,224.629242
256.662292,80.460312,72.485832,223.336517
246.815933,77.684174,72.379257,222.975311
252.484451,78.836838,72.488800,223.322800
247.676956,83.052704,72.326141,222.737946
249.856674,81.870338,72.321190,222.648682
254.291611,80.622002,72.676712,223.796631
251.509216,81.256256,72.952667,224.626251
256.453827,79.947151,72.968620,224.658463
251.012634,80.670738,72.759247,224.125458
261.573029,72.341850,72.591156,223.597260
263.140198,71.239777,72.949783,224.561813
261.620819,67.990700,73.157112,225.145599
272.952332,65.185745,73.217979,225.229279
264.101288,65.871315,73.287498,225.397324
276.068939,64.595985,72.927643,224.183762
276.832458,66.933289,72.709450,223.580276
276.595093,59.626694,72.926430,224.225769
309.174530,72.195602,72.797356,223.855637
284.785553,77.790276,72.380333,222.617386
283.333923,82.590851,72.378883,222.673416
286.249329,81.014015,72.096519,221.746033
284.674683,81.528435,71.751045,220.571701
283.615265,79.800774,71.567772,220.002243
284.822693,82.515808,71.807999,220.726395
289.207367,83.116013,71.642311,220.150116
285.492035,86.259048,71.698730,220.205215
295.644684,92.339134,71.675262,220.114578
295.830627,82.684830,71.903336,220.767883
295.514893,86.136246,71.968246,220.883530
295.693695,81.329849,72.302078,221.894684
294.847534,77.215172,72.975304,223.984634
293.483887,76.208351,73.120018,224.359253
291.610535,68.969856,72.482697,222.348160
289.437653,59.647854,72.520805,222.418350
290.484467,60.979218,72.600220,222.721329
283.898651,65.656593,72.168930,221.354309
280.662872,63.613003,71.775658,220.168289
275.595795,67.604858,71.727074,219.925079
284.732147,60.679970,71.393898,218.849319
285.972595,64.581406,70.626968,216.544342
278.774353,70.872963,70.979584,217.637909
284.868347,72.227409,71.144806,218.099777
288.606903,71.261642,70.727219,216.779343
286.478394,64.769020,70.373947,215.691940
307.929352,80.461784,70.300453,215.433014
281.714478,51.544594,70.302696,215.443741
280.915833,56.864304,70.582336,216.332199
317.798218,71.803040,70.400871,215.833557
288.542725,47.752232,70.055054,214.759720
302.290527,49.903500,70.040077,214.624268
291.315887,49.311848,70.201111,215.084351
291.809570,50.077812,70.026299,214.463104
292.070709,46.689610,69.661369,213.279724
292.111420,52.352879,70.097565,214.596161
300.459625,56.747345,69.935478,214.039825
298.302826,59.840199,69.955864,214.219208
297.941895,58.059689,69.857162,213.823883
312.786804,52.429749,70.115822,214.592636
309.377533,58.404175,69.977730,214.292725
311.268494,58.535870,69.985588,214.376053
311.692566,57.406075,70.710419,216.528091
320.085388,71.770981,70.973129,217.436920
307.707123,60.496326,70.877632,217.113541
314.949463,63.509777,70.705124,216.606415
317.267456,64.471336,70.557564,216.226166
313.547333,70.795975,71.090752,217.757141
307.349823,72.046448,71.189102,218.090851
316.820648,62.427597,71.106934,217.791199
309.319916,56.612148,70.761185,216.725922
318.788910,55.123600,70.630592,216.302399
316.181458,61.338482,70.310341,215.379166
312.724182,60.439800,70.184700,215.048752
321.133148,55.793129,70.125832,214.874847
329.872437,59.445286,69.843765,213.924789
332.439728,61.383869,69.917793,214.167068
331.447723,48.452484,69.537491,212.968185
328.374237,51.626961,69.645195,213.345520
327.974915,55.348221,69.787170,213.845642
329.496460,53.374420,69.940598,214.379120
327.586243,50.075214,70.009911,214.444122
326.866211,52.444710,70.052673,214.468597
332.064117,50.494320,70.125717,214.670502
328.855469,50.795082,70.399872,215.481827
327.217590,57.693108,70.272484,215.147354
331.653198,57.205166,70.513519,215.883820
334.847046,60.529270,70.264961,215.240936
329.538300,46.244270,70.210968,215.052353
328.119232,46.500141,70.547836,216.097504
330.578827,43.913551,70.826431,216.950134
328.366699,36.501759,70.952782,217.355560
331.177124,45.551517,71.288322,218.428772
330.402649,37.789165,71.836441,220.027359
333.399689,44.761055,71.802307,220.034485
334.285706,42.400177,71.833191,220.195297
326.629303,54.478115,71.884033,220.347260
330.434662,48.816948,72.294327,221.512024
334.566437,50.549217,72.171516,221.092133
335.074585,58.828026,72.074913,220.827805
333.294006,55.326408,71.853531,220.130951
337.397400,48.442093,71.688286,219.650513
332.816345,45.253166,71.977486,220.532318
329.365356,47.575733,72.440010,221.916519
332.086060,47.745884,72.437614,221.840652
335.995544,48.869728,72.568329,222.334351
335.448792,47.971359,73.088860,223.907623
335.597504,51.970543,72.981644,223.651367
327.076447,52.154030,73.539528,225.265335
332.673584,50.001106,74.280434,227.684143
331.656403,51.903473,74.439102,228.117340
334.208588,46.862549,74.432869,227.979340
333.795532,50.163013,74.602417,228.445007
335.865265,48.463219,73.961891,226.447891
332.337128,52.403477,73.650536,225.563599
317.632965,63.290283,73.580238,225.347321
320.886536,59.539120,73.660049,225.569153
320.817749,52.428612,73.844101,226.043839
319.079163,55.836182,74.199532,227.021545
308.006073,64.684814,72.907005,223.289062
311.856201,58.905163,72.589516,222.298477
303.411957,63.949127,72.842018,223.310379
302.274475,62.259640,73.536133,225.521683
328.429565,47.152649,73.411362,225.138214
310.850433,61.393375,72.834152,223.383804
326.375305,40.860748,72.669235,222.862045
319.559387,45.699715,71.834251,220.249466
313.205536,46.110508,71.544739,219.342209
295.377686,46.599625,71.416771,218.876282
268.967041,64.600716,72.423248,222.002716
276.591553,54.734894,72.349533,221.713303
273.415405,49.478794,71.673424,219.648773
270.844727,56.137032,71.045021,217.778946
269.478577,57.235188,71.081779,217.877411
269.064728,57.803745,70.196136,215.289413
266.622528,50.622036,69.828545,214.166351
270.488007,48.793526,70.111176,215.046814
264.329132,56.968266,70.358315,216.001419
267.494965,64.451805,69.835251,214.363815
266.400391,66.331985,70.248398,215.515701
264.765778,51.747749,70.480339,216.294052
270.012512,58.797272,70.522331,216.349991
269.927521,54.322227,70.384743,215.926529
266.333099,55.006565,70.789070,217.172302
274.817261,47.348854,71.032837,217.865479
271.934509,41.253807,71.506172,219.316116
276.604797,42.093616,71.220551,218.441284
279.169708,36.831001,71.172211,218.235901
274.220306,51.973709,70.508842,216.177872
279.512543,53.432354,69.973587,214.506744
280.100830,50.207726,69.621086,213.427139
280.267365,43.845165,69.595657,213.266281
283.956482,48.624474,69.891510,214.106506
284.292511,49.073311,69.917366,214.217163
283.710815,56.689465,69.658112,213.405014
285.594971,56.739529,69.984337,214.350403
284.724335,55.373028,69.948509,214.223206
287.153076,58.112122,70.424438,215.656509
285.186279,58.970192,70.231506,215.046066
287.666382,54.106304,70.359528,215.433975
290.675720,58.165249,70.094948,214.654419
286.749512,50.377083,70.183556,214.898270
285.889130,40.904686,69.669708,213.373932
287.040588,47.541832,69.341904,212.470978
288.697754,45.654881,69.539345,212.928589
294.148407,45.583084,69.815887,213.735397
292.233490,49.836166,69.699440,213.362000
298.404388,48.988167,69.928703,214.013199
304.115509,55.227573,69.267960,211.908295
303.539001,51.089291,69.755066,213.401718
310.442688,39.923790,69.913315,213.850113
315.711700,48.757385,70.131683,214.470856
312.715454,46.557621,70.183838,214.726974
309.964417,54.141777,70.386696,215.494339
312.311615,56.756546,70.358253,215.418869
317.388397,56.453350,70.359810,215.331726
309.168030,53.875126,69.934952,213.909195
302.582703,49.596214,70.343224,215.214401
307.851074,46.370949,70.251442,214.907242
301.122833,54.374962,69.614258,213.086105
301.985779,53.624718,69.494942,212.791565
296.598450,50.829865,69.312836,212.228928
295.408844,55.612984,69.290100,212.087906
295.095795,56.173824,69.111687,211.524399
297.563019,59.506721,69.390884,212.322556
291.789520,59.564331,69.644379,213.175064
282.709198,55.457314,70.294434,215.218094
287.803314,55.306858,70.045616,214.535492
282.966980,58.005135,69.659218,213.322968
281.425079,55.979801,70.042213,214.447479
278.198090,59.472290,69.985985,214.343643
282.382263,56.175129,70.142990,214.832352
275.158417,48.719276,70.302849,215.226074
273.431000,53.246281,69.930740,214.186981
274.231018,55.679459,69.675117,213.511749
275.810211,57.067825,69.998154,214.496155
277.441559,59.662472,70.168999,215.083145
277.849518,55.778629,69.418175,212.840134
278.547150,57.375172,69.454605,212.912872
278.706390,60.531551,69.561508,213.251740
278.374603,60.877384,69.798859,213.992661
282.501831,64.751175,69.929932,214.372849
284.321472,66.656624,69.780670,213.933563
292.992371,61.639099,70.012207,214.660217
298.703308,68.895012,69.200584,212.136414
294.531891,66.599274,68.832664,210.967590
304.071808,69.723892,67.897369,208.185745
301.569244,69.402344,67.574020,207.125946
301.281555,67.935661,68.231987,209.152008
303.219940,70.792358,67.979134,208.347183
309.214478,75.398682,68.363091,209.442657
308.572540,75.619598,68.257034,209.119766
308.300812,76.946602,68.237831,209.085297
306.644684,75.957741,67.983383,208.233582
310.245453,74.598228,68.338448,209.315338
307.442902,73.964821,68.119392,208.649658
309.108124,79.586258,68.574928,210.057053
310.321808,76.895943,68.336174,209.320007
315.024078,82.870338,67.718002,207.369858
305.558472,76.821053,67.614204,206.975815
314.531036,79.761055,67.396553,206.293243
312.305878,80.046379,67.478065,206.600266
327.041321,86.292015,67.621834,207.019836
314.606110,84.422630,67.275269,205.982483
323.519348,79.892319,67.297707,206.019608
331.323547,88.158981,67.051575,205.337692
336.254456,85.518921,67.114334,205.599930
335.093231,91.082352,66.501999,203.652985
342.838654,91.467262,66.305908,203.074051
338.038300,90.595779,66.511559,203.647583
343.236542,96.105850,66.276886,202.963806
341.719666,92.957993,66.498390,203.703415
341.629425,91.097595,66.556732,203.743958
342.695984,101.686562,65.997726,202.075592
335.148926,99.399178,66.207802,202.757858
339.942291,100.174133,66.457466,203.540787
340.271790,103.756073,66.420990,203.408401
328.529266,98.206955,66.390106,203.368713
333.200409,105.011887,66.103951,202.484100
330.839264,104.067894,65.856178,201.619415
322.425659,96.185883,65.991196,202.065201
331.285583,98.268295,65.522392,200.730881
324.077362,99.338493,65.567482,200.888031
321.614105,98.280602,65.420181,200.454147
318.516510,97.410622,65.712128,201.331589
321.249786,95.346588,65.632263,201.196243
317.710602,94.701843,65.908829,202.021637
318.679504,93.361404,66.276550,203.166306
313.880737,85.624161,66.585106,204.044434
312.440277,88.513405,66.687645,204.272537
308.720215,86.798904,66.814583,204.648102
306.685730,87.685234,67.477882,206.618423
301.558533,88.007378,67.614586,207.096161
298.636322,94.174347,66.678780,204.330307
297.292969,97.850533,66.616837,204.253922
291.226227,102.802849,66.327454,203.454605
287.675415,100.375687,66.387184,203.572433
286.117096,97.341751,65.803558,201.755707
283.867828,104.090790,65.843361,201.753845
287.051727,99.846512,65.766167,201.533997
285.327850,102.188980,65.534088,200.967957
289.712036,94.712326,66.265648,203.133286
288.094635,97.382149,66.569046,204.058517
288.490723,98.479256,66.446999,203.725281
279.871826,92.371613,66.209183,203.096191
283.471619,91.825432,66.519630,204.078796
281.269867,88.743149,66.979866,205.487961
290.580841,92.539490,66.945816,205.422668
287.048492,89.896942,66.983353,205.587753
291.100403,93.293312,67.063850,205.924164
276.508850,85.100250,67.602051,207.574478
272.204987,78.948593,68.113220,209.108032
274.477051,83.480011,67.826492,208.264404
310.874725,79.524933,67.644562,207.700150
307.762421,83.914383,67.681374,207.884827
309.406250,96.056816,67.357658,206.957489
283.796783,76.531296,67.367073,206.982040
307.589172,93.747208,67.769974,208.197281
305.414093,91.410187,67.888321,208.558731
308.957184,97.985588,67.951309,208.718109
305.402832,95.845779,67.809898,208.296890
295.403381,94.163193,68.350777,209.911606
298.559998,100.538185,68.094307,209.066193
297.623413,97.401505,67.694489,207.793747
293.479706,99.403831,67.283936,206.446045
294.303711,101.182007,67.769379,207.970413
292.742615,107.807541,67.968071,208.678192
291.308838,98.937820,67.676537,207.766083
290.846893,102.327721,67.579018,207.377151
289.910126,102.583138,67.295609,206.497421
258.521423,90.871674,67.181480,206.206482
256.555603,99.085701,67.527565,207.364166
253.192001,96.494347,66.817116,205.122925
251.320038,101.868484,66.618309,204.562637
241.347748,100.338081,66.623512,204.546402
249.888718,100.736382,66.757423,204.918900
271.491241,100.021980,66.630455,204.489853
272.389648,102.232986,67.020561,205.610855
271.977417,101.224472,67.084862,205.785812
266.820679,104.275337,66.908791,205.065353
259.386688,100.417801,67.050186,205.484940
258.684753,99.871864,66.918633,204.992722
266.139435,103.211464,66.837250,204.698532
280.905609,99.971283,66.881668,204.826935
277.124817,96.487061,66.905487,204.935837
283.777252,99.558792,66.717773,204.374924
290.059265,106.339035,65.497513,200.464249
287.823334,107.869720,65.215431,199.690048
294.453033,108.093597,64.778755,198.296097
297.796509,104.755478,64.231476,196.675583
288.304321,106.849907,63.882885,195.675385
287.046143,111.912987,64.161720,196.535599
276.101044,107.852539,63.945465,195.801163
282.346161,108.048302,64.021378,196.052872
256.406311,112.397469,63.781658,195.260040
281.160400,109.308723,63.826073,195.408188
281.943970,109.341705,63.362602,194.086166
281.188812,109.901413,63.404976,194.269073
279.677094,110.484596,63.346287,194.049500
280.611053,111.043823,63.482491,194.558578
281.593201,109.360413,63.701431,195.222580
280.680389,110.211342,63.798935,195.423386
284.096649,105.290070,63.811844,195.515228
283.681854,104.647392,63.839783,195.738693
289.285522,99.402824,64.343323,197.327148
291.736115,103.968391,64.677170,198.334167
292.822235,104.055740,64.434555,197.571060
287.638550,96.047554,64.213554,196.872498
295.664062,101.561028,64.477692,197.767517
289.277191,98.111839,64.275864,197.033371
295.699219,101.975571,64.306213,197.236328
296.694702,105.852631,64.071053,196.487915
295.503784,99.123947,64.206429,196.984711
298.618835,105.992172,64.425316,197.737656
297.637848,105.197388,64.668266,198.550583
296.070190,107.896065,64.888481,199.244064
298.843689,106.526711,64.947479,199.483078
296.095490,114.672646,65.209328,200.354401
296.373016,109.288780,65.677116,201.820557
293.445038,115.147697,65.381294,200.927704
295.886169,116.035713,65.241341,200.559784
295.084381,110.003014,64.960747,199.632126
284.292572,114.610733,65.222061,200.479813
284.049225,116.320267,65.163353,200.223389
283.029327,113.281342,65.325096,200.712402
283.557251,112.429573,64.725365,198.852020
283.013428,109.462891,64.658455,198.549896
282.203217,124.492661,64.406425,197.774033
278.495026,122.576988,64.386757,197.695190
279.973236,126.065773,64.647713,198.467636
281.335571,154.497375,64.588226,198.210434
276.744904,122.148857,64.591187,198.279907
278.319977,126.692360,64.856239,199.104919
279.992279,122.316109,64.534828,198.217346
283.889862,128.846619,64.955376,199.520935
278.178986,132.910263,64.931999,199.381485
280.933807,134.237732,64.932808,199.340317
277.350006,135.417267,64.963554,199.450699
276.002075,136.413574,64.883308,199.176331
275.046204,134.030182,64.860329,199.042480
276.297913,139.117981,65.177704,200.083130
279.749725,171.727036,65.003311,199.516586
273.835144,140.958145,64.688713,198.569351
278.187225,138.596817,64.561035,198.289169
278.925171,138.615692,64.778519,198.912933
284.941895,141.808228,64.848206,199.063187
283.341187,143.032211,65.009377,199.456741
274.904358,142.455292,65.285805,200.256531
282.201782,175.904404,65.441078,200.771301
267.480194,142.040878,65.542686,201.093735
227.909271,138.052948,65.416054,200.824829
248.846344,140.066299,65.354828,200.643555
236.519547,137.523026,65.023903,199.607544
240.023132,143.906174,65.130501,199.969711
242.837723,139.811188,65.103081,199.909409
245.799637,144.784943,64.959389,199.467194
257.344208,142.528870,64.824997,199.146423
287.807434,129.952927,64.708862,198.810455
255.613144,154.570282,64.123962,197.036423
287.059204,148.519714,63.728264,195.930908
285.962128,178.390182,63.500099,195.172546
283.242920,146.448608,63.373394,194.550797
289.619202,146.399139,62.938427,193.137695
288.707703,144.845612,62.908035,193.013214
290.652771,146.627106,62.545670,191.792969
306.596344,149.024796,62.343758,191.244965
305.586212,148.281830,62.495029,191.788498
310.807770,150.766266,62.545132,191.991272
321.136780,148.261429,62.420059,191.718903
289.358673,171.644562,62.381832,191.595886
279.266754,154.935593,61.907974,190.135300
281.468536,187.655228,62.228462,191.081635
292.341309,148.675858,62.161961,190.863525
293.039215,148.978287,62.520542,192.099655
295.681366,152.474945,62.728344,192.737747
294.071777,149.172699,62.759903,192.787903
300.270233,151.466888,62.671341,192.607727
309.587067,150.273941,63.156605,194.055984
310.203857,149.309357,63.331577,194.530655
311.877563,151.196579,63.674225,195.637024
317.427185,150.267960,63.889515,196.246674
314.016785,152.551483,63.301613,194.389099
316.049896,224.679565,62.881348,193.002838
305.726746,186.910065,63.081600,193.636703
320.145142,155.053848,62.593971,192.183060
310.910156,153.869873,62.273243,191.318100
310.140137,159.173721,61.495911,188.846817
311.056702,153.737671,61.892307,190.075592
309.586487,152.224625,62.433121,191.754013
306.208832,155.343094,62.345963,191.484558
306.415863,151.517593,62.268517,191.240555
316.316589,149.562332,63.210648,194.050934
331.297729,144.986038,63.126919,193.741608
332.759277,143.898499,63.842400,195.904099
340.508026,136.605728,63.891178,196.050278
341.103210,136.996780,63.466251,194.746384
337.440704,137.583160,63.454563,194.603424
343.166809,132.331802,63.525436,194.904068
339.742188,147.422333,63.586697,195.079010
338.471619,153.883850,63.258770,193.806839
342.975891,138.349579,63.781006,195.376190
360.019836,142.738235,63.398247,194.222778
329.717010,139.857483,63.631908,194.899445
332.271698,137.725418,63.843346,195.561737
313.491516,141.218231,63.313454,194.028702
317.083313,139.674438,63.262962,193.857178
2
0
0
0
0
1
380.362640,62.633366,91.593094,230.035858
386.632812,63.862263,91.205971,229.109711
396.093353,62.937103,91.114868,228.927567
398.598541,63.401711,90.872032,228.259323
399.942810,63.904221,91.006622,228.530838
402.959259,64.229294,91.107170,228.697464
410.540070,64.286308,91.164268,228.981415
407.776337,64.300392,90.928085,228.275803
408.821136,64.713135,91.453369,229.614182
427.616730,65.257881,91.251625,229.079453
427.345978,64.129601,90.916725,228.302567
441.548859,67.331474,91.012413,228.502182
454.861969,68.874542,91.112686,228.841736
458.177307,67.531647,90.999695,228.504456
455.793854,72.442581,91.304070,229.267914
454.080688,70.297150,91.687012,230.221695
447.224091,69.101357,91.500931,229.545776
444.799561,68.304070,91.690033,229.957306
441.896362,69.811325,92.010132,230.659714
434.652161,69.191948,92.064995,230.765106
434.681580,66.400879,91.856346,230.202103
424.912292,69.547432,91.646370,229.617020
420.937866,70.500244,91.678085,229.732544
418.279083,67.757790,91.563896,229.418518
431.468048,72.574883,92.167648,230.857956
416.617126,72.753845,91.876694,230.112823
411.763733,71.841530,91.610016,229.385101
422.104645,75.116783,91.481247,229.216461
409.194550,70.983635,91.085136,228.222092
424.809387,77.273293,91.070679,228.242096
432.372559,74.436462,90.745483,227.349442
434.768982,77.514748,90.730865,227.195816
434.071381,76.949753,90.681091,227.028900
438.847198,79.094551,90.645828,226.875244
423.134674,78.424141,90.450615,226.529831
421.117645,77.201904,90.185448,225.861557
424.239380,79.418373,89.783897,224.728470
422.570709,77.989143,89.889145,225.086746
411.470642,79.954437,89.640785,224.529236
412.670685,80.373474,90.161522,225.929657
410.924011,79.603394,90.071419,225.773392
420.337097,78.444588,90.285088,226.449753
418.431061,80.144684,89.746086,225.084991
428.597809,81.904602,89.811806,225.109070
2
0
0
0
0
1
364.188568,88.268707,72.648544,203.684769
362.314575,87.646790,72.534233,203.316559
360.670563,86.278206,73.158562,205.135178
362.414520,84.132164,73.150040,205.111145
360.210144,86.721588,73.259804,205.549622
361.260254,88.623428,73.716957,206.873566
359.654541,88.462563,73.613831,206.610580
357.519867,87.115822,73.464745,206.241577
356.874023,86.917610,73.464050,206.285706
354.954010,85.815613,73.453026,206.254745
351.457947,86.592224,73.474846,206.266632
351.119720,87.921837,73.613167,206.708298
349.684998,87.700615,73.293701,205.858902
343.332581,83.252357,73.689522,206.923798
342.723083,81.504883,73.571945,206.617477
340.938904,84.943840,73.419685,206.171234
335.222687,92.498955,72.813721,204.454025
334.486206,92.059174,72.187340,202.719620
332.276184,93.463608,72.495979,203.488419
327.692749,87.672028,72.623619,203.841064
327.900269,88.506783,72.811356,204.365067
324.262543,92.291199,72.635368,203.850708
325.254181,88.927544,72.651123,203.918884
324.786560,87.850700,72.449120,203.299011
325.560028,88.189331,72.131531,202.381378
321.878113,84.735893,71.657150,200.906235
320.155457,87.404808,71.432892,200.346359
320.531677,87.123184,71.270485,199.795486
315.889221,85.558197,71.344124,200.068054
317.537720,92.011269,71.123055,199.505112
313.137695,89.844162,71.439034,200.420532
313.637848,90.360207,71.578766,200.767120
312.538940,91.619942,71.241142,199.913605
308.457703,88.857773,70.919594,198.973679
311.520050,84.975159,70.447662,197.564514
312.288971,82.634460,70.435493,197.378052
309.908539,80.155815,70.305199,196.909637
313.193329,83.771973,69.581650,194.903397
312.410645,88.357903,69.088409,193.493958
315.700684,85.108055,69.226234,193.936752
317.416229,86.341637,68.811020,192.816757
316.439697,86.834480,68.898346,193.054428
316.445587,83.809319,68.523514,191.987122
314.961914,87.118271,68.456184,191.786575
314.019073,86.095642,68.291069,191.296326
313.277405,79.639038,68.271935,191.361679
312.495575,84.260490,67.953491,190.542282
311.961456,81.819389,67.494766,189.258911
314.087799,83.397072,67.838898,190.161652
318.360657,89.106918,67.861061,190.145187
315.767517,87.015976,68.037727,190.536270
321.781006,92.673180,68.212448,190.929123
318.596924,80.764297,68.402390,191.488190
320.472534,77.488930,68.625099,192.108826
