1
188.250946,332.795471,55.049862,139.916733
195.485794,334.537415,54.994331,139.779587
201.685272,335.631378,54.933662,139.685303
209.782455,338.361725,55.487919,141.214844
221.102753,343.253845,55.413235,140.996429
232.462753,342.642883,55.205933,140.573532
244.850449,347.747406,54.784237,139.447968
254.673477,347.585785,54.809795,139.538910
266.606659,354.849518,54.781094,139.542038
279.994843,347.582886,55.034081,140.122589
293.007172,350.801544,55.718731,141.847946
307.144562,355.727478,56.103405,142.802383
323.465393,356.967499,55.525627,141.319412
339.517456,364.123810,55.649906,141.682053
358.546265,361.195831,55.554596,141.380524
376.666107,364.925354,56.266529,143.178085
393.073120,359.538086,56.556881,143.917664
414.464386,363.994324,56.449909,143.642975
427.853333,373.018097,57.045856,145.136871
443.702911,373.386932,56.877403,144.612686
453.455322,395.658539,56.764912,144.309296
464.484589,369.395782,56.585133,143.904984
454.923187,375.275452,56.853046,144.620987
445.356659,362.481384,57.005951,144.946808
460.191071,323.309601,57.159229,145.313004
477.197083,376.741974,56.962791,144.752167
503.861420,392.133820,57.312664,145.610519
527.235779,422.645508,57.415001,145.818146
542.200012,389.253113,58.234329,147.814789
530.033875,397.989166,58.206955,147.789215
511.674500,407.697662,57.896984,146.959641
510.241699,393.835571,57.905701,146.858170
499.398865,363.345337,57.826717,146.504196
534.351074,323.762390,57.859486,146.585098
542.084351,287.360321,58.031757,146.940796
548.098328,343.539490,58.424900,147.978317
2
0
0
0
0
1
577.304688,209.325760,283.697357,218.534378
549.260193,220.600510,284.176605,218.783646
526.183777,231.845764,284.218719,218.926300
495.287048,245.368515,284.522522,219.301270
462.171387,263.112701,284.223480,219.068375
425.962952,273.478699,284.812469,219.724869
396.058777,289.655853,284.891724,219.381744
365.207642,296.285553,284.926147,219.147675
330.826416,301.872406,285.066833,219.372711
301.133026,300.417206,285.078979,219.126511
316.871155,267.840546,285.099152,219.192993
368.821472,226.377914,285.343384,219.385986
347.281677,224.752670,285.078461,219.531952
2
0
0
0
0
1
458.661591,210.931793,392.554199,150.827469
449.938599,198.601593,392.942871,151.016037
437.544159,190.834412,393.139008,150.816986
427.991241,183.781036,392.780212,151.107559
417.356445,174.857986,392.844421,151.134140
418.815155,169.062485,392.566742,151.278351
399.336395,158.341599,392.489410,151.550323
382.031311,151.365906,392.725861,152.218079
2
0
0
0
0
1
664.730774,418.047577,213.531509,270.387939
658.471985,410.289917,213.674927,270.513947
665.017090,413.833649,213.606949,270.498444
663.431885,416.455200,213.923416,270.755035
661.932983,415.776733,214.249664,271.015381
659.043213,415.399658,214.287460,271.242950
659.486694,412.518494,213.938232,270.972504
656.334412,413.357330,213.845139,270.971802
650.909424,411.476166,213.968994,271.068451
648.911255,410.706299,214.137878,270.980652
647.848145,414.326385,213.856232,270.752380
650.008301,412.099213,213.857697,270.747742
646.457336,409.064941,214.024704,271.208893
648.705688,407.169830,214.138306,271.799408
649.646973,408.699158,213.795258,271.277985
658.770447,410.867371,213.334900,270.676453
647.953430,399.716705,213.537277,271.081390
643.818787,406.823181,213.820312,271.543884
640.408630,403.685638,213.427444,271.243347
648.356934,401.927063,213.325226,271.563751
643.394348,400.804291,213.171143,271.408875
643.474121,399.683044,213.022476,271.175201
645.657654,400.472382,213.070328,271.360016
646.645874,404.360107,212.800613,271.279602
648.190979,396.274139,212.534119,270.862762
637.822144,396.462250,212.493469,271.046631
647.974670,403.526154,212.440323,270.982513
649.481201,397.658844,212.512222,270.993225
656.705688,400.793365,212.087204,270.453552
647.761902,401.081787,212.032654,270.496460
647.053406,401.432953,212.460510,271.080963
660.367310,404.130463,212.133423,270.321503
652.787476,407.682068,211.769623,270.040710
648.582092,403.594543,211.710571,269.833984
653.176941,402.224396,212.309387,270.404236
663.421753,398.067230,212.136398,270.411072
653.866760,398.544983,212.453049,270.906158
656.045044,398.909760,212.682510,271.039764
652.111694,395.135986,212.503082,270.770630
654.012146,396.668549,212.827545,271.267517
653.060181,394.605927,212.804291,271.496033
642.038147,395.217346,212.540070,270.988220
