1
189.403702,331.436890,54.710972,138.977631
196.169510,335.994110,54.687599,138.918320
201.152313,336.959503,54.988609,139.702850
210.915817,340.332672,54.844952,139.379074
219.397339,341.096405,54.779827,139.232559
233.676407,344.400665,54.382607,138.169495
244.550415,345.242401,54.350929,137.999878
255.273880,344.768494,54.191181,137.610184
268.170776,346.268860,54.238266,137.694733
279.865540,350.787018,54.736206,138.935013
293.480316,352.600281,54.789371,139.065201
307.500549,350.955658,55.109486,139.841034
322.340485,355.001770,55.243591,140.152145
340.761627,362.193146,55.009285,139.512344
358.345490,357.167084,54.813114,138.999039
373.491699,361.258423,54.946461,139.392349
392.082031,366.025452,54.927681,139.272141
415.999084,368.606567,54.999119,139.380295
425.863831,377.565552,55.371979,140.324265
446.635956,390.599640,55.276230,140.049667
452.281464,412.693359,55.127335,139.625305
466.062714,378.951355,55.061638,139.414062
455.687744,372.940552,55.335705,140.137100
464.971466,372.361237,55.257935,139.790924
478.938263,350.560913,54.950562,139.132797
466.689026,378.260864,55.067463,139.389694
495.412323,359.848755,55.039852,139.407547
526.308716,402.068817,54.763500,138.684021
536.843323,387.566162,55.040211,139.359863
531.267029,401.192474,54.855274,138.867905
519.350098,405.693756,54.850121,138.918259
491.385986,401.382019,54.535378,138.107758
495.320740,376.227997,54.470348,137.938568
2
0
0
0
0
1
511.311462,254.692108,320.386230,190.591949
496.830627,261.309509,320.539093,190.840363
475.196136,271.206787,321.072571,191.392456
452.310059,287.461243,321.003113,191.557068
422.297607,303.549316,320.930023,191.707870
392.710938,314.406982,320.800598,191.078598
355.597229,329.550262,321.816376,191.388672
329.864136,343.670746,321.727081,191.489685
298.326874,351.940582,320.935638,190.784973
271.028992,366.890656,320.292236,190.277405
2
0
0
0
0
1
516.809387,123.982124,285.897339,313.817566
497.529358,115.745667,285.563232,313.379333
489.764252,107.390800,285.711090,313.847565
468.643188,92.957031,285.092133,313.019775
436.491669,80.980835,284.923157,312.583099
410.635315,62.491028,284.572266,311.894836
401.798279,46.854691,284.751312,312.205048
393.157593,46.427292,285.336823,312.978363
381.634918,30.558601,285.152435,312.397583
370.880066,23.857988,284.955627,312.358948
2
0
0
0
0
1
606.148743,388.117676,239.237411,128.585220
605.827393,384.847900,239.350311,128.778748
598.226074,379.009552,239.575958,128.956757
593.415527,377.615417,239.322327,129.003952
589.181091,377.721405,239.035233,128.713791
578.639526,372.309082,239.777908,129.392151
583.522644,372.433289,239.662155,129.695847
584.542542,369.537231,240.738892,130.296356
580.759460,370.131592,240.686920,130.177322
576.926453,369.555420,240.809616,129.984558
576.321777,369.189148,240.761169,129.805878
573.081482,367.952972,240.392151,129.291458
571.392273,367.275757,240.483154,129.334991
569.482178,363.239227,240.354233,129.250381
567.123657,368.702698,240.395599,129.624924
571.562866,364.734222,240.973648,129.991425
569.756653,363.191101,240.927567,129.741425
561.422241,364.270813,240.859772,129.638870
567.168274,362.921295,240.282028,129.586029
563.822510,361.435272,240.224319,129.492996
569.583008,358.008423,240.093338,129.624542
573.258911,361.264191,240.249100,129.203583
561.615173,356.951263,240.077042,129.444916
564.674133,358.367249,240.343826,129.523621
565.372681,357.412018,240.366150,129.308884
562.617188,358.155823,240.305206,128.968536
554.737915,355.592621,240.384659,129.442291
561.657227,359.013947,240.779938,129.631378
562.311218,358.941589,240.824356,128.931885
556.270935,356.464264,240.388062,128.984375
567.629822,358.252411,239.571198,128.290390
564.033264,356.854614,239.333527,128.233215
567.436096,357.758575,239.318375,128.217346
569.522827,355.157532,239.264099,128.007065
572.641907,355.891327,239.130402,127.854500
570.875854,356.461395,239.295517,127.890518
567.017334,352.869843,239.624420,128.414703
568.399902,354.883270,239.044266,128.134857
573.844238,353.367767,239.261993,128.457397
569.246521,353.577759,238.680283,128.398132
570.005249,354.506744,238.666595,128.375259
568.043335,351.653564,238.440979,128.117783
565.990295,350.171448,238.101746,127.896225
561.713684,350.686035,238.101242,128.151154
564.586487,348.740143,237.716339,127.909630
569.787903,352.020752,237.197510,127.843452
