1
2
0
0
0
0
1
524.000000,261.000000,89.859985,34.579987
524.000000,265.000000,89.859985,34.579987
522.000000,267.000000,89.859985,34.579987
521.000000,256.000000,89.859985,34.579987
514.000000,255.000000,89.859985,34.579987
530.000000,248.000000,89.859985,34.579987
506.000000,252.000000,89.859985,34.579987
504.000000,260.000000,89.859985,34.579987
511.000000,258.000000,89.859985,34.579987
2
0
0
0
0
1
520.000000,322.000000,111.079956,29.479980
521.000000,329.000000,111.079956,29.479980
523.000000,332.000000,111.079956,29.479980
525.000000,336.000000,111.079956,29.479980
524.000000,343.000000,111.079956,29.479980
521.000000,345.000000,111.079956,29.479980
524.000000,347.000000,111.079956,29.479980
520.000000,350.000000,111.079956,29.479980
522.000000,353.000000,111.079956,29.479980
528.000000,357.000000,111.079956,29.479980
529.000000,359.000000,111.079956,29.479980
524.000000,364.000000,111.079956,29.479980
521.000000,362.000000,111.079956,29.479980
522.000000,361.000000,111.079956,29.479980
529.000000,357.000000,111.079956,29.479980
524.000000,356.000000,111.079956,29.479980
521.000000,354.000000,111.079956,29.479980
525.000000,355.000000,111.079956,29.479980
525.000000,351.000000,111.079956,29.479980
520.000000,358.000000,111.079956,29.479980
513.000000,346.000000,111.079956,29.479980
518.000000,344.000000,111.079956,29.479980
519.000000,337.000000,111.079956,29.479980
521.000000,333.000000,111.079956,29.479980
506.000000,327.000000,111.079956,29.479980
504.000000,324.000000,111.079956,29.479980
504.000000,322.000000,111.079956,29.479980
508.000000,317.000000,111.079956,29.479980
508.000000,314.000000,111.079956,29.479980
497.000000,311.000000,111.079956,29.479980
516.000000,310.000000,111.079956,29.479980
498.000000,309.000000,111.079956,29.479980
495.000000,309.000000,111.079956,29.479980
495.000000,311.000000,111.079956,29.479980
515.000000,315.000000,111.079956,29.479980
504.000000,319.000000,111.079956,29.479980
503.000000,318.000000,111.079956,29.479980
499.000000,320.000000,111.079956,29.479980
493.000000,323.000000,111.079956,29.479980
498.000000,328.000000,111.079956,29.479980
520.000000,331.000000,111.079956,29.479980
502.000000,335.000000,111.079956,29.479980
517.000000,330.000000,111.079956,29.479980
500.000000,344.000000,111.079956,29.479980
502.000000,349.000000,111.079956,29.479980
503.000000,356.000000,111.079956,29.479980
502.000000,355.000000,111.079956,29.479980
498.000000,355.000000,111.079956,29.479980
500.000000,357.000000,111.079956,29.479980
497.000000,361.000000,111.079956,29.479980
500.000000,358.000000,111.079956,29.479980
496.000000,358.000000,111.079956,29.479980
498.000000,356.000000,111.079956,29.479980
500.000000,356.000000,111.079956,29.479980
509.000000,351.000000,111.079956,29.479980
505.000000,353.000000,111.079956,29.479980
504.000000,347.000000,111.079956,29.479980
496.000000,343.000000,111.079956,29.479980
492.000000,344.000000,111.079956,29.479980
499.000000,345.000000,111.079956,29.479980
498.000000,355.000000,111.079956,29.479980
487.000000,354.000000,111.079956,29.479980
507.000000,342.000000,111.079956,29.479980
512.000000,342.000000,111.079956,29.479980
513.000000,345.000000,111.079956,29.479980
514.000000,347.000000,111.079956,29.479980
516.000000,349.000000,111.079956,29.479980
510.000000,355.000000,111.079956,29.479980
516.000000,354.000000,111.079956,29.479980
525.000000,359.000000,111.079956,29.479980
526.000000,364.000000,111.079956,29.479980
527.000000,370.000000,111.079956,29.479980
530.000000,373.000000,111.079956,29.479980
536.000000,377.000000,111.079956,29.479980
537.000000,385.000000,111.079956,29.479980
540.000000,386.000000,111.079956,29.479980
545.000000,391.000000,111.079956,29.479980
543.000000,390.000000,111.079956,29.479980
553.000000,388.000000,111.079956,29.479980
550.000000,388.000000,111.079956,29.479980
549.000000,392.000000,111.079956,29.479980
548.000000,391.000000,111.079956,29.479980
563.000000,381.000000,111.079956,29.479980
549.000000,382.000000,111.079956,29.479980
551.000000,373.000000,111.079956,29.479980
553.000000,371.000000,111.079956,29.479980
552.000000,373.000000,111.079956,29.479980
555.000000,367.000000,111.079956,29.479980
572.000000,355.000000,111.079956,29.479980
559.000000,352.000000,111.079956,29.479980
560.000000,350.000000,111.079956,29.479980
556.000000,350.000000,111.079956,29.479980
557.000000,350.000000,111.079956,29.479980
558.000000,346.000000,111.079956,29.479980
554.000000,343.000000,111.079956,29.479980
559.000000,339.000000,111.079956,29.479980
554.000000,331.000000,111.079956,29.479980
553.000000,329.000000,111.079956,29.479980
2
0
0
0
0
1
582.000000,294.000000,69.000000,32.000000
581.000000,293.000000,69.000000,32.000000
579.000000,293.000000,69.000000,32.000000
577.000000,292.000000,69.000000,32.000000
554.000000,294.000000,69.000000,32.000000
553.000000,293.000000,69.000000,32.000000
548.000000,291.000000,69.000000,32.000000
2
0
0
0
0
1
575.000000,246.000000,74.000000,36.000000
577.000000,246.000000,74.000000,36.000000
593.000000,244.000000,74.000000,36.000000
581.000000,251.000000,74.000000,36.000000
573.000000,247.000000,74.000000,36.000000
578.000000,250.000000,74.000000,36.000000
578.000000,247.000000,74.000000,36.000000
581.000000,251.000000,74.000000,36.000000
581.000000,255.000000,74.000000,36.000000
592.000000,254.000000,74.000000,36.000000
594.000000,256.000000,74.000000,36.000000
589.000000,263.000000,74.000000,36.000000
585.000000,269.000000,74.000000,36.000000
586.000000,271.000000,74.000000,36.000000
586.000000,272.000000,74.000000,36.000000
584.000000,282.000000,74.000000,36.000000
590.000000,291.000000,74.000000,36.000000
579.000000,312.000000,74.000000,36.000000
581.000000,319.000000,74.000000,36.000000
587.000000,322.000000,74.000000,36.000000
587.000000,327.000000,74.000000,36.000000
592.000000,335.000000,74.000000,36.000000
607.000000,342.000000,74.000000,36.000000
601.000000,318.000000,74.000000,36.000000
596.000000,317.000000,74.000000,36.000000
614.000000,315.000000,74.000000,36.000000
2
0
0
0
0
1
619.000000,372.000000,73.000000,53.000000
621.000000,372.000000,73.000000,53.000000
625.000000,375.000000,73.000000,53.000000
625.000000,376.000000,73.000000,53.000000
617.000000,377.000000,73.000000,53.000000
613.000000,373.000000,73.000000,53.000000
614.000000,372.000000,73.000000,53.000000
619.000000,369.000000,73.000000,53.000000
612.000000,372.000000,73.000000,53.000000
603.000000,361.000000,73.000000,53.000000
602.000000,357.000000,73.000000,53.000000
599.000000,357.000000,73.000000,53.000000
594.000000,355.000000,73.000000,53.000000
587.000000,352.000000,73.000000,53.000000
600.000000,339.000000,73.000000,53.000000
591.000000,337.000000,73.000000,53.000000
591.000000,334.000000,73.000000,53.000000
591.000000,331.000000,73.000000,53.000000
604.000000,325.000000,73.000000,53.000000
595.000000,325.000000,73.000000,53.000000
572.000000,327.000000,73.000000,53.000000
570.000000,326.000000,73.000000,53.000000
584.000000,307.000000,73.000000,53.000000
597.000000,304.000000,73.000000,53.000000
581.000000,323.000000,73.000000,53.000000
569.000000,303.000000,73.000000,53.000000
590.000000,305.000000,73.000000,53.000000
576.000000,301.000000,73.000000,53.000000
576.000000,300.000000,73.000000,53.000000
577.000000,301.000000,73.000000,53.000000
577.000000,299.000000,73.000000,53.000000
577.000000,301.000000,73.000000,53.000000
563.000000,302.000000,73.000000,53.000000
575.000000,302.000000,73.000000,53.000000
573.000000,302.000000,73.000000,53.000000
570.000000,302.000000,73.000000,53.000000
573.000000,307.000000,73.000000,53.000000
561.000000,312.000000,73.000000,53.000000
565.000000,310.000000,73.000000,53.000000
567.000000,317.000000,73.000000,53.000000
565.000000,318.000000,73.000000,53.000000
566.000000,319.000000,73.000000,53.000000
569.000000,325.000000,73.000000,53.000000
569.000000,328.000000,73.000000,53.000000
567.000000,313.000000,73.000000,53.000000
561.000000,336.000000,73.000000,53.000000
569.000000,337.000000,73.000000,53.000000
573.000000,338.000000,73.000000,53.000000
566.000000,351.000000,73.000000,53.000000
581.000000,337.000000,73.000000,53.000000
575.000000,358.000000,73.000000,53.000000
580.000000,358.000000,73.000000,53.000000
582.000000,359.000000,73.000000,53.000000
579.000000,365.000000,73.000000,53.000000
578.000000,341.000000,73.000000,53.000000
565.000000,342.000000,73.000000,53.000000
551.000000,344.000000,73.000000,53.000000
2
0
0
0
0
1
592.000000,388.000000,93.650024,43.640015
596.000000,387.000000,93.650024,43.640015
596.000000,386.000000,93.650024,43.640015
595.000000,382.000000,93.650024,43.640015
594.000000,383.000000,93.650024,43.640015
588.000000,381.000000,93.650024,43.640015
584.000000,380.000000,93.650024,43.640015
581.000000,378.000000,93.650024,43.640015
581.000000,376.000000,93.650024,43.640015
578.000000,374.000000,93.650024,43.640015
578.000000,374.000000,93.650024,43.640015
572.000000,375.000000,93.650024,43.640015
571.000000,375.000000,93.650024,43.640015
567.000000,373.000000,93.650024,43.640015
2
0
0
0
0
1
584.000000,306.000000,70.250000,46.980011
600.000000,287.000000,70.250000,46.980011
597.000000,283.000000,70.250000,46.980011
591.000000,288.000000,70.250000,46.980011
593.000000,287.000000,70.250000,46.980011
594.000000,287.000000,70.250000,46.980011
593.000000,286.000000,70.250000,46.980011
569.000000,285.000000,70.250000,46.980011
593.000000,282.000000,70.250000,46.980011
589.000000,283.000000,70.250000,46.980011
587.000000,283.000000,70.250000,46.980011
584.000000,284.000000,70.250000,46.980011
584.000000,285.000000,70.250000,46.980011
582.000000,289.000000,70.250000,46.980011
586.000000,281.000000,70.250000,46.980011
589.000000,286.000000,70.250000,46.980011
588.000000,294.000000,70.250000,46.980011
589.000000,298.000000,70.250000,46.980011
580.000000,309.000000,70.250000,46.980011
581.000000,307.000000,70.250000,46.980011
581.000000,306.000000,70.250000,46.980011
587.000000,317.000000,70.250000,46.980011
585.000000,321.000000,70.250000,46.980011
589.000000,324.000000,70.250000,46.980011
587.000000,326.000000,70.250000,46.980011
580.000000,330.000000,70.250000,46.980011
582.000000,345.000000,70.250000,46.980011
587.000000,350.000000,70.250000,46.980011
581.000000,361.000000,70.250000,46.980011
580.000000,364.000000,70.250000,46.980011
587.000000,362.000000,70.250000,46.980011
583.000000,374.000000,70.250000,46.980011
588.000000,379.000000,70.250000,46.980011
591.000000,379.000000,70.250000,46.980011
595.000000,384.000000,70.250000,46.980011
593.000000,381.000000,70.250000,46.980011
605.000000,386.000000,70.250000,46.980011
604.000000,389.000000,70.250000,46.980011
604.000000,388.000000,70.250000,46.980011
600.000000,369.000000,70.250000,46.980011
611.000000,388.000000,70.250000,46.980011
632.000000,396.000000,70.250000,46.980011
622.000000,396.000000,70.250000,46.980011
629.000000,394.000000,70.250000,46.980011
627.000000,379.000000,70.250000,46.980011
637.000000,392.000000,70.250000,46.980011
638.000000,394.000000,70.250000,46.980011
643.000000,391.000000,70.250000,46.980011
638.000000,391.000000,70.250000,46.980011
642.000000,390.000000,70.250000,46.980011
637.000000,393.000000,70.250000,46.980011
647.000000,390.000000,70.250000,46.980011
643.000000,388.000000,70.250000,46.980011
639.000000,388.000000,70.250000,46.980011
639.000000,385.000000,70.250000,46.980011
635.000000,386.000000,70.250000,46.980011
636.000000,384.000000,70.250000,46.980011
645.000000,381.000000,70.250000,46.980011
629.000000,386.000000,70.250000,46.980011
611.000000,381.000000,70.250000,46.980011
602.000000,380.000000,70.250000,46.980011
591.000000,385.000000,70.250000,46.980011
583.000000,382.000000,70.250000,46.980011
575.000000,382.000000,70.250000,46.980011
562.000000,375.000000,70.250000,46.980011
544.000000,376.000000,70.250000,46.980011
521.000000,384.000000,70.250000,46.980011
503.000000,379.000000,70.250000,46.980011
486.000000,371.000000,70.250000,46.980011
470.000000,370.000000,70.250000,46.980011
453.000000,366.000000,70.250000,46.980011
461.000000,366.000000,70.250000,46.980011
444.000000,371.000000,70.250000,46.980011
422.000000,360.000000,70.250000,46.980011
403.000000,362.000000,70.250000,46.980011
2
0
0
0
0
1
177.000000,329.000000,58.920013,33.200012
153.000000,325.000000,58.920013,33.200012
142.000000,326.000000,58.920013,33.200012
2
