1
214.15,152.13,246.74,217.23,299.98,190.58,267.39,125.47
212.08,149.32,253.78,216.56,302.08,186.60,260.38,119.36
301.49,181.09,247.83,117.62,206.10,152.89,259.76,216.37
214.71,146.64,241.60,211.75,293.61,190.27,266.72,125.16
219.47,132.98,285.07,132.98,285.07,198.59,219.47,198.59
215.58,127.04,282.19,127.04,282.19,193.64,215.58,193.64
213.96,122.26,281.19,122.26,281.19,189.50,213.96,189.50
212.03,127.35,276.88,127.35,276.88,192.20,212.03,192.20
211.76,123.11,276.13,123.11,276.13,187.48,211.76,187.48
211.09,120.77,270.34,120.77,270.34,180.01,211.09,180.01
209.44,116.33,267.95,116.33,267.95,174.84,209.44,174.84
206.00,113.49,266.52,113.49,266.52,174.00,206.00,174.00
208.26,106.48,271.35,106.48,271.35,169.58,208.26,169.58
286.96,126.59,224.48,92.79,196.72,144.12,259.19,177.92
291.27,134.52,234.04,84.16,193.53,130.22,250.76,180.57
294.92,135.60,230.57,82.43,193.03,127.85,257.38,181.02
276.31,146.07,229.30,94.39,197.23,123.57,244.24,175.24
279.45,148.46,233.01,93.67,199.36,122.19,245.80,176.98
279.29,148.10,231.82,93.65,196.97,124.04,244.45,178.48
290.88,136.50,222.63,103.89,198.90,153.56,267.14,186.17
292.92,145.45,227.18,101.07,197.54,144.98,263.28,189.36
286.57,143.81,225.67,105.71,199.49,147.55,260.39,185.65
210.66,124.88,259.84,124.88,259.84,174.07,210.66,174.07
209.71,119.88,262.57,119.88,262.57,172.74,209.71,172.74
255.18,117.86,198.42,154.11,222.89,192.43,279.65,156.18
263.57,108.29,201.56,166.34,234.47,201.50,296.48,143.44
264.07,110.12,204.03,168.91,238.69,204.30,298.73,145.51
268.46,116.70,203.02,166.61,233.06,206.00,298.50,156.09
250.93,132.50,206.45,164.81,232.13,200.17,276.62,167.85
244.20,124.42,203.53,168.30,236.49,198.86,277.17,154.97
211.46,129.48,269.07,129.48,269.07,187.09,211.46,187.09
212.09,124.44,269.74,124.44,269.74,182.09,212.09,182.09
212.59,115.95,268.76,115.95,268.76,172.12,212.59,172.12
213.69,109.39,270.01,109.39,270.01,165.72,213.69,165.72
216.29,103.25,273.52,103.25,273.52,160.47,216.29,160.47
221.78,100.64,279.09,100.64,279.09,157.95,221.78,157.95
224.59,97.83,280.99,97.83,280.99,154.23,224.59,154.23
225.77,94.20,283.32,94.20,283.32,151.76,225.77,151.76
227.61,95.64,286.78,95.64,286.78,154.81,227.61,154.81
225.86,97.49,285.71,97.49,285.71,157.35,225.86,157.35
229.71,98.95,289.50,98.95,289.50,158.74,229.71,158.74
226.43,101.52,288.47,101.52,288.47,163.56,226.43,163.56
228.82,109.97,285.79,109.97,285.79,166.94,228.82,166.94
226.72,116.51,284.87,116.51,284.87,174.66,226.72,174.66
224.84,121.75,285.07,121.75,285.07,181.98,224.84,181.98
292.80,137.15,231.44,119.26,216.39,170.85,277.76,188.75
295.96,145.53,232.34,126.28,217.35,175.82,280.97,195.07
303.00,151.78,231.93,127.31,214.05,179.24,285.12,203.71
306.65,159.77,233.68,131.93,215.30,180.12,288.28,207.95
226.11,149.94,275.93,149.94,275.93,199.75,226.11,199.75
293.23,169.01,237.22,141.38,218.48,179.37,274.48,207.00
292.73,169.47,234.56,146.75,219.56,185.16,277.73,207.89
289.90,162.80,233.87,150.54,224.83,191.88,280.86,204.13
293.34,155.24,238.05,142.48,227.76,187.09,283.05,199.84
235.45,137.35,287.26,137.35,287.26,189.17,235.45,189.17
235.09,129.75,286.28,129.75,286.28,180.94,235.09,180.94
241.43,110.84,293.70,110.84,293.70,163.10,241.43,163.10
305.58,112.33,251.76,97.52,240.52,138.38,294.34,153.19
302.55,99.49,249.48,95.89,246.63,137.86,299.70,141.46
308.28,112.72,252.82,90.60,238.40,126.76,293.86,148.88
309.60,110.13,259.94,84.07,239.54,122.95,289.20,149.01
308.28,121.29,267.86,86.79,239.91,119.53,280.32,154.03
285.38,95.31,234.90,116.74,248.96,149.85,299.44,128.42
290.11,95.45,234.03,108.99,241.66,140.59,297.74,127.05
247.78,93.98,234.36,146.44,254.71,151.64,268.13,99.19
236.43,99.36,226.30,148.95,244.51,152.68,254.64,103.08
226.84,97.50,220.78,147.02,244.70,149.95,250.77,100.42
223.33,97.36,213.49,144.25,245.41,150.95,255.25,104.06
222.66,101.32,216.64,144.27,247.73,148.62,253.75,105.68
213.53,107.79,252.41,107.79,252.41,146.66,213.53,146.66
221.39,107.65,212.76,152.49,246.92,159.06,255.54,114.22
231.40,107.31,205.75,155.09,239.31,173.11,264.96,125.33
228.83,110.40,210.04,161.12,244.61,173.93,263.40,123.21
232.90,112.38,210.73,163.26,246.78,178.97,268.95,128.08
235.82,114.48,210.77,163.51,247.07,182.06,272.13,133.03
235.33,118.99,209.43,172.20,244.44,189.24,270.34,136.04
223.50,115.80,198.73,167.37,242.21,188.25,266.98,136.69
210.59,126.58,260.95,126.58,260.95,176.94,210.59,176.94
214.64,128.39,254.47,128.39,254.47,168.22,214.64,168.22
250.42,116.10,204.23,144.58,220.53,171.01,266.72,142.53
252.91,106.55,205.45,144.22,222.65,165.88,270.10,128.22
251.11,97.69,201.19,137.78,219.56,160.66,269.48,120.57
252.48,95.70,192.85,142.12,211.03,165.48,270.66,119.06
256.77,101.80,179.30,147.19,190.60,166.47,268.06,121.07
2
0
0
0
0
1
265.62,75.77,261.75,144.63,315.44,147.66,319.31,78.79
255.78,80.54,322.88,80.54,322.88,147.64,255.78,147.64
253.39,93.17,275.22,166.09,330.51,149.54,308.67,76.62
257.64,94.21,323.75,94.21,323.75,160.32,257.64,160.32
247.47,112.39,279.32,175.94,330.03,150.52,298.17,86.97
251.75,105.61,268.61,180.17,320.73,168.38,303.87,93.82
250.88,105.99,313.10,105.99,313.10,168.21,250.88,168.21
246.22,107.60,313.77,107.60,313.77,175.15,246.22,175.15
236.24,107.10,305.50,107.10,305.50,176.36,236.24,176.36
232.62,108.02,304.69,108.02,304.69,180.09,232.62,180.09
310.48,126.57,240.60,104.83,222.44,163.21,292.31,184.95
312.32,123.46,243.24,90.65,216.40,147.17,285.48,179.98
231.29,86.96,299.64,86.96,299.64,155.31,231.29,155.31
236.81,79.28,305.42,79.28,305.42,147.89,236.81,147.89
233.73,83.68,261.97,157.76,315.26,137.45,287.02,63.36
234.60,79.72,262.43,153.81,315.26,133.97,287.43,59.87
232.68,79.67,264.66,152.68,314.68,130.77,282.70,57.76
236.16,82.72,261.53,152.72,311.83,134.49,286.47,64.49
231.85,95.15,264.87,157.63,316.91,130.13,283.90,67.65
248.38,84.07,310.54,84.07,310.54,146.24,248.38,146.24
247.23,85.13,311.86,85.13,311.86,149.75,247.23,149.75
248.93,89.20,309.37,89.20,309.37,149.64,248.93,149.64
259.55,80.89,242.71,150.38,295.49,163.17,312.33,93.68
261.15,81.02,237.19,154.91,289.35,171.82,313.30,97.93
259.75,83.02,239.77,155.42,292.02,169.84,312.00,97.45
271.65,82.02,227.35,145.06,273.73,177.65,318.03,114.60
266.35,85.34,234.33,154.05,282.18,176.35,314.20,107.64
278.66,90.02,222.20,147.03,261.76,186.21,318.22,129.20
239.19,107.87,304.53,107.87,304.53,173.21,239.19,173.21
243.66,119.79,306.13,119.79,306.13,182.26,243.66,182.26
229.81,125.21,248.53,202.97,307.24,188.83,288.52,111.07
233.42,127.41,251.43,205.62,313.20,191.40,295.19,113.19
234.69,130.52,253.74,209.74,318.20,194.24,299.16,115.02
226.75,132.79,264.40,208.93,322.47,180.22,284.83,104.08
239.27,107.23,247.45,194.97,313.68,188.79,305.50,101.05
247.26,97.36,250.12,182.30,311.99,180.21,309.13,95.27
243.40,87.83,250.10,177.93,310.11,173.47,303.40,83.36
256.20,77.06,249.33,161.87,308.12,166.63,314.99,81.83
267.18,70.61,254.36,157.78,305.63,165.32,318.45,78.15
272.34,70.33,257.84,155.81,307.04,164.16,321.54,78.68
278.51,71.32,245.72,148.48,296.66,170.12,329.45,92.96
279.34,78.62,251.69,153.69,307.40,174.21,335.04,99.14
263.59,95.91,330.97,95.91,330.97,163.29,263.59,163.29
301.90,87.67,252.22,135.93,291.47,176.34,341.15,128.08
265.09,103.56,329.66,103.56,329.66,168.12,265.09,168.12
269.34,108.94,331.69,108.94,331.69,171.29,269.34,171.29
270.01,111.11,332.45,111.11,332.45,173.56,270.01,173.56
268.64,113.75,332.36,113.75,332.36,177.46,268.64,177.46
269.24,117.32,332.64,117.32,332.64,180.72,269.24,180.72
324.26,122.07,274.36,115.37,266.35,175.01,316.25,181.71
260.61,127.27,271.82,192.59,325.14,183.43,313.93,118.12
264.60,125.34,322.73,125.34,322.73,183.46,264.60,183.46
274.99,117.57,254.99,184.48,307.43,200.15,327.42,133.24
261.50,127.02,264.85,198.49,318.17,196.00,314.83,124.52
250.20,132.03,260.74,199.98,314.78,191.60,304.25,123.65
242.34,130.04,311.17,130.04,311.17,198.87,242.34,198.87
240.46,127.16,313.31,127.16,313.31,200.01,240.46,200.01
252.74,110.19,251.46,176.85,306.47,177.91,307.75,111.25
246.84,109.71,306.79,109.71,306.79,169.66,246.84,169.66
252.30,117.05,321.43,117.05,321.43,186.19,252.30,186.19
247.71,108.70,319.92,108.70,319.92,180.91,247.71,180.91
284.20,78.79,230.58,139.44,274.41,178.19,328.03,117.54
277.83,67.39,235.07,137.66,283.18,166.93,325.93,96.66
257.87,74.49,321.01,74.49,321.01,137.63,257.87,137.63
261.70,81.66,324.75,81.66,324.75,144.72,261.70,144.72
263.44,90.13,321.88,90.13,321.88,148.58,263.44,148.58
331.93,111.21,269.98,94.58,255.87,147.12,317.82,163.75
261.56,106.72,321.15,106.72,321.15,166.31,261.56,166.31
257.06,112.10,317.98,112.10,317.98,173.01,257.06,173.01
255.21,113.38,316.96,113.38,316.96,175.14,255.21,175.14
252.36,114.58,314.66,114.58,314.66,176.88,252.36,176.88
327.52,129.59,272.62,94.70,247.32,134.49,302.23,169.39
326.76,136.02,272.08,94.70,244.64,131.01,299.32,172.33
323.01,143.78,275.45,93.91,242.62,125.22,290.17,175.09
321.69,144.67,272.99,95.62,242.14,126.25,290.84,175.30
313.91,157.05,270.40,95.59,234.24,121.19,277.75,182.65
313.35,159.44,265.56,101.74,232.93,128.76,280.73,186.46
316.83,159.49,265.62,102.70,236.53,128.92,287.74,185.71
317.58,163.71,261.51,102.75,228.71,132.92,284.78,193.88
314.58,164.44,266.01,108.98,231.49,139.22,280.07,194.68
314.99,166.16,267.73,106.81,231.75,135.47,279.01,194.81
308.05,167.11,267.92,102.37,229.64,126.10,269.78,190.84
306.05,166.13,265.86,91.34,231.34,109.89,271.53,184.68
229.70,101.07,266.45,178.45,307.56,158.93,270.81,81.54
238.72,79.16,244.60,153.64,295.41,149.63,289.52,75.15
239.25,72.21,241.59,137.70,295.07,135.79,292.73,70.30
244.11,67.51,241.24,129.27,293.40,131.70,296.28,69.94
245.25,71.66,301.77,71.66,301.77,128.18,245.25,128.18
244.50,84.11,296.78,84.11,296.78,136.39,244.50,136.39
244.27,85.68,301.53,85.68,301.53,142.94,244.27,142.94
266.08,79.27,234.55,136.85,277.96,160.62,309.49,103.04
259.52,89.08,240.82,147.79,282.17,160.96,300.87,102.26
261.17,93.19,240.98,155.74,292.37,172.34,312.57,109.79
269.30,92.84,236.57,152.36,284.45,178.69,317.18,119.17
241.79,108.48,303.29,108.48,303.29,169.97,241.79,169.97
255.10,97.49,240.96,167.22,295.43,178.27,309.57,108.54
262.75,94.41,230.45,160.62,281.48,185.52,313.79,119.31
258.54,97.74,232.06,165.26,284.06,185.66,310.54,118.14
246.19,106.31,237.71,181.71,292.25,187.84,300.72,112.44
248.48,105.97,235.60,183.84,288.56,192.60,301.45,114.74
232.51,131.31,250.19,201.37,298.65,189.14,280.97,119.08
234.92,134.95,247.31,198.13,294.67,188.85,282.29,125.67
239.49,140.60,288.40,140.60,288.40,189.51,239.49,189.51
243.48,133.90,242.20,188.60,284.93,189.60,286.21,134.91
243.77,130.20,241.87,186.70,283.25,188.09,285.15,131.59
244.80,119.48,234.57,178.52,275.02,185.52,285.25,126.48
229.26,120.72,228.47,179.45,278.07,180.12,278.86,121.39
221.76,117.30,237.17,180.67,284.55,169.15,269.14,105.78
221.11,108.22,239.90,169.62,284.94,155.84,266.15,94.44
221.90,97.70,236.90,162.36,281.79,151.95,266.79,87.29
224.64,79.23,231.71,153.18,273.03,149.23,265.96,75.28
217.74,78.10,234.04,155.45,279.36,145.90,263.05,68.55
217.58,73.65,232.38,153.75,283.29,144.34,268.49,64.24
215.80,82.13,238.57,154.34,287.67,138.85,264.90,66.65
216.66,80.81,236.16,154.91,285.79,141.85,266.29,67.75
215.83,84.28,239.55,155.08,286.47,139.36,262.75,68.56
213.94,78.44,230.89,141.33,280.78,127.88,263.84,64.99
213.99,75.18,230.83,144.22,280.49,132.10,263.65,63.06
214.24,80.77,231.56,149.77,279.76,137.68,262.44,68.68
215.25,84.64,230.56,154.29,278.58,143.74,263.27,74.09
214.34,90.57,229.56,160.08,277.76,149.52,262.53,80.02
223.94,92.23,224.84,160.56,273.54,159.92,272.63,91.59
225.55,97.07,224.98,166.27,272.57,166.67,273.14,97.46
227.44,103.80,225.08,171.69,273.43,173.37,275.79,105.48
227.81,105.12,227.32,179.16,275.21,179.48,275.70,105.44
228.60,109.49,227.38,184.35,277.21,185.16,278.42,110.30
229.07,113.01,229.00,185.24,278.62,185.28,278.68,113.05
224.28,119.64,234.84,186.27,286.90,178.02,276.34,111.39
237.25,109.45,231.36,174.74,282.70,179.37,288.59,114.08
237.25,104.75,232.03,166.84,283.82,171.19,289.04,109.11
235.13,103.50,290.84,103.50,290.84,159.21,235.13,159.21
238.23,95.98,237.05,162.37,289.88,163.31,291.06,96.92
232.47,89.37,292.09,89.37,292.09,148.99,232.47,148.99
233.78,82.55,236.52,144.84,289.38,142.51,286.64,80.22
233.97,78.17,291.47,78.17,291.47,135.67,233.97,135.67
230.58,71.43,244.45,135.37,297.50,123.86,283.63,59.92
230.22,69.08,247.71,133.02,300.70,118.53,283.21,54.59
238.65,56.71,300.95,56.71,300.95,119.01,238.65,119.01
240.39,49.21,305.62,49.21,305.62,114.44,240.39,114.44
241.76,46.08,248.53,115.56,303.40,110.21,296.63,40.73
240.26,46.14,252.14,122.94,311.13,113.82,299.25,37.01
237.58,47.23,254.68,125.24,310.37,113.03,293.27,35.02
240.16,45.20,253.86,125.41,309.76,115.86,296.06,35.65
240.31,45.92,262.51,126.38,315.27,111.82,293.07,31.36
240.50,48.63,268.22,130.46,322.65,112.02,294.93,30.18
242.53,47.13,261.30,131.56,318.22,118.91,299.45,34.48
242.83,65.61,278.59,137.38,336.76,108.40,301.00,36.63
242.06,65.65,272.75,147.61,335.15,124.25,304.47,42.28
243.81,66.00,263.43,144.71,323.92,129.63,304.29,50.92
244.38,70.73,256.83,153.46,323.90,143.38,311.46,60.64
248.10,82.31,256.92,163.31,319.29,156.53,310.47,75.52
310.83,100.38,241.66,118.92,256.23,173.28,325.39,154.75
307.13,106.89,242.55,112.52,247.17,165.57,311.75,159.95
301.48,99.73,235.59,123.40,251.19,166.84,317.09,143.17
290.89,82.48,229.50,123.10,255.97,163.10,317.36,122.47
285.19,70.98,220.94,111.23,248.44,155.14,312.70,114.90
228.67,83.49,290.16,83.49,290.16,144.98,228.67,144.98
242.88,63.86,211.36,119.27,255.45,144.35,286.97,88.95
240.04,59.26,209.87,116.02,251.61,138.21,281.78,81.44
237.77,53.92,205.37,111.97,248.96,136.30,281.36,78.25
230.86,53.24,196.33,122.38,241.69,145.04,276.22,75.89
232.42,54.48,197.90,121.99,241.26,144.16,275.78,76.65
233.57,55.41,197.68,118.13,239.87,142.27,275.76,79.55
226.61,60.18,197.23,121.25,239.26,141.47,268.64,80.40
236.30,64.46,191.85,119.23,228.37,148.87,272.82,94.10
237.27,70.94,187.72,120.79,222.50,155.35,272.05,105.50
235.10,71.86,183.23,120.22,217.66,157.14,269.53,108.79
217.55,72.44,181.93,130.63,225.80,157.48,261.42,99.30
214.23,75.69,176.97,133.50,220.18,161.34,257.44,103.53
207.61,77.45,176.67,139.90,221.41,162.07,252.36,99.62
189.01,93.08,179.47,151.41,226.68,159.14,236.23,100.81
226.40,93.68,173.23,139.41,209.86,181.99,263.03,136.26
220.83,100.82,174.02,148.47,211.22,185.02,258.04,137.37
221.37,111.21,175.41,152.80,209.20,190.15,255.16,148.56
227.25,121.99,180.05,155.31,207.66,194.43,254.87,161.11
195.28,128.56,245.24,128.56,245.24,178.51,195.28,178.51
195.58,125.87,246.27,125.87,246.27,176.56,195.58,176.56
196.83,117.43,248.82,117.43,248.82,169.43,196.83,169.43
197.91,104.89,251.67,104.89,251.67,158.65,197.91,158.65
227.09,78.21,185.09,128.67,225.02,161.91,267.02,111.45
229.17,63.38,183.80,123.93,225.53,155.20,270.90,94.64
237.78,56.56,186.66,110.71,228.04,149.79,279.17,95.64
235.70,56.83,187.97,108.80,230.17,147.55,277.89,95.58
232.19,55.49,187.57,116.27,230.35,147.67,274.97,86.89
233.57,54.70,189.56,116.59,232.33,147.00,276.34,85.11
233.11,54.94,193.08,119.87,237.20,147.07,277.23,82.14
234.64,52.13,199.97,122.53,248.33,146.34,283.00,75.95
242.13,48.16,202.72,119.21,249.22,145.00,288.63,73.95
247.56,40.64,207.81,124.34,257.36,147.87,297.10,64.17
246.92,45.89,218.24,125.36,272.11,144.80,300.79,65.32
284.68,52.10,218.19,85.48,240.40,129.71,306.88,96.33
286.00,56.59,219.16,91.48,240.79,132.92,307.63,98.04
291.11,64.04,222.18,94.39,240.04,134.95,308.97,104.61
293.32,71.15,224.68,96.79,240.04,137.91,308.68,112.27
302.04,80.91,235.05,95.20,245.26,143.07,312.25,128.78
303.80,96.87,241.26,106.61,247.92,149.37,310.46,139.64
303.74,97.06,240.15,122.12,255.54,161.16,319.12,136.09
304.33,133.56,241.70,129.12,239.15,165.03,301.78,169.47
297.26,132.27,233.39,147.35,242.13,184.38,306.00,169.30
290.34,121.64,225.45,155.27,243.80,190.69,308.69,157.06
270.72,123.74,220.88,147.50,236.42,180.10,286.27,156.34
270.27,112.32,218.13,132.88,231.72,167.34,283.86,146.79
291.32,107.73,221.93,96.35,215.00,138.57,284.39,149.95
215.14,86.30,273.75,86.30,273.75,144.92,215.14,144.92
208.93,77.37,266.07,77.37,266.07,134.50,208.93,134.50
202.12,71.70,261.45,71.70,261.45,131.03,202.12,131.03
198.97,62.75,196.25,135.69,252.86,137.80,255.58,64.86
272.56,109.17,205.42,80.99,184.00,132.03,251.13,160.21
269.25,137.62,225.67,81.08,182.56,114.30,226.15,170.85
192.67,93.06,251.19,93.06,251.19,151.58,192.67,151.58
191.26,93.70,250.45,93.70,250.45,152.90,191.26,152.90
186.74,90.13,254.07,90.13,254.07,157.46,186.74,157.46
261.69,105.60,198.36,82.69,180.02,133.42,243.35,156.32
202.85,98.05,221.66,157.64,253.71,147.53,234.90,87.93
252.80,149.40,227.44,92.75,201.49,104.37,226.85,161.02
269.09,148.65,217.81,100.43,193.57,126.21,244.85,174.43
270.92,152.18,217.21,105.13,191.18,134.85,244.89,181.90
271.96,152.96,215.42,113.26,192.51,145.90,249.04,185.59
272.75,158.22,215.47,121.11,193.84,154.48,251.13,191.60
273.63,165.39,219.10,126.59,194.52,161.13,249.05,199.93
271.13,176.91,216.73,130.84,196.09,155.22,250.48,201.29
270.51,176.15,216.65,132.03,195.07,158.37,248.94,202.49
274.43,180.82,221.75,134.12,199.87,158.79,252.56,205.49
276.77,183.51,224.37,128.81,198.11,153.98,250.51,208.68
279.40,179.14,226.95,118.71,199.16,142.83,251.61,203.26
278.68,175.33,234.46,105.63,206.15,123.59,250.37,193.29
280.32,164.74,234.17,96.43,206.08,115.41,252.23,183.72
284.49,159.24,237.95,93.40,209.59,113.44,256.13,179.29
284.88,162.59,243.82,87.95,213.61,104.57,254.68,179.21
284.26,161.16,245.36,85.33,208.47,104.25,247.37,180.08
217.11,113.04,248.42,179.95,284.89,162.88,253.58,95.97
219.83,112.20,254.56,185.04,291.10,167.62,256.36,94.77
296.47,168.52,256.42,92.84,222.41,110.84,262.46,186.52
304.53,167.00,262.50,103.45,228.47,125.97,270.50,189.51
308.37,169.68,260.87,101.53,228.94,123.78,276.44,191.93
313.06,168.15,267.40,101.73,233.31,125.16,278.98,191.59
315.43,170.92,266.93,103.51,234.36,126.94,282.86,194.36
318.94,179.92,270.73,105.50,239.63,125.64,287.84,200.07
315.90,188.24,270.80,108.17,240.08,125.47,285.19,205.54
2
0
0
0
0
1
181.05,51.93,275.48,51.93,275.48,146.36,181.05,146.36
181.24,50.40,275.60,50.40,275.60,144.77,181.24,144.77
175.15,54.66,198.74,151.58,274.79,133.07,251.20,36.15
172.31,48.59,196.77,146.13,277.90,125.79,253.43,28.24
156.59,37.24,198.86,142.80,280.95,109.93,238.67,4.37
181.81,46.79,263.12,46.79,263.12,128.09,181.81,128.09
176.75,37.49,264.48,37.49,264.48,125.21,176.75,125.21
190.05,37.32,272.83,37.32,272.83,120.10,190.05,120.10
189.41,37.56,270.93,37.56,270.93,119.07,189.41,119.07
186.25,34.41,270.90,34.41,270.90,119.06,186.25,119.06
180.53,30.46,269.35,30.46,269.35,119.28,180.53,119.28
179.86,30.31,269.83,30.31,269.83,120.28,179.86,120.28
181.44,30.44,270.16,30.44,270.16,119.16,181.44,119.16
182.66,29.95,272.79,29.95,272.79,120.08,182.66,120.08
175.75,23.52,272.10,23.52,272.10,119.87,175.75,119.87
169.54,39.16,196.89,133.67,260.59,115.23,233.24,20.73
166.90,45.43,198.76,139.78,260.99,118.76,229.12,24.41
163.31,43.13,193.59,141.57,259.28,121.37,229.00,22.92
163.95,43.51,193.36,142.47,257.01,123.56,227.60,24.59
161.73,47.70,183.40,142.11,251.80,126.41,230.14,32.01
165.60,49.05,173.52,144.64,243.45,138.84,235.53,43.25
150.83,71.85,177.43,158.70,245.15,137.95,218.55,51.11
154.12,70.21,234.85,70.21,234.85,150.94,154.12,150.94
152.27,76.57,232.71,76.57,232.71,157.01,152.27,157.01
251.24,105.08,158.16,71.96,130.41,149.95,223.49,183.06
146.24,91.34,224.75,91.34,224.75,169.85,146.24,169.85
143.25,94.85,220.38,94.85,220.38,171.99,143.25,171.99
134.42,93.96,222.50,93.96,222.50,182.05,134.42,182.05
132.59,94.65,220.96,94.65,220.96,183.02,132.59,183.02
