1
245.61,281.15,359.02,278.44,356.38,168.19,242.98,170.90
242.42,292.39,354.68,281.44,344.03,172.30,231.77,183.25
210.60,311.76,327.59,314.40,330.17,200.66,213.17,198.02
209.12,322.24,324.96,320.51,323.28,207.89,207.44,209.61
214.16,320.32,333.30,320.67,333.63,204.84,214.50,204.50
216.16,307.11,330.63,305.77,329.33,194.48,214.86,195.82
215.53,306.71,329.63,303.98,326.99,193.05,212.88,195.77
202.84,318.14,315.04,307.09,304.30,197.99,192.09,209.04
174.10,344.15,296.89,334.54,287.55,215.16,164.76,224.77
194.61,365.42,308.66,361.03,304.39,250.15,190.35,254.54
185.37,325.26,298.34,336.58,309.35,226.75,196.38,215.43
158.17,313.00,274.36,332.93,293.74,219.96,177.54,200.03
156.31,311.55,274.34,329.77,292.05,215.02,174.03,196.80
135.31,311.99,250.46,326.36,264.43,214.40,149.28,200.03
169.76,318.88,280.42,318.55,280.11,210.97,169.45,211.30
168.08,334.22,284.55,327.06,277.59,213.82,161.12,220.98
186.06,334.35,314.02,338.56,318.11,214.15,190.15,209.94
177.49,306.07,298.38,316.80,308.81,199.26,187.92,188.53
213.53,273.67,322.42,284.94,333.38,179.07,224.49,167.81
187.19,267.12,317.11,265.15,315.20,138.84,185.28,140.81
198.25,262.08,311.56,260.22,309.76,150.06,196.44,151.92
204.41,268.47,309.97,281.97,323.10,179.34,217.53,165.84
228.82,301.59,337.41,315.32,350.76,209.75,242.17,196.01
242.86,309.78,354.13,325.31,369.23,217.13,257.96,201.60
218.92,311.28,332.03,327.87,348.16,217.91,235.06,201.31
240.01,360.78,357.22,354.85,351.46,240.90,234.26,246.83
234.88,360.38,345.51,354.72,340.01,247.16,229.38,252.82
229.59,353.27,338.64,346.76,332.30,240.74,223.25,247.26
235.02,339.59,338.89,329.62,329.20,228.63,225.33,238.60
235.51,329.63,337.98,321.20,329.78,221.57,227.31,230.00
234.59,315.12,342.85,312.75,340.56,207.50,232.29,209.86
241.28,310.46,355.26,310.89,355.69,200.08,241.70,199.64
236.12,297.05,358.37,298.62,359.90,179.76,237.65,178.19
231.00,277.32,349.21,272.41,344.44,157.49,226.23,162.39
212.42,256.48,336.75,259.94,340.11,139.06,215.78,135.60
227.55,229.90,340.21,228.06,338.43,118.53,225.76,120.37
242.04,242.09,359.58,240.30,357.84,126.02,240.29,127.81
251.71,243.48,367.10,240.61,364.31,128.43,248.92,131.29
251.14,242.54,364.70,246.42,368.48,136.02,254.91,132.13
261.60,270.27,373.06,273.07,375.79,164.71,264.33,161.90
262.97,306.19,375.45,311.25,380.36,201.90,267.89,196.84
272.12,341.36,385.81,345.25,389.59,234.71,275.89,230.83
274.20,344.20,387.92,348.52,392.13,237.96,278.40,233.63
273.79,341.22,382.83,346.71,388.16,240.71,279.13,235.22
265.86,327.02,377.24,332.50,382.57,224.21,271.18,218.73
263.65,324.83,377.31,322.33,374.88,211.83,261.22,214.33
264.52,314.44,383.29,301.43,370.64,185.95,251.87,198.96
268.01,277.87,386.53,264.86,373.87,149.63,255.35,162.64
267.89,276.37,386.81,262.86,373.67,147.24,254.75,160.76
270.86,296.76,386.78,290.61,380.80,177.91,264.87,184.06
265.80,297.67,381.14,291.89,375.52,179.76,260.18,185.54
267.12,290.78,378.62,286.90,374.85,178.50,263.35,182.38
269.67,288.04,379.45,288.66,380.06,181.93,270.28,181.31
279.34,291.11,385.22,292.52,386.59,189.58,280.71,188.17
295.52,295.24,396.68,292.06,393.58,193.72,292.43,196.89
279.15,321.89,395.90,320.71,394.75,207.21,278.00,208.39
273.95,327.86,382.74,319.16,374.28,213.39,265.49,222.09
236.64,324.17,353.86,317.28,347.16,203.32,229.95,210.21
208.79,321.26,325.80,315.41,320.12,201.66,203.11,207.50
207.56,316.94,315.73,316.02,314.84,210.85,206.67,211.78
215.93,319.30,323.37,316.71,320.85,212.24,213.40,214.84
241.14,305.23,339.81,309.92,344.37,213.99,245.70,209.30
215.42,305.74,312.75,314.92,321.67,220.30,224.35,211.12
2
0
0
0
0
1
244.69,252.93,336.09,249.74,333.26,168.50,241.85,171.68
253.12,268.35,344.67,264.64,341.37,183.26,249.82,186.97
258.85,278.86,344.20,277.99,343.43,202.12,258.07,202.99
253.09,263.40,347.73,274.42,357.53,190.29,262.88,179.27
230.13,275.86,338.05,290.94,351.46,195.01,243.53,179.93
272.73,290.39,382.93,290.13,382.70,192.18,272.51,192.44
266.12,299.71,376.44,299.59,376.33,201.52,266.01,201.65
248.03,322.20,363.15,325.28,365.89,222.95,250.78,219.87
247.38,309.91,371.91,330.93,390.59,220.23,266.06,199.21
266.12,329.33,376.80,336.12,382.84,237.74,272.16,230.95
274.92,331.75,392.67,331.47,392.42,226.81,274.67,227.08
247.49,331.63,354.57,321.14,345.25,225.95,238.16,236.44
212.48,338.14,322.03,325.32,310.63,227.94,201.08,240.76
232.28,314.22,323.52,312.61,322.09,231.52,230.85,233.13
226.14,311.49,312.93,319.77,320.29,242.63,233.50,234.34
239.32,287.06,328.19,297.96,337.88,218.96,249.01,208.06
252.29,257.57,340.71,268.21,350.17,189.61,261.75,178.98
270.06,219.26,345.89,247.94,371.39,180.54,295.56,151.85
290.76,219.36,371.04,251.49,399.60,180.12,319.32,147.99
298.08,223.53,373.45,253.37,399.98,186.38,324.61,156.54
300.15,239.16,372.45,265.55,395.91,201.28,323.61,174.89
300.41,249.98,371.30,276.00,394.43,212.98,323.54,186.96
326.11,265.50,401.07,264.97,400.60,198.33,325.64,198.86
301.17,279.76,376.27,281.88,378.16,215.12,303.05,213.00
285.63,299.26,357.60,299.88,358.15,235.91,286.18,235.28
273.98,298.50,336.52,299.35,337.28,243.76,274.74,242.91
260.35,293.33,337.28,294.86,338.63,226.47,261.70,224.95
254.98,288.35,330.70,288.36,330.71,221.06,254.99,221.04
253.62,286.17,329.06,286.18,329.07,219.13,253.64,219.11
245.86,275.28,333.52,284.16,341.41,206.25,253.76,197.37
245.28,256.13,338.60,266.13,347.48,183.18,254.16,173.18
264.77,246.47,348.62,255.61,356.75,181.08,272.90,171.93
278.28,245.84,356.48,256.18,365.68,186.67,287.48,176.33
290.45,254.78,368.74,269.00,381.37,199.41,303.08,185.19
309.38,276.56,384.06,294.33,399.86,227.96,325.18,210.19
317.61,295.08,381.35,295.95,382.13,239.29,318.38,238.42
296.48,275.68,356.56,294.04,372.89,240.64,312.80,222.27
300.64,262.97,350.79,272.30,359.08,227.72,308.93,218.40
304.90,274.57,351.59,255.61,334.73,214.11,288.04,233.07
298.98,286.00,346.72,258.03,321.86,215.60,274.12,243.56
313.17,306.41,358.19,257.69,314.88,217.67,269.86,266.39
314.22,315.50,356.82,262.76,309.94,224.89,267.34,277.63
325.59,303.08,365.29,248.54,316.81,213.25,277.11,267.79
341.56,287.69,379.92,229.08,327.82,194.97,289.45,253.59
355.08,270.94,395.92,218.11,348.97,181.82,308.13,234.64
365.00,271.06,405.84,217.56,358.29,181.26,317.45,234.76
358.10,280.14,399.61,234.83,359.33,197.93,317.81,243.24
356.33,287.46,393.90,244.62,355.82,211.22,318.24,254.06
353.21,283.12,391.76,240.35,353.75,206.09,315.20,248.85
354.34,280.12,395.10,240.11,359.53,203.88,318.77,243.89
369.87,278.52,409.13,238.21,373.30,203.31,334.04,243.62
367.90,284.85,408.46,244.51,372.59,208.46,332.03,248.80
359.38,298.23,400.77,254.54,361.93,217.74,320.54,261.44
2
0
0
0
0
1
235.09,365.13,320.15,309.33,272.18,236.20,187.12,291.99
235.64,364.80,319.37,305.84,268.67,233.84,184.94,292.81
198.83,331.16,318.68,322.03,310.84,218.98,190.98,228.10
204.63,298.64,311.84,302.83,315.44,210.66,208.24,206.46
210.01,294.59,320.51,259.85,290.64,164.85,180.14,199.58
177.68,264.55,291.93,262.84,290.46,164.60,176.21,166.31
167.35,295.97,284.20,288.30,277.61,187.84,160.76,195.50
175.87,311.81,293.39,300.53,283.70,199.48,166.17,210.76
191.24,319.23,302.39,308.61,293.25,213.04,182.11,223.67
213.64,320.60,325.71,309.10,315.82,212.74,203.75,224.25
217.83,316.39,331.84,317.73,332.99,219.70,218.98,218.37
233.97,335.47,360.11,339.44,363.52,230.99,237.38,227.01
256.27,352.53,392.18,355.70,394.90,238.85,259.00,235.68
259.51,356.43,396.11,357.84,397.32,240.38,260.72,238.98
241.05,344.50,369.11,344.13,368.79,234.02,240.73,234.39
225.55,335.96,346.08,332.86,343.41,229.22,222.88,232.33
187.74,298.73,312.57,328.13,337.84,220.80,213.01,191.40
163.58,297.73,288.77,325.08,312.29,217.44,187.10,190.09
157.56,313.68,262.22,347.51,291.31,257.52,186.65,223.68
134.29,314.69,242.04,352.90,274.89,260.26,167.15,222.04
155.64,329.84,259.63,320.99,252.02,231.58,148.03,240.42
141.46,313.26,249.19,316.86,252.28,224.23,144.55,220.63
151.36,300.31,262.27,305.95,267.12,210.58,156.20,204.94
162.01,293.01,268.15,297.93,272.39,206.68,166.25,201.75
162.68,293.02,267.23,298.42,271.87,208.53,167.32,203.12
167.87,296.56,269.30,302.19,274.14,214.98,172.71,209.34
178.26,311.71,279.86,313.50,281.40,226.14,179.80,224.35
221.67,316.41,313.58,274.71,277.73,195.68,185.81,237.38
221.58,304.39,297.34,266.86,265.07,201.72,189.30,239.25
216.75,306.32,289.49,271.04,259.16,208.50,186.42,243.78
208.52,311.24,285.70,308.70,283.52,242.33,206.33,244.87
216.77,304.06,291.51,298.81,286.99,234.54,212.25,239.80
244.54,309.20,310.30,273.30,279.43,216.75,213.66,252.66
258.89,312.50,326.49,275.21,294.43,217.09,226.83,254.38
262.45,313.46,328.23,275.74,295.80,219.18,230.02,256.90
266.59,311.65,325.39,265.96,286.10,215.39,227.30,261.09
258.31,305.03,315.55,260.87,277.58,211.66,220.34,255.81
251.73,303.06,312.36,254.99,271.02,202.86,210.40,250.93
256.60,298.22,314.41,250.43,273.32,200.73,215.52,248.52
226.67,263.22,310.46,278.38,323.50,206.33,239.70,191.17
221.72,251.61,302.54,274.85,322.52,205.36,241.70,182.12
209.79,253.27,292.27,276.61,312.35,205.70,229.87,182.35
204.78,252.45,278.83,274.63,297.90,210.96,223.85,188.78
211.94,257.54,266.76,280.94,286.88,233.80,232.06,210.40
210.28,277.30,264.53,304.26,287.71,257.62,233.46,230.66
212.55,298.26,268.02,289.91,260.84,242.20,205.36,250.55
219.83,293.32,272.18,285.89,265.79,240.88,213.44,248.31
209.94,311.34,272.13,305.94,267.49,252.46,205.30,257.86
211.92,316.40,283.61,321.90,288.33,260.26,216.64,254.77
215.50,311.71,285.73,317.37,290.60,256.99,220.37,251.33
200.47,310.50,281.26,317.75,287.49,248.28,206.70,241.03
195.37,303.64,275.23,310.43,281.07,241.76,201.21,234.97
202.81,300.57,275.75,299.08,274.47,236.36,201.53,237.85
227.23,302.42,289.18,288.82,277.48,235.55,215.53,249.15
2
0
0
0
0
1
168.48,284.05,273.48,281.54,271.28,189.66,166.28,192.18
172.40,285.68,275.89,281.15,271.93,190.59,168.44,195.12
191.76,282.63,283.08,276.42,277.64,196.52,186.32,202.73
229.60,278.63,299.11,278.67,299.15,217.84,229.63,217.80
244.96,275.12,310.96,278.07,313.54,220.32,247.54,217.37
251.90,272.12,316.93,275.09,319.52,218.18,254.49,215.22
245.85,267.82,317.04,282.69,330.05,220.40,258.86,205.53
223.90,272.04,295.36,286.75,308.23,224.23,236.77,209.51
224.19,284.44,289.55,285.23,290.24,228.04,224.88,227.25
201.63,304.46,302.28,309.70,306.86,221.63,206.21,216.39
193.53,310.71,302.48,305.21,297.67,209.88,188.72,215.38
213.13,292.17,303.14,270.44,284.13,191.68,194.12,213.41
201.06,291.64,293.97,268.55,273.76,187.25,180.85,210.35
187.56,278.55,283.76,282.54,287.25,198.37,191.05,194.37
182.60,284.08,287.33,290.64,293.08,199.00,188.34,192.44
190.27,289.86,294.49,291.38,295.82,200.19,191.60,198.67
185.17,280.07,289.85,282.34,291.83,190.74,187.15,188.48
193.53,268.82,296.62,272.22,299.59,182.01,196.50,178.62
204.97,263.21,307.71,266.16,310.28,176.26,207.54,173.32
218.29,262.99,317.15,263.22,317.35,176.72,218.49,176.49
233.55,269.54,326.99,270.12,327.50,188.37,234.06,187.79
224.45,275.27,311.16,276.31,312.07,200.43,225.35,199.40
217.15,285.17,306.09,289.79,310.13,211.96,221.19,207.35
212.25,313.94,313.36,314.03,313.44,225.55,212.33,225.46
224.91,349.89,333.83,345.48,329.97,250.17,221.05,254.59
218.44,348.26,325.07,347.73,324.61,254.42,217.97,254.95
220.18,328.73,323.44,337.52,331.13,247.16,227.87,238.38
236.81,329.71,340.81,305.85,319.94,214.85,215.93,238.71
231.65,301.40,338.24,273.87,314.15,180.60,207.56,208.14
235.83,292.54,343.62,265.16,319.67,170.84,211.88,198.22
248.89,293.42,355.75,266.09,331.84,172.59,224.98,199.92
261.28,299.60,366.37,275.87,345.61,183.91,240.52,207.64
286.02,317.54,389.84,292.79,368.19,201.95,264.37,226.69
293.95,288.16,374.15,260.35,349.81,190.18,269.62,217.98
290.74,286.36,369.61,257.44,344.31,188.42,265.43,217.35
276.53,290.83,354.09,262.13,328.98,194.27,251.41,222.97
256.33,298.85,333.29,269.54,307.64,202.20,230.68,231.51
230.31,284.53,307.10,295.64,316.82,228.44,240.03,217.34
222.80,299.00,306.08,302.49,309.13,229.62,225.86,226.13
221.78,285.07,302.57,289.33,306.31,218.64,225.51,214.37
223.28,245.79,291.55,262.11,305.83,202.36,237.56,186.05
207.28,254.65,309.43,254.82,309.57,165.44,207.42,165.27
237.94,258.08,337.90,252.75,333.24,165.29,233.28,170.62
266.20,252.50,360.07,260.75,367.29,178.61,273.42,170.37
249.53,254.09,338.74,287.80,368.24,209.73,279.02,176.03
256.87,271.29,343.98,313.14,380.60,236.91,293.49,195.06
249.69,277.10,338.17,324.96,380.05,247.54,291.57,199.68
245.15,279.00,331.81,326.46,373.33,250.64,286.68,203.18
249.41,275.15,335.42,323.40,377.64,248.14,291.63,199.89
231.82,281.89,328.00,328.79,369.04,244.63,272.86,197.73
193.49,280.38,288.14,334.48,335.48,251.66,240.83,197.56
240.77,322.75,343.79,320.06,341.44,229.92,238.42,232.60
235.45,323.79,333.24,325.93,335.12,240.36,237.32,238.22
221.95,333.12,318.88,331.94,317.84,247.12,220.91,248.31
212.21,320.99,313.88,317.91,311.18,228.95,209.51,232.03
204.89,308.95,310.69,307.22,309.18,214.65,203.38,216.38
211.53,298.97,311.20,300.29,312.36,213.07,212.69,211.76
220.17,293.44,320.62,297.59,324.26,209.69,223.80,205.54
230.95,292.74,336.83,301.29,344.32,208.64,238.43,200.08
214.07,278.92,330.08,306.51,354.22,205.00,238.21,177.41
216.40,265.66,334.39,291.66,357.13,188.41,239.14,162.42
251.76,265.72,351.66,253.21,340.71,165.80,240.82,178.31
254.21,263.39,346.89,269.10,351.88,188.01,259.21,182.30
282.34,255.55,352.92,257.98,355.05,196.23,284.47,193.79
291.63,270.83,355.69,248.21,335.90,192.16,271.84,214.78
286.42,274.20,339.94,246.65,315.83,199.81,262.31,227.37
291.29,270.31,354.04,264.04,348.54,209.14,285.80,215.42
285.43,289.16,351.37,283.43,346.36,225.72,280.41,231.45
285.72,272.64,348.83,261.82,339.36,206.60,276.25,217.42
282.08,267.85,344.68,257.48,335.60,202.71,273.01,213.08
274.36,273.98,338.45,257.37,323.91,201.29,259.82,217.90
258.67,283.24,320.02,267.97,306.66,214.28,245.30,229.55
245.34,280.65,301.27,260.74,283.86,211.80,227.92,231.71
218.64,265.04,274.50,268.57,277.58,219.69,221.73,216.17
240.10,253.16,296.09,253.35,296.26,204.35,240.26,204.17
257.97,249.86,311.85,248.70,310.83,201.55,256.95,202.72
262.20,235.85,312.57,243.36,319.14,199.28,268.77,191.77
253.93,229.31,313.13,238.14,320.85,186.34,261.66,177.52
257.14,227.85,316.67,234.49,322.47,182.40,262.94,175.77
249.45,228.50,309.37,235.28,315.30,182.85,255.38,176.08
245.06,227.85,305.69,232.38,309.66,179.33,249.02,174.79
259.52,225.91,313.58,230.68,317.75,183.38,263.69,178.61
263.37,231.35,317.93,222.75,310.40,175.01,255.85,183.61
248.58,244.43,314.47,234.52,305.80,176.87,239.91,186.78
251.04,237.06,300.26,229.99,294.08,186.93,244.86,193.99
251.17,231.00,299.04,224.08,292.99,182.20,245.12,189.11
252.46,217.65,307.42,210.87,301.49,162.78,246.53,169.56
260.78,217.45,314.65,211.80,309.70,164.67,255.84,170.32
269.04,222.94,320.19,217.67,315.59,172.91,264.43,178.18
265.04,232.52,316.25,227.89,312.19,183.09,260.99,187.72
270.28,218.78,317.58,215.10,314.36,173.71,267.06,177.39
257.17,227.69,315.80,222.95,311.66,171.65,253.02,176.38
239.60,228.88,302.29,230.68,303.87,175.82,241.17,174.02
231.51,245.82,306.14,251.34,310.97,186.05,236.35,180.52
239.68,246.77,311.83,251.88,316.30,188.74,244.15,183.64
243.47,242.37,316.76,246.81,320.64,182.68,247.35,178.25
238.44,236.72,310.39,241.31,314.41,178.35,242.46,173.76
237.82,233.31,311.57,238.12,315.78,173.58,242.03,168.77
240.97,227.97,309.02,232.06,312.61,172.52,244.55,168.42
233.47,244.15,309.90,254.90,319.30,188.02,242.87,177.27
266.52,264.16,332.25,247.09,317.31,189.57,251.58,206.64
268.72,261.87,334.42,243.59,318.42,186.10,252.72,204.38
268.23,265.98,335.15,250.62,321.71,192.06,254.79,207.43
263.60,285.47,330.99,270.94,318.28,211.96,250.88,226.50
257.20,306.02,322.96,292.63,311.25,235.09,245.49,248.48
269.45,298.76,330.76,295.66,328.04,242.01,266.73,245.12
237.43,317.50,333.47,315.14,331.41,231.10,235.37,233.47
227.44,318.96,324.45,313.54,319.71,228.65,222.70,234.07
225.39,322.38,313.03,318.22,309.39,241.54,221.75,245.70
228.50,338.50,325.46,338.72,325.65,253.88,228.69,253.66
233.77,340.57,335.75,337.12,332.73,247.89,230.76,251.34
218.94,336.78,355.03,333.44,352.11,214.36,216.02,217.70
232.30,317.06,354.65,314.28,352.22,207.23,229.87,210.01
261.02,303.90,370.81,317.98,383.12,221.91,273.34,207.84
296.59,308.25,406.74,320.31,417.30,223.92,307.14,211.86
306.16,301.69,402.89,300.42,401.78,215.78,305.05,217.05
299.68,294.03,395.86,294.35,396.14,210.20,299.97,209.87
285.04,292.06,381.52,292.21,381.66,207.79,285.18,207.64
284.50,289.30,363.37,286.97,361.32,217.95,282.45,220.29
277.94,296.46,345.12,295.71,344.47,236.92,277.28,237.67
267.43,281.10,340.95,290.10,348.82,225.78,275.31,216.77
278.14,292.06,358.20,297.25,362.74,227.20,282.68,222.01
297.65,281.98,365.00,286.76,369.18,227.83,301.83,223.05
280.12,268.07,347.21,282.14,359.51,223.44,292.43,209.37
277.34,258.59,344.77,273.36,357.70,214.35,290.26,199.58
283.07,289.55,350.06,291.23,351.53,232.61,284.54,230.93
263.13,292.86,353.68,299.83,359.79,220.60,269.23,213.63
264.46,291.76,356.86,298.19,362.48,217.34,270.08,210.91
247.26,303.25,372.72,303.99,373.37,194.21,247.91,193.47
266.96,285.25,375.59,282.98,373.61,187.93,264.98,190.20
278.93,283.72,369.88,282.26,368.60,202.68,277.65,204.14
280.39,296.38,373.15,297.33,373.99,216.16,281.23,215.21
293.09,311.23,382.97,307.61,379.79,228.96,289.92,232.59
289.01,323.83,388.20,318.75,383.75,231.95,284.55,237.04
258.11,325.34,356.12,319.04,350.61,233.29,252.61,239.58
229.68,334.18,330.76,323.92,321.78,235.47,220.70,245.73
201.11,330.45,297.41,326.06,293.57,241.80,197.27,246.19
183.24,300.18,271.92,325.95,294.47,248.36,205.80,222.59
179.42,299.03,272.98,305.12,278.30,223.25,184.74,217.17
177.10,283.97,274.88,290.72,280.79,205.16,183.01,198.41
165.88,263.67,259.83,273.37,268.32,191.17,174.37,181.46
171.23,238.62,256.94,252.44,269.02,177.45,183.32,163.63
180.48,250.43,266.37,266.40,280.34,191.25,194.45,175.28
178.33,259.94,276.01,269.97,284.78,184.50,187.10,174.47
186.79,261.11,287.16,273.97,298.42,186.15,198.05,173.29
198.13,270.25,296.65,283.65,308.37,197.44,209.85,184.04
196.09,245.12,275.42,306.60,329.22,237.18,249.88,175.70
199.31,265.61,285.49,319.30,332.47,243.89,246.29,190.20
207.82,290.49,302.37,322.33,330.23,239.60,235.69,207.76
215.67,292.81,327.53,308.39,341.16,210.51,229.30,194.93
209.11,281.82,319.10,296.90,332.29,200.66,222.30,185.59
194.04,291.33,328.08,292.46,329.07,175.18,195.03,174.05
222.10,284.35,320.54,290.63,326.04,204.50,227.60,198.22
209.32,300.89,314.69,307.81,320.74,215.61,215.37,208.69
227.34,317.20,321.94,320.70,325.00,237.92,230.40,234.42
244.87,315.45,332.28,316.90,333.55,240.41,246.13,238.96
264.99,313.12,356.95,316.75,360.13,236.28,268.17,232.65
282.72,317.34,374.34,319.62,376.34,239.46,284.72,237.18
294.72,326.45,384.03,327.22,384.70,249.07,295.39,248.31
292.79,337.45,379.72,340.07,382.01,264.01,295.08,261.39
284.08,350.81,372.88,344.71,367.54,267.01,278.74,273.11
279.39,345.61,367.63,339.44,362.22,262.23,273.99,268.41
281.00,341.72,368.71,335.07,362.90,258.32,275.18,264.97
279.43,335.41,374.27,328.20,367.96,245.22,273.12,252.42
279.88,329.77,373.71,320.52,365.62,238.42,271.78,247.67
278.61,330.20,373.87,322.42,367.06,239.07,271.80,246.85
269.91,335.90,363.93,328.45,357.41,246.18,263.39,253.63
261.20,336.71,354.34,329.75,348.26,248.26,255.12,255.21
269.26,316.01,351.51,318.05,353.29,246.09,271.05,244.05
271.24,297.45,349.95,299.54,351.78,230.67,273.07,228.58
267.84,296.92,346.81,297.53,347.34,228.43,268.37,227.83
261.76,301.87,343.51,302.16,343.77,230.63,262.01,230.34
256.29,313.11,346.52,311.59,345.19,232.64,254.96,234.16
259.65,320.45,354.80,312.46,347.81,229.20,252.65,237.19
282.99,308.78,369.07,298.44,360.02,223.12,273.95,233.46
293.07,292.45,379.82,286.96,375.02,211.05,288.27,216.54
292.53,278.56,378.47,277.79,377.80,202.60,291.86,203.36
288.89,277.83,376.78,276.38,375.52,199.48,287.62,200.92
288.79,283.79,376.50,282.52,375.40,205.78,287.68,207.04
285.81,291.30,374.09,290.49,373.38,213.24,285.10,214.06
285.39,295.36,369.12,295.15,368.94,221.88,285.20,222.09
256.84,278.47,334.55,319.83,370.74,251.84,293.03,210.48
255.23,285.91,341.40,298.42,352.35,223.02,266.18,210.51
253.34,287.95,335.37,297.22,343.48,225.43,261.44,216.17
270.89,312.05,343.67,281.67,317.08,218.00,244.31,248.38
249.34,303.16,321.92,330.64,345.96,267.14,273.38,239.66
290.70,328.63,364.18,330.98,366.24,266.68,292.75,264.33
316.69,317.77,381.79,317.60,381.64,260.64,316.54,260.81
325.87,302.25,391.84,302.88,392.39,245.15,326.41,244.52
307.11,295.82,383.68,297.14,384.84,230.14,308.27,228.82
284.92,300.01,382.22,302.85,384.70,217.71,287.40,214.87
286.69,312.32,378.56,311.58,377.92,231.20,286.05,231.93
262.31,320.76,354.88,330.64,363.52,249.65,270.96,239.77
244.22,320.69,333.93,328.26,340.56,249.76,250.84,242.19
255.86,319.82,349.22,325.17,353.90,243.49,260.55,238.14
265.38,297.23,346.86,322.38,368.87,251.09,287.39,225.93
283.00,295.67,352.16,308.19,363.11,247.68,293.95,235.16
303.87,291.44,370.83,298.68,377.16,240.09,310.20,232.86
305.83,299.07,379.80,304.73,384.76,240.01,310.78,234.34
314.78,305.01,386.88,311.48,392.54,248.40,320.44,241.93
327.80,319.17,414.65,321.36,416.56,245.36,329.71,243.18
327.71,311.64,415.42,314.30,417.75,237.55,330.04,234.90
345.36,314.66,434.99,314.27,434.66,235.85,345.03,236.23
318.37,322.86,409.90,332.10,417.99,252.00,326.45,242.76
319.50,344.95,403.81,346.18,404.88,272.41,320.57,271.18
312.58,336.27,402.79,337.05,403.47,258.11,313.25,257.33
315.03,325.05,403.04,325.59,403.52,248.58,315.51,248.04
316.34,325.96,410.01,326.50,410.49,244.54,316.82,244.00
331.05,329.74,417.31,328.36,416.10,252.89,329.85,254.27
355.52,343.18,440.06,341.41,438.51,267.43,353.97,269.21
360.25,329.81,428.17,326.61,425.37,267.19,357.45,270.38
347.24,310.33,414.57,305.39,410.24,246.47,342.91,251.41
342.73,277.63,408.93,275.10,406.71,217.17,340.51,219.70
326.51,256.46,394.02,270.40,406.22,211.33,338.71,197.38
322.46,260.00,391.39,278.30,407.41,217.99,338.48,199.68
319.06,276.27,388.61,297.99,407.61,237.12,338.06,215.41
309.92,299.01,383.35,320.58,402.23,256.33,328.80,234.76
292.27,322.74,379.65,338.50,393.45,262.05,306.07,246.28
303.18,318.80,380.50,302.82,366.53,235.17,289.21,251.14
313.44,312.59,374.89,305.48,368.66,251.71,307.21,258.83
309.63,312.42,371.07,308.49,367.63,254.74,306.19,258.67
319.76,315.24,381.67,312.12,378.94,257.95,317.03,261.07
337.64,314.69,399.94,300.61,387.61,246.09,325.31,260.18
324.81,299.76,388.73,307.18,395.22,251.25,331.30,243.84
315.06,279.36,375.56,287.84,382.98,234.90,322.48,226.43
311.84,275.59,371.98,280.70,376.45,228.08,316.32,222.97
310.89,280.05,370.75,281.66,372.15,229.28,312.29,227.67
295.00,289.01,353.64,292.32,356.54,241.00,297.89,237.70
281.97,299.65,341.12,302.29,343.44,250.53,284.28,247.89
272.33,298.09,328.49,305.68,335.14,256.54,278.98,248.94
268.13,299.43,325.06,308.42,332.92,258.60,275.99,249.61
262.66,310.49,320.72,320.47,329.44,269.67,271.39,259.70
263.26,320.05,316.87,332.14,327.45,285.23,273.83,273.14
283.91,324.99,326.84,324.92,326.77,287.36,283.85,287.43
296.34,318.36,332.06,318.62,332.29,287.37,296.57,287.11
300.71,320.09,334.01,320.81,334.63,291.67,301.33,290.96
297.74,313.60,329.73,314.79,330.77,286.81,298.79,285.61
302.32,316.25,336.25,323.76,342.82,294.07,308.89,286.56
314.74,308.61,346.48,309.89,347.60,282.12,315.86,280.83
323.06,311.17,347.37,311.41,347.58,290.14,323.27,289.90
311.77,305.40,334.30,325.00,351.45,305.28,328.91,285.69
2
0
0
0
0
1
257.99,283.04,340.84,296.63,352.85,223.40,269.99,209.82
278.38,285.85,359.84,299.00,371.46,227.01,290.00,213.86
291.30,289.62,369.58,301.44,380.03,232.26,301.75,220.44
323.40,293.00,397.01,302.98,405.83,237.93,332.22,227.95
313.43,283.25,388.90,307.37,410.21,240.68,334.75,216.56
293.12,275.68,362.40,300.68,384.49,239.46,315.22,214.46
306.11,248.22,359.66,283.75,391.06,236.43,337.51,200.90
303.59,242.72,359.64,263.10,377.64,213.56,321.59,193.19
293.48,235.90,348.61,243.77,355.56,195.05,300.44,187.18
296.11,239.74,353.19,243.18,356.23,192.73,299.15,189.29
303.37,233.07,356.75,230.62,354.59,183.44,301.20,185.89
306.92,219.80,351.97,219.13,351.38,179.32,306.33,179.98
298.38,201.47,341.51,208.30,347.54,170.18,304.41,163.35
296.80,172.60,300.84,216.84,339.93,213.26,335.89,169.03
339.24,205.94,330.58,160.99,290.86,168.64,299.52,213.60
2
0
0
0
0
1
292.83,230.07,381.26,228.69,380.05,151.19,291.62,152.57
296.36,216.08,384.65,216.47,384.99,139.09,296.70,138.70
334.46,209.05,389.16,147.75,335.44,99.81,280.74,161.11
289.06,191.44,371.37,168.73,351.46,96.59,269.15,119.30
364.28,186.65,346.11,104.74,274.32,120.67,292.49,202.58
299.41,111.92,250.40,180.95,310.90,223.91,359.91,154.87
256.24,150.04,264.89,236.01,340.24,228.43,331.59,142.46
244.10,166.73,252.18,253.66,328.36,246.59,320.29,159.65
232.46,182.93,240.44,269.54,316.34,262.55,308.37,175.94
224.40,193.37,230.22,280.83,306.87,275.73,301.04,188.27
219.07,202.66,224.56,285.89,297.51,281.08,292.02,197.85
221.84,205.67,227.53,289.91,301.36,284.92,295.67,200.68
229.81,205.28,236.63,290.62,311.43,284.63,304.60,199.29
237.37,196.02,248.68,279.12,321.51,269.21,310.20,186.11
244.20,183.83,256.13,266.49,328.57,256.03,316.63,173.38
255.51,169.50,265.62,252.32,338.21,243.47,328.10,160.64
258.21,170.34,242.66,249.28,311.85,262.91,327.39,183.97
262.87,170.49,245.23,249.71,314.65,265.17,332.29,185.95
2
0
0
0
0
1
260.11,344.19,360.93,346.21,362.60,262.92,261.78,260.90
273.76,360.12,370.74,316.57,334.77,236.46,237.79,280.01
256.19,311.64,349.83,295.57,336.56,218.22,242.92,234.29
272.74,303.93,366.78,270.52,339.17,192.83,245.13,226.25
287.53,298.82,379.47,265.86,352.24,189.91,260.30,222.87
274.63,266.39,387.38,276.58,395.79,183.44,283.04,173.25
287.08,284.66,404.80,286.90,406.65,189.66,288.94,187.41
308.97,286.87,410.21,302.02,422.73,218.38,321.49,203.24
306.30,263.76,383.63,327.82,436.55,263.94,359.22,199.88
318.36,288.51,397.78,351.10,449.49,285.49,370.06,222.90
340.21,348.99,438.02,347.95,437.16,267.14,339.34,268.19
331.06,350.39,431.06,348.20,429.25,265.60,329.25,267.79
311.87,349.97,403.86,351.97,405.52,275.97,313.52,273.97
323.05,359.09,410.86,361.88,413.16,289.33,325.35,286.55
304.03,362.30,389.38,363.08,390.01,292.57,304.67,291.80
290.01,363.22,385.60,369.53,390.81,290.56,295.22,284.26
299.05,342.18,402.15,345.34,404.76,260.16,301.65,257.01
298.97,316.21,402.07,320.12,405.30,234.95,302.20,231.04
316.70,310.51,422.87,310.54,422.89,222.83,316.72,222.80
343.60,300.03,445.07,307.56,451.30,223.74,349.82,216.21
367.97,301.49,472.43,308.29,478.04,222.00,373.58,215.20
388.68,314.18,508.62,313.48,508.04,214.40,388.10,215.09
396.12,320.61,517.65,319.85,517.03,219.45,395.49,220.21
400.07,329.17,522.56,329.03,522.44,227.85,399.95,227.99
406.12,343.62,526.77,343.13,526.36,243.47,405.72,243.96
2
0
0
0
0
1
270.04,254.99,214.08,258.71,217.46,309.53,273.42,305.80
263.57,247.55,226.02,257.66,235.20,291.75,272.75,281.65
2
0
0
0
0
1
375.34,219.60,267.94,224.22,272.08,320.51,379.48,315.89
2
0
0
0
0
1
239.60,277.50,323.07,261.91,308.76,185.31,225.29,200.90
240.80,306.34,328.52,289.48,313.05,208.99,225.33,225.84
238.07,329.39,321.89,310.11,304.21,233.20,220.39,252.47
238.88,341.67,319.40,342.23,319.91,268.34,239.39,267.78
242.13,326.30,330.75,333.17,337.05,251.85,248.43,244.99
240.41,339.58,324.11,337.94,322.61,261.13,238.91,262.77
235.37,339.94,319.89,335.28,315.62,257.72,231.10,262.38
228.65,348.18,311.62,346.26,309.85,270.12,226.88,272.04
190.27,328.12,272.08,354.54,296.32,279.47,214.51,253.05
227.62,371.09,284.94,317.59,235.84,265.00,178.53,318.50
280.03,323.38,254.69,249.84,187.20,273.10,212.55,346.64
277.67,329.73,280.98,250.42,208.20,247.38,204.89,326.69
275.51,330.19,292.62,242.21,211.89,226.50,194.77,314.48
2
0
0
0
0
1
228.83,334.96,318.93,331.02,315.70,256.94,225.60,260.88
239.89,331.30,331.27,331.37,331.33,256.23,239.95,256.16
250.52,317.45,338.74,315.63,337.24,243.08,249.02,244.91
247.55,312.07,337.81,312.79,338.41,238.58,248.15,237.86
257.04,312.00,348.75,310.05,347.15,234.65,255.44,236.60
271.28,301.97,366.65,297.72,363.16,219.31,267.79,223.55
285.98,283.85,374.03,283.20,373.50,210.80,285.44,211.45
272.78,269.53,360.51,273.33,363.63,201.20,275.91,197.40
287.26,260.96,375.75,264.39,378.57,191.64,290.09,188.20
285.81,261.30,377.95,267.05,382.68,191.28,290.53,185.53
298.74,283.88,389.55,275.60,382.75,200.93,291.94,209.21
285.37,313.18,374.56,304.44,367.38,231.10,278.19,239.84
267.76,314.38,351.12,319.23,355.11,250.69,271.75,245.84
283.19,329.93,367.97,332.58,370.15,262.88,285.37,260.23
290.21,340.20,382.27,338.22,380.64,262.52,288.57,264.51
283.52,326.30,372.58,323.04,369.90,249.82,280.84,253.08
265.77,321.70,363.39,317.68,360.07,237.41,262.45,241.44
268.09,323.36,365.58,319.49,362.40,239.33,264.90,243.20
270.82,319.89,367.12,316.60,364.41,237.42,268.11,240.71
275.63,304.03,354.80,306.27,356.64,241.17,277.47,238.94
268.28,299.05,350.77,299.69,351.30,231.87,268.81,231.22
264.71,300.89,348.62,300.05,347.92,231.05,264.01,231.90
261.11,307.26,344.05,305.18,342.34,236.98,259.39,239.06
260.33,307.83,344.89,308.80,345.69,239.27,261.13,238.30
228.23,313.56,333.33,315.33,334.78,228.91,229.68,227.14
218.81,299.39,325.18,282.78,311.53,195.32,205.15,211.93
225.45,317.78,316.47,267.17,274.86,192.34,183.85,242.94
223.81,320.81,305.06,270.68,263.85,203.87,182.59,254.00
204.86,328.49,283.02,277.10,240.76,212.84,162.61,264.23
207.11,328.92,285.37,272.99,239.38,208.64,161.12,264.57
226.04,331.47,288.74,266.47,235.30,214.91,172.59,279.91
217.65,315.04,286.05,274.21,252.49,217.97,184.08,258.79
216.63,313.66,285.38,271.56,250.76,215.03,182.01,257.14
217.11,318.40,287.85,277.38,254.11,219.22,183.38,260.25
227.82,323.02,297.77,281.51,263.64,223.99,193.69,265.50
225.06,323.82,293.57,282.26,259.39,225.93,190.88,267.49
2
0
0
0
0
1
273.26,320.01,358.61,326.60,364.34,252.29,278.99,245.71
283.46,301.42,368.79,301.22,368.61,226.93,283.28,227.14
289.45,299.24,373.45,298.85,373.11,225.72,289.11,226.12
272.50,321.00,380.56,319.39,379.16,225.32,271.10,226.93
279.94,325.82,363.56,316.60,355.53,243.80,271.91,253.02
275.64,317.22,353.39,312.67,349.43,244.97,271.67,249.53
273.22,314.28,355.69,314.57,355.94,242.77,273.47,242.49
300.96,303.40,368.41,300.28,365.70,241.55,298.24,244.67
281.47,289.26,365.72,293.99,369.84,220.64,285.59,215.90
280.53,304.03,364.96,306.59,367.19,233.09,282.76,230.52
287.96,306.87,355.62,308.02,356.62,249.11,288.96,247.96
281.06,308.02,348.07,309.80,349.61,251.46,282.61,249.69
271.25,315.44,357.55,314.77,356.97,239.65,270.68,240.31
271.09,309.53,358.89,313.38,362.24,236.94,274.44,233.09
272.11,308.46,354.51,308.89,354.88,237.15,272.47,236.73
263.27,319.17,347.99,320.45,349.10,246.70,264.39,245.42
259.54,329.33,337.72,330.51,338.76,262.44,260.57,261.26
259.26,329.63,338.29,328.73,337.51,259.93,258.48,260.83
257.22,321.48,342.75,318.47,340.12,244.00,254.59,247.02
258.66,317.33,343.22,316.03,342.09,242.41,257.52,243.71
257.29,321.58,342.59,321.28,342.33,247.03,257.04,247.32
255.25,335.72,341.65,334.89,340.92,259.67,254.52,260.51
259.24,340.90,342.42,341.35,342.81,268.94,259.63,268.49
259.07,343.08,342.14,343.24,342.28,270.92,259.21,270.75
258.56,343.09,341.68,343.20,341.77,270.84,258.65,270.73
257.75,334.78,337.00,337.65,339.50,268.65,260.25,265.78
253.15,328.24,331.07,331.25,333.69,263.41,255.77,260.40
250.85,325.47,333.21,326.38,334.00,254.69,251.64,253.78
255.51,302.25,333.70,305.15,336.22,237.09,258.04,234.18
247.33,300.50,331.63,302.99,333.80,229.60,249.50,227.11
247.88,299.36,329.86,301.56,331.77,230.20,249.80,228.00
250.18,303.29,332.54,304.12,333.26,232.42,250.90,231.59
252.05,301.08,336.80,302.98,338.46,229.20,253.71,227.30
255.86,292.92,343.56,291.60,342.41,215.25,254.71,216.56
261.03,290.15,348.97,291.68,350.30,215.12,262.36,213.59
261.47,291.53,344.04,296.96,348.78,225.08,266.21,219.64
274.17,302.50,344.52,304.98,346.68,243.73,276.33,241.25
263.02,322.34,347.00,324.80,349.14,251.69,265.16,249.23
258.23,319.24,345.21,322.67,348.19,246.95,261.22,243.52
260.80,309.15,344.53,311.89,346.92,239.00,263.19,236.26
268.57,304.96,355.11,306.56,356.51,231.22,269.96,229.62
271.62,308.37,359.70,305.51,357.21,228.83,269.13,231.69
271.51,317.49,358.75,314.34,356.00,238.39,268.77,241.54
266.66,318.90,350.28,320.98,352.09,248.18,268.47,246.10
258.90,318.14,341.52,320.96,343.97,249.03,261.35,246.22
259.88,306.62,348.43,310.25,351.59,233.16,263.04,229.53
257.14,304.28,346.54,307.21,349.08,229.38,259.69,226.45
245.79,307.96,330.00,312.01,333.53,238.70,249.32,234.64
241.44,331.42,325.44,333.12,326.92,259.99,242.92,258.29
243.57,332.02,326.97,336.35,330.73,263.74,247.34,259.42
251.82,327.02,335.99,340.93,348.10,267.65,263.93,253.75
270.86,333.95,356.45,329.69,352.74,255.18,267.15,259.44
286.90,307.27,367.51,310.58,370.39,240.40,289.78,237.09
281.18,309.80,362.72,313.65,366.07,242.65,284.53,238.81
267.03,318.20,342.32,323.31,346.77,257.77,271.49,252.65
262.00,331.03,344.18,339.24,351.33,267.69,269.14,259.48
271.87,340.83,364.68,340.17,364.11,259.37,271.30,260.02
276.16,326.19,369.78,327.91,371.28,246.41,277.66,244.69
278.63,304.75,364.18,312.60,371.02,238.12,285.46,230.27
265.89,306.23,349.72,314.75,357.14,241.76,273.30,233.24
255.02,306.92,335.16,316.16,343.21,246.40,263.07,237.15
254.74,305.41,332.96,313.75,340.22,245.66,262.00,237.31
248.83,305.61,329.92,307.67,331.72,237.07,250.63,235.01
244.00,306.10,326.33,308.99,328.85,237.31,246.51,234.42
242.59,305.45,321.55,307.78,323.58,239.03,244.62,236.70
250.25,301.14,318.71,305.82,322.78,246.22,254.32,241.55
255.21,311.47,323.62,315.25,326.91,255.70,258.50,251.92
251.02,319.96,324.63,334.37,337.18,270.28,263.56,255.87
272.67,337.09,347.21,334.79,345.21,269.89,270.67,272.19
281.13,329.39,362.35,319.48,353.72,248.77,272.50,258.68
258.15,331.11,344.16,323.11,337.19,248.24,251.19,256.24
247.51,330.26,331.09,336.60,336.61,263.84,253.03,257.49
238.54,352.42,328.43,353.85,329.66,275.59,239.77,274.17
236.26,351.85,321.07,354.88,323.72,281.05,238.91,278.01
239.57,351.30,312.28,343.61,305.59,280.32,232.89,288.00
229.67,340.44,296.40,336.04,292.57,277.95,225.84,282.35
213.66,340.52,278.24,339.66,277.50,283.44,212.91,284.29
198.32,340.77,261.61,340.51,261.39,285.41,198.10,285.67
186.59,342.06,250.94,340.84,249.88,284.81,185.53,286.04
193.78,346.07,259.92,346.91,260.64,289.34,194.51,288.50
2
0
0
0
0
1
251.92,312.45,339.92,311.68,339.24,234.93,251.24,235.70
247.12,307.68,336.18,310.66,338.77,232.99,249.72,230.02
248.93,298.65,336.58,300.55,338.23,224.11,250.58,222.21
255.03,292.67,337.00,296.64,340.46,225.15,258.49,221.18
259.20,301.72,347.58,300.53,346.55,223.45,258.17,224.64
252.73,334.64,347.84,332.10,345.62,249.15,250.51,251.70
226.46,349.15,321.07,356.56,327.53,274.04,232.91,266.64
225.53,350.11,321.35,356.27,326.72,272.71,230.90,266.55
244.63,342.96,334.31,341.02,332.61,262.81,242.94,264.75
253.69,325.20,341.39,322.20,338.77,245.71,251.07,248.72
263.34,306.89,350.69,305.09,349.13,228.91,261.77,230.70
269.10,290.90,354.42,288.64,352.45,214.23,267.13,216.49
264.06,275.10,347.53,275.53,347.90,202.73,264.43,202.31
257.43,259.32,340.04,260.54,341.10,188.50,258.49,187.28
253.48,254.69,350.31,250.58,346.72,166.13,249.89,170.24
258.12,241.82,345.17,240.81,344.29,164.90,257.24,165.91
261.63,244.59,348.37,244.61,348.39,168.97,261.65,168.95
266.69,259.55,355.25,262.29,357.63,185.05,269.07,182.32
276.71,277.68,362.97,291.28,374.82,216.06,288.57,202.46
288.20,305.15,371.45,293.36,361.16,220.76,277.91,232.55
290.78,304.41,373.89,291.65,362.76,219.17,279.65,231.93
285.66,281.03,369.86,269.84,360.10,196.41,275.90,207.61
288.85,273.81,372.54,257.53,358.34,184.55,274.66,200.83
300.03,275.78,386.92,255.98,369.64,180.20,282.76,200.01
304.31,289.76,395.31,285.26,391.39,205.89,300.39,210.39
319.50,296.41,407.79,297.22,408.50,220.22,320.21,219.41
316.24,297.59,395.82,298.14,396.30,228.74,316.72,228.19
300.78,300.09,380.68,301.09,381.55,231.41,301.65,230.41
296.95,310.67,384.35,308.66,382.60,232.44,295.20,234.44
297.50,321.47,385.92,322.43,386.76,245.33,298.34,244.36
321.21,336.76,406.48,330.78,401.27,256.41,315.99,262.39
321.20,357.10,402.35,360.17,405.03,289.39,323.87,286.32
320.26,342.81,403.21,357.61,416.12,285.27,333.17,270.47
314.79,351.94,383.97,348.52,380.98,288.19,311.81,291.61
310.11,331.64,378.66,327.33,374.90,267.54,306.34,271.85
311.16,310.99,377.03,304.34,371.24,246.90,305.37,253.54
311.08,295.50,365.84,294.77,365.20,247.01,310.44,247.75
313.49,300.67,362.15,302.82,364.03,260.38,315.36,258.23
315.13,312.95,362.18,313.36,362.53,272.33,315.49,271.92
334.10,320.09,374.69,316.78,371.80,281.38,331.21,284.70
331.03,325.64,372.68,322.67,370.09,286.35,328.45,289.31
328.84,332.22,375.29,329.18,372.64,288.67,326.19,291.70
330.29,341.95,379.15,338.74,376.35,296.13,327.49,299.34
334.48,343.10,385.61,341.95,384.61,297.35,333.47,298.50
335.14,335.57,382.44,333.27,380.43,292.02,333.14,294.32
335.64,322.34,381.91,320.60,380.40,280.25,334.13,281.98
336.44,305.87,383.01,304.18,381.54,263.57,334.97,265.25
334.29,293.04,370.08,293.72,370.67,262.50,334.87,261.83
334.71,285.70,362.16,286.96,363.26,263.02,335.81,261.76
342.15,286.27,370.58,287.65,371.78,262.86,343.35,261.48
339.51,277.54,366.85,278.71,367.87,254.87,340.53,253.70
329.41,284.47,361.49,283.93,361.02,255.96,328.94,256.50
329.85,283.80,364.60,288.48,368.68,258.17,333.93,253.49
341.47,289.49,375.59,284.46,371.21,254.70,337.08,259.73
347.34,291.18,383.00,289.38,381.42,258.28,345.77,260.09
328.72,284.80,364.96,286.10,366.09,254.49,329.85,253.19
342.67,289.39,378.88,269.93,361.91,238.35,325.70,257.81
2
0
0
0
0
1
293.89,289.41,368.72,288.68,367.99,214.84,293.16,215.58
300.55,292.10,374.96,291.14,374.01,217.73,299.61,218.69
303.86,293.08,377.68,291.52,376.14,218.68,302.32,220.24
308.24,293.06,377.21,290.74,374.92,222.69,305.95,225.00
308.06,294.66,377.71,292.63,375.71,223.92,306.06,225.94
