1
781.000000,251.000000,92.000000,176.000000
782.000000,247.000000,101.000000,177.000000
784.000000,249.000000,98.000000,177.000000
783.000000,248.000000,108.000000,178.000000
785.000000,245.000000,114.000000,177.000000
786.000000,241.000000,122.000000,178.000000
800.000000,237.000000,116.000000,164.000000
804.000000,232.000000,111.000000,166.000000
781.000000,231.000000,140.000000,173.000000
788.000000,230.000000,142.000000,175.000000
790.000000,230.000000,147.000000,164.000000
802.000000,234.000000,142.000000,162.000000
806.000000,238.000000,137.000000,157.000000
803.000000,243.000000,147.000000,152.000000
802.000000,243.000000,155.000000,152.000000
802.000000,242.000000,164.000000,143.000000
821.000000,239.000000,154.000000,146.000000
831.000000,238.000000,144.000000,137.000000
845.000000,222.000000,138.000000,152.000000
856.000000,225.000000,133.000000,147.000000
840.000000,219.000000,155.000000,160.000000
841.000000,213.000000,159.000000,175.000000
842.000000,211.000000,158.000000,172.000000
847.000000,206.000000,157.000000,175.000000
866.000000,200.000000,143.000000,167.000000
872.000000,176.000000,142.000000,167.000000
876.000000,166.000000,158.000000,177.000000
879.000000,164.000000,140.000000,175.000000
881.000000,160.000000,140.000000,170.000000
887.000000,166.000000,139.000000,166.000000
922.000000,167.000000,123.000000,162.000000
927.000000,170.000000,100.000000,167.000000
907.000000,171.000000,123.000000,172.000000
905.000000,172.000000,118.000000,171.000000
912.000000,179.000000,108.000000,165.000000
900.000000,183.000000,115.000000,163.000000
890.000000,188.000000,122.000000,155.000000
887.000000,186.000000,122.000000,165.000000
886.000000,187.000000,122.000000,161.000000
874.000000,178.000000,126.000000,173.000000
858.000000,182.000000,132.000000,177.000000
840.000000,193.000000,141.000000,166.000000
843.000000,198.000000,135.000000,169.000000
824.000000,201.000000,153.000000,166.000000
802.000000,207.000000,157.000000,178.000000
778.000000,219.000000,170.000000,168.000000
762.000000,225.000000,174.000000,170.000000
760.000000,228.000000,173.000000,178.000000
759.000000,230.000000,170.000000,177.000000
753.000000,237.000000,161.000000,172.000000
747.000000,244.000000,145.000000,174.000000
724.000000,255.000000,161.000000,168.000000
725.000000,251.000000,147.000000,172.000000
714.000000,255.000000,158.000000,170.000000
688.000000,267.000000,156.000000,165.000000
673.000000,272.000000,148.000000,172.000000
659.000000,272.000000,156.000000,168.000000
639.000000,270.000000,163.000000,170.000000
628.000000,276.000000,172.000000,164.000000
611.000000,276.000000,168.000000,164.000000
594.000000,284.000000,174.000000,174.000000
590.000000,283.000000,172.000000,170.000000
580.000000,289.000000,177.000000,170.000000
580.000000,292.000000,169.000000,173.000000
577.000000,316.000000,155.000000,153.000000
576.000000,311.000000,139.000000,178.000000
573.000000,325.000000,140.000000,154.000000
568.000000,333.000000,136.000000,153.000000
564.000000,324.000000,138.000000,163.000000
548.000000,347.000000,135.000000,147.000000
562.000000,355.000000,141.000000,133.000000
552.000000,350.000000,126.000000,134.000000
550.000000,365.000000,133.000000,124.000000
549.000000,371.000000,142.000000,123.000000
523.000000,381.000000,149.000000,117.000000
