1
1104.000000,606.000000,36.000000,60.000000
1088.000000,603.000000,36.000000,60.000000
1052.000000,609.000000,52.000000,60.000000
1060.000000,615.000000,52.000000,60.000000
2
0
0
0
0
1
888.000000,603.000000,64.000000,51.000000
892.000000,606.000000,64.000000,51.000000
900.000000,609.000000,56.000000,51.000000
2
0
0
0
0
1
828.000000,555.000000,32.000000,51.000000
836.000000,558.000000,32.000000,51.000000
808.000000,561.000000,24.000000,45.000000
784.000000,561.000000,24.000000,45.000000
788.000000,567.000000,24.000000,33.000000
792.000000,561.000000,24.000000,33.000000
788.000000,543.000000,24.000000,39.000000
792.000000,543.000000,24.000000,39.000000
796.000000,546.000000,24.000000,33.000000
2
0
0
0
0
1
784.000000,483.000000,48.000000,54.000000
776.000000,480.000000,48.000000,54.000000
784.000000,474.000000,36.000000,54.000000
776.000000,471.000000,36.000000,54.000000
768.000000,471.000000,28.000000,42.000000
752.000000,468.000000,28.000000,42.000000
740.000000,465.000000,28.000000,39.000000
724.000000,462.000000,28.000000,39.000000
704.000000,459.000000,28.000000,36.000000
684.000000,456.000000,28.000000,36.000000
664.000000,453.000000,28.000000,39.000000
640.000000,450.000000,28.000000,39.000000
616.000000,447.000000,28.000000,36.000000
592.000000,444.000000,28.000000,36.000000
564.000000,441.000000,28.000000,36.000000
536.000000,438.000000,28.000000,36.000000
504.000000,435.000000,28.000000,36.000000
472.000000,432.000000,28.000000,36.000000
436.000000,432.000000,28.000000,36.000000
400.000000,432.000000,28.000000,36.000000
364.000000,429.000000,28.000000,39.000000
324.000000,429.000000,28.000000,39.000000
284.000000,429.000000,28.000000,39.000000
2
0
0
0
0
