1
281.49,304.02,338.04,310.10,362.90,78.91,306.34,72.82
281.74,303.32,338.00,309.48,363.18,79.49,306.92,73.32
280.32,303.06,336.49,309.48,362.70,79.86,306.53,73.44
279.70,303.03,335.46,308.65,358.41,80.72,302.65,75.10
280.21,303.06,335.98,308.65,358.79,80.66,303.01,75.08
279.42,303.03,334.65,308.01,354.99,82.22,299.76,77.24
276.29,304.35,333.23,306.75,342.99,73.98,286.05,71.58
276.79,305.24,333.80,307.57,343.28,74.50,286.27,72.18
273.85,305.16,330.54,307.78,341.21,76.03,284.51,73.42
271.23,310.71,330.34,309.31,324.61,67.66,265.49,69.05
271.23,310.71,330.34,309.31,324.61,67.66,265.49,69.05
270.30,310.11,329.35,308.76,323.82,67.41,264.78,68.75
279.59,313.93,337.36,307.30,310.21,71.14,252.44,77.77
279.20,315.17,337.19,308.65,310.51,71.59,252.52,78.11
259.83,301.31,315.55,305.78,333.80,78.04,278.09,73.57
274.02,307.34,330.19,306.69,327.48,77.07,271.31,77.72
274.02,307.34,330.19,306.69,327.48,77.07,271.31,77.72
289.44,322.83,345.43,321.47,339.84,92.61,283.85,93.97
285.67,322.30,341.08,322.42,341.56,95.90,286.14,95.78
261.90,310.95,316.23,320.97,357.18,98.89,302.85,88.86
261.91,310.95,316.23,320.97,357.18,98.89,302.85,88.86
254.21,310.82,308.72,323.48,360.42,100.64,305.91,87.98
244.66,292.50,295.73,313.54,381.70,104.76,330.63,83.73
244.66,292.50,295.73,313.54,381.70,104.76,330.63,83.73
242.73,290.44,294.03,312.65,384.81,102.93,333.51,80.72
240.37,298.23,293.06,317.07,370.06,101.69,317.38,82.85
241.24,297.41,293.71,315.99,369.64,101.50,317.17,82.92
237.90,297.20,290.76,317.05,371.85,100.97,318.99,81.13
233.76,312.73,289.11,328.59,353.92,102.30,298.57,86.44
233.00,313.11,288.51,328.82,352.70,101.91,297.20,86.20
231.42,313.10,287.24,329.49,354.21,101.30,298.39,84.91
214.74,301.15,267.68,324.67,363.82,108.24,310.88,84.72
214.06,301.20,267.04,324.87,363.77,108.29,310.80,84.62
205.67,310.60,259.03,332.36,347.96,114.21,294.60,92.45
229.13,328.16,291.05,338.98,335.28,85.86,273.36,75.03
229.13,328.16,291.05,338.98,335.28,85.86,273.36,75.03
226.53,327.06,288.45,339.97,341.18,86.84,279.26,73.93
221.23,325.97,282.93,342.58,350.78,90.34,289.08,73.74
220.79,325.84,282.47,342.50,350.52,90.37,288.85,73.71
216.36,323.41,277.82,343.30,359.10,92.05,297.64,72.16
261.01,330.57,326.72,335.38,346.34,66.75,280.63,61.94
261.01,330.57,326.72,335.38,346.34,66.75,280.63,61.94
255.59,329.51,321.26,339.85,363.52,71.43,297.86,61.09
260.30,318.02,325.09,331.51,380.18,66.64,315.39,53.15
260.30,318.02,325.09,331.51,380.18,66.64,315.39,53.15
254.99,315.32,319.76,332.33,389.27,67.56,324.50,50.55
246.13,311.74,307.66,327.69,372.81,76.18,311.29,60.23
246.59,311.80,308.04,327.54,372.37,76.33,310.91,60.59
271.50,318.16,334.82,324.18,359.38,65.33,296.06,59.32
255.45,311.68,320.56,330.37,396.92,64.23,331.81,45.54
255.45,311.68,320.56,330.37,396.92,64.23,331.81,45.54
251.28,312.98,317.01,332.03,394.87,63.32,329.14,44.26
245.75,313.69,311.03,332.44,387.64,65.57,322.36,46.82
245.57,314.06,310.66,332.96,387.87,66.87,322.78,47.98
243.61,315.65,308.74,334.89,387.34,68.63,322.21,49.40
264.15,316.37,332.08,324.07,363.49,46.36,295.55,38.67
264.15,316.37,332.08,324.07,363.49,46.36,295.55,38.67
254.11,310.83,320.30,325.46,380.06,54.87,313.87,40.24
261.06,316.77,327.02,327.05,368.99,57.41,303.03,47.14
261.06,316.77,327.02,327.04,368.99,57.41,303.03,47.14
259.30,314.38,324.06,325.24,368.44,60.48,303.67,49.62
263.47,298.87,325.24,311.33,376.16,58.82,314.39,46.35
263.47,299.37,325.24,311.83,376.16,59.32,314.39,46.85
260.91,294.59,321.00,308.31,377.08,62.65,316.98,48.92
273.42,279.43,331.85,285.21,355.44,46.37,297.02,40.59
273.42,279.43,331.85,285.21,355.44,46.37,297.02,40.59
273.73,280.71,332.38,286.77,357.11,47.03,298.46,40.97
270.95,283.27,330.25,289.26,354.68,46.88,295.39,40.90
270.05,283.15,329.03,289.10,353.34,47.99,294.35,42.03
267.38,283.27,326.65,290.20,354.92,47.91,295.65,40.99
287.62,285.12,343.47,287.81,354.43,59.48,298.58,56.79
287.66,285.12,343.52,287.80,354.46,59.48,298.60,56.80
287.17,285.62,343.06,287.21,349.54,58.75,293.65,57.15
280.19,286.27,336.69,288.38,345.28,57.42,288.78,55.31
278.26,286.73,335.10,289.27,345.43,56.91,288.59,54.38
276.66,286.71,334.02,290.36,348.92,55.89,291.56,52.24
283.80,288.60,342.25,289.87,347.42,50.96,288.97,49.69
283.97,289.45,342.86,290.90,348.75,50.15,289.86,48.70
286.80,290.79,346.61,289.98,343.28,45.49,283.47,46.30
285.23,291.02,344.71,290.11,340.96,46.98,281.48,47.89
285.65,291.24,345.22,290.48,342.06,46.96,282.49,47.73
287.60,291.69,346.65,289.89,339.23,48.50,280.18,50.31
283.81,285.89,340.87,290.28,358.80,57.02,301.74,52.63
283.81,285.89,340.87,290.28,358.80,57.02,301.74,52.63
284.16,285.67,340.94,289.35,355.95,57.27,299.18,53.59
297.80,281.42,344.44,286.05,363.32,95.37,316.67,90.75
297.40,281.57,344.30,286.31,363.63,94.58,316.73,89.84
299.94,280.53,346.25,285.01,364.54,95.70,318.23,91.22
306.01,278.55,350.27,283.21,369.28,102.26,325.01,97.61
306.50,278.49,350.79,283.13,369.74,102.06,325.45,97.42
306.96,277.87,351.60,282.51,370.51,100.06,325.88,95.42
309.72,274.92,354.75,279.08,371.75,95.00,326.72,90.83
310.22,275.03,355.31,279.16,372.18,94.81,327.09,90.67
307.73,273.69,353.44,278.75,374.11,91.89,328.40,86.82
304.65,271.49,351.10,277.37,375.15,87.49,328.69,81.60
306.17,271.38,352.83,277.04,375.96,86.28,329.30,80.61
302.19,269.81,348.99,276.35,375.71,85.04,328.91,78.49
305.74,280.55,351.48,283.80,364.73,96.82,318.98,93.57
306.45,281.27,352.25,284.53,365.52,97.29,319.71,94.04
304.26,280.66,350.28,283.78,363.03,95.62,317.00,92.50
320.75,270.53,366.60,268.05,356.46,80.61,310.61,83.09
320.92,270.38,366.57,268.12,357.33,81.52,311.68,83.77
320.46,261.35,366.56,260.29,362.23,71.84,316.13,72.89
295.29,269.71,344.96,275.25,367.59,72.21,317.92,66.67
294.54,268.53,344.12,274.39,368.05,71.74,318.48,65.87
287.45,268.45,336.56,279.42,381.36,78.67,332.25,67.71
278.97,266.52,330.38,274.98,364.95,64.83,313.54,56.37
278.21,265.13,329.43,273.63,364.17,64.21,312.94,55.71
283.12,267.89,330.72,267.83,330.45,73.23,282.85,73.29
278.61,263.69,326.36,267.86,343.37,72.64,295.61,68.47
277.71,263.53,325.34,267.74,342.52,73.01,294.88,68.81
275.69,263.26,324.47,266.81,338.99,67.41,290.21,63.85
271.93,261.94,322.31,266.34,340.27,60.42,289.89,56.03
271.31,262.41,321.63,266.78,339.45,61.07,289.13,56.70
269.38,261.12,318.89,266.15,339.41,63.78,289.91,58.75
266.70,259.32,316.01,264.69,337.93,63.14,288.62,57.77
266.92,259.39,316.21,264.76,338.16,63.27,288.87,57.89
264.49,258.11,313.73,263.84,337.12,62.55,287.88,56.82
261.47,256.46,310.30,263.62,339.51,64.02,290.68,56.87
261.45,256.42,310.25,263.58,339.52,64.10,290.72,56.93
261.37,255.75,309.80,263.67,342.15,65.69,293.72,57.77
263.64,254.46,308.94,260.60,334.03,75.43,288.73,69.29
264.29,254.19,309.69,260.15,334.01,74.54,288.60,68.58
270.09,254.53,313.97,259.70,335.07,80.36,291.20,75.19
282.43,255.43,330.10,259.93,348.47,65.08,300.80,60.58
282.43,255.43,330.10,259.93,348.47,65.08,300.80,60.58
287.48,255.83,337.47,261.31,359.83,56.94,309.83,51.47
269.62,288.45,327.02,296.58,360.23,61.92,302.83,53.79
269.62,288.45,327.02,296.58,360.23,61.92,302.83,53.79
266.21,287.37,323.30,296.16,359.19,62.78,302.10,53.99
276.88,277.01,333.55,279.33,343.01,47.65,286.34,45.33
276.88,277.01,333.55,279.33,343.01,47.65,286.34,45.33
266.17,254.47,311.29,259.95,333.68,75.51,288.56,70.02
259.90,254.01,304.09,258.61,322.89,77.97,278.70,73.36
259.95,254.30,304.14,258.91,322.94,78.29,278.75,73.68
262.32,255.85,308.63,259.56,323.75,70.25,277.44,66.55
259.04,254.27,304.45,258.62,322.20,73.00,276.80,68.65
259.06,254.34,304.49,258.66,322.16,72.95,276.73,68.62
257.53,252.82,301.79,258.14,323.50,77.19,279.24,71.88
267.98,253.52,312.52,257.31,327.98,75.22,283.44,71.43
270.04,253.54,314.52,257.16,329.31,75.35,284.83,71.72
271.36,252.87,314.80,256.31,328.82,78.76,285.39,75.32
270.45,251.08,313.63,256.36,335.18,79.84,292.00,74.56
270.58,251.46,313.78,256.75,335.36,80.19,292.17,74.90
270.75,250.40,313.69,256.02,336.65,80.46,293.70,74.84
272.85,248.07,315.28,253.78,338.61,80.31,296.18,74.60
273.35,248.07,315.78,253.78,339.11,80.31,296.68,74.60
272.47,245.71,314.99,252.19,341.48,78.37,298.96,71.89
274.82,244.35,318.34,250.76,344.54,72.87,301.02,66.45
274.82,244.35,318.34,250.76,344.54,72.87,301.02,66.45
273.47,242.90,317.90,250.01,346.93,68.38,302.50,61.27
271.61,242.45,317.83,250.05,348.87,61.10,302.65,53.50
271.85,242.28,318.10,249.86,349.05,60.81,302.81,53.24
270.10,240.57,316.06,248.96,350.30,61.04,304.34,52.66
289.86,241.52,338.65,244.79,351.99,45.36,303.21,42.09
289.36,241.24,338.16,244.78,352.61,45.28,303.81,41.74
281.07,238.26,329.43,245.28,358.09,47.59,309.73,40.57
282.49,236.23,325.26,241.48,346.72,66.64,303.95,61.39
282.67,235.32,325.34,240.54,346.64,66.11,303.97,60.89
282.54,232.56,320.49,238.27,343.80,83.12,305.85,77.41
283.04,232.78,322.89,235.86,335.43,72.97,295.58,69.89
283.25,232.36,323.27,235.26,335.12,71.66,295.09,68.76
271.52,231.28,311.39,236.70,333.53,73.70,293.66,68.28
274.00,216.19,313.67,225.61,352.15,63.47,312.49,54.05
274.10,217.74,313.81,227.24,352.66,64.92,312.95,55.41
274.03,221.38,314.76,230.70,352.83,64.21,312.11,54.89
300.31,231.97,345.96,230.89,341.55,44.27,295.90,45.34
300.19,232.18,345.92,231.05,341.29,44.14,295.56,45.27
299.79,234.23,346.02,234.04,345.24,45.09,299.02,45.28
310.04,230.78,356.51,224.69,331.59,34.73,285.12,40.82
308.15,230.25,354.40,224.26,329.92,35.22,283.67,41.21
310.48,230.08,356.87,224.63,334.55,35.02,288.16,40.47
314.65,232.40,362.07,226.98,339.90,33.12,292.48,38.54
315.22,233.14,362.65,227.63,340.09,33.75,292.66,39.26
318.81,229.96,365.33,224.14,341.52,33.96,295.00,39.78
327.66,228.64,373.73,222.24,347.54,33.93,301.47,40.33
327.97,229.81,374.31,223.46,348.32,34.01,301.97,40.36
333.35,225.38,378.28,218.63,350.65,34.95,305.71,41.71
341.07,221.56,384.88,214.09,354.31,35.01,310.50,42.48
341.54,222.24,385.45,214.74,354.78,35.26,310.88,42.76
347.72,222.97,392.00,213.79,354.45,32.77,310.17,41.95
354.79,216.16,396.94,205.60,353.74,33.30,311.59,43.86
354.74,215.29,396.72,204.72,353.50,33.09,311.51,43.66
358.89,214.75,400.67,202.78,351.71,31.97,309.92,43.94
364.31,216.39,405.88,203.01,351.20,33.09,309.63,46.46
364.10,216.14,405.75,202.88,351.52,32.66,309.87,45.92
365.66,216.25,407.08,203.10,353.29,33.83,311.88,46.98
2
0
0
0
0
1
281.54,306.40,357.12,305.64,354.80,74.29,279.21,75.05
282.12,309.09,358.32,308.20,355.59,74.95,279.39,75.84
287.74,304.39,361.31,302.26,354.79,77.08,281.22,79.21
290.81,314.13,367.21,310.73,356.82,76.88,280.42,80.28
290.81,314.13,367.21,310.73,356.82,76.88,280.42,80.28
293.40,315.38,370.00,311.11,356.92,76.66,280.32,80.93
311.48,313.89,387.01,303.33,354.69,72.15,279.16,82.71
311.48,313.89,387.01,303.33,354.69,72.15,279.16,82.71
310.68,311.70,386.03,301.07,353.50,70.42,278.14,81.05
289.03,308.27,372.23,307.46,369.74,52.82,286.55,53.63
289.03,308.27,372.23,307.46,369.74,52.82,286.55,53.63
304.83,313.97,390.56,309.83,377.90,47.45,292.18,51.58
330.11,313.19,417.81,291.22,350.55,22.78,262.85,44.75
328.44,314.53,416.19,292.94,350.09,24.36,262.34,45.95
327.67,309.94,414.86,288.39,348.89,21.52,261.70,43.07
259.85,309.58,350.25,324.73,396.62,48.03,306.22,32.87
259.85,309.58,350.25,324.73,396.62,48.03,306.22,32.87
258.62,306.79,348.17,322.23,395.42,48.15,305.88,32.71
250.76,304.38,338.57,323.89,398.28,55.14,310.47,35.63
251.43,304.24,339.27,323.61,398.55,54.74,310.71,35.37
247.89,303.66,335.74,324.25,398.77,55.34,310.91,34.75
245.08,298.79,330.73,322.48,403.23,60.33,317.59,36.64
244.94,298.70,330.55,322.52,403.46,60.49,317.86,36.67
246.49,297.78,331.98,321.24,403.78,59.59,318.30,36.13
273.61,329.50,370.31,326.33,360.63,30.34,263.93,33.51
273.61,329.50,370.31,326.33,360.63,30.34,263.93,33.51
273.02,330.08,370.41,326.50,359.45,28.39,262.06,31.97
271.28,337.65,368.62,332.26,352.12,34.33,254.79,39.72
272.29,337.74,369.90,332.30,353.23,33.54,255.63,38.98
268.48,335.71,364.99,331.68,352.67,36.27,256.16,40.29
256.60,306.93,341.34,320.05,381.50,60.67,296.76,47.54
256.60,306.93,341.34,320.05,381.50,60.67,296.76,47.54
259.30,307.24,343.72,317.72,375.82,59.31,291.39,48.82
266.93,282.98,347.89,300.60,401.81,52.80,320.86,35.18
266.93,282.98,347.89,300.60,401.81,52.80,320.86,35.18
283.87,288.69,361.60,293.39,375.99,55.49,298.26,50.78
288.64,287.48,366.17,294.10,386.46,56.78,308.93,50.15
288.64,287.48,366.17,294.10,386.46,56.78,308.93,50.15
294.79,287.31,371.88,291.87,385.84,55.92,308.76,51.36
309.67,288.51,381.15,288.35,380.67,69.56,309.19,69.71
309.67,288.51,381.15,288.35,380.67,69.56,309.19,69.71
320.94,288.49,390.99,283.13,374.57,68.71,304.52,74.08
329.16,290.02,398.83,281.85,373.84,68.59,304.16,76.76
329.24,289.45,398.63,281.25,373.55,68.85,304.15,77.05
333.64,287.65,402.44,277.91,372.62,67.32,303.81,77.06
337.03,282.78,405.75,270.43,367.94,60.11,299.22,72.46
336.75,282.46,405.23,270.45,368.48,60.85,300.00,72.86
322.25,279.91,396.78,277.10,388.18,48.99,313.66,51.79
315.78,301.59,392.99,302.77,396.61,66.44,319.40,65.26
315.36,301.57,392.51,302.70,395.98,66.57,318.83,65.43
314.72,300.03,392.06,301.36,396.13,64.63,318.79,63.31
341.46,269.67,410.89,261.76,386.68,49.26,317.26,57.17
341.87,268.44,410.91,260.35,386.17,49.03,317.13,57.12
341.77,267.91,409.82,259.75,384.85,51.48,316.80,59.63
317.07,271.76,391.42,274.21,398.94,46.63,324.59,44.18
316.71,273.44,391.26,275.86,398.69,47.70,324.14,45.27
325.86,267.92,399.91,266.35,395.12,39.69,321.06,41.26
329.55,269.30,403.91,266.70,395.96,39.12,321.60,41.71
329.65,269.65,403.73,267.14,396.03,40.39,321.95,42.90
326.05,270.39,398.43,271.24,401.02,49.71,328.64,48.86
341.21,283.62,415.87,274.44,387.78,45.93,313.12,55.10
341.16,281.44,415.48,272.04,386.71,44.55,312.39,53.95
342.71,279.69,416.06,269.86,385.99,45.35,312.64,55.17
344.90,275.16,417.11,264.48,384.43,43.45,312.22,54.13
344.11,276.80,416.45,266.10,383.67,44.70,311.34,55.41
343.45,275.50,415.63,264.96,383.36,44.02,311.18,54.57
343.23,273.51,414.59,263.50,383.97,45.07,312.60,55.08
343.98,272.99,414.99,262.60,383.19,45.24,312.17,55.63
345.22,272.22,416.05,262.19,385.35,45.37,314.51,55.40
348.46,271.05,419.39,261.44,389.96,44.35,319.03,53.96
347.43,272.03,418.41,262.75,390.02,45.50,319.04,54.77
349.05,270.75,419.76,261.61,391.79,45.19,321.08,54.33
352.22,268.71,421.67,260.08,395.27,47.50,325.82,56.13
353.07,268.19,422.42,259.51,395.85,47.24,326.49,55.92
354.25,268.32,423.45,259.58,396.72,47.76,327.52,56.49
355.96,267.82,425.40,258.87,398.01,46.33,328.57,55.28
354.17,267.14,423.56,258.98,398.56,46.61,329.18,54.77
354.30,267.06,423.53,258.81,398.28,46.91,329.05,55.16
352.14,266.45,421.28,258.73,397.66,47.12,328.52,54.84
351.28,264.69,420.05,257.04,396.64,46.58,327.88,54.22
351.28,264.69,420.05,257.04,396.64,46.58,327.88,54.22
350.35,264.20,419.09,257.01,397.06,46.62,328.32,53.82
352.58,259.38,420.22,253.11,401.01,46.09,333.37,52.37
353.20,259.78,420.89,253.43,401.43,46.25,333.75,52.61
355.29,257.74,422.39,250.62,400.61,45.23,333.50,52.35
358.89,255.97,425.75,247.20,398.93,42.58,332.08,51.34
359.37,256.10,426.00,247.15,398.63,43.21,332.00,52.15
360.78,254.62,427.12,245.00,397.65,41.95,331.31,51.58
362.37,252.90,428.04,242.68,396.75,41.67,331.08,51.89
362.33,252.77,427.97,242.51,396.54,41.59,330.90,51.86
361.11,251.86,426.74,242.72,398.76,41.82,333.13,50.97
357.86,252.64,424.05,243.89,397.27,41.29,331.08,50.04
357.59,252.02,423.58,243.37,397.11,41.38,331.11,50.03
355.32,252.67,421.82,244.43,396.60,40.89,330.10,49.13
353.38,255.17,421.01,246.37,394.08,39.35,326.44,48.15
354.37,254.45,421.86,245.64,394.91,39.07,327.42,47.87
353.72,254.77,421.35,246.01,394.54,39.01,326.91,47.77
349.89,255.39,417.89,247.51,393.76,39.36,325.75,47.25
350.38,255.42,418.39,247.53,394.27,39.36,326.25,47.24
350.50,253.87,417.98,246.09,394.15,39.54,326.67,47.33
353.44,257.39,421.61,247.43,391.14,38.79,322.98,48.74
354.83,256.74,422.64,246.57,391.52,39.02,323.71,49.19
354.53,257.97,423.07,247.38,390.67,37.60,322.13,48.18
360.08,259.53,428.60,246.82,389.69,37.09,321.17,49.80
360.59,259.65,429.14,246.93,390.17,37.13,321.63,49.86
361.78,260.75,430.76,248.24,392.46,37.12,323.48,49.64
2
0
0
0
0
1
275.63,241.76,336.53,239.62,330.50,67.96,269.60,70.11
275.29,242.04,336.13,240.10,330.66,68.62,269.82,70.57
274.00,241.43,334.76,239.56,329.49,68.30,268.72,70.17
273.21,242.32,334.72,240.35,329.16,67.00,267.65,68.97
273.28,241.82,334.67,239.75,328.84,66.71,267.45,68.78
272.38,240.25,333.51,238.52,328.63,66.22,267.50,67.95
271.24,236.28,331.78,235.51,329.60,64.89,269.07,65.66
270.48,236.28,330.91,235.73,329.37,65.40,268.93,65.95
271.68,234.39,331.99,233.55,329.62,63.57,269.31,64.41
276.85,230.50,336.12,228.43,330.29,61.38,271.02,63.45
277.65,227.49,336.28,224.88,328.92,59.64,270.29,62.25
279.02,227.15,338.04,224.44,330.41,58.09,271.39,60.79
288.86,181.85,329.99,178.61,320.88,62.69,279.75,65.92
289.10,181.90,330.22,178.66,321.10,62.76,279.98,66.00
282.08,194.79,329.05,195.01,329.69,62.62,282.72,62.39
287.00,196.24,334.42,196.63,335.52,62.99,288.11,62.60
286.42,197.18,334.05,197.80,335.82,63.57,288.19,62.94
288.51,198.34,336.46,198.77,337.68,63.65,289.74,63.22
289.47,202.52,339.21,203.66,342.42,63.49,292.69,62.35
289.61,203.97,339.44,205.26,343.09,64.82,293.27,63.53
290.00,205.10,340.10,206.48,343.97,65.27,293.87,63.89
288.46,209.31,338.96,212.14,346.94,69.80,296.44,66.97
288.93,209.72,339.50,212.56,347.51,70.03,296.94,67.19
288.18,210.71,338.99,213.91,348.01,70.71,297.21,67.51
292.43,210.96,346.04,210.09,343.59,58.99,289.98,59.86
292.50,211.46,346.25,210.31,343.01,58.83,289.27,59.98
293.00,211.21,346.85,210.01,343.48,58.23,289.63,59.43
292.24,224.73,351.53,222.89,346.33,55.80,287.05,57.64
291.44,224.33,350.98,222.67,346.30,54.86,286.76,56.52
305.07,209.62,358.20,205.75,347.29,56.01,294.16,59.88
296.98,211.28,350.53,207.04,338.59,56.11,285.05,60.35
296.98,211.28,350.53,207.04,338.59,56.11,285.05,60.35
286.32,219.41,343.15,216.71,335.55,56.54,278.73,59.23
295.51,213.81,349.92,210.71,341.18,57.34,286.77,60.44
295.98,214.34,350.50,211.11,341.42,57.43,286.89,60.66
299.79,213.18,353.22,209.26,342.17,58.66,288.74,62.58
308.16,213.13,360.49,207.18,343.74,59.68,291.40,65.62
308.63,212.96,360.93,207.00,344.14,59.61,291.84,65.56
312.69,211.99,363.27,204.26,341.47,61.69,290.89,69.43
310.84,203.90,357.32,199.07,343.69,68.05,297.21,72.89
310.84,203.90,357.32,199.07,343.69,68.05,297.21,72.89
312.10,204.90,357.83,198.72,340.41,69.84,294.68,76.02
301.11,205.68,345.88,212.27,364.43,86.07,319.66,79.49
301.11,205.68,345.88,212.27,364.43,86.07,319.66,79.49
296.75,206.24,341.23,214.53,364.60,89.17,320.12,80.88
319.06,218.75,366.49,214.93,355.73,81.23,308.29,85.05
319.55,218.74,366.94,214.91,356.15,81.33,308.76,85.16
312.16,217.77,358.49,213.25,345.74,82.68,299.41,87.21
306.24,228.02,355.05,223.29,341.72,85.72,292.91,90.45
306.70,228.77,355.56,224.04,342.24,86.34,293.38,91.07
304.90,228.49,353.45,223.29,338.80,86.46,290.25,91.65
292.87,228.22,341.73,227.00,338.27,89.30,289.42,90.53
293.08,227.72,341.89,226.48,338.38,88.90,289.56,90.14
291.32,227.90,339.98,227.26,338.17,90.13,289.51,90.77
296.22,220.57,340.30,216.87,329.88,92.61,285.80,96.31
296.21,220.56,340.30,216.87,329.89,92.61,285.80,96.31
294.60,230.27,342.54,225.90,330.23,90.80,282.30,95.17
283.84,201.36,322.85,201.69,323.77,91.75,284.77,91.42
283.84,201.36,322.85,201.69,323.77,91.75,284.77,91.42
295.04,210.62,334.19,205.83,320.68,95.50,281.53,100.29
289.23,213.01,329.42,211.56,325.33,98.27,285.14,99.72
289.23,213.27,329.54,211.75,325.25,98.15,284.94,99.67
287.34,205.76,324.90,203.85,319.52,97.96,281.95,99.87
286.82,212.29,325.01,211.36,322.40,103.72,284.21,104.65
287.47,212.95,325.75,211.89,322.76,104.01,284.48,105.07
289.23,213.40,327.30,211.32,321.43,104.02,283.36,106.10
290.50,210.16,328.23,209.17,325.45,102.85,287.73,103.84
291.03,210.06,328.76,209.03,325.86,102.67,288.12,103.69
294.70,209.85,331.92,208.49,328.08,103.58,290.86,104.94
297.56,211.32,334.65,210.53,332.43,106.02,295.35,106.80
297.81,210.92,334.91,210.05,332.46,105.47,295.36,106.34
302.54,213.05,340.20,211.06,334.60,104.92,296.94,106.90
305.00,201.48,338.57,201.41,338.37,106.78,304.80,106.85
305.00,201.48,338.55,201.41,338.35,106.86,304.80,106.93
309.93,201.51,343.26,200.81,341.30,106.86,307.96,107.56
314.60,199.22,347.06,200.52,350.72,109.05,318.26,107.75
313.99,199.77,346.38,201.56,351.42,110.25,319.03,108.46
317.17,203.07,350.44,204.57,354.65,110.77,321.37,109.28
315.72,212.37,350.25,207.77,337.29,110.46,302.76,115.05
317.02,212.25,351.57,207.61,338.49,110.23,303.94,114.87
316.88,213.61,351.85,209.89,341.34,111.34,306.38,115.07
308.71,217.11,344.67,217.43,345.59,116.10,309.64,115.77
308.97,217.26,344.94,217.59,345.87,116.22,309.91,115.89
317.96,224.65,356.08,217.83,336.87,110.39,298.75,117.20
308.65,223.39,351.98,227.20,362.72,105.08,319.39,101.26
309.34,222.24,352.66,225.89,362.96,103.80,319.64,100.14
310.76,223.54,354.57,226.99,364.29,103.51,320.48,100.06
320.37,216.12,370.25,215.65,368.92,75.07,319.04,75.54
319.84,216.24,369.79,215.75,368.43,74.99,318.49,75.48
317.76,215.67,367.36,216.47,369.64,76.68,320.04,75.87
335.66,230.23,390.92,227.80,384.07,72.04,328.81,74.47
334.07,228.70,389.14,226.23,382.20,71.01,327.13,73.48
332.90,228.95,388.04,227.92,385.14,72.51,330.00,73.54
316.23,232.70,372.09,231.82,369.60,74.37,313.74,75.25
316.08,232.35,371.94,231.63,369.92,74.17,314.06,74.89
313.71,233.52,370.38,234.12,372.07,74.38,315.40,73.78
286.59,235.37,348.44,248.55,385.59,74.22,323.74,61.04
286.31,235.31,348.16,248.49,385.32,74.15,323.46,60.97
270.12,214.15,321.71,237.40,387.24,91.98,335.65,68.73
257.93,213.08,309.26,239.51,383.75,94.85,332.42,68.42
258.19,213.69,309.67,240.21,384.40,95.09,332.91,68.57
252.01,216.65,304.99,245.12,385.24,95.78,332.25,67.31
272.91,218.14,328.62,231.95,367.54,74.91,311.83,61.11
272.51,217.27,327.86,230.81,366.03,74.79,310.67,61.25
270.78,220.79,327.43,233.15,362.25,73.49,305.61,61.14
266.51,217.54,321.83,229.65,355.94,73.74,300.63,61.63
264.44,219.11,320.57,231.73,356.13,73.55,300.01,60.93
264.20,218.34,320.03,230.62,354.63,73.27,298.81,60.99
281.83,237.89,344.69,236.90,341.89,59.72,279.03,60.72
281.83,237.89,344.69,236.90,341.89,59.72,279.03,60.72
278.44,232.14,339.68,234.22,345.53,61.64,284.30,59.56
303.52,229.71,362.98,226.22,353.13,58.64,293.68,62.13
303.52,229.71,362.98,226.22,353.13,58.64,293.68,62.13
302.18,231.01,361.99,227.03,350.77,58.46,290.96,62.43
292.65,238.82,355.27,234.38,342.74,57.90,280.13,62.35
292.65,238.82,355.27,234.38,342.74,57.90,280.13,62.35
300.28,255.98,361.20,250.51,345.78,78.79,284.85,84.26
274.97,259.14,345.01,261.42,351.42,64.01,281.38,61.73
274.97,259.14,345.01,261.42,351.42,64.01,281.38,61.73
276.35,259.78,346.63,262.52,354.34,64.43,284.06,61.70
299.20,238.10,362.55,232.58,346.98,54.01,283.63,59.54
299.16,237.31,362.07,231.65,346.10,54.35,283.19,60.01
294.04,231.36,351.74,229.51,346.50,66.89,288.81,68.75
297.69,236.77,353.37,231.96,339.83,75.03,284.15,79.83
297.02,236.04,352.33,231.19,338.66,75.31,283.35,80.15
295.13,231.18,350.04,233.22,355.78,78.47,300.88,76.43
302.71,242.97,361.08,237.66,346.10,73.14,287.73,78.45
302.71,242.97,361.08,237.66,346.10,73.14,287.73,78.45
307.38,237.33,362.83,232.84,350.17,76.56,294.73,81.05
304.28,230.75,357.19,227.63,348.40,78.50,295.48,81.62
304.31,230.27,357.33,227.22,348.74,77.77,295.72,80.82
303.65,231.16,357.10,227.74,347.47,77.07,294.02,80.49
292.69,242.17,350.60,241.85,349.70,78.65,291.80,78.97
292.69,242.17,350.60,241.85,349.70,78.65,291.80,78.97
303.65,238.15,359.48,232.55,343.70,75.17,287.86,80.77
292.71,241.65,343.36,233.66,320.85,90.89,270.19,98.88
293.39,240.71,343.57,232.53,320.51,91.10,270.33,99.29
295.32,239.79,344.43,230.65,318.67,92.24,269.56,101.38
276.34,228.82,323.14,229.37,324.68,97.46,277.87,96.91
276.34,228.82,323.14,229.37,324.68,97.46,277.87,96.91
281.00,227.93,331.59,222.57,316.49,79.97,265.90,85.33
282.11,232.37,334.76,225.94,316.64,77.56,263.99,83.99
282.11,232.37,334.76,225.94,316.64,77.56,263.99,83.99
283.71,233.87,336.57,227.73,319.26,78.74,266.40,84.88
286.55,238.77,340.83,232.94,324.41,79.94,270.12,85.77
286.55,238.77,340.83,232.94,324.41,79.94,270.12,85.77
288.89,251.63,348.47,251.52,348.16,83.61,288.59,83.72
292.85,258.44,354.33,255.05,344.75,81.76,283.27,85.16
291.97,259.22,354.20,255.78,344.50,80.37,282.26,83.81
294.16,277.38,362.20,272.42,348.21,80.64,280.16,85.60
282.26,279.81,351.89,276.77,343.30,80.53,273.68,83.57
283.26,279.81,352.89,276.77,344.30,80.53,274.68,83.57
269.78,285.73,341.64,286.38,343.47,83.83,271.61,83.18
263.74,268.76,339.00,271.42,346.48,59.28,271.22,56.63
263.74,268.76,339.00,271.42,346.48,59.28,271.22,56.63
261.20,269.76,336.90,271.39,341.49,58.03,265.79,56.40
276.53,265.52,352.33,264.71,350.04,51.05,274.23,51.86
276.53,265.52,352.33,264.71,350.04,51.05,274.23,51.86
270.35,266.58,350.76,262.85,340.25,36.20,259.84,39.93
266.42,240.69,336.55,237.26,326.87,39.61,256.74,43.05
266.42,240.69,336.55,237.26,326.87,39.61,256.74,43.05
267.04,239.22,336.60,236.27,328.29,40.23,258.74,43.18
261.27,268.00,334.39,268.56,335.98,62.49,262.87,61.92
263.15,267.36,336.29,267.67,337.16,61.54,264.03,61.23
211.47,237.88,276.51,275.04,381.25,91.73,316.21,54.57
226.01,235.80,298.83,257.46,359.88,52.22,287.06,30.56
226.01,235.80,298.83,257.46,359.88,52.22,287.06,30.56
225.45,237.06,299.57,261.37,368.07,52.46,293.95,28.15
230.24,238.93,305.69,265.17,379.64,52.50,304.18,26.26
230.58,239.54,306.16,265.82,380.22,52.77,304.63,26.50
232.60,239.93,308.40,265.93,381.70,52.29,305.90,26.28
239.77,239.54,314.56,263.87,383.15,53.07,308.35,28.74
240.22,239.11,314.85,263.66,384.03,53.32,309.40,28.77
241.79,240.36,316.96,265.71,388.40,53.83,313.23,28.49
265.77,265.44,348.35,269.86,360.80,37.11,278.23,32.69
265.77,265.44,348.35,269.86,360.80,37.11,278.23,32.69
252.60,250.10,327.55,264.69,368.66,53.42,293.71,38.84
265.89,258.04,340.11,275.19,388.47,66.01,314.25,48.85
265.87,258.02,340.08,275.20,388.49,66.03,314.28,48.85
265.74,259.02,339.90,276.13,388.12,67.11,313.96,50.00
264.23,254.22,334.96,272.14,385.45,72.78,314.71,54.87
262.93,254.21,333.75,272.27,384.65,72.66,313.83,54.60
320.43,262.37,388.27,251.92,358.82,60.70,290.97,71.15
282.13,250.61,342.04,264.57,381.37,95.73,321.46,81.78
282.13,250.61,342.04,264.57,381.37,95.73,321.46,81.78
281.68,253.43,342.59,266.69,379.98,95.00,319.07,81.73
273.41,271.91,335.74,278.93,355.52,103.25,293.19,96.23
273.77,271.75,335.93,278.47,354.86,103.26,292.70,96.55
281.31,281.11,347.52,283.83,355.17,97.23,288.97,94.51
291.67,281.04,357.35,277.69,347.89,92.57,282.21,95.93
291.70,280.43,357.15,277.17,347.96,92.69,282.51,95.95
297.20,280.35,362.16,274.83,346.59,91.73,281.63,97.26
295.30,251.30,357.06,252.21,359.61,78.12,297.85,77.21
295.30,251.30,357.06,252.21,359.61,78.12,297.85,77.21
296.97,254.96,359.69,254.89,359.48,78.11,296.76,78.18
308.06,265.13,364.31,259.45,348.29,100.90,292.03,106.58
307.41,266.08,363.91,260.64,348.57,101.38,292.07,106.83
313.05,268.62,369.27,261.45,349.08,102.99,292.86,110.16
321.81,275.28,380.79,266.72,356.65,100.48,297.67,109.04
321.81,275.28,380.79,266.72,356.65,100.48,297.67,109.04
323.95,276.05,382.13,266.97,356.52,102.98,298.34,112.06
299.26,267.03,353.75,266.07,351.04,112.50,296.56,113.46
299.26,267.03,353.75,266.07,351.04,112.50,296.56,113.46
299.60,267.82,354.14,266.50,350.44,112.77,295.90,114.08
315.00,259.60,363.97,251.61,341.44,113.61,292.48,121.60
315.54,259.15,364.88,250.88,341.58,111.79,292.24,120.06
305.58,254.64,353.43,250.53,341.85,115.64,293.99,119.75
297.76,253.16,345.42,249.65,335.52,115.32,287.86,118.83
298.17,252.67,345.81,249.12,335.81,114.85,288.17,118.39
296.50,253.67,344.68,249.98,334.29,114.18,286.11,117.87
291.79,257.33,342.08,247.07,313.16,105.31,262.87,115.57
291.62,256.80,341.84,246.60,313.08,105.07,262.86,115.27
290.63,258.21,342.33,248.11,313.85,102.40,262.16,112.50
288.19,255.83,340.26,247.67,317.25,100.89,265.17,109.05
282.64,244.70,328.08,241.94,320.30,113.87,274.86,116.63
282.94,243.63,328.33,240.97,320.83,113.02,275.44,115.68
268.47,236.05,313.66,241.28,328.40,113.92,283.21,108.69
284.55,235.84,322.77,236.13,323.60,128.41,285.38,128.11
284.58,235.25,322.65,235.73,324.02,128.42,285.95,127.93
281.94,253.14,326.87,254.40,330.41,127.79,285.49,126.53
298.57,254.19,342.84,244.36,315.12,119.57,270.85,129.40
298.57,254.19,342.84,244.36,315.12,119.57,270.85,129.40
297.81,256.67,341.74,246.71,313.68,122.89,269.75,132.85
287.56,265.97,337.36,267.30,341.10,126.94,291.30,125.61
287.56,265.97,337.36,267.30,341.10,126.94,291.30,125.61
286.80,266.70,336.87,268.42,341.71,127.31,291.65,125.59
286.98,267.12,337.32,269.27,343.38,127.38,293.04,125.23
287.48,267.12,337.82,269.27,343.88,127.38,293.54,125.23
285.78,266.17,336.89,269.17,345.33,125.11,294.22,122.12
282.39,259.50,331.53,265.29,347.87,126.80,298.73,121.00
282.39,259.50,331.53,265.29,347.87,126.80,298.73,121.00
278.23,242.53,326.96,251.89,353.34,114.54,304.61,105.18
314.01,240.13,361.41,232.04,338.62,98.44,291.22,106.53
314.15,241.48,362.06,233.39,339.28,98.35,291.37,106.43
307.66,236.11,355.08,233.76,348.47,100.08,301.04,102.43
299.18,241.36,352.32,236.56,338.80,86.78,285.66,91.58
299.17,241.36,352.31,236.57,338.81,86.77,285.66,91.56
261.16,234.23,313.69,245.95,346.72,97.89,294.19,86.17
287.30,252.91,345.21,251.83,342.18,88.62,284.27,89.70
287.30,252.91,345.21,251.84,342.18,88.63,284.28,89.70
295.57,255.65,351.75,253.45,345.55,95.13,289.38,97.33
280.16,235.12,330.97,240.61,346.46,97.40,295.65,91.91
280.16,235.12,330.97,240.61,346.46,97.40,295.65,91.91
307.23,235.60,359.40,222.34,322.02,75.31,269.85,88.57
275.86,213.05,329.35,210.41,321.90,59.66,268.42,62.30
276.31,212.90,329.77,210.18,322.09,59.50,268.63,62.22
270.66,216.43,324.85,210.03,306.81,57.29,252.62,63.69
277.64,221.29,335.23,216.10,320.59,53.77,262.99,58.97
276.28,221.51,334.21,216.43,319.88,53.14,261.95,58.22
277.41,223.00,336.77,220.53,329.81,53.22,270.45,55.69
277.74,217.74,332.72,219.42,337.45,64.44,282.47,62.77
277.74,217.74,332.72,219.42,337.45,64.44,282.47,62.77
301.94,185.10,346.38,184.28,344.06,59.00,299.62,59.83
307.88,188.06,352.29,192.85,365.79,67.66,321.37,62.87
318.15,193.44,366.07,189.79,355.76,54.72,307.84,58.38
324.28,191.48,372.09,188.26,363.01,53.51,315.20,56.73
334.60,205.44,386.91,202.00,377.22,54.54,324.90,57.98
334.60,205.44,386.91,202.00,377.22,54.54,324.90,57.98
337.59,200.46,389.59,199.55,387.02,53.01,335.03,53.92
355.91,183.20,402.33,179.98,393.26,49.16,346.84,52.38
355.66,183.09,402.28,180.02,393.61,48.62,346.99,51.69
358.65,187.70,407.02,184.51,398.01,48.16,349.63,51.36
345.78,185.46,394.13,189.33,405.04,53.05,356.69,49.18
345.78,185.46,394.13,189.33,405.04,53.05,356.69,49.18
348.41,186.45,396.70,190.02,406.77,53.92,358.48,50.34
338.75,182.56,386.00,189.85,406.52,56.67,359.27,49.39
337.89,182.29,384.99,190.08,406.96,57.35,359.87,49.56
2
0
0
0
0
1
267.96,308.07,347.42,309.16,350.62,75.52,271.17,74.43
273.71,303.79,350.60,307.31,360.96,81.23,284.07,77.71
272.96,306.65,353.89,309.29,361.65,71.33,280.73,68.69
277.04,306.76,359.11,310.01,368.67,68.67,286.60,65.42
288.38,308.46,371.61,310.91,378.82,66.17,295.59,63.71
288.96,307.64,372.17,309.75,378.35,65.10,295.15,63.00
303.98,314.50,389.05,310.01,375.86,59.85,290.78,64.34
293.45,312.51,378.73,315.98,388.93,65.24,303.66,61.77
293.12,311.21,378.42,314.39,387.77,63.57,302.47,60.39
315.74,306.90,397.96,301.36,381.66,59.59,299.44,65.13
314.16,306.42,398.06,313.90,420.07,67.20,336.17,59.71
314.16,306.42,398.06,313.90,420.07,67.20,336.17,59.71
345.15,306.77,426.04,309.72,434.73,71.87,353.84,68.91
346.50,306.06,430.75,312.38,449.35,64.64,365.10,58.32
346.50,306.06,430.75,312.38,449.35,64.64,365.10,58.32
349.78,322.59,437.52,319.63,428.83,61.64,341.09,64.60
349.26,317.22,439.84,319.49,446.52,53.13,355.93,50.86
349.26,317.22,439.84,319.49,446.52,53.13,355.93,50.86
355.93,315.72,445.77,316.61,448.39,52.45,358.55,51.56
369.92,311.04,459.11,314.38,468.93,52.12,379.73,48.78
371.38,311.60,460.96,314.70,470.09,51.33,380.52,48.22
373.90,311.12,462.98,314.75,473.65,52.79,384.56,49.17
376.16,328.25,470.07,324.46,458.95,48.31,365.03,52.09
376.16,328.25,470.07,324.46,458.95,48.31,365.03,52.09
396.26,316.94,481.84,316.82,481.50,65.18,395.91,65.30
373.20,340.38,479.37,338.09,472.66,25.91,366.49,28.19
387.99,326.77,487.19,335.14,511.82,43.44,412.62,35.06
421.76,309.19,500.79,310.06,503.37,77.68,424.33,76.81
420.36,309.57,499.49,310.78,503.03,78.11,423.90,76.91
420.76,308.10,498.65,311.04,507.30,82.02,429.41,79.08
427.72,308.46,503.13,311.79,512.90,90.08,437.50,86.75
427.42,307.72,502.92,310.60,511.39,88.61,435.89,85.73
428.58,300.79,494.25,304.18,504.22,111.08,438.55,107.69
402.62,317.80,473.55,324.97,494.62,116.39,423.68,109.23
403.71,318.75,475.01,326.00,496.34,116.36,425.04,109.11
399.26,320.97,471.26,328.78,494.22,117.08,422.22,109.27
384.24,312.08,467.07,317.49,482.98,73.96,400.16,68.55
383.90,312.37,467.00,317.83,483.06,73.48,399.96,68.02
385.30,309.79,464.06,313.86,476.02,82.27,397.26,78.20
387.07,309.83,465.06,313.01,474.41,83.68,396.42,80.51
387.13,309.68,465.08,312.88,474.47,83.66,396.52,80.47
389.14,308.84,466.41,312.53,477.26,85.33,399.99,81.64
398.94,308.30,473.23,307.17,469.90,88.75,395.62,89.88
398.20,308.83,472.68,307.92,470.00,88.91,395.52,89.82
401.41,307.19,474.81,305.92,471.09,90.11,397.70,91.38
402.98,306.90,476.06,305.36,471.54,90.47,398.46,92.01
403.23,307.49,476.47,306.06,472.25,90.71,399.01,92.14
403.76,306.73,476.18,305.13,471.46,92.19,399.05,93.79
364.21,307.83,438.20,312.02,450.51,94.45,376.52,90.26
364.21,307.83,438.20,312.02,450.51,94.45,376.52,90.26
388.25,318.83,465.57,315.36,455.35,88.01,378.03,91.49
407.26,291.74,479.67,278.82,441.66,65.88,369.24,78.81
407.26,291.74,479.67,278.82,441.66,65.88,369.24,78.81
409.41,292.48,481.52,279.26,442.65,67.22,370.54,80.44
383.95,311.51,456.27,312.96,460.50,100.33,388.19,98.89
384.62,312.28,457.06,313.63,461.02,100.65,388.59,99.31
383.11,312.36,455.38,313.47,458.66,100.99,386.40,99.87
389.80,300.66,450.34,300.95,451.19,122.95,390.66,122.66
389.80,300.66,450.34,300.95,451.19,122.95,390.66,122.66
389.52,302.11,450.72,301.55,449.10,121.60,387.90,122.16
380.26,317.81,455.47,315.46,448.58,94.33,373.38,96.67
380.86,317.68,456.29,315.21,449.03,93.42,373.60,95.89
378.65,319.21,454.69,316.93,447.97,93.32,371.93,95.61
382.86,320.62,457.98,315.66,443.40,94.77,368.28,99.73
381.76,320.02,456.46,315.27,442.52,95.62,367.81,100.36
382.23,320.62,456.58,315.75,442.25,97.14,367.90,102.01
378.48,318.17,450.42,314.28,438.96,102.75,367.02,106.65
378.95,318.55,451.38,314.89,440.61,101.91,368.18,105.58
378.21,317.24,449.17,313.54,438.28,104.89,367.32,108.60
373.48,315.50,443.73,312.89,436.05,106.32,365.80,108.93
372.75,316.18,443.59,313.64,436.13,105.35,365.30,107.89
370.27,316.13,441.17,313.96,434.76,105.50,363.87,107.67
364.87,314.83,435.88,312.98,430.42,104.18,359.41,106.04
364.87,314.79,435.86,312.95,430.45,104.20,359.46,106.04
365.46,315.21,436.91,312.50,428.94,102.40,357.48,105.11
364.35,314.37,435.42,311.85,428.01,102.87,356.94,105.39
364.88,314.41,436.00,311.83,428.43,102.71,357.31,105.29
364.38,315.05,435.76,312.40,427.98,102.51,356.60,105.16
339.84,306.34,408.49,308.95,416.16,107.09,347.51,104.48
337.14,305.17,405.35,308.14,414.10,107.58,345.89,104.61
339.77,305.11,408.19,308.24,417.37,107.06,348.95,103.94
340.03,305.23,408.52,308.00,416.65,106.62,348.17,103.86
340.03,305.23,408.52,308.00,416.65,106.62,348.17,103.86
341.05,305.06,408.77,306.79,413.86,107.65,346.14,105.92
341.72,308.31,410.84,305.37,402.20,102.12,333.08,105.06
340.92,309.35,410.03,306.67,402.16,103.46,333.05,106.14
340.90,305.68,411.78,308.64,420.49,100.22,349.61,97.26
341.89,304.17,410.23,305.82,415.08,104.85,346.73,103.20
342.82,304.37,411.35,306.20,416.72,104.72,348.20,102.89
339.99,305.45,408.51,307.41,414.29,105.93,345.77,103.97
355.02,302.75,420.25,301.72,417.24,109.92,352.01,110.95
352.69,302.57,417.92,301.84,415.77,110.03,350.54,110.76
349.82,301.57,414.47,301.78,415.11,111.68,350.46,111.46
342.99,303.28,416.05,307.49,428.41,92.65,355.35,88.44
341.21,303.48,413.85,307.73,426.36,94.14,353.72,89.89
342.19,303.03,413.19,305.56,420.63,96.81,349.64,94.28
336.70,300.66,405.71,304.47,416.92,101.57,347.92,97.76
338.24,300.41,407.34,304.07,418.10,100.89,349.01,97.23
334.92,300.34,403.68,304.66,416.38,102.48,347.62,98.16
331.83,300.79,400.91,305.34,414.29,102.20,345.20,97.65
332.20,299.95,400.81,304.53,414.29,102.80,345.68,98.22
352.86,296.36,416.97,300.84,430.13,112.33,366.02,107.85
368.36,297.11,431.68,299.77,439.49,113.59,376.18,110.94
352.47,309.37,436.54,313.73,449.37,66.54,365.30,62.18
361.54,309.78,446.23,314.63,460.50,65.59,375.80,60.74
374.09,298.87,438.92,301.88,447.78,111.27,382.96,108.26
391.45,297.95,454.24,300.04,460.38,115.40,397.58,113.32
2
0
0
0
0
1
304.12,300.29,375.73,300.76,377.13,89.44,305.51,88.96
308.17,300.34,380.39,298.76,375.70,85.63,303.48,87.22
306.74,300.29,378.78,299.25,375.70,86.64,303.65,87.69
309.15,298.40,379.84,297.18,376.23,88.59,305.54,89.81
308.90,297.71,382.94,297.47,382.22,79.00,308.19,79.24
309.41,297.99,383.51,297.70,382.64,79.04,308.54,79.34
313.08,291.78,379.27,290.97,376.86,95.64,310.67,96.46
314.14,289.94,380.64,292.27,387.52,96.03,321.02,93.70
314.63,290.06,381.25,292.38,388.08,95.78,321.46,93.46
314.66,289.19,380.67,292.35,390.01,97.57,324.00,94.40
323.18,315.99,393.14,317.90,398.78,111.46,328.83,109.54
323.18,315.99,393.14,317.90,398.78,111.46,328.83,109.54
325.72,316.47,395.88,318.15,400.86,111.12,330.70,109.43
329.58,311.27,397.46,312.49,401.08,112.18,333.20,110.95
329.58,311.27,397.46,312.49,401.08,112.18,333.20,110.95
