1
283.04,303.73,339.42,309.20,361.74,78.73,305.36,73.26
283.54,303.73,339.92,309.20,362.24,78.73,305.86,73.26
282.16,303.90,338.44,309.33,360.63,79.27,304.35,73.84
281.34,303.85,337.48,308.40,356.08,78.92,299.94,74.36
281.35,303.73,337.24,308.45,356.51,80.01,300.62,75.29
280.39,303.28,335.75,307.81,354.24,81.53,298.89,76.99
278.40,305.19,334.36,306.52,339.76,77.79,283.81,76.46
278.90,305.16,335.02,306.47,340.35,77.07,284.23,75.76
276.21,304.87,331.94,306.33,337.87,78.51,282.14,77.06
271.96,303.77,328.53,306.19,338.37,74.94,281.81,72.53
272.48,304.67,329.18,306.93,338.37,75.16,281.68,72.91
271.39,304.10,327.94,306.39,337.29,75.22,280.74,72.93
269.25,303.78,325.50,305.93,334.29,76.02,278.05,73.86
269.60,303.30,325.77,305.36,334.15,75.76,277.98,73.70
277.86,304.03,332.66,303.06,328.65,79.07,273.85,80.05
268.52,297.25,314.49,304.74,345.07,116.82,299.10,109.34
268.71,298.23,314.82,305.81,345.77,117.32,299.66,109.75
267.22,297.05,312.55,305.21,345.88,119.89,300.54,111.73
264.73,297.62,309.50,306.88,347.32,123.85,302.55,114.59
270.35,286.36,314.30,296.62,356.19,116.94,312.23,106.69
270.35,286.36,314.30,296.62,356.19,116.94,312.23,106.69
266.67,289.10,310.62,298.54,349.19,118.85,305.23,109.41
255.83,302.36,300.49,314.05,348.27,131.48,303.61,119.79
255.83,302.36,300.49,314.05,348.27,131.48,303.61,119.79
252.41,300.18,297.38,313.58,352.11,129.72,307.14,116.32
243.15,303.53,294.50,318.58,356.00,108.69,304.66,93.64
243.15,303.53,294.50,318.58,356.00,108.69,304.66,93.64
240.86,303.70,292.86,319.95,359.26,107.36,307.25,91.11
233.97,312.04,286.49,327.49,349.61,112.78,297.08,97.33
233.77,312.45,286.27,328.03,349.93,113.39,297.43,97.81
231.89,311.73,284.79,328.19,352.06,111.94,299.16,95.47
232.56,306.28,284.81,320.61,343.37,107.01,291.12,92.68
232.56,306.28,284.81,320.61,343.37,107.01,291.12,92.68
223.00,287.71,271.58,305.47,344.16,106.89,295.59,89.13
256.46,299.50,305.07,307.14,336.28,108.42,287.67,100.78
256.61,299.70,305.24,307.17,335.77,108.37,287.14,100.89
254.50,301.96,303.33,310.09,336.53,110.48,287.70,102.35
274.05,322.12,326.67,320.50,320.04,105.41,267.42,107.03
274.31,322.78,326.99,321.18,320.39,105.85,267.72,107.46
275.37,322.16,328.39,321.58,326.00,104.87,272.99,105.45
274.80,324.59,330.64,325.59,334.68,97.32,278.84,96.32
274.46,324.94,330.41,326.00,334.74,97.26,278.79,96.20
273.83,323.08,329.64,324.94,337.19,96.82,281.39,94.96
273.39,320.06,329.78,322.80,340.94,92.28,284.55,89.54
274.70,320.06,331.22,322.75,342.18,91.71,285.67,89.03
271.66,321.09,328.97,324.46,342.69,90.18,285.38,86.82
258.66,322.86,315.68,328.30,337.89,95.18,280.86,89.74
261.16,321.28,317.63,326.48,338.83,95.60,282.35,90.41
254.47,317.37,310.49,324.29,338.74,95.29,282.72,88.37
250.84,314.40,306.28,321.16,333.90,94.49,278.45,87.73
251.45,314.38,306.80,320.88,333.33,94.64,277.99,88.14
251.12,314.28,306.57,320.30,331.14,93.63,275.69,87.61
242.08,318.43,296.35,329.63,342.11,107.77,287.84,96.57
242.83,317.76,296.87,328.58,341.07,107.65,287.03,96.83
231.77,305.99,282.16,323.24,352.63,117.26,302.25,100.02
230.12,305.70,278.62,322.89,348.88,124.65,300.38,107.46
230.11,304.93,278.80,322.25,349.58,123.18,300.89,105.86
227.86,307.05,276.48,324.89,349.38,126.16,300.76,108.32
210.48,326.87,257.96,354.60,371.29,160.50,323.81,132.77
210.48,326.87,257.96,354.60,371.29,160.50,323.81,132.77
199.92,325.18,247.62,355.98,373.46,160.98,325.76,130.19
189.13,324.01,236.81,353.89,358.92,158.97,311.25,129.09
190.05,323.78,237.50,353.33,358.29,159.36,310.84,129.80
174.55,322.66,222.47,357.56,365.10,161.69,317.19,126.79
183.99,300.80,229.98,336.17,374.58,148.16,328.59,112.78
183.99,300.80,229.98,336.17,374.58,148.16,328.59,112.78
188.60,298.71,234.44,333.51,376.67,146.11,330.83,111.31
201.66,294.71,245.75,326.46,375.51,146.19,331.42,114.44
198.49,294.77,242.57,326.47,372.10,146.24,328.01,114.54
191.61,292.51,234.56,325.85,370.81,150.24,327.85,116.90
178.94,296.79,225.44,333.93,377.24,143.84,330.74,106.70
178.94,296.79,225.44,333.93,377.24,143.84,330.74,106.70
184.79,297.35,230.52,332.95,376.04,145.99,330.31,110.38
182.12,298.05,227.80,332.85,370.04,146.10,324.36,111.30
179.23,298.18,225.21,333.76,370.64,145.80,324.66,110.22
185.09,297.45,229.85,330.94,366.73,147.94,321.97,114.45
188.75,299.02,233.79,332.23,369.52,148.09,324.48,114.88
187.09,299.07,232.04,332.29,367.81,148.54,322.86,115.32
207.29,305.93,253.32,332.24,360.83,144.05,314.80,117.74
219.45,296.24,269.04,314.09,341.97,111.36,292.38,93.51
219.45,296.74,269.04,314.59,341.97,111.86,292.38,94.01
243.56,313.83,297.23,321.35,327.92,101.96,274.25,94.44
260.11,317.50,316.70,319.02,322.85,87.69,266.26,86.18
259.78,317.49,316.32,318.94,322.22,87.82,265.68,86.37
260.52,317.65,317.75,319.32,324.55,85.36,267.31,83.70
258.84,309.52,308.65,319.41,349.05,115.81,299.25,105.92
258.84,309.52,308.65,319.41,349.05,115.81,299.25,105.92
256.64,309.01,306.32,319.94,350.96,116.84,301.28,105.91
265.69,308.16,315.83,318.15,356.68,113.19,306.54,103.19
265.17,308.44,315.34,318.38,355.97,113.27,305.79,103.32
263.73,308.09,314.68,318.75,358.23,110.46,307.28,99.80
259.28,305.30,310.68,316.88,357.99,106.75,306.59,95.18
260.46,305.86,312.02,317.53,359.69,106.77,308.14,95.10
259.67,305.15,311.55,316.87,359.47,104.78,307.59,93.05
259.05,302.03,310.50,314.42,361.13,104.07,309.68,91.68
259.35,301.93,310.74,314.32,361.36,104.24,309.98,91.85
261.43,300.70,311.87,312.39,359.60,106.20,309.16,94.51
259.61,299.26,310.66,311.61,361.11,102.93,310.06,90.58
258.96,299.12,309.89,311.53,360.60,103.30,309.66,90.89
256.92,300.24,308.81,312.85,360.35,100.74,308.46,88.12
251.40,302.10,305.19,313.91,353.42,94.03,299.63,82.22
248.56,301.51,302.28,314.33,354.66,94.72,300.93,81.90
258.88,298.62,309.50,312.81,367.51,105.87,316.89,91.67
294.06,299.97,343.07,302.64,353.98,102.29,304.96,99.61
292.38,298.64,341.02,301.47,352.56,102.64,303.92,99.81
284.75,295.85,331.70,300.55,350.89,108.61,303.94,103.91
282.55,302.71,332.42,304.79,340.88,100.91,291.01,98.84
281.74,301.31,331.14,303.71,340.94,101.80,291.54,99.39
271.63,312.17,324.16,316.27,340.92,101.54,288.39,97.44
278.56,299.34,330.05,300.51,334.80,90.04,283.31,88.87
278.79,298.58,330.20,299.66,334.59,89.52,283.18,88.44
277.13,297.12,327.76,298.52,333.45,91.56,282.82,90.15
276.10,305.22,320.50,304.26,316.55,122.76,272.15,123.72
276.10,305.22,320.50,304.26,316.55,122.76,272.15,123.72
271.38,299.90,314.57,299.82,314.22,123.26,271.03,123.34
263.55,299.13,306.16,299.80,308.90,125.65,266.29,124.97
262.95,297.27,305.19,297.66,306.75,125.01,264.51,124.62
252.78,293.07,298.64,298.70,321.63,111.23,275.77,105.60
247.36,294.67,295.37,301.28,322.34,105.02,274.33,98.42
247.60,294.57,295.61,301.15,322.49,104.91,274.49,98.33
251.24,288.79,295.81,294.27,318.20,112.10,273.64,106.61
247.57,283.77,298.87,295.41,346.41,85.73,295.11,74.09
247.73,284.46,299.09,296.06,346.49,86.11,295.13,74.51
252.08,282.41,302.65,293.68,348.72,86.97,298.15,75.69
286.74,321.87,346.47,322.42,348.69,78.28,288.97,77.73
285.69,319.87,345.10,320.69,348.43,77.85,289.02,77.03
285.95,307.30,343.07,313.54,368.53,80.05,311.41,73.81
309.08,310.52,365.94,314.17,380.81,81.74,323.95,78.10
309.08,310.52,365.94,314.17,380.81,81.74,323.95,78.10
325.06,316.09,377.34,315.87,376.41,102.19,324.14,102.41
332.90,306.27,376.65,301.76,358.18,122.92,314.43,127.43
332.26,307.45,376.00,303.00,357.81,124.23,314.08,128.67
333.25,307.55,377.34,302.85,358.09,122.60,314.00,127.30
336.28,308.50,379.85,301.94,353.01,123.83,309.43,130.39
337.58,308.48,381.07,301.89,354.09,124.14,310.61,130.73
338.29,308.17,380.34,301.00,351.00,129.09,308.94,136.27
338.58,307.42,378.60,299.95,348.03,136.36,308.01,143.83
338.79,307.91,378.83,300.46,348.34,136.79,308.30,144.24
337.47,307.09,376.67,300.30,348.92,140.08,309.72,146.86
337.99,306.27,375.55,300.08,350.25,146.54,312.69,152.72
338.11,306.13,375.60,299.92,350.21,146.68,312.72,152.89
340.91,305.94,377.91,299.25,350.57,148.05,313.58,154.73
351.73,307.40,387.78,297.78,348.40,150.39,312.34,160.02
351.74,307.12,387.66,297.47,348.18,150.62,312.25,160.28
355.69,307.37,391.81,297.37,350.90,149.73,314.78,159.73
360.48,306.17,396.43,296.04,354.98,149.10,319.03,159.23
360.51,305.92,396.37,295.72,354.67,149.13,318.80,159.33
361.83,304.61,397.61,294.65,356.87,148.38,321.08,158.34
364.18,302.31,400.28,292.62,360.64,145.07,324.54,154.76
364.79,303.33,401.08,293.62,361.39,145.27,325.10,154.97
366.29,304.02,402.97,293.42,359.60,143.51,322.93,154.11
369.07,293.32,401.34,276.81,333.82,144.92,301.56,161.43
368.93,292.92,401.13,276.42,333.69,144.81,301.49,161.30
364.37,290.61,396.53,274.64,331.20,143.18,299.04,159.16
352.61,312.69,389.48,299.32,334.81,148.58,297.93,161.95
354.06,313.39,391.00,299.97,336.12,148.98,299.18,162.40
347.51,311.16,385.43,298.28,332.75,143.26,294.82,156.14
355.63,303.10,389.74,282.79,306.66,143.37,272.55,163.69
357.09,303.96,391.33,283.56,307.93,143.59,273.68,163.99
353.90,302.48,388.87,282.24,306.14,139.32,271.17,159.55
341.54,309.61,378.47,294.96,318.53,144.04,281.61,158.69
341.54,309.61,378.47,294.96,318.53,144.04,281.61,158.69
340.88,308.42,377.64,294.16,319.35,143.90,282.60,158.16
321.36,302.22,361.53,296.87,339.65,132.66,299.48,138.01
321.82,300.94,361.76,295.37,338.96,132.09,299.02,137.66
314.21,299.84,354.12,297.19,343.27,134.07,303.37,136.71
333.96,299.72,372.89,285.65,315.35,126.52,276.42,140.59
333.96,299.72,372.89,285.65,315.35,126.52,276.42,140.59
331.74,299.60,370.27,286.34,316.05,128.82,277.51,142.07
327.43,298.04,363.12,286.15,314.47,140.28,278.79,152.18
327.70,299.87,363.37,288.02,314.92,142.19,279.25,154.03
315.00,294.05,350.31,281.93,300.74,137.62,265.43,149.74
301.95,298.32,338.33,290.58,306.69,141.87,270.31,149.61
301.84,298.38,338.22,290.65,306.59,141.95,270.21,149.68
305.35,298.49,341.59,290.47,308.79,142.33,272.55,150.35
307.10,298.04,344.08,292.54,321.60,141.37,284.61,146.86
306.06,297.38,343.07,291.89,320.61,140.60,283.60,146.09
311.49,298.33,348.90,291.85,322.38,138.91,284.97,145.39
324.57,298.77,360.75,290.68,327.68,142.76,291.49,150.84
324.42,299.49,360.69,291.49,327.98,143.26,291.72,151.26
326.06,299.75,362.66,291.94,330.71,142.32,294.11,150.13
327.09,300.15,364.47,292.44,332.93,139.61,295.54,147.32
327.63,300.67,365.13,292.86,333.20,139.59,295.70,147.40
328.09,300.91,366.07,293.30,334.92,138.04,296.94,145.66
332.11,302.44,370.66,294.07,336.45,136.47,297.90,144.83
332.21,302.58,370.81,294.17,336.41,136.36,297.81,144.77
334.69,302.60,372.96,294.06,338.03,137.62,299.76,146.16
341.95,306.03,380.17,296.79,342.38,140.55,304.16,149.79
342.44,306.58,380.76,297.28,342.72,140.65,304.40,149.95
345.33,306.42,383.19,297.08,345.02,142.33,307.16,151.67
350.14,307.17,387.16,297.51,347.65,146.18,310.63,155.84
350.21,307.39,387.11,297.83,348.01,147.00,311.11,156.56
351.65,307.66,388.40,298.04,349.06,147.82,312.31,157.44
346.98,309.13,385.86,301.84,356.05,142.88,317.17,150.17
346.98,309.13,385.86,301.84,356.05,142.88,317.17,150.17
333.61,310.65,374.94,307.57,362.30,138.64,320.98,141.72
312.66,302.34,353.46,303.35,357.57,136.57,316.77,135.55
312.58,302.02,353.36,303.06,357.60,136.36,316.82,135.31
313.92,301.82,354.68,303.11,359.92,136.49,319.16,135.20
318.87,312.95,362.16,311.04,354.35,134.08,311.06,135.99
318.81,312.82,362.09,310.89,354.17,133.99,310.90,135.92
315.89,312.37,359.81,311.08,354.52,131.56,310.60,132.85
308.73,309.93,355.18,312.84,367.05,122.95,320.60,120.04
308.23,309.32,354.60,312.19,366.27,122.63,319.90,119.77
325.36,306.46,365.63,305.60,362.07,140.98,321.80,141.84
324.44,308.55,364.27,311.35,375.70,148.53,335.87,145.73
324.44,308.55,364.27,311.35,375.70,148.53,335.87,145.73
325.65,307.29,365.61,310.54,378.91,147.18,338.94,143.92
324.58,304.77,362.15,313.63,398.33,160.05,360.77,151.19
325.58,304.31,363.16,313.06,398.89,159.44,361.31,150.69
328.43,304.16,366.13,311.91,397.76,157.78,360.05,150.04
338.58,294.01,373.63,300.52,400.24,157.23,365.19,150.72
338.58,294.01,373.63,300.52,400.24,157.23,365.19,150.72
339.57,294.55,374.92,300.21,398.05,155.71,362.70,150.05
334.73,292.99,370.59,297.72,389.93,151.12,354.07,146.39
334.77,292.89,370.62,297.78,390.57,151.22,354.72,146.33
334.44,293.09,371.65,294.09,375.73,141.96,338.52,140.96
316.19,296.05,355.10,300.12,371.71,141.08,332.80,137.01
316.36,296.57,355.31,300.66,372.04,141.42,333.08,137.32
307.71,293.49,346.14,299.69,371.50,142.60,333.07,136.39
297.12,298.10,337.74,311.14,391.00,145.12,350.39,132.08
296.82,298.47,337.53,311.61,391.21,145.19,350.50,132.06
293.97,299.73,334.94,313.23,390.08,145.73,349.11,132.24
293.41,286.26,332.84,294.36,365.90,133.14,326.46,125.05
292.83,286.37,332.32,294.54,365.73,133.11,326.24,124.93
298.31,292.88,339.29,297.26,357.19,129.71,316.21,125.33
309.94,306.87,355.35,303.89,343.14,118.26,297.73,121.24
309.94,306.87,355.35,303.89,343.14,118.26,297.73,121.24
314.67,307.20,359.30,303.39,343.70,120.95,299.07,124.76
325.82,305.19,368.53,299.32,344.50,124.73,301.79,130.60
326.12,304.75,368.79,298.79,344.42,124.34,301.74,130.29
330.67,304.14,372.68,297.82,346.84,126.08,304.83,132.40
342.20,303.83,383.53,295.55,349.65,126.58,308.31,134.87
342.23,304.38,383.61,296.05,349.56,126.92,308.19,135.25
348.28,302.99,388.80,293.73,350.92,128.10,310.41,137.36
355.07,286.82,395.88,273.32,340.69,106.53,299.88,120.03
355.24,285.10,395.68,271.59,340.43,106.30,300.00,119.81
359.66,283.25,399.73,268.68,340.17,104.92,300.11,119.48
333.47,312.85,381.50,307.53,359.72,111.18,311.68,116.50
333.58,313.29,381.56,307.96,359.74,111.80,311.75,117.14
368.35,331.13,408.57,314.52,340.65,150.11,300.43,166.72
367.59,328.72,407.56,311.36,336.55,147.98,296.58,165.34
368.36,328.03,408.31,310.62,337.13,147.32,297.18,164.73
369.36,325.90,407.82,308.59,337.02,151.37,298.56,168.69
371.41,323.23,410.13,305.85,339.05,147.60,300.34,164.98
371.42,323.20,410.08,305.79,338.90,147.72,300.23,165.13
372.62,321.92,410.71,304.74,340.44,149.03,302.35,166.21
375.18,317.57,412.21,302.24,349.55,150.85,312.51,166.18
377.32,316.21,414.33,300.70,350.90,149.42,313.89,164.93
380.62,314.27,417.92,299.08,355.83,146.62,318.53,161.80
389.31,308.09,426.00,293.07,364.54,143.09,327.85,158.11
389.80,308.18,426.46,293.17,365.07,143.30,328.40,158.31
390.40,306.52,427.03,291.48,365.52,141.73,328.89,156.77
387.23,290.48,420.38,275.52,359.21,140.04,326.07,155.00
386.67,290.77,419.89,275.93,359.23,140.12,326.01,154.96
386.51,289.12,419.19,274.87,360.91,141.31,328.24,155.56
385.83,285.76,416.91,271.68,359.35,144.62,328.27,158.69
386.33,285.76,417.41,271.68,359.85,144.62,328.77,158.69
382.14,285.19,412.96,272.54,361.21,146.57,330.39,159.23
380.34,297.61,411.83,281.88,347.51,153.14,316.02,168.87
381.57,297.71,413.14,282.07,349.19,153.02,317.62,168.66
379.64,297.81,412.39,283.31,353.10,149.42,320.34,163.92
377.42,288.02,410.86,271.09,341.65,134.38,308.20,151.31
376.64,287.74,410.29,270.88,341.35,133.33,307.70,150.19
378.61,286.66,413.83,270.08,346.04,126.12,310.82,142.70
380.77,285.32,415.34,269.72,351.56,128.41,316.99,144.00
380.77,285.32,415.34,269.72,351.56,128.41,316.99,144.00
378.89,287.97,413.97,268.89,335.96,125.51,300.88,144.59
385.00,283.02,419.81,267.80,357.59,125.50,322.78,140.72
385.83,280.56,419.05,265.50,357.48,129.73,324.27,144.79
386.14,280.55,419.35,265.49,357.79,129.75,324.58,144.80
384.04,280.53,417.45,265.88,357.57,129.31,324.15,143.96
373.02,282.62,407.76,268.08,348.28,126.08,313.55,140.62
373.02,282.62,407.76,268.08,348.28,126.08,313.55,140.62
383.80,274.70,414.43,261.56,360.69,136.37,330.07,149.51
384.91,271.46,415.25,258.41,361.89,134.41,331.55,147.46
385.36,271.09,415.55,258.07,362.32,134.67,332.13,147.69
385.77,269.64,415.89,257.28,365.35,134.15,335.23,146.51
392.00,264.59,423.28,251.61,370.22,123.77,338.94,136.74
392.20,264.42,423.41,251.49,370.52,123.89,339.30,136.83
395.80,261.99,426.48,248.56,371.56,123.15,340.88,136.58
399.23,259.01,430.00,245.59,375.12,119.83,344.35,133.25
399.27,259.49,430.11,246.07,375.23,119.99,344.38,133.41
397.32,259.40,428.63,246.42,375.55,118.43,344.24,131.41
398.86,257.93,429.79,243.95,372.62,117.53,341.69,131.51
399.20,257.84,430.02,243.98,373.37,118.00,342.55,131.85
395.94,258.61,426.91,245.55,373.48,118.97,342.52,132.03
393.40,258.97,424.01,246.64,373.62,121.49,343.00,133.81
393.59,258.77,424.09,246.41,373.58,121.73,343.08,134.08
391.56,259.45,422.70,247.31,373.06,120.02,341.92,132.16
390.68,261.22,423.53,248.53,371.64,114.25,338.79,126.94
390.09,261.32,423.33,248.64,371.45,112.76,338.21,125.45
388.59,263.44,423.58,250.54,370.83,107.53,335.85,120.43
391.81,265.58,428.80,249.52,363.15,98.35,326.16,114.40
392.27,265.34,429.31,249.20,363.28,97.76,326.24,113.91
392.15,267.00,431.24,250.36,363.20,90.56,324.11,107.20
2
0
0
0
0
1
276.68,241.81,336.57,239.86,331.00,69.55,271.11,71.51
276.75,241.77,336.67,239.80,331.07,69.40,271.14,71.36
276.79,242.89,336.77,240.58,330.18,69.98,270.19,72.30
278.16,246.13,338.79,242.39,328.16,69.99,267.54,73.72
278.13,245.60,338.67,241.63,327.36,69.47,266.82,73.45
278.91,248.04,340.18,243.48,327.19,69.24,265.92,73.80
277.29,249.89,339.32,245.30,326.26,68.89,264.23,73.48
277.89,248.39,339.66,243.34,325.29,67.69,263.52,72.74
276.78,247.80,338.53,243.26,325.62,67.65,263.87,72.19
275.85,244.70,337.57,240.44,325.44,64.91,263.72,69.18
275.86,244.20,337.48,239.87,325.18,64.63,263.55,68.96
276.98,243.11,338.64,238.67,326.00,63.33,264.35,67.78
280.16,238.63,341.40,233.77,327.56,59.62,266.33,64.49
280.51,238.32,341.43,233.40,327.44,60.15,266.52,65.07
273.55,235.38,334.96,234.70,333.03,60.07,271.62,60.75
286.40,225.71,344.06,221.66,332.53,57.67,274.87,61.72
286.47,225.35,343.93,221.27,332.31,57.85,274.85,61.94
288.73,226.10,346.01,221.91,334.08,59.02,276.81,63.21
290.25,236.43,352.70,233.32,343.87,55.72,281.41,58.83
289.50,236.05,351.65,232.94,342.82,56.21,280.67,59.31
292.47,237.55,354.69,234.46,345.91,57.52,283.69,60.61
292.02,246.16,358.50,243.59,351.21,54.56,284.73,57.12
293.15,244.20,359.25,241.33,351.10,53.35,284.99,56.22
293.47,244.71,359.49,242.05,351.94,54.31,285.92,56.97
295.36,259.68,366.84,255.71,355.55,52.47,284.08,56.43
295.36,259.68,366.84,255.71,355.55,52.47,284.08,56.43
297.03,265.88,371.22,260.96,357.23,49.98,283.04,54.90
296.62,264.84,370.73,260.25,357.67,49.49,283.55,54.08
295.57,265.13,369.79,260.34,356.17,49.28,281.95,54.06
295.43,264.59,369.36,259.69,355.44,49.45,281.51,54.35
290.61,263.57,364.48,263.71,364.86,53.65,290.99,53.52
289.61,262.97,363.19,263.11,363.59,53.87,290.02,53.73
288.84,276.80,367.32,270.74,350.10,47.56,271.61,53.62
304.79,290.48,388.71,285.04,373.23,46.39,289.31,51.83
304.79,290.48,388.71,285.04,373.23,46.39,289.31,51.83
303.98,285.84,386.28,281.42,373.73,47.38,291.43,51.79
322.72,253.08,391.45,247.45,375.46,52.00,306.73,57.63
321.69,253.27,390.56,247.64,374.54,51.78,305.67,57.41
322.08,238.06,396.23,233.83,384.18,22.99,310.04,27.22
327.19,240.63,401.47,236.34,389.27,25.10,314.99,29.39
327.23,240.63,401.55,236.28,389.18,24.91,314.85,29.26
330.84,242.80,405.63,238.23,392.64,25.55,317.86,30.12
364.55,271.20,445.85,259.51,412.59,28.33,331.30,40.03
364.55,271.20,445.85,259.51,412.59,28.33,331.30,40.03
362.66,272.62,444.07,260.65,410.03,29.14,328.62,41.11
363.93,275.07,445.35,266.75,421.69,35.22,340.27,43.54
364.35,273.67,445.61,265.09,421.22,34.00,339.96,42.58
367.47,272.94,448.09,267.63,432.99,38.37,352.37,43.69
357.03,265.87,432.82,260.98,418.89,45.45,343.10,50.35
356.20,267.49,432.43,262.58,418.48,45.78,342.24,50.69
358.73,264.83,433.45,259.20,417.44,46.70,342.72,52.33
379.83,271.57,453.03,255.80,408.18,47.65,334.98,63.42
379.37,271.32,452.50,255.47,407.43,47.51,334.30,63.36
380.45,268.71,452.78,253.22,408.73,47.52,336.40,63.01
2
0
0
0
0
1
283.64,242.69,343.45,240.82,338.63,87.30,278.82,89.18
283.46,243.26,343.31,241.28,338.22,87.66,278.37,89.64
280.00,245.01,341.73,244.50,340.43,86.07,278.70,86.57
276.78,243.84,337.52,245.26,341.15,89.36,280.41,87.94
276.78,243.84,337.52,245.26,341.15,89.36,280.41,87.94
277.21,242.84,336.20,240.66,330.63,89.24,271.63,91.42
277.50,241.68,335.93,240.94,334.04,90.96,275.60,91.70
277.50,241.68,335.93,240.94,334.04,90.96,275.60,91.70
285.51,252.16,343.21,241.89,316.86,93.79,259.16,104.06
301.52,262.99,359.29,241.79,304.87,93.50,247.10,114.70
301.43,262.30,359.05,241.01,304.39,93.11,246.77,114.40
307.38,265.66,365.73,242.31,305.81,92.54,247.46,115.89
303.85,250.83,362.28,243.51,343.47,93.55,285.04,100.87
303.85,250.83,362.28,243.51,343.47,93.55,285.04,100.87
303.26,248.01,364.39,241.55,347.82,84.65,286.69,91.11
305.94,237.99,358.83,236.37,354.68,100.64,301.80,102.25
305.94,237.99,358.83,236.37,354.68,100.64,301.80,102.25
305.03,238.08,358.13,238.36,358.86,102.06,305.76,101.78
318.88,237.63,370.42,234.13,361.44,101.86,309.91,105.36
318.88,237.63,370.42,234.13,361.44,101.86,309.91,105.36
306.56,227.48,356.86,226.63,354.70,97.54,304.40,98.38
310.96,229.37,360.45,234.02,372.40,106.98,322.90,102.33
310.60,227.40,359.90,231.99,371.68,105.46,322.38,100.87
312.59,230.66,361.84,234.96,372.90,108.54,323.64,104.23
314.09,243.02,362.15,243.32,362.92,119.99,314.87,119.69
313.79,243.14,362.03,243.28,362.39,119.45,314.15,119.31
303.98,259.43,355.11,272.80,389.43,141.55,338.29,128.18
311.96,262.20,365.79,270.00,385.79,131.86,331.96,124.06
311.96,262.20,365.79,270.00,385.79,131.86,331.96,124.06
312.99,262.16,367.02,270.12,387.47,131.44,333.43,123.47
348.71,265.14,404.11,246.22,355.55,104.05,300.16,122.97
348.09,265.15,403.76,246.36,355.54,103.48,299.87,122.27
347.65,266.44,404.24,248.18,357.38,102.93,300.79,121.19
378.06,276.17,431.20,232.35,318.71,95.96,265.57,139.78
378.24,276.52,431.78,232.50,318.81,95.07,265.26,139.09
380.45,278.77,434.70,233.98,319.72,94.75,265.48,139.55
382.68,278.05,437.03,236.29,329.83,96.79,275.48,138.56
382.68,278.05,437.03,236.29,329.83,96.79,275.48,138.56
386.05,279.64,440.75,235.60,327.72,95.21,273.02,139.25
403.92,303.88,474.63,243.84,320.54,62.36,249.83,122.39
403.92,303.88,474.63,243.84,320.54,62.36,249.83,122.39
405.81,306.11,476.80,244.43,318.49,62.22,247.50,123.90
378.14,294.81,463.33,260.10,374.24,41.45,289.05,76.16
378.14,294.81,463.33,260.10,374.24,41.45,289.05,76.16
375.96,295.86,461.33,260.87,371.51,41.77,286.15,76.76
371.99,301.53,459.83,266.78,370.64,41.33,282.80,76.08
371.46,300.91,458.94,266.48,370.58,41.94,283.09,76.36
369.75,302.91,459.05,269.57,373.49,40.37,284.18,73.70
377.54,295.61,463.18,265.54,386.00,45.72,300.36,75.79
388.26,296.33,472.82,262.08,384.90,45.06,300.35,79.32
396.32,300.67,482.53,265.39,391.99,44.14,305.78,79.41
410.47,303.12,497.32,265.84,401.65,42.93,314.80,80.21
425.45,305.73,513.31,267.06,414.08,41.55,326.22,80.21
439.13,309.26,528.48,269.93,427.54,40.60,338.19,79.93
2
0
0
0
0
1
296.96,269.72,373.78,264.93,363.61,101.57,286.79,106.36
296.64,268.12,373.31,263.34,363.15,100.29,286.48,105.07
295.14,267.99,370.73,264.71,363.76,103.97,288.17,107.25
279.00,263.90,354.97,277.30,383.46,115.74,307.49,102.34
278.28,263.85,354.22,277.23,382.67,115.72,306.73,102.34
278.54,265.03,354.58,278.50,383.22,116.81,307.19,103.34
263.56,258.70,340.97,274.02,373.57,109.41,296.16,94.08
263.56,258.70,340.97,274.02,373.57,109.41,296.16,94.08
265.04,257.85,341.90,273.27,374.69,109.83,297.83,94.41
279.09,278.62,360.88,280.23,364.32,106.29,282.52,104.68
279.09,278.62,360.88,280.23,364.32,106.29,282.52,104.68
277.59,278.61,359.95,281.07,365.18,105.92,282.82,103.46
288.30,267.28,366.24,261.86,354.71,96.12,276.77,101.54
288.30,267.28,366.24,261.86,354.71,96.12,276.77,101.54
272.65,257.14,346.69,272.25,378.82,114.80,304.78,99.69
269.00,243.04,342.92,260.77,380.63,103.57,306.71,85.84
268.71,243.40,343.05,261.02,380.50,102.93,306.17,85.32
270.19,243.91,344.98,260.72,380.73,101.66,305.94,84.85
273.98,247.79,350.68,263.32,383.70,100.20,307.00,84.68
273.30,248.93,349.87,264.66,383.34,101.84,306.77,86.10
274.37,248.97,350.69,264.46,383.64,102.16,307.32,86.66
278.41,250.84,355.07,264.36,383.83,101.33,307.17,87.81
277.97,251.45,354.68,264.95,383.39,101.81,306.67,88.31
283.40,251.60,358.49,262.33,381.30,102.66,306.22,91.93
303.41,255.36,379.64,248.68,365.44,86.58,289.21,93.26
303.50,255.62,379.81,248.83,365.37,86.54,289.05,93.33
303.77,257.61,380.27,250.96,366.12,88.27,289.62,94.93
311.79,260.18,382.53,251.38,363.81,100.95,293.07,109.75
312.19,260.56,383.00,251.79,364.34,101.21,293.53,109.99
297.99,249.95,364.93,255.58,376.91,113.24,309.97,107.61
309.22,271.63,373.69,258.84,346.48,121.74,282.01,134.54
308.67,271.02,372.90,257.89,344.98,121.30,280.75,134.43
311.38,271.92,375.28,256.52,342.52,120.64,278.62,136.04
317.58,274.62,379.98,255.86,340.10,123.15,277.69,141.90
317.58,274.62,379.98,255.86,340.10,123.15,277.69,141.90
319.64,275.73,382.33,255.85,340.05,122.53,277.36,142.41
327.09,278.78,388.68,252.67,333.17,121.69,271.57,147.79
327.09,278.78,388.69,252.68,333.19,121.68,271.59,147.78
331.33,281.37,394.60,252.76,333.74,118.22,270.48,146.83
324.80,284.12,390.08,252.79,323.44,113.96,258.16,145.30
324.81,284.17,390.10,252.84,323.48,113.99,258.19,145.32
324.93,284.86,390.32,252.91,322.37,113.86,256.99,145.81
323.03,285.75,388.17,253.26,319.09,114.75,253.95,147.23
322.71,285.42,387.66,253.32,319.39,115.21,254.44,147.32
316.11,286.71,383.31,258.24,322.76,115.34,255.57,143.81
283.69,273.54,356.07,263.54,334.79,109.63,262.41,119.64
283.69,273.54,356.07,263.54,334.79,109.63,262.41,119.64
281.27,275.72,354.54,267.01,336.03,111.19,262.76,119.90
283.50,276.40,357.99,269.64,343.61,111.24,269.12,118.00
283.67,276.03,357.84,269.15,343.22,111.41,269.04,118.29
284.81,276.66,359.41,270.74,346.81,112.10,272.21,118.02
285.38,275.96,360.13,273.15,354.16,114.19,279.41,117.00
286.01,277.26,361.23,274.23,354.78,114.28,279.56,117.32
286.34,276.16,361.23,274.09,356.83,114.84,281.94,116.90
293.00,284.25,369.16,278.44,356.80,116.47,280.63,122.29
293.32,283.18,369.36,277.01,356.24,115.31,280.20,121.48
281.56,287.98,364.40,290.89,370.59,114.74,287.76,111.82
277.21,287.90,359.54,293.48,371.42,118.39,289.09,112.81
278.45,287.68,360.76,292.61,371.25,117.58,288.94,112.64
275.64,291.84,360.99,297.52,373.07,116.02,287.73,110.34
261.91,277.09,347.56,289.37,373.67,107.23,288.03,94.95
261.91,277.09,347.56,289.37,373.67,107.23,288.03,94.95
262.86,277.52,347.48,288.43,370.68,108.48,286.06,97.57
248.44,276.76,337.87,293.75,374.01,103.57,284.58,86.58
248.44,276.76,337.87,293.75,374.01,103.57,284.58,86.58
251.82,277.65,340.97,293.28,374.20,103.69,285.05,88.06
257.63,282.22,348.12,294.94,375.16,102.51,284.67,89.80
257.61,282.41,348.20,295.17,375.33,102.51,284.74,89.75
286.02,291.61,379.50,282.24,359.58,83.45,266.10,92.82
277.54,292.47,372.39,295.73,379.31,94.02,284.46,90.77
277.54,292.47,372.39,295.73,379.31,94.02,284.46,90.77
282.35,293.45,377.66,294.25,379.35,91.57,284.05,90.78
327.69,299.48,409.72,275.38,358.47,100.93,276.43,125.03
327.69,299.48,409.72,275.38,358.47,100.93,276.43,125.03
328.19,297.99,409.46,273.87,358.16,101.04,276.89,125.16
305.82,283.34,380.83,260.84,332.98,101.33,257.97,123.83
305.04,283.49,379.90,261.15,332.40,101.93,257.53,124.27
309.57,285.02,384.35,260.48,332.16,101.44,257.37,125.99
317.76,284.60,390.46,256.99,331.76,102.39,259.06,130.00
318.13,285.72,391.02,258.20,332.50,103.18,259.60,130.71
321.27,285.87,393.17,257.30,332.42,104.39,260.52,132.96
328.66,289.30,401.04,257.90,334.27,103.97,261.88,135.37
327.57,289.59,400.07,258.32,333.58,104.14,261.08,135.41
332.10,289.69,403.51,256.48,332.89,104.61,261.48,137.82
332.45,292.18,404.65,259.74,335.67,106.20,263.47,138.64
331.85,292.47,404.01,260.03,335.03,106.58,262.87,139.01
332.13,293.58,404.46,260.53,334.17,106.72,261.85,139.77
328.94,298.53,403.00,264.94,331.56,107.43,257.50,141.02
329.49,298.84,403.61,265.17,332.00,107.53,257.87,141.20
328.16,302.69,403.58,268.08,329.98,107.70,254.56,142.31
325.43,309.93,403.47,272.69,324.26,106.73,246.22,143.97
325.55,309.56,403.51,272.10,323.85,106.30,245.88,143.76
324.76,311.29,402.58,272.46,320.01,106.99,242.20,145.81
320.18,312.68,396.09,276.22,318.53,114.79,242.63,151.26
320.21,313.20,396.13,276.71,318.53,115.26,242.61,151.75
316.32,312.34,390.77,278.66,319.16,120.33,244.70,154.00
316.63,315.03,392.12,280.67,319.04,120.13,243.56,154.50
312.85,317.54,388.94,284.25,318.14,122.43,242.05,155.72
312.99,317.53,389.09,284.24,318.29,122.41,242.19,155.70
307.79,321.84,388.75,291.06,323.28,118.88,242.32,149.67
298.49,322.39,383.90,296.86,329.61,115.24,244.21,140.77
298.27,323.04,383.63,297.28,328.84,115.75,243.48,141.52
296.46,323.20,381.46,298.32,328.54,117.56,243.54,142.45
291.60,327.03,379.07,302.55,327.01,116.55,239.54,141.03
291.63,326.23,378.40,302.34,327.58,117.83,240.81,141.73
290.47,327.04,377.46,302.79,325.90,117.79,238.90,142.04
288.52,329.49,376.94,304.68,324.17,116.66,235.76,141.47
289.01,329.76,377.54,304.86,324.60,116.60,236.07,141.50
289.36,330.60,378.16,305.74,325.30,116.91,236.50,141.77
287.82,336.52,380.71,309.90,324.10,112.37,231.21,138.99
287.25,337.25,380.66,310.54,323.85,111.89,230.44,138.60
286.96,338.80,381.50,311.84,324.17,110.78,229.62,137.74
284.13,341.65,382.08,313.94,323.17,105.65,225.22,133.35
283.28,342.50,381.32,315.17,323.19,106.68,225.15,134.02
279.82,344.45,380.48,317.51,323.20,103.46,222.54,130.39
280.40,348.74,382.33,320.54,322.36,103.77,220.43,131.97
280.49,348.76,382.39,320.58,322.46,103.87,220.56,132.05
280.87,353.22,386.45,323.84,323.96,99.34,218.39,128.72
255.25,302.49,357.97,296.98,346.24,78.54,243.53,84.06
254.26,302.39,356.96,296.88,345.25,78.48,242.55,83.99
256.53,303.03,360.73,297.51,349.00,75.92,244.79,81.43
253.73,302.30,358.79,302.62,359.47,79.19,254.40,78.87
255.17,302.44,360.42,302.65,360.87,78.81,255.61,78.60
253.75,300.67,358.50,304.44,366.51,81.68,261.76,77.91
261.02,303.68,367.46,305.51,371.36,79.16,264.92,77.32
260.97,303.94,367.35,305.90,371.52,79.67,265.14,77.71
264.65,303.43,370.64,305.93,375.95,80.52,269.96,78.03
248.04,301.13,355.55,317.73,390.85,89.08,283.34,72.48
248.04,301.13,355.55,317.73,390.85,89.08,283.34,72.48
253.95,306.11,363.30,319.92,392.67,87.38,283.32,73.57
216.01,287.70,315.28,319.92,383.80,108.81,284.52,76.59
216.01,287.70,315.28,319.92,383.80,108.81,284.52,76.59
217.16,288.58,316.10,321.46,386.01,111.07,287.07,78.19
223.46,264.80,318.42,308.13,410.56,106.18,315.59,62.85
223.46,264.80,318.42,308.13,410.56,106.18,315.59,62.85
225.87,268.60,324.39,312.10,416.91,102.59,318.39,59.08
262.73,267.33,349.57,301.82,422.92,117.14,336.08,82.65
262.73,267.33,349.57,301.82,422.92,117.14,336.08,82.65
264.41,267.21,352.59,303.37,429.50,115.85,341.31,79.68
245.45,320.73,334.86,352.05,401.45,161.90,312.04,130.59
245.45,320.73,334.86,352.05,401.45,161.90,312.04,130.59
263.09,319.73,354.42,333.36,383.43,139.15,292.10,125.51
281.97,358.81,397.58,352.26,383.64,106.41,268.03,112.97
284.98,359.19,401.09,352.15,386.12,105.24,270.02,112.28
262.76,345.65,367.93,353.80,385.27,130.14,280.09,121.99
286.64,336.56,394.58,338.06,397.76,108.52,289.83,107.02
285.23,336.19,393.17,337.71,396.40,108.16,288.45,106.65
286.75,336.21,394.69,338.25,399.03,108.70,291.08,106.66
298.65,343.46,406.78,337.13,393.32,107.18,285.19,113.51
298.64,343.41,406.73,337.10,393.32,107.23,285.23,113.54
299.90,343.46,408.32,337.27,395.16,106.71,286.74,112.90
298.16,343.85,406.27,337.71,393.23,107.79,285.11,113.93
297.94,343.52,405.98,336.65,391.39,106.90,283.35,113.76
295.97,344.69,404.79,338.06,390.69,106.63,281.86,113.26
291.24,342.66,399.10,337.25,387.58,107.87,279.72,113.29
291.49,342.66,399.35,337.25,387.83,107.87,279.97,113.29
290.78,342.01,398.22,336.46,386.43,107.98,278.99,113.53
301.51,334.75,397.79,326.55,380.36,121.81,284.08,130.00
301.49,335.41,397.94,327.09,380.24,121.98,283.79,130.31
306.39,335.19,401.68,325.86,381.84,123.22,286.55,132.55
333.91,307.90,426.09,276.30,358.88,80.27,266.70,111.88
333.91,307.90,426.09,276.30,358.88,80.27,266.70,111.88
344.18,308.82,437.03,276.42,368.12,78.97,275.28,111.37
294.46,309.95,395.66,308.77,393.16,93.56,291.96,94.74
294.46,309.95,395.66,308.77,393.16,93.56,291.96,94.74
303.51,313.57,404.84,309.02,395.17,93.53,293.84,98.08
307.85,282.66,413.35,293.14,435.62,68.79,330.13,58.32
307.85,282.66,413.35,293.14,435.62,68.79,330.13,58.32
309.96,278.09,417.28,294.90,453.03,66.66,345.71,49.85
330.08,276.16,436.75,293.50,473.62,66.66,366.95,49.32
330.82,275.30,437.47,293.32,475.80,66.52,369.15,48.50
337.81,271.81,444.73,293.96,491.83,66.60,384.92,44.45
362.78,274.06,471.37,296.38,518.83,65.46,410.25,43.15
363.24,273.03,471.65,295.22,518.84,64.67,410.42,42.48
366.31,271.59,476.21,298.86,534.20,65.14,424.29,37.87
397.98,271.74,508.69,300.20,569.21,64.76,458.50,36.30
440.41,313.61,557.69,292.83,513.49,43.43,396.21,64.22
459.72,315.24,578.76,293.23,531.96,40.07,412.91,62.08
487.10,317.21,606.41,295.01,559.20,41.28,439.88,63.48
512.67,324.01,645.12,298.50,590.87,16.85,458.43,42.36
2
0
0
0
0
1
398.30,294.34,506.42,294.59,506.93,72.19,398.81,71.94
398.61,292.70,506.31,292.80,506.52,71.28,398.82,71.17
394.34,293.00,501.38,292.84,501.05,72.66,394.01,72.82
412.93,292.68,513.31,291.58,511.04,85.10,410.66,86.20
415.26,293.17,515.96,292.10,513.77,84.97,413.07,86.04
416.40,293.40,515.13,289.85,507.85,86.76,409.12,90.30
381.04,293.62,484.60,291.82,480.89,78.78,377.32,80.59
381.76,293.82,485.37,291.82,481.27,78.71,377.66,80.71
379.89,293.80,483.03,292.45,480.26,80.29,377.12,81.64
378.13,295.20,481.91,292.52,476.41,79.04,372.62,81.72
378.22,295.58,481.90,292.98,476.55,79.72,372.87,82.32
378.21,294.42,481.70,292.53,477.80,79.66,374.31,81.55
366.35,295.33,472.57,294.27,470.39,75.77,364.17,76.83
365.62,294.74,471.63,293.71,469.50,75.65,363.49,76.68
371.81,291.48,472.82,291.01,471.84,83.23,370.83,83.70
374.23,290.26,476.13,291.43,478.54,81.83,376.64,80.66
374.23,290.26,476.13,291.43,478.54,81.83,376.64,80.66
373.91,291.28,476.80,293.45,481.26,81.81,378.37,79.64
373.14,291.63,475.71,296.83,486.39,85.85,383.83,80.65
373.62,291.13,475.94,296.14,486.23,85.67,383.92,80.67
383.84,291.83,482.24,293.61,485.91,91.19,387.50,89.41
383.29,295.98,486.95,296.98,489.01,83.75,385.35,82.75
381.95,296.35,485.77,297.21,487.53,83.67,383.72,82.81
381.76,293.46,483.12,295.73,487.81,87.23,386.44,84.95
378.14,292.67,478.66,296.81,487.17,90.06,386.66,85.92
377.08,292.70,477.66,297.18,486.88,90.30,386.31,85.82
377.77,293.20,477.75,296.77,485.10,91.11,385.12,87.54
374.82,293.22,475.34,296.82,482.74,90.05,382.22,86.45
374.51,293.07,475.29,296.90,483.16,89.59,382.38,85.76
370.03,294.65,473.98,299.12,483.17,85.30,379.23,80.83
377.33,294.40,476.88,296.26,480.71,91.49,381.16,89.63
376.80,293.81,476.28,295.91,480.60,91.29,381.13,89.19
403.21,298.43,511.77,299.42,513.82,76.11,405.26,75.11
419.92,298.80,527.20,300.50,530.70,79.83,423.43,78.13
421.22,295.07,520.01,298.97,528.03,95.78,429.25,91.88
420.39,298.00,522.93,299.47,525.96,88.54,423.41,87.07
424.58,298.07,526.84,298.89,528.53,88.54,426.27,87.72
425.95,298.44,528.59,299.19,530.13,88.07,427.49,87.32
429.73,294.69,527.54,298.69,535.76,97.49,437.95,93.49
430.81,294.74,528.94,297.30,534.21,95.44,436.08,92.88
430.49,294.59,528.48,297.63,534.72,96.07,436.73,93.04
2
0
0
0
0
1
360.11,290.66,433.31,289.70,430.67,89.99,357.47,90.96
360.55,289.33,433.08,288.33,430.34,90.43,357.81,91.43
360.55,289.33,433.08,288.33,430.34,90.43,357.81,91.43
362.84,289.96,435.18,287.50,428.47,90.11,356.13,92.57
362.44,289.16,434.47,285.92,425.64,89.38,353.60,92.61
362.06,289.10,433.99,286.01,425.55,89.74,353.62,92.84
353.04,286.86,424.38,287.75,426.83,93.12,355.49,92.22
355.63,289.87,426.78,287.26,419.65,93.14,348.50,95.75
354.73,288.90,425.64,286.63,419.46,93.16,348.55,95.43
356.02,288.58,425.92,285.95,418.74,95.23,348.84,97.86
358.33,286.01,431.94,286.98,434.57,86.14,360.96,85.18
356.88,286.23,430.31,287.29,433.19,86.94,359.76,85.89
353.46,286.47,427.35,287.84,431.09,86.25,357.20,84.88
358.06,289.81,430.00,283.44,412.61,87.15,340.67,93.52
358.06,289.81,430.00,283.44,412.61,87.15,340.67,93.52
353.42,289.46,425.40,284.62,412.20,88.21,340.21,93.05
328.62,283.11,398.19,282.73,397.15,92.93,327.58,93.31
327.90,282.94,397.26,282.38,395.74,93.13,326.38,93.68
322.11,281.39,391.68,284.52,400.20,94.69,330.63,91.57
333.45,283.49,402.89,284.42,405.42,94.95,335.98,94.02
335.33,282.26,404.82,282.86,406.44,93.26,336.95,92.66
331.46,282.74,400.90,283.94,404.19,94.47,334.75,93.26
321.34,282.41,389.52,280.81,385.15,94.79,316.97,96.39
322.34,282.41,390.52,280.81,386.15,94.79,317.97,96.39
320.93,282.91,389.20,280.73,383.25,94.45,314.98,96.63
339.49,281.65,408.43,281.99,409.36,93.88,340.41,93.54
339.60,281.66,407.99,282.07,409.11,95.48,340.72,95.07
337.38,280.85,405.56,281.98,408.63,95.97,340.46,94.85
335.79,280.33,403.49,281.49,406.64,96.76,338.93,95.60
335.06,280.20,402.66,281.39,405.89,96.97,338.30,95.79
336.03,280.12,403.88,280.86,405.89,95.75,338.05,95.01
326.26,279.33,393.60,278.64,391.73,94.91,324.39,95.60
325.59,277.92,392.60,277.41,391.22,94.61,324.22,95.11
305.84,280.27,379.19,281.63,382.90,81.48,309.54,80.12
321.72,278.68,392.10,279.06,393.14,87.04,322.76,86.65
327.35,280.01,397.39,278.26,392.62,87.16,322.58,88.91
321.89,278.08,392.74,278.94,395.06,85.61,324.21,84.76
310.40,271.94,377.39,275.15,386.16,92.40,319.17,89.19
310.40,271.94,377.39,275.15,386.16,92.40,319.17,89.19
312.48,270.62,374.32,272.08,378.30,103.36,316.46,101.91
314.69,278.88,374.99,278.46,373.82,113.94,313.52,114.37
315.15,278.80,375.48,278.39,374.35,113.80,314.02,114.21
315.80,278.44,374.65,278.15,373.85,117.58,315.00,117.87
334.00,293.49,393.91,289.74,383.67,126.30,323.77,130.05
334.47,294.06,394.48,290.30,384.21,126.57,324.20,130.33
333.70,293.48,393.62,290.43,385.31,126.95,325.39,130.00
336.91,291.76,393.06,289.25,386.21,136.07,330.07,138.58
337.41,291.20,393.46,288.55,386.22,135.63,330.17,138.28
338.23,289.93,393.18,288.35,388.88,138.42,333.93,140.00
348.59,290.44,402.83,286.51,392.09,138.54,337.86,142.48
349.49,288.62,403.26,284.31,391.50,137.59,337.72,141.90
