1
396.149994,184.649994,36.000000,30.000000
396.149994,184.649994,36.000000,30.000000
396.149994,184.649994,36.000000,30.000000
396.883331,184.649994,36.000000,30.000000
397.250000,184.649994,36.000000,30.000000
397.433319,184.649994,36.000000,30.000000
397.250000,184.649994,36.000000,30.000000
397.799988,184.649994,36.000000,30.000000
397.799988,184.649994,36.000000,30.000000
398.166656,184.649994,36.000000,30.000000
398.166656,184.100006,36.000000,30.000000
398.716675,184.100006,36.000000,30.000000
398.716675,184.100006,36.000000,30.000000
398.716675,184.100006,36.000000,30.000000
398.350006,183.916672,36.000000,30.000000
398.166656,183.550003,36.000000,30.000000
398.166656,183.183334,36.000000,30.000000
397.616669,182.816666,36.000000,30.000000
397.616669,181.716660,36.000000,30.000000
396.516663,181.166672,36.000000,30.000000
396.516663,180.800003,36.000000,30.000000
395.783325,180.800003,36.000000,30.000000
395.600006,180.800003,36.000000,30.000000
395.600006,180.800003,36.000000,30.000000
395.416656,180.800003,36.000000,30.000000
395.049988,180.800003,36.000000,30.000000
394.683319,180.800003,36.000000,30.000000
394.683319,181.166672,36.000000,30.000000
394.316681,180.800003,36.000000,30.000000
394.133331,180.250000,36.000000,30.000000
394.133331,180.066666,36.000000,30.000000
394.133331,180.066666,36.000000,30.000000
394.133331,180.250000,36.000000,30.000000
394.133331,180.433334,36.000000,30.000000
393.950012,180.433334,36.000000,30.000000
393.950012,180.800003,36.000000,30.000000
394.133331,181.166672,36.000000,30.000000
393.950012,181.899994,36.000000,30.000000
393.950012,181.899994,36.000000,30.000000
393.583344,182.083328,36.000000,30.000000
393.033325,182.266663,36.000000,30.000000
392.850006,181.899994,36.000000,30.000000
392.850006,182.083328,36.000000,30.000000
391.933319,181.899994,36.000000,30.000000
391.566681,182.816666,36.000000,30.000000
391.016663,183.366669,36.000000,30.000000
390.833344,184.100006,36.000000,30.000000
390.649994,184.649994,36.000000,30.000000
390.100006,184.649994,36.000000,30.000000
389.733337,184.649994,36.000000,30.000000
389.183319,184.649994,36.000000,30.000000
389.183319,184.466660,36.000000,30.000000
389.183319,184.283340,36.000000,30.000000
389.183319,184.283340,36.000000,30.000000
389.183319,184.100006,36.000000,30.000000
389.366669,184.833328,36.000000,30.000000
389.000000,185.016663,36.000000,30.000000
388.633331,185.199997,36.000000,30.000000
388.266663,185.383331,36.000000,30.000000
387.533325,185.383331,36.000000,30.000000
387.350006,185.750000,36.000000,30.000000
386.433319,186.300003,36.000000,30.000000
386.066681,186.300003,36.000000,30.000000
385.149994,187.399994,36.000000,30.000000
384.233337,187.399994,36.000000,30.000000
383.866669,187.399994,36.000000,30.000000
382.950012,187.033340,36.000000,30.000000
382.033325,186.850006,36.000000,30.000000
381.850006,187.033340,36.000000,30.000000
381.116669,187.033340,36.000000,30.000000
380.750000,187.216660,36.000000,30.000000
379.833344,187.399994,36.000000,30.000000
379.283325,187.949997,36.000000,30.000000
378.549988,188.500000,36.000000,30.000000
377.450012,188.500000,36.000000,30.000000
376.350006,188.500000,36.000000,30.000000
375.433319,188.500000,36.000000,30.000000
374.333344,188.500000,36.000000,30.000000
373.233337,188.500000,36.000000,30.000000
373.049988,188.683334,36.000000,30.000000
371.583344,188.683334,36.000000,30.000000
370.850006,188.683334,36.000000,30.000000
369.566681,188.866669,36.000000,30.000000
368.649994,189.050003,36.000000,30.000000
366.633331,189.233337,36.000000,30.000000
365.350006,189.600006,36.000000,30.000000
363.333344,190.149994,36.000000,30.000000
362.049988,190.516663,36.000000,30.000000
360.950012,190.699997,36.000000,30.000000
358.933319,191.066666,36.000000,30.000000
357.833344,190.883331,36.000000,30.000000
356.549988,190.699997,36.000000,30.000000
355.450012,190.333328,36.000000,30.000000
354.350006,190.149994,36.000000,30.000000
353.799988,189.783340,36.000000,30.000000
352.700012,190.149994,36.000000,30.000000
351.600006,190.333328,36.000000,30.000000
349.950012,191.800003,36.000000,30.000000
348.666656,191.800003,36.000000,30.000000
347.200012,192.533340,36.000000,30.000000
346.100006,193.449997,36.000000,30.000000
343.899994,193.449997,36.000000,30.000000
342.799988,193.633331,36.000000,30.000000
340.966675,193.816666,36.000000,30.000000
340.600006,193.816666,36.000000,30.000000
339.316681,193.266663,36.000000,30.000000
338.399994,193.266663,36.000000,30.000000
336.933319,193.449997,36.000000,30.000000
335.100006,194.366669,36.000000,30.000000
334.000000,194.733337,36.000000,30.000000
332.899994,195.466660,36.000000,30.000000
331.433319,196.383331,36.000000,30.000000
330.333344,196.933334,36.000000,30.000000
328.683319,197.116669,36.000000,30.000000
327.033325,197.300003,36.000000,30.000000
325.383331,197.300003,36.000000,30.000000
323.549988,197.300003,36.000000,30.000000
321.899994,196.750000,36.000000,30.000000
320.983337,197.300003,36.000000,30.000000
319.333344,197.666672,36.000000,30.000000
317.866669,198.399994,36.000000,30.000000
316.033325,199.133331,36.000000,30.000000
314.383331,199.500000,36.000000,30.000000
311.633331,199.500000,36.000000,30.000000
309.983337,200.600006,36.000000,30.000000
308.333344,200.600006,36.000000,30.000000
306.316681,200.600006,36.000000,30.000000
304.850006,200.600006,36.000000,30.000000
303.750000,200.050003,36.000000,30.000000
302.283325,199.500000,36.000000,30.000000
301.549988,199.500000,36.000000,30.000000
299.716675,198.949997,36.000000,30.000000
298.616669,200.050003,36.000000,30.000000
297.516663,200.233337,36.000000,30.000000
294.399994,200.416672,36.000000,30.000000
293.116669,201.149994,36.000000,30.000000
290.733337,201.699997,36.000000,30.000000
288.716675,201.883331,36.000000,30.000000
286.700012,201.699997,36.000000,30.000000
284.133331,200.966660,36.000000,30.000000
281.750000,200.600006,36.000000,30.000000
279.733337,199.316666,36.000000,30.000000
277.533325,199.683334,36.000000,30.000000
275.516663,199.683334,36.000000,30.000000
275.149994,200.783340,36.000000,30.000000
272.950012,201.883331,36.000000,30.000000
269.649994,201.516663,36.000000,30.000000
267.450012,202.066666,36.000000,30.000000
263.966675,202.433334,36.000000,30.000000
260.666656,203.166672,36.000000,30.000000
258.100006,202.616669,36.000000,30.000000
257.183319,202.616669,36.000000,30.000000
254.433334,201.883331,36.000000,30.000000
252.050003,200.600006,36.000000,30.000000
249.850006,200.050003,36.000000,30.000000
246.550003,199.683334,36.000000,30.000000
244.350006,200.600006,36.000000,30.000000
242.149994,200.783340,36.000000,30.000000
240.316666,202.066666,36.000000,30.000000
237.933334,203.166672,36.000000,30.000000
235.366669,203.166672,36.000000,30.000000
233.716660,203.166672,36.000000,30.000000
231.149994,202.983337,36.000000,30.000000
228.766663,202.250000,36.000000,30.000000
226.383331,201.516663,36.000000,30.000000
224.366669,200.416672,36.000000,30.000000
221.983337,200.600006,36.000000,30.000000
219.783340,200.966660,36.000000,30.000000
217.216660,201.699997,36.000000,30.000000
214.649994,202.983337,36.000000,30.000000
211.533340,204.266663,36.000000,30.000000
208.783340,205.366669,36.000000,30.000000
206.399994,205.916672,36.000000,30.000000
203.649994,206.649994,36.000000,30.000000
201.266663,206.466660,36.000000,30.000000
198.883331,206.466660,36.000000,30.000000
196.683334,206.283340,36.000000,30.000000
194.300003,205.733337,36.000000,30.000000
191.550003,205.733337,36.000000,30.000000
189.166672,206.283340,36.000000,30.000000
185.866669,206.283340,36.000000,30.000000
182.750000,207.566666,36.000000,30.000000
179.633331,209.033340,36.000000,30.000000
177.250000,210.133331,36.000000,30.000000
174.866669,211.050003,36.000000,30.000000
171.933334,211.416672,36.000000,30.000000
169.550003,211.233337,36.000000,30.000000
166.433334,210.866669,36.000000,30.000000
163.133331,210.133331,36.000000,30.000000
160.016663,209.766663,36.000000,30.000000
156.899994,210.316666,36.000000,30.000000
153.783340,211.600006,36.000000,30.000000
150.666672,212.333328,36.000000,30.000000
147.550003,214.533340,36.000000,30.000000
145.350006,215.633331,36.000000,30.000000
142.783340,216.366669,36.000000,30.000000
140.033340,216.366669,36.000000,30.000000
137.100006,216.366669,36.000000,30.000000
134.533340,216.000000,36.000000,30.000000
132.149994,215.633331,36.000000,30.000000
130.316666,214.899994,36.000000,30.000000
128.300003,214.166672,36.000000,30.000000
125.916664,213.983337,36.000000,30.000000
122.983330,213.433334,36.000000,30.000000
120.050003,213.800003,36.000000,30.000000
116.933334,214.533340,36.000000,30.000000
114.000000,215.633331,36.000000,30.000000
110.883331,216.916672,36.000000,30.000000
108.133331,216.916672,36.000000,30.000000
106.116669,216.916672,36.000000,30.000000
104.099998,216.000000,36.000000,30.000000
101.166664,214.899994,36.000000,30.000000
99.333336,213.800003,36.000000,30.000000
97.133331,212.699997,36.000000,30.000000
94.750000,211.966660,36.000000,30.000000
92.550003,211.416672,36.000000,30.000000
89.433334,211.416672,36.000000,30.000000
86.866669,211.966660,36.000000,30.000000
85.216667,212.516663,36.000000,30.000000
83.199997,213.250000,36.000000,30.000000
80.266670,213.066666,36.000000,30.000000
77.699997,214.166672,36.000000,30.000000
75.316666,214.350006,36.000000,30.000000
73.116669,213.983337,36.000000,30.000000
70.733330,214.350006,36.000000,30.000000
67.983330,214.533340,36.000000,30.000000
65.416664,214.350006,36.000000,30.000000
63.033333,214.533340,36.000000,30.000000
59.366669,214.899994,36.000000,30.000000
56.066666,216.366669,36.000000,30.000000
52.950001,216.733337,36.000000,30.000000
50.383331,217.833328,36.000000,30.000000
47.633331,218.383331,36.000000,30.000000
44.516666,218.199997,36.000000,30.000000
41.216667,219.300003,36.000000,30.000000
37.366669,220.583328,36.000000,30.000000
35.166668,221.133331,36.000000,30.000000
32.233334,219.666672,36.000000,30.000000
30.033333,219.116669,36.000000,30.000000
27.100000,218.199997,36.000000,30.000000
23.433332,218.383331,36.000000,30.000000
20.316668,218.016663,36.000000,30.000000
16.833332,218.383331,36.000000,30.000000
12.983333,219.483337,36.000000,30.000000
9.133333,220.399994,36.000000,30.000000
6.200000,220.766663,36.000000,30.000000
2.533333,220.766663,36.000000,30.000000
1.433333,220.583328,36.000000,30.000000
0.150000,220.399994,36.000000,30.000000
-0.583333,220.033340,36.000000,30.000000
