1
135.549179,26.705549,40.897808,123.713730
134.914581,26.756809,40.562248,122.767380
134.677475,25.305847,41.010956,124.010712
133.652893,26.316380,40.632328,122.915817
132.856354,25.926838,41.155472,124.473793
133.688904,26.433407,40.750034,123.266289
132.992828,27.261255,40.610180,122.968605
131.660858,27.234896,41.154888,124.403099
131.418732,28.134092,41.258938,124.615936
131.271530,27.927485,40.953144,123.824837
130.548630,29.080326,40.435833,122.318314
129.947830,29.811651,41.097252,124.343536
130.100067,31.208378,39.924629,120.796623
129.379135,32.135475,40.336391,122.026108
128.435562,31.606218,41.124565,124.225487
127.705208,33.064381,40.581322,122.745422
127.705208,33.064381,40.581322,122.745422
127.705208,33.064381,40.581322,122.745422
127.699188,30.791649,40.979782,123.875298
128.318298,32.030918,40.467331,122.211632
128.785950,29.608189,40.775639,123.362137
127.798576,29.670454,40.769615,123.338104
129.757370,29.483145,40.356544,122.051453
129.757370,29.483145,40.356544,122.051453
130.437881,30.379309,39.426250,119.352509
131.474915,32.231365,39.609871,119.617142
131.474915,32.231365,39.609871,119.617142
131.085663,30.465185,40.697575,123.283012
131.568954,29.784708,41.253639,124.619102
131.568954,29.784708,41.253639,124.619102
132.893372,30.847456,40.599113,122.938690
133.109863,30.759518,40.325058,122.017189
133.023285,32.463467,40.633350,122.940102
131.817444,31.644125,41.488976,125.314133
131.453583,36.799355,39.616680,119.921921
131.868790,32.857601,41.186588,124.706894
131.400192,33.886677,40.833111,123.497879
129.020782,33.668995,40.731884,123.246712
130.052246,33.810566,40.354546,122.019943
129.432922,33.342514,40.562271,122.685638
129.325867,33.933998,40.566936,122.867363
128.726440,34.108551,40.376736,122.151848
128.491226,34.000282,40.729820,122.874313
129.362625,39.924774,38.793343,117.166893
128.741119,34.903362,40.078350,121.027504
128.826920,33.992176,40.822884,123.570763
128.653442,36.559040,40.329601,121.865097
129.527161,37.397163,39.707985,120.085762
127.853836,38.166458,40.181499,121.780113
129.396225,37.466610,40.343876,121.924484
129.040817,37.738419,40.515068,122.378105
128.896988,39.150452,39.649292,119.601433
128.896988,39.150452,39.649292,119.601433
128.896988,39.150452,39.649292,119.601433
127.381630,40.036549,39.791477,120.442703
127.790268,41.177742,39.404793,119.340919
127.560883,37.904968,40.057137,121.079674
127.749092,37.679596,39.938560,120.863365
129.573730,37.867069,40.257256,121.734718
129.261551,40.111595,38.748608,116.982948
130.205902,36.184048,40.168312,121.636284
130.807632,41.632374,37.995640,115.071815
130.482605,41.131916,38.526512,116.801270
131.115570,36.359959,40.061882,121.496078
131.808182,37.699551,39.978252,120.954475
132.252518,38.116703,39.249081,119.102989
132.596497,37.175285,40.043766,121.096001
132.707642,40.620373,38.437786,116.192184
133.688446,40.799599,38.351082,115.979225
133.993362,41.777145,38.504398,116.424004
133.766708,45.554218,36.937103,111.599396
133.610214,44.042332,37.739708,114.075035
132.933243,43.461781,38.550442,116.199898
129.253647,42.126263,38.583817,116.771774
128.822662,46.244164,37.316673,112.641151
126.008560,43.129917,37.158932,112.245415
122.312485,44.407822,36.835842,111.255569
118.096489,42.093937,37.368790,112.750603
112.188530,39.463375,37.453964,113.042038
105.866814,41.163692,36.883514,111.417534
107.447647,40.690659,36.567749,110.606796
96.853516,37.036831,36.851517,111.229134
92.701973,35.802410,36.679310,110.694336
90.312737,35.093349,36.734295,110.956306
88.851410,33.092167,36.505146,110.153137
81.347054,29.892769,36.358070,109.676773
79.130424,28.948524,36.674114,110.715828
79.961166,28.810669,37.008606,111.814941
77.913643,26.357859,36.504135,110.108482
77.708046,26.687395,36.407631,109.781052
74.679703,25.532875,35.387344,106.678650
74.232430,24.027754,36.639400,110.512138
72.768936,23.411669,36.900864,111.314392
71.857071,22.725269,36.232269,109.260010
2
0
0
0
0
1
103.635651,26.146887,75.419159,124.001251
105.867050,29.607801,74.742401,122.999779
99.601440,27.830805,75.165070,123.643684
108.079590,26.848314,75.126274,123.483353
105.533081,31.649746,74.676903,122.695168
115.427643,34.859295,74.710564,122.718506
115.924004,35.219128,74.191254,122.338257
110.561874,34.215923,74.978195,123.176506
106.886299,33.114944,75.228897,123.300316
107.456413,31.658445,74.799843,122.979080
105.387070,29.658363,75.417473,123.972664
111.604675,28.419153,75.960281,124.990479
118.765587,28.105396,75.847382,125.008209
120.398483,28.408163,74.081841,121.722267
121.464493,30.054800,73.942436,121.521614
131.250977,27.262161,74.198196,121.847710
128.211777,30.571077,73.740517,121.128502
112.823029,30.629242,73.342888,120.357094
115.659035,31.262814,73.300133,120.317657
131.587143,26.157530,74.323425,122.052277
124.243301,29.330462,73.406540,120.468903
123.546936,29.854580,73.671928,120.823456
121.650047,32.694977,73.162872,120.095238
142.773621,31.450026,73.171516,120.005791
142.773621,31.450026,73.171516,120.005791
131.893311,31.716125,74.004242,121.662621
130.727600,29.844950,72.684540,119.162445
128.042465,29.604692,72.517128,119.096344
131.826126,33.442715,72.723198,119.202721
130.230438,31.265394,73.117577,119.774712
131.839417,28.607624,72.109047,118.339340
121.614693,27.054564,73.672668,120.893372
125.860489,29.426653,72.915085,119.735001
127.482925,27.428835,72.806503,119.082726
126.035088,27.364416,72.702965,119.309715
127.461121,26.410927,72.243279,118.488060
128.598816,26.462229,72.873009,119.046280
129.923859,27.043543,71.107483,116.665619
120.448364,24.427288,71.644699,117.611076
137.483627,24.126837,71.118477,116.698334
138.951218,22.261686,71.533424,117.383781
141.862961,22.359169,70.489944,115.758591
159.271957,23.082346,71.093010,116.661919
156.852753,22.215860,70.152473,114.903748
147.931915,21.447107,70.528793,115.498833
142.321320,22.685057,70.022522,114.633904
141.432861,23.402405,70.187553,115.206978
143.583298,25.333912,69.860115,114.265930
155.221588,25.677107,71.147453,116.720985
157.016647,30.366421,69.287880,113.455513
145.537170,30.634161,69.994774,114.582298
134.665375,32.050823,70.186180,114.651054
126.520935,32.163738,70.235977,114.701103
120.092491,32.634518,70.672134,115.869827
135.354904,33.893188,70.075264,114.470428
143.043442,34.500126,69.989853,114.341667
148.572754,34.281986,69.685150,113.797798
147.568253,33.864922,69.433723,113.303978
152.238083,32.815575,69.148544,112.924980
142.789780,31.788332,69.465080,113.398804
156.864105,31.827711,69.162781,112.912338
136.104584,29.654484,68.119301,111.702675
125.908020,27.786446,68.550293,111.975342
137.584549,28.354534,67.912323,111.352234
136.607635,28.478632,67.517128,110.768600
138.500259,24.258341,67.950752,111.070122
144.208939,35.079838,67.361664,110.533012
147.801437,36.576099,66.888565,109.622032
152.877579,41.284473,66.497581,109.011940
144.146027,41.326622,66.664917,109.358353
144.186905,42.847858,66.492409,108.815430
149.704742,43.878155,66.329536,108.747429
145.682770,46.187641,66.886818,109.622383
143.345139,44.869717,66.018196,108.048500
145.811661,43.876640,65.722069,107.802368
148.155441,43.787155,65.572670,107.322746
144.358780,42.440605,65.322540,107.056595
138.246628,40.005058,65.537560,107.605293
139.595734,38.430634,64.823166,106.259026
128.905701,36.482437,65.497536,107.370956
129.315842,36.889801,65.675552,107.821274
126.233307,34.167427,65.700600,107.893669
130.061707,33.520302,64.429733,105.306656
137.681641,32.365051,65.445297,107.168365
148.514755,30.915699,65.296677,106.802139
147.907242,30.696007,64.708145,106.058174
145.951660,29.509569,64.917099,106.407967
151.434784,27.983015,65.094467,106.531464
151.834686,28.334711,63.555298,103.927681
152.600235,25.785921,65.145081,106.398514
159.540207,25.525745,63.658615,104.168648
157.346359,24.577019,63.602425,104.170052
154.567200,23.562876,62.806023,102.359146
154.712448,23.513380,63.090210,103.125328
154.712448,23.513380,63.090210,103.125328
153.368958,22.338705,63.463696,103.784950
154.430206,23.536640,62.891109,102.852272
154.155060,23.308317,62.136787,101.206436
158.376022,23.241711,61.543659,100.312843
156.648911,23.409351,61.594315,100.348465
166.523697,23.117228,62.101608,101.105209
164.112579,24.960226,62.187153,101.247902
160.025452,23.527636,61.684708,100.383652
162.789841,23.801983,61.125568,99.596794
165.246048,24.774939,61.920048,100.899956
162.134384,25.324287,61.379974,100.029999
160.772476,25.356314,60.331409,98.237122
154.478806,26.276655,61.313683,99.776810
155.169281,27.295961,60.478310,98.404999
157.460434,26.348005,60.802238,99.037437
153.848770,26.090322,59.994392,97.500992
153.389847,26.867825,60.086506,97.652100
153.915131,26.585423,60.364651,98.321442
154.122360,27.001846,59.448849,96.644737
160.073364,25.871571,60.889042,98.938072
163.370392,26.882221,58.869190,95.574715
162.438843,26.847038,59.061241,95.959808
162.591537,27.103168,59.348106,96.391769
164.035110,27.370335,58.717758,95.280121
165.032196,28.894342,57.791168,93.867844
167.449646,27.507586,58.015587,94.218765
167.203827,29.098915,57.814865,93.975136
167.887680,28.563950,57.670033,93.785286
168.528214,29.741783,58.477558,94.950478
170.174744,29.697350,59.389908,96.355232
171.846405,30.730581,59.264973,96.163101
170.917130,30.203674,57.330883,92.927254
170.304916,32.220997,57.517200,93.314133
173.511292,33.194401,58.328308,94.508835
170.611221,32.300812,58.340027,94.645119
171.650528,33.299488,58.183475,94.440353
172.001617,32.181248,58.457283,94.721054
174.825760,32.917664,58.553284,95.326180
175.100067,32.295132,58.879929,95.570976
175.234512,32.602119,58.306797,94.601265
175.665863,33.361351,57.804371,93.754868
175.342422,33.177341,58.401138,94.831078
175.183487,32.252174,59.167519,96.025337
175.610001,33.309017,58.844486,95.770958
175.950134,33.146564,58.444847,94.741821
179.294830,33.418167,59.417439,96.380302
179.420853,32.936661,59.939297,97.349258
177.557510,33.576698,59.992123,97.158897
174.671448,34.052235,58.776066,95.286552
174.975861,33.321514,59.512848,96.607628
177.384995,32.324883,61.244141,99.352692
180.107330,33.446362,59.415844,96.358665
180.107330,33.446362,59.415844,96.358665
180.107330,33.446362,59.415844,96.358665
180.613754,32.816784,58.758251,95.267975
178.891434,32.316387,60.490490,98.139977
178.619797,32.620888,60.727684,98.484421
181.150543,33.217072,59.361942,96.206551
179.948914,32.372944,59.613136,96.548103
179.486130,34.489723,58.242844,94.153168
178.411453,32.446674,60.399479,97.563766
178.038315,33.954231,58.958088,95.672935
177.499527,34.557449,58.331001,94.591087
177.068756,33.907936,59.221348,95.763275
172.217361,33.310089,59.743717,96.694168
173.043503,32.440464,60.365982,97.992104
173.264740,32.290634,57.474426,92.955330
170.172791,32.006577,58.057037,94.013420
172.307495,32.688698,59.853191,96.650726
164.096344,31.265371,60.555504,97.701317
166.437225,31.774248,58.222301,94.522560
167.156784,33.533695,60.409557,98.012070
167.184906,33.149719,58.673096,95.133026
165.406143,31.501726,61.307194,98.983742
167.687317,32.668762,60.135513,97.206146
166.800629,31.583649,61.092587,98.683945
168.892044,32.937511,59.422745,96.491096
167.696335,33.167118,58.354485,94.668999
170.069061,34.059105,57.972778,93.949257
167.384781,33.842197,61.926090,100.348358
169.520798,34.736141,60.091377,97.735901
166.010300,36.081806,60.159149,96.985809
169.457321,35.808044,58.854279,95.438629
168.103836,36.491142,58.373981,94.817825
168.673630,35.947533,59.909218,97.057625
168.811661,37.190033,59.473129,96.623528
168.423416,36.948463,60.387184,97.368393
167.729263,36.756622,60.388309,97.752182
168.853165,36.715782,60.618511,98.781555
168.853165,36.715782,60.618511,98.781555
168.008255,37.160900,60.378284,97.869888
168.417969,36.451576,60.664246,97.762383
168.543579,37.746269,61.131233,98.674995
169.147339,37.168369,60.691128,97.782112
169.562500,35.719196,60.855076,99.205826
169.562500,35.719196,60.855076,99.205826
170.449585,35.991837,59.815311,96.088448
170.362991,34.342461,60.891167,97.966530
170.362991,34.342461,60.891167,97.966530
171.750214,34.948238,60.607117,98.271957
172.529282,34.294697,59.795330,96.138176
173.868271,35.085781,60.310097,97.780647
171.736572,34.389370,57.954185,94.490280
171.736572,34.389370,57.954185,94.490280
173.051941,33.916782,59.580437,95.771950
173.814682,34.430393,56.943100,92.430099
171.675674,33.045498,58.446850,95.265213
170.470490,32.457733,58.203026,94.763092
172.777939,31.896917,58.139385,94.237045
172.988144,32.620575,56.957249,92.572166
171.379364,32.621849,57.035530,92.899200
171.379364,32.621849,57.035530,92.899200
171.379364,32.621849,57.035530,92.899200
172.555283,32.522079,56.791405,92.839081
169.675949,31.803814,56.289886,91.604889
169.763611,32.249996,57.602547,93.626816
171.247070,32.680683,57.161659,93.486214
170.367096,32.661587,57.010735,92.751656
172.320526,32.841129,56.619732,92.373695
170.248245,33.614933,56.356018,91.436295
169.475769,33.638386,57.793903,94.094482
168.444901,33.413399,55.903355,90.854065
167.424255,33.356228,55.794823,90.804680
166.886581,34.162731,55.774548,90.591621
166.886581,34.162731,55.774548,90.591621
164.428146,33.644451,55.867157,90.826363
166.906387,33.710350,56.638565,92.324188
157.083206,33.955696,54.760895,88.949585
166.066971,33.626698,56.166626,91.192635
152.561279,33.733852,55.330601,90.152641
153.140671,33.790298,55.219982,90.078445
151.508759,33.774559,54.899952,89.506462
148.428741,34.244545,55.142254,89.903610
147.370529,33.630917,56.357361,91.819496
144.069046,34.304752,54.621490,88.631004
144.069046,34.304752,54.621490,88.631004
144.069046,34.304752,54.621490,88.631004
141.265900,35.233738,54.545677,88.481430
144.829132,34.542461,55.109325,89.789261
141.830643,33.896610,54.579243,88.436768
134.943939,34.879215,54.476498,88.239151
136.671188,35.396019,54.065540,87.761360
136.605957,36.140606,53.543205,86.821243
136.605957,36.140606,53.543205,86.821243
134.969650,34.782391,53.550259,86.729492
133.753922,37.155434,53.588737,86.914986
134.023117,36.332954,54.931713,89.093208
136.064468,36.534058,52.964359,85.838188
134.911377,39.176414,53.310543,86.314857
136.723602,39.700680,52.818592,85.600510
142.547531,38.485458,52.706436,85.476822
149.194183,40.066185,52.089008,84.463821
151.538071,39.795326,52.341091,84.934692
161.148499,41.103012,51.872051,84.069878
166.860916,41.976952,51.812840,84.038124
172.190872,42.127289,52.460266,84.971970
184.830383,43.221630,51.444504,83.360435
193.069336,45.468269,51.543125,83.552666
199.692642,44.809200,51.437046,83.427376
2
0
0
0
0
1
161.342468,48.083500,49.133038,75.816071
161.544373,51.478611,48.533329,74.880051
163.588531,52.499023,49.186485,75.946915
162.998901,52.327805,49.071175,75.697746
162.341400,53.026119,48.324116,74.669273
161.662521,53.285629,48.580738,75.117615
163.523102,52.665863,48.844566,75.528519
163.493210,52.693596,48.319439,74.544403
167.164719,55.694599,47.870369,73.786064
171.484726,54.077381,48.506596,74.982018
174.981293,53.201569,48.591000,75.155373
172.332382,52.856453,49.066906,75.920120
175.356537,52.598976,49.762981,76.575928
180.536850,54.951725,47.752731,73.695908
176.028595,52.853909,48.787628,75.511589
174.865067,52.499233,49.576885,76.690140
174.096069,53.213425,48.409527,74.657890
173.017654,53.188396,48.233986,74.012123
174.143799,53.781662,48.607689,74.751320
176.264435,52.419495,48.241467,74.618164
177.518784,52.699600,48.488834,74.553146
182.089584,50.978451,48.203243,74.219696
168.558609,49.964775,48.914097,74.963303
169.553528,50.655037,48.333733,74.334473
170.227875,50.520069,47.939739,73.583023
171.451340,51.513374,48.225124,74.115250
172.911942,51.394547,47.843361,73.455833
174.158295,52.547192,47.959137,73.520844
178.944702,53.341431,46.989300,72.027451
178.944702,53.341431,46.989300,72.027451
179.288193,56.746532,46.102436,70.943764
191.562424,58.228416,47.723740,73.093956
192.129654,58.435184,47.706257,73.243050
199.680573,60.744534,47.768467,73.363350
2
0
0
0
0
1
164.020111,14.464502,53.123417,70.698044
163.540482,13.585893,53.719093,71.443054
164.534286,17.085037,52.834206,70.360100
167.334473,15.374987,52.846973,70.249107
165.516907,14.799778,54.500561,72.537270
166.995575,15.940411,53.240429,70.972847
167.523849,16.617102,53.866043,71.410622
170.281906,15.996346,53.797077,71.569542
170.152466,15.811406,54.473686,72.652092
173.873688,16.508825,54.168945,71.999100
174.037949,16.836386,54.438660,72.399284
178.296570,18.432499,53.209599,70.713028
180.044525,18.334581,53.844009,71.617683
182.118332,19.737825,53.056042,70.732498
182.473083,19.292349,53.957043,71.666130
184.741257,20.674250,52.937031,70.198479
185.127426,19.848181,54.245644,72.060493
2
0
0
0
0
1
158.913452,69.862213,43.812771,16.374109
157.453491,70.367683,43.827229,16.328655
161.125732,69.927071,43.468147,16.141420
163.849152,69.295135,42.397171,15.883723
162.638672,70.031403,43.085052,16.154846
166.784714,70.390709,43.220005,16.151859
166.571793,69.957024,42.850597,16.050646
168.634598,70.741180,42.343830,15.896058
167.516983,69.626884,43.121006,16.153872
166.449585,70.115921,42.820511,16.004641
166.329285,70.439758,41.779957,15.700727
2
0
0
0
0
1
138.602478,76.107040,27.465654,36.578926
141.509918,75.019539,26.757507,35.608276
141.984039,73.482704,27.412771,36.448135
142.321411,72.944664,27.063316,35.933716
141.854584,73.917595,28.056396,37.301235
144.603302,73.245575,27.609207,36.693851
145.151840,73.448494,27.140127,36.193020
148.127335,74.596169,27.284348,36.338272
148.945419,73.780121,28.081163,37.410294
148.708176,74.522995,29.305731,38.931877
148.139496,76.986015,28.863588,38.396099
149.784576,74.737610,28.225510,37.625172
152.210266,76.919891,27.391243,36.485451
149.053741,74.473610,29.539928,39.231789
148.200714,76.722565,29.511425,39.207371
149.441711,74.174744,29.041563,38.657932
148.316635,75.111893,29.996857,39.877674
148.900116,73.993019,30.147682,39.982128
148.753738,74.893471,30.352213,40.299023
148.663025,74.443741,30.033138,39.856895
148.663025,74.443741,30.033138,39.856895
150.031372,74.405220,30.173914,40.009605
149.749130,74.350349,30.871267,41.007000
149.749130,74.350349,30.871267,41.007000
150.173447,75.721336,30.162525,39.969715
150.765854,74.710564,29.697643,39.511768
148.805405,73.894569,31.792086,42.238037
150.733170,75.186531,29.825802,39.435768
152.454651,75.027901,29.637680,39.286613
153.109818,77.705887,28.939251,38.488380
154.115433,77.740860,28.895079,38.401093
152.699417,76.593750,29.080120,38.650620
152.115662,77.062233,29.292355,38.940071
152.116470,75.332314,30.450283,40.508972
152.923401,76.021149,30.198116,40.141994
155.224258,78.060997,29.730064,39.622478
153.880234,79.519699,28.622244,37.918747
154.360001,77.651657,29.888191,39.733364
153.327026,77.670311,30.365559,40.383476
155.507660,76.987267,30.414299,40.359295
155.486816,79.929970,31.083973,41.144230
156.366348,80.443413,30.812666,41.038624
158.699860,79.906792,30.323929,40.246498
159.346527,81.351082,28.878485,38.536625
160.204239,82.714287,29.378378,39.304989
160.293793,84.154968,29.223530,39.067917
159.150894,85.824387,29.100878,38.833160
159.523849,85.234062,28.832035,38.574150
159.880173,85.360100,30.071291,39.942955
159.563004,85.989937,29.508352,39.347080
157.669113,87.206696,28.842222,38.585587
158.136612,87.328766,30.267981,40.202221
160.315247,90.276627,28.096571,37.580864
160.318161,93.409950,27.700348,37.056576
160.318161,93.409950,27.700348,37.056576
158.117722,92.759216,27.715799,36.955021
160.502197,91.049789,29.622532,39.619499
160.878265,92.547050,28.194157,37.697727
159.517715,93.640717,27.707176,36.990582
160.553482,92.523643,28.061657,37.333328
159.853882,92.648239,28.073988,37.463757
159.454208,91.533691,28.377754,37.791626
160.905975,96.870186,27.373619,36.646637
160.984100,94.453087,27.865570,37.259586
161.742889,97.622612,27.329653,36.527702
162.203583,97.873871,27.605839,36.909451
162.692047,97.927017,27.514584,36.791698
162.234711,93.473412,30.792484,41.207310
160.799301,93.965919,30.773388,41.095310
162.123077,95.844849,28.212149,37.495762
164.928894,99.038101,27.544058,36.698742
2
0
0
0
0
1
138.127640,64.526947,34.355415,73.280418
139.103607,64.098984,34.218830,73.010376
139.103607,64.098984,34.218830,73.010376
140.595230,65.139374,33.704903,71.873230
140.595230,65.139374,33.704903,71.873230
141.939636,64.782585,34.072590,72.719910
141.679871,65.738617,33.508919,71.524666
144.411972,67.476112,32.774479,69.928391
142.506104,67.403481,32.963722,70.295128
142.671814,69.787277,33.166935,70.751854
142.317459,69.968086,33.157253,70.738441
140.912323,70.606964,33.473339,71.503075
141.947708,70.795441,33.229782,70.947098
140.939667,68.921974,33.204384,70.746132
140.577850,68.972183,33.237965,70.924904
139.761368,70.736374,33.128189,70.719582
139.549164,69.367744,33.485500,71.399765
140.816803,71.474419,32.794632,69.899757
139.300125,69.540123,34.179279,72.696457
138.738556,72.145485,34.309673,72.960854
138.738556,72.145485,34.309673,72.960854
139.609802,71.461739,33.218838,70.764854
139.609802,71.461739,33.218838,70.764854
141.815186,71.358696,34.299046,72.839127
140.673187,71.224655,33.979958,72.442009
140.812729,70.418030,34.417061,73.089439
143.543335,70.427971,34.164944,72.993965
143.543335,70.427971,34.164944,72.993965
144.771530,69.855148,34.550419,73.452637
145.581161,71.000732,33.554558,71.367325
146.076614,67.045738,34.568909,73.372971
143.987930,66.541283,34.687874,73.765182
142.775482,67.310333,33.788441,72.170853
143.299149,64.874336,35.080311,74.833862
143.299149,64.874336,35.080311,74.833862
143.639435,65.816528,34.291553,73.036598
143.639435,65.816528,34.291553,73.036598
144.139496,67.102661,34.512363,73.596817
142.580276,65.375694,35.276207,75.239052
144.193329,67.234627,34.464870,73.425026
142.811249,65.900246,35.006050,74.685936
142.520065,66.588623,35.117561,74.889725
143.223557,65.313324,35.986664,76.786133
142.961258,66.989174,34.153694,72.517212
142.206436,66.378151,35.769623,75.787720
140.444412,68.011497,35.302181,75.109627
141.786926,67.182777,35.251240,75.163940
142.628754,66.889626,36.170803,77.002045
141.512131,68.377335,35.280022,75.262268
