1
193.518082,25.740824,79.826653,80.732018
193.426483,25.823980,79.431801,80.245865
193.426483,25.823980,79.431801,80.245865
193.573105,26.824448,79.496605,80.492996
192.444550,29.168272,78.635506,79.529961
191.175629,27.049343,80.016373,80.925545
191.175629,27.049343,80.016373,80.925545
191.175629,27.049343,80.016373,80.925545
190.396896,27.153341,79.174721,79.982285
190.396896,27.153341,79.174721,79.982285
188.499466,29.522787,78.987556,80.029419
190.532944,30.563917,78.325623,79.472130
186.006729,33.309673,79.830635,80.470245
185.914856,34.854584,79.524506,80.369469
185.701813,36.055748,79.726456,80.098488
184.989288,36.344692,79.127251,80.611259
183.967514,34.367195,79.756760,81.085213
183.984726,39.907829,78.601021,79.686218
185.130432,45.523331,78.882599,79.143288
185.130432,45.523331,78.882599,79.143288
185.467636,49.855263,77.492233,78.384766
182.392090,49.590115,77.203102,78.039497
181.698318,52.860855,77.977211,77.899002
181.900391,49.144753,77.329872,78.411293
181.481155,53.804737,77.430214,78.420967
183.921249,52.839081,77.954010,78.930489
182.401260,54.509525,77.009338,78.250137
185.602615,52.595760,76.760735,77.275200
184.627777,52.857010,76.983376,78.010239
185.899933,53.923710,77.308510,78.344223
189.137955,50.142895,76.398956,77.404198
186.891724,52.388248,76.581863,77.522362
189.751114,51.716251,75.825790,76.275192
192.301590,51.903679,75.678307,76.124397
193.933823,52.526184,76.026314,76.647385
194.936920,51.400150,75.784523,76.220657
196.428467,51.020077,74.708359,75.246460
201.027603,52.760376,75.482536,75.697350
202.434006,53.169506,75.559738,75.968102
203.787216,52.762539,74.380028,74.930367
206.071091,52.336300,75.815331,76.699654
207.553558,52.840199,75.848389,76.639839
207.284805,51.342430,76.919334,78.293739
206.198334,54.027637,76.709183,78.032242
211.867294,61.348942,73.022697,73.648331
211.867294,61.348942,73.022697,73.648331
209.968811,58.905548,72.715370,73.279770
211.160721,61.545036,72.615089,73.159363
208.550827,61.377819,72.799049,73.545067
208.150146,61.180931,72.309280,73.002670
208.569321,60.457726,72.657448,73.337868
207.514618,59.543827,71.809189,72.460258
203.706039,59.846809,72.279053,73.107758
203.976913,57.909683,72.409332,73.357086
201.569168,60.225712,73.124702,73.616875
202.730347,54.898952,72.956474,73.403107
198.384323,45.701496,72.931923,73.535172
201.768982,46.969898,72.392227,73.128693
196.024750,47.868656,73.428802,73.669456
201.861191,46.477264,72.420593,73.150459
201.792969,47.075115,72.921974,72.789986
195.986877,45.434605,73.073257,74.011124
194.963577,48.538261,72.962738,73.570450
192.426285,65.465584,72.838753,73.579445
191.651108,50.543724,73.427818,74.188324
191.075409,51.724422,72.946281,73.571342
191.175385,53.020538,73.744972,74.481201
173.340057,64.627235,73.620201,74.607018
167.419861,66.258072,73.811981,74.790413
164.342575,66.638084,73.173691,74.293121
161.017624,71.360466,73.647873,74.511795
155.278702,69.757095,73.555687,74.333038
149.037827,71.620033,73.164040,74.114479
146.829086,71.227623,73.457649,74.498863
143.628601,70.345879,73.527229,74.592781
141.636032,71.252525,74.214302,74.954788
138.494766,72.423019,73.113922,73.934830
135.514984,75.843834,73.402435,74.618233
133.550842,79.063179,73.138107,74.375816
133.550842,79.063179,73.138107,74.375816
131.657944,82.813980,71.559135,72.413361
129.609207,79.869957,74.675423,75.643234
129.634857,81.455696,73.086868,73.974327
121.636307,86.489243,73.979866,75.080734
121.123650,87.877037,74.518715,75.505966
119.862144,88.490623,72.314796,73.165955
116.199623,89.970863,74.813309,75.585480
112.760033,89.981377,75.813660,76.546516
109.990189,94.968712,75.579521,76.429451
106.379974,96.042625,75.516960,76.238922
105.772125,98.788345,75.416985,76.072388
103.556503,99.802658,75.480949,76.172112
101.253036,100.742516,74.883995,75.372467
100.626709,98.016327,75.279427,75.979210
98.622452,100.912544,75.892982,76.116234
94.969162,107.079948,75.548103,76.058945
93.485741,110.691483,75.800804,76.254959
94.651123,117.121208,75.410530,75.887428
92.054207,119.190430,76.116585,76.391296
89.986031,120.925026,76.259491,76.868759
88.765900,122.202515,75.728729,76.429306
89.331940,123.766708,76.370384,76.633720
85.357674,126.780525,77.787979,78.248474
89.410828,120.885300,77.906487,78.884216
91.488152,125.448944,77.532822,78.163277
98.195793,129.602325,74.959167,75.263252
101.756950,133.636902,75.052551,75.373360
106.088623,129.554337,75.820930,76.054192
107.455124,129.088181,75.663986,75.599068
111.702209,123.715141,76.704903,76.988197
116.161652,125.068665,75.748390,76.476959
118.743401,123.870834,74.989952,76.125656
121.132492,122.322777,74.358429,74.734924
123.573692,119.735214,75.716423,75.941208
123.884209,119.467613,75.439240,75.674568
125.703667,118.788742,75.267609,76.151688
129.569229,118.892738,73.282646,73.872726
133.003799,117.052216,75.332687,75.346809
141.117249,115.106544,73.584541,74.072128
148.767456,113.368263,73.514191,73.849014
152.470596,102.806152,72.396584,72.891388
153.791229,101.652985,72.314186,72.885963
158.691788,95.093338,72.104065,72.607346
165.352341,91.907654,73.661530,74.459663
170.484192,87.624268,74.423431,74.658661
177.870361,81.579704,73.652405,74.511749
182.452225,77.318314,72.068901,72.559113
185.274307,79.902695,71.959503,72.359367
191.048767,74.861275,71.473808,71.981308
191.814270,76.879333,70.892395,71.466133
194.739166,75.898079,70.753334,70.986259
194.606262,75.610397,72.455124,72.989342
198.351334,78.892906,70.368279,70.946190
204.502487,75.360527,72.428368,73.005089
200.421616,79.975281,72.508286,73.076462
207.061020,77.365273,72.565170,73.228798
208.755203,83.910751,71.222763,71.489243
211.518036,81.335449,71.304123,71.328163
211.484863,77.315338,71.241951,71.606010
209.878128,70.571960,71.534042,71.509247
211.206284,76.662399,69.917213,70.362732
211.913910,75.662231,71.876205,71.757370
209.872116,73.881660,72.102249,72.141106
212.006760,75.321228,69.816833,70.065910
210.264526,77.348633,71.971504,71.600258
209.522797,78.259430,72.124596,72.105492
208.640747,80.416496,72.449249,72.214325
207.267029,81.607216,71.845261,72.318748
209.468018,77.840179,72.102150,72.557663
205.054871,66.078461,72.269157,72.272179
205.054871,66.078461,72.269157,72.272179
203.199387,66.762291,72.661964,73.144684
204.110809,70.428268,72.885590,72.837524
201.551575,72.520958,72.913605,72.937523
204.160110,77.662041,72.627792,72.862007
199.415878,83.902000,72.841286,72.625862
194.859726,88.628197,72.708260,72.954254
194.486496,88.946526,72.642944,72.886780
192.736938,92.087090,71.887512,72.060768
192.736938,92.087090,71.887512,72.060768
192.735992,91.304214,72.461235,72.813202
194.703568,94.001610,71.548431,71.553909
191.956848,93.801743,71.860634,72.189781
192.841385,90.079109,71.837593,72.145042
194.534775,89.238632,71.557373,71.775597
191.705643,89.127831,72.188858,72.624413
192.989761,91.465027,71.066299,71.223373
192.765564,92.028961,72.058990,72.229378
192.786697,91.751717,71.564125,71.676956
194.786331,92.169556,71.209152,71.228745
193.084442,89.208443,71.149757,71.352448
193.150513,92.227058,71.402626,71.467682
194.497253,92.181084,71.374458,71.398636
193.055923,90.840263,71.012535,71.117218
193.178284,95.026382,70.939461,71.267609
192.387253,94.259254,70.754433,70.943108
191.982803,92.222931,70.977692,71.629936
184.380005,93.449364,71.209198,71.683777
182.812698,92.427711,70.717842,70.716652
180.629303,93.637428,70.990677,71.452477
182.683548,92.427200,70.828178,71.595772
173.226822,94.593956,71.475838,71.712799
171.615723,95.147758,70.480621,70.671288
172.557404,94.260880,70.452843,71.199760
171.780716,94.314987,70.490929,70.436714
169.884857,93.890045,69.932121,70.097176
166.144073,93.843002,69.579803,69.438210
166.387451,98.553947,68.534065,68.530815
162.062073,98.309921,69.623451,69.681442
167.491150,106.150925,70.110100,70.291695
168.786118,107.336761,70.208336,70.497337
168.707993,102.798126,69.994591,70.644783
164.762390,98.361656,69.496376,69.621223
161.984253,97.809036,69.477119,69.772263
155.273880,95.545036,69.868111,69.899635
151.907257,90.733734,70.721085,70.979149
148.988388,89.852509,69.558632,69.853271
136.274658,86.988449,68.778374,68.949905
132.910904,83.210556,69.852554,69.104233
130.331589,80.422440,69.283775,69.278259
121.660187,79.294022,70.226234,71.343361
113.821762,70.606110,69.025169,68.984367
109.888611,72.795593,69.308128,69.480927
108.603165,72.287064,69.805382,70.028893
108.744362,68.270996,68.540253,68.494957
107.080696,65.629539,68.415398,68.271721
102.219528,60.617458,69.141586,69.181213
102.350410,58.014606,70.484108,69.728394
98.082626,52.207287,69.685608,69.209366
95.630867,45.230331,67.622070,67.185959
86.185638,43.139084,69.580185,68.765717
85.998909,40.534920,69.539062,70.028595
88.273964,37.726147,68.909920,69.433990
80.477722,40.385723,69.989410,69.016197
77.821846,43.681774,69.890083,68.979164
74.815498,43.867126,69.473877,68.513474
65.472015,46.363918,69.337463,68.471642
64.520317,47.464359,71.059090,69.810616
62.209385,50.534428,71.907959,70.841408
58.299183,50.578800,72.111359,71.141579
55.865116,52.945343,71.977081,70.830490
54.859982,54.664810,71.844460,70.715096
56.951385,55.484814,73.212303,72.163734
56.186752,58.147305,71.831512,70.463333
56.533421,59.031128,72.206169,71.448059
57.742790,62.261505,72.896927,71.440125
62.225891,64.590935,71.849541,70.325577
60.946674,63.946739,72.841644,71.315285
63.152416,67.380592,73.261429,71.781326
63.021851,70.237122,73.609970,72.230934
65.614151,72.470673,73.506607,72.079819
69.076607,72.021935,73.052345,71.403160
72.304039,75.889786,72.295135,71.316833
74.736618,73.749489,73.276443,71.877029
73.966904,74.416771,72.821022,71.393044
74.456467,74.371452,74.686028,73.264694
78.781906,78.358131,73.450813,71.971764
84.925659,74.700188,73.604073,72.200989
88.515335,75.070946,73.872818,72.050232
93.999962,76.033440,74.448837,73.045403
95.662086,77.049362,75.087151,73.684647
95.623795,79.006104,75.182373,73.806595
103.607109,79.123322,73.392838,71.483673
103.234535,81.178391,74.568626,72.835541
107.465858,82.801315,75.407944,74.008942
108.137184,85.117981,74.227226,72.138580
108.137184,85.117981,74.227226,72.138580
110.383636,86.937485,74.178909,71.972420
112.932777,92.636642,73.741615,71.785858
114.764008,89.164543,73.955132,72.416656
118.623505,93.525406,74.063698,72.232712
118.657745,93.681892,75.058746,73.347229
122.090622,93.119965,74.615463,72.852768
125.197411,92.673836,75.657478,74.151924
128.642593,92.257072,75.455307,74.280258
131.569046,92.293587,74.834663,72.959023
135.304291,95.921875,76.325325,74.781601
143.442230,94.618065,76.560936,75.168755
142.750061,98.217697,76.994003,75.732819
147.057861,97.762131,76.311279,75.052979
147.953659,101.886208,74.994774,73.866508
146.477814,104.162399,76.911003,75.385849
148.468109,106.869354,76.640923,75.249191
153.578812,107.062584,76.197220,74.909599
156.036453,104.662529,76.580894,75.373634
160.709625,107.738304,76.326271,75.033707
159.878830,106.134781,75.746407,74.455681
161.501373,114.503067,76.309715,75.071465
166.126343,119.420357,75.859718,74.556320
167.883804,118.610611,76.454582,75.133263
171.076248,126.343658,75.843346,74.718140
171.076248,126.343658,75.843346,74.718140
175.524094,126.937119,75.655296,74.089554
179.371536,130.719299,75.969444,74.418945
178.708038,133.365417,75.412674,73.901321
181.035767,132.952759,75.868439,74.549599
188.282425,132.729294,75.499641,74.388359
201.570587,140.855728,76.277794,74.947113
205.989426,145.295959,76.369102,75.033691
211.829529,144.962784,75.644463,74.566704
214.060806,142.823441,75.050369,73.747391
214.862045,140.963547,76.004883,74.725876
218.891785,148.913956,76.244453,75.023445
225.196274,155.108475,75.972115,74.373917
225.468307,155.074753,76.062805,75.227974
228.697708,151.029724,75.796753,74.235390
226.943054,147.894531,76.628265,75.091560
223.620041,146.819565,77.075630,75.371666
220.325668,143.605423,76.652367,75.122017
221.489883,137.314285,76.074738,74.751976
222.064682,139.156479,75.391487,74.181435
221.035233,139.454590,75.242096,73.917526
215.368454,135.864288,76.829468,75.271767
212.932434,130.846985,76.936386,75.309845
212.902786,128.062302,76.364006,75.212654
205.182022,123.368782,76.749992,75.211960
202.757645,125.301262,76.314812,74.798851
197.335739,120.811058,77.089828,75.417213
195.254654,116.262779,76.426109,75.455040
194.392609,118.443398,75.773560,74.297112
195.259094,116.827263,75.777550,74.534828
191.197739,120.659447,77.046761,75.750168
189.259445,113.835449,77.711349,76.079933
188.762100,121.601074,75.862999,74.321861
184.052551,123.745094,76.176620,74.621063
184.052551,123.745094,76.176620,74.621063
181.962082,121.690544,75.399155,74.105278
178.423599,121.007027,75.961830,74.161278
175.272903,120.062782,76.253128,74.452896
173.280914,122.110428,75.494835,74.254997
171.965332,120.600487,74.590691,73.496323
171.965332,120.600487,74.590691,73.496323
170.315170,120.178337,75.441200,74.177612
167.563492,117.336403,76.545807,74.963257
166.007797,118.426048,75.842468,73.280098
169.058533,117.861206,76.143822,74.406494
166.427933,117.466599,76.506493,74.644394
167.816956,117.416016,76.175354,74.596428
166.713104,115.429779,76.095619,73.701874
164.182373,115.514229,76.483177,74.647423
164.182373,115.514229,76.483177,74.647423
164.040894,115.874466,75.150124,74.046974
164.228531,116.272377,75.755043,74.049133
163.801300,115.584076,76.656509,75.165451
162.588211,115.926521,75.109756,73.799469
