1
435.559998,175.559998,46.439999,46.439999
435.559998,175.559998,46.439999,46.439999
435.559998,175.559998,46.439999,46.439999
427.559998,175.559998,46.439999,46.439999
427.559998,175.559998,46.439999,46.439999
419.559998,167.559998,46.439999,46.439999
419.559998,167.559998,46.439999,46.439999
411.559998,167.559998,46.439999,46.439999
411.559998,167.559998,46.439999,46.439999
411.559998,159.559998,46.439999,46.439999
411.559998,159.559998,46.439999,46.439999
403.559998,159.559998,46.439999,46.439999
395.559998,159.559998,46.439999,46.439999
395.559998,167.559998,46.439999,46.439999
395.559998,167.559998,46.439999,46.439999
395.559998,159.559998,46.439999,46.439999
403.559998,151.559998,46.439999,46.439999
395.559998,159.559998,46.439999,46.439999
403.559998,151.559998,46.439999,46.439999
411.559998,135.559998,46.439999,46.439999
427.559998,135.559998,46.439999,46.439999
435.559998,127.559998,46.439999,46.439999
435.559998,127.559998,46.439999,46.439999
443.559998,135.559998,46.439999,46.439999
451.559998,127.559998,46.439999,46.439999
451.559998,127.559998,46.439999,46.439999
459.559998,119.559998,46.439999,46.439999
467.559998,111.559998,46.439999,46.439999
475.559998,103.559998,46.439999,46.439999
483.559998,95.559998,46.439999,46.439999
483.559998,79.559998,46.439999,46.439999
491.559998,63.560001,46.439999,46.439999
491.559998,55.560001,46.439999,46.439999
483.559998,55.560001,46.439999,46.439999
483.559998,47.560001,46.439999,46.439999
475.559998,47.560001,46.439999,46.439999
459.559998,47.560001,46.439999,46.439999
443.559998,47.560001,46.439999,46.439999
419.559998,47.560001,46.439999,46.439999
405.427612,41.046665,44.228573,44.228573
397.838287,48.680195,44.184387,44.184387
405.464172,33.494598,44.140247,44.140247
382.697510,33.516647,44.096149,44.096149
373.650146,32.437370,46.254704,46.254704
381.618256,24.469292,46.254704,46.254704
367.542236,17.981947,44.052097,44.052097
350.543823,16.903749,46.208496,46.208496
342.583679,8.943629,46.208496,46.208496
336.102814,2.462765,44.008091,44.008091
335.025696,9.337812,46.162334,46.162334
333.810913,16.493715,48.591930,48.591930
336.102814,3.623465,44.008133,44.008133
327.073517,10.498519,46.162380,46.162380
325.858704,26.025141,48.591976,48.591976
317.455292,34.379910,48.640617,48.640617
296.983490,36.674107,44.052231,44.052231
269.551971,34.379887,48.640667,48.640667
246.840515,43.540890,46.254887,46.254887
230.904297,51.508999,46.254887,46.254887
216.828247,67.787659,44.052277,44.052277
206.154922,82.251656,48.640717,48.640717
193.271744,92.134537,44.052319,44.052319
184.233383,91.056335,46.208725,46.208725
176.273224,83.096176,46.208725,46.208725
183.436325,98.638390,48.640762,48.640762
192.597336,107.799408,46.254982,46.254982
216.542618,106.582169,48.689453,48.689453
241.665009,107.776253,46.301281,46.301281
265.593323,99.800156,46.301281,46.301281
289.521637,99.800156,46.301281,46.301281
313.490875,106.977592,48.738194,48.738194
330.997467,109.276390,44.140598,44.140598
345.490448,115.373482,48.738239,48.738239
362.997040,125.276176,44.140644,44.140644
378.211700,125.298225,44.096546,44.096546
393.068726,140.155243,46.255119,46.255119
408.626526,138.938004,48.689602,48.689602
418.519348,148.830826,44.096592,44.096592
432.997894,138.146759,48.689648,48.689648
442.168121,131.364716,46.301468,46.301468
458.463196,117.274483,44.096638,44.096638
473.320221,108.227028,46.255211,46.255211
489.598999,94.150887,44.052582,44.052582
512.442261,83.477478,48.641056,48.641056
529.913940,93.360435,44.052628,44.052628
545.098267,100.963593,44.008617,44.008617
552.693848,116.132744,43.964653,43.964653
567.506409,123.001007,46.116772,46.116772
574.655273,121.787407,48.543968,48.543968
583.798035,122.977928,46.162933,46.162933
584.897156,124.077042,43.964699,43.964699
590.969971,121.787384,48.544018,48.544018
576.255920,122.977905,46.162979,46.162979
562.207825,124.077019,43.964741,43.964741
554.663757,116.532951,43.920822,43.920822
569.084595,105.891472,48.495571,48.495571
546.440918,107.080803,46.116909,46.116909
2
0
0
0
0
1
254.952377,92.952377,118.095238,158.095245
239.788498,77.808479,117.977264,157.937302
239.847427,93.095032,117.859398,157.779526
239.906296,93.173843,117.741661,157.621902
224.787811,93.252579,117.624039,157.464432
240.008698,108.493362,117.506531,157.307129
224.920410,108.571938,117.389137,157.149979
237.935699,120.614052,123.135460,164.842636
240.867493,139.670731,117.271866,156.992981
256.042816,139.749146,117.154716,156.836151
256.101318,139.827484,117.037674,156.679474
256.159790,139.905746,116.920753,156.522949
253.298096,151.899826,122.644150,164.184906
269.123138,151.899826,122.644150,164.184906
253.298096,151.899826,122.644150,164.184906
256.218201,155.808990,116.803947,156.366577
256.276520,155.887100,116.687263,156.210373
301.458954,171.006500,116.570694,156.054321
256.438110,171.084442,116.454239,155.898422
256.496277,171.162323,116.337898,155.742676
256.554413,186.236465,116.221680,155.587082
256.612457,186.314178,116.105576,155.431656
256.670441,186.391815,115.989586,155.276382
256.728394,186.469376,115.873711,155.121262
271.722778,186.546860,115.757950,154.966293
271.780609,186.624268,115.642311,154.811478
271.838348,171.794907,115.526787,154.656830
