0.30007,0.2923,0.29119,0,0,0,0,0,0,0,0,0,0,0,0
0.30007,0.2923,0.29119,0,0,0,0,0,0,0,0,0,0,0,0
0.30007,0.2923,0.29119,0,0,0,0,0,0,0,0,0,0,0,0
0.30007,0.2923,0.29119,0,0,0,0,0,0,0,0,0,0,0,0
0.30007,0.2923,0.29119,0,0,0,0,0,0,0,0,0,0,0,0
0.30007,0.2923,0.29119,0,0,0,0,0,0,0,0,0,0,0,0
0.30007,0.2923,0.29119,0,0,0,0,0,0,0,0,0,0,0,0
0.30007,0.2923,0.29119,0,0,0,0,0,0,0,0,0,0,0,0
0.30007,0.2923,0.29119,0,0,0,0,0,0,0,0,0,0,0,0
0.30007,0.2923,0.29119,0,0,0,0,0,0,0,0,0,0,0,0
0.30007,0.2923,0.29119,0,0,0,0,0,0,0,0,0,0,0,0
0.30007,0.2923,0.29119,0,0,0,0,0,0,0,0,0,0,0,0
0.30007,0.2923,0.29119,0,0,0,0,0,0,0,0,0,0,0,0
0.30007,0.2923,0.29119,0,0,0,0,0,0,0,0,0,0,0,0
0.30007,0.2923,0.29119,0,0,0,0,0,0,0,0,0,0,0,0
0.30007,0.2923,0.29119,0,0,0,0,0,0,0,0,0,0,0,0
0.30007,0.2923,0.29119,0,0,0,0,0,0,0,0,0,0,0,0
0.30007,0.2923,0.29119,0,0,0,0,0,0,0,0,0,0,0,0
0.30007,0.2923,0.29119,0,0,0,0,0,0,0,0,0,0,0,0
0.30007,0.2923,0.29119,0,0,0,0,0,0,0,0,0,0,0,0
0.30007,0.2923,0.29119,0,0,0,0,0,0,0,0,0,0,0,0
0.30007,0.2923,0.29119,0,0,0,0,0,0,0,0,0,0,0,0
0.30007,0.2923,0.29119,0,0,0,0,0,0,0,0,0,0,0,0
0.30007,0.2923,0.29119,0,0,0,0,0,0,0,0,0,0,0,0
0.30007,0.2923,0.29119,0,0,0,0,0,0,0,0,0,0,0,0
0.30007,0.2923,0.29119,0,0,0,0,0,0,0,0,0,0,0,0
0.30007,0.2923,0.29119,0,0,0,0,0,0,0,0,0,0,0,0
0.30007,0.2923,0.29119,0,0,0,0,0,0,0,0,0,0,0,0
0.30007,0.2923,0.29119,0,0,0,0,0,0,0,0,0,0,0,0
0.30007,0.2923,0.29119,0,0,0,0,0,0,0,0,0,0,0,0
0.30007,0.2923,0.29119,0,0,0,0,0,0,0,0,0,0,0,0
0.30007,0.2923,0.29119,0,0,0,0,0,0,0,0,0,0,0,0
0.30007,0.2923,0.29119,0,0,0,0,0,0,0,0,0,0,0,0
0.30007,0.2923,0.29119,0,0,0,0,0,0,0,0,0,0,0,0
0.30007,0.2923,0.29119,0,0,0,0,0,0,0,0,0,0,0,0
0.30007,0.2923,0.29119,0,0,0,0,0,0,0,0,0,0,0,0
0.30007,0.2923,0.29119,0,0,0,0,0,0,0,0,0,0,0,0
0.30007,0.2923,0.29119,0,0,0,0,0,0,0,0,0,0,0,0
0.30007,0.2923,0.29119,0,0,0,0,0,0,0,0,0,0,0,0
0.30007,0.2923,0.29119,0,0,0,0,0,0,0,0,0,0,0,0
0.30007,0.2923,0.29119,0,0,0,0,0,0,0,0,0,0,0,0
0.30007,0.2923,0.29119,0,0,0,0,0,0,0,0,0,0,0,0
0.30007,0.2923,0.29119,0,0,0,0,0,0,0,0,0,0,0,0
0.30007,0.2923,0.29119,0,0,0,0,0,0,0,0,0,0,0,0
0.30007,0.2923,0.29119,0,0,0,0,0,0,0,0,0,0,0,0
0.30007,0.2923,0.29119,0,0,0,0,0,0,0,0,0,0,0,0
0.30007,0.2923,0.29119,0,0,0,0,0,0,0,0,0,0,0,0
0.30007,0.2923,0.29119,0,0,0,0,0,0,0,0,0,0,0,0
0.30007,0.2923,0.29119,0,0,0,0,0,0,0,0,0,0,0,0
0.30007,0.2923,0.29119,0,0,0,0,0,0,0,0,0,0,0,0
0.30007,0.2923,0.29119,0,0,0,0,0,0,0,0,0,0,0,0
0.30007,0.2923,0.29119,0,0,0,0,0,0,0,0,0,0,0,0
0.30007,0.2923,0.29119,0,0,0,0,0,0,0,0,0,0,0,0
0.30007,0.2923,0.29119,0,0,0,0,0,0,0,0,0,0,0,0
0.30007,0.2923,0.29119,0,0,0,0,0,0,0,0,0,0,0,0
0.30007,0.2923,0.29119,0,0,0,0,0,0,0,0,0,0,0,0
0.30007,0.2923,0.29119,0,0,0,0,0,0,0,0,0,0,0,0
0.30007,0.2923,0.29119,0,0,0,0,0,0,0,0,0,0,0,0
0.30007,0.2923,0.29119,0,0,0,0,0,0,0,0,0,0,0,0
0.30007,0.2923,0.29119,0,0,0,0,0,0,0,0,0,0,0,0
0.30007,0.2923,0.29119,0,0,0,0,0,0,0,0,0,0,0,0
0.30007,0.2923,0.29119,0,0,0,0,0,0,0,0,0,0,0,0
0.30007,0.2923,0.29119,0,0,0,0,0,0,0,0,0,0,0,0
