1
72.00,127.00,102.00,127.00,102.00,150.00,72.00,150.00
74.00,126.00,104.00,126.00,104.00,149.00,74.00,149.00
71.00,125.00,111.00,125.00,111.00,156.00,71.00,156.00
73.00,127.00,107.00,127.00,107.00,154.00,73.00,154.00
72.00,123.00,112.00,123.00,112.00,154.00,72.00,154.00
75.00,126.00,107.00,126.00,107.00,151.00,75.00,151.00
77.00,125.00,112.00,125.00,112.00,152.00,77.00,152.00
77.00,125.00,112.00,125.00,112.00,152.00,77.00,152.00
77.00,125.00,112.00,125.00,112.00,152.00,77.00,152.00
77.00,125.00,112.00,125.00,112.00,152.00,77.00,152.00
77.00,125.00,112.00,125.00,112.00,152.00,77.00,152.00
77.00,125.00,112.00,125.00,112.00,152.00,77.00,152.00
77.00,125.00,112.00,125.00,112.00,152.00,77.00,152.00
78.00,122.00,119.00,122.00,119.00,153.00,78.00,153.00
81.00,124.00,114.00,124.00,114.00,149.00,81.00,149.00
80.00,123.00,115.00,123.00,115.00,150.00,80.00,150.00
80.00,123.00,115.00,123.00,115.00,150.00,80.00,150.00
80.00,123.00,115.00,123.00,115.00,150.00,80.00,150.00
84.00,123.00,119.00,123.00,119.00,150.00,84.00,150.00
80.00,120.00,121.00,120.00,121.00,151.00,80.00,151.00
81.00,120.00,119.00,120.00,119.00,149.00,81.00,149.00
83.00,122.00,116.00,122.00,116.00,147.00,83.00,147.00
82.00,121.00,117.00,121.00,117.00,148.00,82.00,148.00
86.00,121.00,121.00,121.00,121.00,148.00,86.00,148.00
86.00,121.00,121.00,121.00,121.00,148.00,86.00,148.00
86.00,121.00,121.00,121.00,121.00,148.00,86.00,148.00
88.00,123.00,118.00,123.00,118.00,146.00,88.00,146.00
87.00,124.00,124.00,124.00,124.00,153.00,87.00,153.00
89.00,122.00,124.00,122.00,124.00,149.00,89.00,149.00
88.00,124.00,118.00,124.00,118.00,147.00,88.00,147.00
90.00,123.00,122.00,123.00,122.00,148.00,90.00,148.00
89.00,123.00,121.00,123.00,121.00,148.00,89.00,148.00
88.00,123.00,120.00,123.00,120.00,148.00,88.00,148.00
91.00,123.00,123.00,123.00,123.00,148.00,91.00,148.00
90.00,123.00,122.00,123.00,122.00,148.00,90.00,148.00
89.00,123.00,121.00,123.00,121.00,148.00,89.00,148.00
92.00,123.00,124.00,123.00,124.00,148.00,92.00,148.00
91.00,123.00,123.00,123.00,123.00,148.00,91.00,148.00
90.00,126.00,122.00,126.00,122.00,151.00,90.00,151.00
93.00,126.00,125.00,126.00,125.00,151.00,93.00,151.00
92.00,126.00,124.00,126.00,124.00,151.00,92.00,151.00
91.00,126.00,123.00,126.00,123.00,151.00,91.00,151.00
94.00,126.00,126.00,126.00,126.00,151.00,94.00,151.00
93.00,126.00,125.00,126.00,125.00,151.00,93.00,151.00
89.00,128.00,126.00,128.00,126.00,157.00,89.00,157.00
91.00,126.00,126.00,126.00,126.00,153.00,91.00,153.00
91.00,126.00,126.00,126.00,126.00,153.00,91.00,153.00
93.00,128.00,123.00,128.00,123.00,151.00,93.00,151.00
92.00,129.00,129.00,129.00,129.00,158.00,92.00,158.00
94.00,127.00,129.00,127.00,129.00,154.00,94.00,154.00
94.00,127.00,129.00,127.00,129.00,154.00,94.00,154.00
94.00,127.00,129.00,127.00,129.00,154.00,94.00,154.00
94.00,127.00,129.00,127.00,129.00,154.00,94.00,154.00
94.00,127.00,129.00,127.00,129.00,154.00,94.00,154.00
94.00,127.00,129.00,127.00,129.00,154.00,94.00,154.00
94.00,127.00,129.00,127.00,129.00,154.00,94.00,154.00
94.00,127.00,129.00,127.00,129.00,154.00,94.00,154.00
94.00,127.00,129.00,127.00,129.00,154.00,94.00,154.00
94.00,127.00,129.00,127.00,129.00,154.00,94.00,154.00
94.00,127.00,129.00,127.00,129.00,154.00,94.00,154.00
98.00,127.00,133.00,127.00,133.00,154.00,98.00,154.00
97.00,125.00,127.00,125.00,127.00,148.00,97.00,148.00
96.00,126.00,133.00,126.00,133.00,155.00,96.00,155.00
94.00,125.00,134.00,125.00,134.00,156.00,94.00,156.00
97.00,128.00,129.00,128.00,129.00,153.00,97.00,153.00
95.00,123.00,135.00,123.00,135.00,154.00,95.00,154.00
98.00,126.00,130.00,126.00,130.00,151.00,98.00,151.00
96.00,125.00,131.00,125.00,131.00,152.00,96.00,152.00
98.00,127.00,128.00,127.00,128.00,150.00,98.00,150.00
100.00,126.00,132.00,126.00,132.00,151.00,100.00,151.00
99.00,126.00,131.00,126.00,131.00,151.00,99.00,151.00
98.00,126.00,130.00,126.00,130.00,151.00,98.00,151.00
101.00,126.00,133.00,126.00,133.00,151.00,101.00,151.00
100.00,126.00,132.00,126.00,132.00,151.00,100.00,151.00
99.00,126.00,131.00,126.00,131.00,151.00,99.00,151.00
99.00,123.00,136.00,123.00,136.00,152.00,99.00,152.00
101.00,125.00,136.00,125.00,136.00,152.00,101.00,152.00
101.00,125.00,136.00,125.00,136.00,152.00,101.00,152.00
101.00,125.00,136.00,125.00,136.00,152.00,101.00,152.00
101.00,125.00,136.00,125.00,136.00,152.00,101.00,152.00
101.00,125.00,136.00,125.00,136.00,152.00,101.00,152.00
101.00,125.00,136.00,125.00,136.00,152.00,101.00,152.00
101.00,125.00,136.00,125.00,136.00,152.00,101.00,152.00
101.00,125.00,136.00,125.00,136.00,152.00,101.00,152.00
101.00,125.00,136.00,125.00,136.00,152.00,101.00,152.00
101.00,125.00,136.00,125.00,136.00,152.00,101.00,152.00
101.00,125.00,136.00,125.00,136.00,152.00,101.00,152.00
101.00,125.00,136.00,125.00,136.00,152.00,101.00,152.00
101.00,125.00,136.00,125.00,136.00,152.00,101.00,152.00
101.00,125.00,136.00,125.00,136.00,152.00,101.00,152.00
101.00,125.00,136.00,125.00,136.00,152.00,101.00,152.00
101.00,125.00,136.00,125.00,136.00,152.00,101.00,152.00
101.00,125.00,136.00,125.00,136.00,152.00,101.00,152.00
101.00,125.00,136.00,125.00,136.00,152.00,101.00,152.00
101.00,125.00,136.00,125.00,136.00,152.00,101.00,152.00
101.00,125.00,136.00,125.00,136.00,152.00,101.00,152.00
101.00,125.00,136.00,125.00,136.00,152.00,101.00,152.00
101.00,125.00,136.00,125.00,136.00,152.00,101.00,152.00
101.00,125.00,136.00,125.00,136.00,152.00,101.00,152.00
101.00,125.00,136.00,125.00,136.00,152.00,101.00,152.00
101.00,125.00,136.00,125.00,136.00,152.00,101.00,152.00
101.00,125.00,136.00,125.00,136.00,152.00,101.00,152.00
101.00,125.00,136.00,125.00,136.00,152.00,101.00,152.00
101.00,125.00,136.00,125.00,136.00,152.00,101.00,152.00
101.00,125.00,136.00,125.00,136.00,152.00,101.00,152.00
101.00,125.00,136.00,125.00,136.00,152.00,101.00,152.00
101.00,125.00,136.00,125.00,136.00,152.00,101.00,152.00
101.00,125.00,136.00,125.00,136.00,152.00,101.00,152.00
101.00,125.00,136.00,125.00,136.00,152.00,101.00,152.00
101.00,125.00,136.00,125.00,136.00,152.00,101.00,152.00
101.00,125.00,136.00,125.00,136.00,152.00,101.00,152.00
101.00,125.00,136.00,125.00,136.00,152.00,101.00,152.00
101.00,125.00,136.00,125.00,136.00,152.00,101.00,152.00
101.00,125.00,136.00,125.00,136.00,152.00,101.00,152.00
101.00,125.00,136.00,125.00,136.00,152.00,101.00,152.00
101.00,125.00,136.00,125.00,136.00,152.00,101.00,152.00
101.00,125.00,136.00,125.00,136.00,152.00,101.00,152.00
101.00,125.00,136.00,125.00,136.00,152.00,101.00,152.00
101.00,125.00,136.00,125.00,136.00,152.00,101.00,152.00
102.00,122.00,143.00,122.00,143.00,153.00,102.00,153.00
105.00,124.00,138.00,124.00,138.00,149.00,105.00,149.00
104.00,123.00,139.00,123.00,139.00,150.00,104.00,150.00
104.00,123.00,139.00,123.00,139.00,150.00,104.00,150.00
104.00,123.00,139.00,123.00,139.00,150.00,104.00,150.00
104.00,123.00,139.00,123.00,139.00,150.00,104.00,150.00
104.00,123.00,139.00,123.00,139.00,150.00,104.00,150.00
104.00,123.00,139.00,123.00,139.00,150.00,104.00,150.00
104.00,123.00,139.00,123.00,139.00,150.00,104.00,150.00
104.00,123.00,139.00,123.00,139.00,150.00,104.00,150.00
104.00,123.00,139.00,123.00,139.00,150.00,104.00,150.00
104.00,123.00,139.00,123.00,139.00,150.00,104.00,150.00
104.00,123.00,139.00,123.00,139.00,150.00,104.00,150.00
104.00,123.00,139.00,123.00,139.00,150.00,104.00,150.00
104.00,123.00,139.00,123.00,139.00,150.00,104.00,150.00
104.00,123.00,139.00,123.00,139.00,150.00,104.00,150.00
104.00,123.00,139.00,123.00,139.00,150.00,104.00,150.00
104.00,123.00,139.00,123.00,139.00,150.00,104.00,150.00
104.00,123.00,139.00,123.00,139.00,150.00,104.00,150.00
104.00,123.00,139.00,123.00,139.00,150.00,104.00,150.00
104.00,123.00,139.00,123.00,139.00,150.00,104.00,150.00
104.00,123.00,139.00,123.00,139.00,150.00,104.00,150.00
104.00,123.00,139.00,123.00,139.00,150.00,104.00,150.00
104.00,123.00,139.00,123.00,139.00,150.00,104.00,150.00
104.00,123.00,139.00,123.00,139.00,150.00,104.00,150.00
104.00,123.00,139.00,123.00,139.00,150.00,104.00,150.00
104.00,123.00,139.00,123.00,139.00,150.00,104.00,150.00
104.00,123.00,139.00,123.00,139.00,150.00,104.00,150.00
104.00,123.00,139.00,123.00,139.00,150.00,104.00,150.00
104.00,123.00,139.00,123.00,139.00,150.00,104.00,150.00
104.00,123.00,139.00,123.00,139.00,150.00,104.00,150.00
104.00,123.00,139.00,123.00,139.00,150.00,104.00,150.00
104.00,123.00,139.00,123.00,139.00,150.00,104.00,150.00
104.00,123.00,139.00,123.00,139.00,150.00,104.00,150.00
104.00,123.00,139.00,123.00,139.00,150.00,104.00,150.00
104.00,123.00,139.00,123.00,139.00,150.00,104.00,150.00
104.00,123.00,139.00,123.00,139.00,150.00,104.00,150.00
104.00,123.00,139.00,123.00,139.00,150.00,104.00,150.00
104.00,123.00,139.00,123.00,139.00,150.00,104.00,150.00
104.00,123.00,139.00,123.00,139.00,150.00,104.00,150.00
104.00,123.00,139.00,123.00,139.00,150.00,104.00,150.00
104.00,123.00,139.00,123.00,139.00,150.00,104.00,150.00
104.00,123.00,139.00,123.00,139.00,150.00,104.00,150.00
104.00,123.00,139.00,123.00,139.00,150.00,104.00,150.00
104.00,123.00,139.00,123.00,139.00,150.00,104.00,150.00
104.00,123.00,139.00,123.00,139.00,150.00,104.00,150.00
104.00,123.00,139.00,123.00,139.00,150.00,104.00,150.00
104.00,123.00,139.00,123.00,139.00,150.00,104.00,150.00
104.00,123.00,139.00,123.00,139.00,150.00,104.00,150.00
104.00,123.00,139.00,123.00,139.00,150.00,104.00,150.00
104.00,123.00,139.00,123.00,139.00,150.00,104.00,150.00
104.00,123.00,139.00,123.00,139.00,150.00,104.00,150.00
104.00,123.00,139.00,123.00,139.00,150.00,104.00,150.00
104.00,123.00,139.00,123.00,139.00,150.00,104.00,150.00
104.00,123.00,139.00,123.00,139.00,150.00,104.00,150.00
104.00,123.00,139.00,123.00,139.00,150.00,104.00,150.00
104.00,123.00,139.00,123.00,139.00,150.00,104.00,150.00
104.00,123.00,139.00,123.00,139.00,150.00,104.00,150.00
104.00,123.00,139.00,123.00,139.00,150.00,104.00,150.00
104.00,123.00,139.00,123.00,139.00,150.00,104.00,150.00
104.00,123.00,139.00,123.00,139.00,150.00,104.00,150.00
104.00,123.00,139.00,123.00,139.00,150.00,104.00,150.00
104.00,123.00,139.00,123.00,139.00,150.00,104.00,150.00
104.00,123.00,139.00,123.00,139.00,150.00,104.00,150.00
104.00,123.00,139.00,123.00,139.00,150.00,104.00,150.00
104.00,123.00,139.00,123.00,139.00,150.00,104.00,150.00
104.00,123.00,139.00,123.00,139.00,150.00,104.00,150.00
104.00,123.00,139.00,123.00,139.00,150.00,104.00,150.00
104.00,123.00,139.00,123.00,139.00,150.00,104.00,150.00
106.00,125.00,136.00,125.00,136.00,148.00,106.00,148.00
105.00,126.00,142.00,126.00,142.00,155.00,105.00,155.00
107.00,124.00,142.00,124.00,142.00,151.00,107.00,151.00
107.00,124.00,142.00,124.00,142.00,151.00,107.00,151.00
107.00,124.00,142.00,124.00,142.00,151.00,107.00,151.00
107.00,124.00,142.00,124.00,142.00,151.00,107.00,151.00
107.00,124.00,142.00,124.00,142.00,151.00,107.00,151.00
107.00,124.00,142.00,124.00,142.00,151.00,107.00,151.00
107.00,124.00,142.00,124.00,142.00,151.00,107.00,151.00
107.00,124.00,142.00,124.00,142.00,151.00,107.00,151.00
107.00,124.00,142.00,124.00,142.00,151.00,107.00,151.00
107.00,124.00,142.00,124.00,142.00,151.00,107.00,151.00
107.00,124.00,142.00,124.00,142.00,151.00,107.00,151.00
107.00,124.00,142.00,124.00,142.00,151.00,107.00,151.00
107.00,124.00,142.00,124.00,142.00,151.00,107.00,151.00
107.00,124.00,142.00,124.00,142.00,151.00,107.00,151.00
107.00,124.00,142.00,124.00,142.00,151.00,107.00,151.00
107.00,124.00,142.00,124.00,142.00,151.00,107.00,151.00
107.00,124.00,142.00,124.00,142.00,151.00,107.00,151.00
107.00,124.00,142.00,124.00,142.00,151.00,107.00,151.00
107.00,124.00,142.00,124.00,142.00,151.00,107.00,151.00
107.00,124.00,142.00,124.00,142.00,151.00,107.00,151.00
111.00,124.00,146.00,124.00,146.00,151.00,111.00,151.00
111.00,124.00,146.00,124.00,146.00,151.00,111.00,151.00
111.00,124.00,146.00,124.00,146.00,151.00,111.00,151.00
111.00,124.00,146.00,124.00,146.00,151.00,111.00,151.00
111.00,124.00,146.00,124.00,146.00,151.00,111.00,151.00
111.00,124.00,146.00,124.00,146.00,151.00,111.00,151.00
111.00,124.00,146.00,124.00,146.00,151.00,111.00,151.00
111.00,124.00,146.00,124.00,146.00,151.00,111.00,151.00
111.00,124.00,146.00,124.00,146.00,151.00,111.00,151.00
111.00,124.00,146.00,124.00,146.00,151.00,111.00,151.00
111.00,124.00,146.00,124.00,146.00,151.00,111.00,151.00
111.00,124.00,146.00,124.00,146.00,151.00,111.00,151.00
111.00,124.00,146.00,124.00,146.00,151.00,111.00,151.00
111.00,124.00,146.00,124.00,146.00,151.00,111.00,151.00
111.00,124.00,146.00,124.00,146.00,151.00,111.00,151.00
111.00,124.00,146.00,124.00,146.00,151.00,111.00,151.00
111.00,124.00,146.00,124.00,146.00,151.00,111.00,151.00
111.00,124.00,146.00,124.00,146.00,151.00,111.00,151.00
111.00,124.00,146.00,124.00,146.00,151.00,111.00,151.00
112.00,121.00,153.00,121.00,153.00,152.00,112.00,152.00
113.00,121.00,151.00,121.00,151.00,150.00,113.00,150.00
113.00,121.00,151.00,121.00,151.00,150.00,113.00,150.00
113.00,121.00,151.00,121.00,151.00,150.00,113.00,150.00
113.00,121.00,151.00,121.00,151.00,150.00,113.00,150.00
113.00,121.00,151.00,121.00,151.00,150.00,113.00,150.00
113.00,121.00,151.00,121.00,151.00,150.00,113.00,150.00
113.00,121.00,151.00,121.00,151.00,150.00,113.00,150.00
113.00,121.00,151.00,121.00,151.00,150.00,113.00,150.00
113.00,121.00,151.00,121.00,151.00,150.00,113.00,150.00
117.00,121.00,155.00,121.00,155.00,150.00,117.00,150.00
117.00,121.00,155.00,121.00,155.00,150.00,117.00,150.00
117.00,121.00,155.00,121.00,155.00,150.00,117.00,150.00
117.00,121.00,155.00,121.00,155.00,150.00,117.00,150.00
117.00,121.00,155.00,121.00,155.00,150.00,117.00,150.00
117.00,121.00,155.00,121.00,155.00,150.00,117.00,150.00
117.00,121.00,155.00,121.00,155.00,150.00,117.00,150.00
117.00,121.00,155.00,121.00,155.00,150.00,117.00,150.00
117.00,121.00,155.00,121.00,155.00,150.00,117.00,150.00
117.00,121.00,155.00,121.00,155.00,150.00,117.00,150.00
123.00,123.00,156.00,123.00,156.00,148.00,123.00,148.00
122.00,122.00,157.00,122.00,157.00,149.00,122.00,149.00
122.00,122.00,157.00,122.00,157.00,149.00,122.00,149.00
122.00,122.00,157.00,122.00,157.00,149.00,122.00,149.00
122.00,122.00,157.00,122.00,157.00,149.00,122.00,149.00
122.00,122.00,157.00,122.00,157.00,149.00,122.00,149.00
122.00,122.00,157.00,122.00,157.00,149.00,122.00,149.00
126.00,122.00,161.00,122.00,161.00,149.00,126.00,149.00
126.00,122.00,161.00,122.00,161.00,149.00,126.00,149.00
126.00,122.00,161.00,122.00,161.00,149.00,126.00,149.00
126.00,122.00,161.00,122.00,161.00,149.00,126.00,149.00
126.00,122.00,161.00,122.00,161.00,149.00,126.00,149.00
126.00,122.00,161.00,122.00,161.00,149.00,126.00,149.00
126.00,122.00,161.00,122.00,161.00,149.00,126.00,149.00
130.00,122.00,165.00,122.00,165.00,149.00,130.00,149.00
130.00,122.00,165.00,122.00,165.00,149.00,130.00,149.00
130.00,122.00,165.00,122.00,165.00,149.00,130.00,149.00
130.00,122.00,165.00,122.00,165.00,149.00,130.00,149.00
130.00,122.00,165.00,122.00,165.00,149.00,130.00,149.00
130.00,122.00,165.00,122.00,165.00,149.00,130.00,149.00
134.00,122.00,169.00,122.00,169.00,149.00,134.00,149.00
134.00,122.00,169.00,122.00,169.00,149.00,134.00,149.00
134.00,122.00,169.00,122.00,169.00,149.00,134.00,149.00
134.00,122.00,169.00,122.00,169.00,149.00,134.00,149.00
134.00,122.00,169.00,122.00,169.00,149.00,134.00,149.00
134.00,122.00,169.00,122.00,169.00,149.00,134.00,149.00
138.00,118.00,173.00,118.00,173.00,145.00,138.00,145.00
138.00,118.00,173.00,118.00,173.00,145.00,138.00,145.00
138.00,118.00,173.00,118.00,173.00,145.00,138.00,145.00
138.00,118.00,173.00,118.00,173.00,145.00,138.00,145.00
138.00,118.00,173.00,118.00,173.00,145.00,138.00,145.00
138.00,118.00,173.00,118.00,173.00,145.00,138.00,145.00
138.00,118.00,173.00,118.00,173.00,145.00,138.00,145.00
142.00,118.00,177.00,118.00,177.00,145.00,142.00,145.00
142.00,118.00,177.00,118.00,177.00,145.00,142.00,145.00
142.00,118.00,177.00,118.00,177.00,145.00,142.00,145.00
142.00,118.00,177.00,118.00,177.00,145.00,142.00,145.00
142.00,118.00,177.00,118.00,177.00,145.00,142.00,145.00
142.00,118.00,177.00,118.00,177.00,145.00,142.00,145.00
142.00,122.00,177.00,122.00,177.00,149.00,142.00,149.00
143.00,119.00,184.00,119.00,184.00,150.00,143.00,150.00
144.00,119.00,182.00,119.00,182.00,148.00,144.00,148.00
144.00,119.00,182.00,119.00,182.00,148.00,144.00,148.00
144.00,119.00,182.00,119.00,182.00,148.00,144.00,148.00
144.00,119.00,182.00,119.00,182.00,148.00,144.00,148.00
144.00,119.00,182.00,119.00,182.00,148.00,144.00,148.00
144.00,119.00,182.00,119.00,182.00,148.00,144.00,148.00
146.00,121.00,179.00,121.00,179.00,146.00,146.00,146.00
145.00,120.00,180.00,120.00,180.00,147.00,145.00,147.00
145.00,120.00,180.00,120.00,180.00,147.00,145.00,147.00
146.00,117.00,187.00,117.00,187.00,148.00,146.00,148.00
147.00,117.00,185.00,117.00,185.00,146.00,147.00,146.00
147.00,117.00,185.00,117.00,185.00,146.00,147.00,146.00
147.00,117.00,185.00,117.00,185.00,146.00,147.00,146.00
147.00,117.00,185.00,117.00,185.00,146.00,147.00,146.00
147.00,117.00,185.00,117.00,185.00,146.00,147.00,146.00
147.00,117.00,185.00,117.00,185.00,146.00,147.00,146.00
147.00,117.00,185.00,117.00,185.00,146.00,147.00,146.00
147.00,117.00,185.00,117.00,185.00,146.00,147.00,146.00
149.00,123.00,182.00,123.00,182.00,148.00,149.00,148.00
148.00,122.00,183.00,122.00,183.00,149.00,148.00,149.00
148.00,122.00,183.00,122.00,183.00,149.00,148.00,149.00
148.00,122.00,183.00,122.00,183.00,149.00,148.00,149.00
148.00,126.00,183.00,126.00,183.00,153.00,148.00,153.00
148.00,126.00,183.00,126.00,183.00,153.00,148.00,153.00
148.00,126.00,183.00,126.00,183.00,153.00,148.00,153.00
148.00,126.00,183.00,126.00,183.00,153.00,148.00,153.00
148.00,126.00,183.00,126.00,183.00,153.00,148.00,153.00
148.00,126.00,183.00,126.00,183.00,153.00,148.00,153.00
148.00,126.00,183.00,126.00,183.00,153.00,148.00,153.00
144.00,123.00,185.00,123.00,185.00,154.00,144.00,154.00
145.00,123.00,183.00,123.00,183.00,152.00,145.00,152.00
145.00,123.00,183.00,123.00,183.00,152.00,145.00,152.00
147.00,121.00,180.00,121.00,180.00,146.00,147.00,146.00
146.00,120.00,181.00,120.00,181.00,147.00,146.00,147.00
146.00,120.00,181.00,120.00,181.00,147.00,146.00,147.00
146.00,120.00,181.00,120.00,181.00,147.00,146.00,147.00
142.00,117.00,183.00,117.00,183.00,148.00,142.00,148.00
143.00,117.00,181.00,117.00,181.00,146.00,143.00,146.00
143.00,117.00,181.00,117.00,181.00,146.00,143.00,146.00
143.00,117.00,181.00,117.00,181.00,146.00,143.00,146.00
142.00,119.00,175.00,119.00,175.00,144.00,142.00,144.00
141.00,118.00,176.00,118.00,176.00,145.00,141.00,145.00
137.00,120.00,178.00,120.00,178.00,151.00,137.00,151.00
138.00,120.00,176.00,120.00,176.00,149.00,138.00,149.00
138.00,120.00,176.00,120.00,176.00,149.00,138.00,149.00
138.00,120.00,176.00,120.00,176.00,149.00,138.00,149.00
138.00,120.00,176.00,120.00,176.00,149.00,138.00,149.00
137.00,126.00,170.00,126.00,170.00,151.00,137.00,151.00
132.00,122.00,173.00,122.00,173.00,153.00,132.00,153.00
133.00,122.00,171.00,122.00,171.00,151.00,133.00,151.00
133.00,122.00,171.00,122.00,171.00,151.00,133.00,151.00
133.00,122.00,171.00,122.00,171.00,151.00,133.00,151.00
137.00,128.00,165.00,128.00,165.00,150.00,137.00,150.00
131.00,123.00,168.00,123.00,168.00,152.00,131.00,152.00
133.00,129.00,168.00,129.00,168.00,156.00,133.00,156.00
129.00,129.00,164.00,129.00,164.00,156.00,129.00,156.00
129.00,129.00,164.00,129.00,164.00,156.00,129.00,156.00
125.00,126.00,165.00,126.00,165.00,157.00,125.00,157.00
127.00,128.00,164.00,128.00,164.00,157.00,127.00,157.00
123.00,129.00,160.00,129.00,160.00,158.00,123.00,158.00
123.00,130.00,160.00,130.00,160.00,159.00,123.00,159.00
127.00,130.00,155.00,130.00,155.00,152.00,127.00,152.00
121.00,130.00,158.00,130.00,158.00,159.00,121.00,159.00
119.00,129.00,159.00,129.00,159.00,160.00,119.00,160.00
121.00,131.00,158.00,131.00,158.00,160.00,121.00,160.00
117.00,127.00,154.00,127.00,154.00,156.00,117.00,156.00
117.00,128.00,154.00,128.00,154.00,157.00,117.00,157.00
117.00,129.00,154.00,129.00,154.00,158.00,117.00,158.00
113.00,126.00,156.00,126.00,156.00,159.00,113.00,159.00
115.00,127.00,155.00,127.00,155.00,158.00,115.00,158.00
111.00,128.00,151.00,128.00,151.00,159.00,111.00,159.00
111.00,129.00,151.00,129.00,151.00,160.00,111.00,160.00
110.00,128.00,145.00,128.00,145.00,155.00,110.00,155.00
108.00,127.00,146.00,127.00,146.00,156.00,108.00,156.00
108.00,127.00,146.00,127.00,146.00,156.00,108.00,156.00
108.00,127.00,146.00,127.00,146.00,156.00,108.00,156.00
104.00,127.00,142.00,127.00,142.00,156.00,104.00,156.00
104.00,127.00,142.00,127.00,142.00,156.00,104.00,156.00
104.00,127.00,142.00,127.00,142.00,156.00,104.00,156.00
100.00,127.00,138.00,127.00,138.00,156.00,100.00,156.00
100.00,127.00,138.00,127.00,138.00,156.00,100.00,156.00
100.00,127.00,138.00,127.00,138.00,156.00,100.00,156.00
96.00,127.00,134.00,127.00,134.00,156.00,96.00,156.00
96.00,127.00,134.00,127.00,134.00,156.00,96.00,156.00
92.00,129.00,136.00,129.00,136.00,163.00,92.00,163.00
93.00,130.00,134.00,130.00,134.00,162.00,93.00,162.00
89.00,126.00,136.00,126.00,136.00,163.00,89.00,163.00
86.00,128.00,130.00,128.00,130.00,162.00,86.00,162.00
86.00,128.00,130.00,128.00,130.00,162.00,86.00,162.00
86.00,128.00,130.00,128.00,130.00,162.00,86.00,162.00
86.00,128.00,130.00,128.00,130.00,162.00,86.00,162.00
81.00,128.00,125.00,128.00,125.00,162.00,81.00,162.00
81.00,128.00,125.00,128.00,125.00,162.00,81.00,162.00
76.00,124.00,127.00,124.00,127.00,163.00,76.00,163.00
78.00,125.00,125.00,125.00,125.00,162.00,78.00,162.00
73.00,126.00,120.00,126.00,120.00,163.00,73.00,163.00
74.00,127.00,122.00,127.00,122.00,164.00,74.00,164.00
74.00,127.00,122.00,127.00,122.00,164.00,74.00,164.00
72.00,130.00,114.00,130.00,114.00,162.00,72.00,162.00
70.00,128.00,115.00,128.00,115.00,163.00,70.00,163.00
70.00,128.00,115.00,128.00,115.00,163.00,70.00,163.00
70.00,128.00,115.00,128.00,115.00,163.00,70.00,163.00
