1
502.00,258.50,502.00,223.50,588.00,223.50,588.00,258.50
502.00,254.50,502.00,219.50,588.00,219.50,588.00,254.50
502.00,254.50,502.00,219.50,588.00,219.50,588.00,254.50
494.00,254.50,494.00,219.50,580.00,219.50,580.00,254.50
494.00,258.50,494.00,223.50,580.00,223.50,580.00,258.50
2
0
0
0
0
1
529.50,311.00,529.50,267.00,620.50,267.00,620.50,311.00
529.50,311.00,529.50,267.00,620.50,267.00,620.50,311.00
521.50,311.00,521.50,267.00,612.50,267.00,612.50,311.00
521.50,311.00,521.50,267.00,612.50,267.00,612.50,311.00
521.50,307.00,521.50,263.00,612.50,263.00,612.50,307.00
521.50,307.00,521.50,263.00,612.50,263.00,612.50,307.00
521.50,303.00,521.50,259.00,612.50,259.00,612.50,303.00
517.50,303.00,517.50,259.00,608.50,259.00,608.50,303.00
513.50,303.00,513.50,259.00,604.50,259.00,604.50,303.00
2
0
0
0
0
1
528.50,368.00,528.50,346.00,629.50,346.00,629.50,368.00
528.50,368.00,528.50,346.00,629.50,346.00,629.50,368.00
528.50,364.00,528.50,342.00,629.50,342.00,629.50,364.00
528.50,364.00,528.50,342.00,629.50,342.00,629.50,364.00
532.50,364.00,532.50,342.00,633.50,342.00,633.50,364.00
532.50,364.00,532.50,342.00,633.50,342.00,633.50,364.00
524.50,364.00,524.50,342.00,625.50,342.00,625.50,364.00
512.50,364.00,512.50,342.00,613.50,342.00,613.50,364.00
504.50,364.00,504.50,342.00,605.50,342.00,605.50,364.00
504.50,364.00,504.50,342.00,605.50,342.00,605.50,364.00
500.50,364.00,500.50,342.00,601.50,342.00,601.50,364.00
500.50,364.00,500.50,342.00,601.50,342.00,601.50,364.00
500.50,364.00,500.50,342.00,601.50,342.00,601.50,364.00
500.50,364.00,500.50,342.00,601.50,342.00,601.50,364.00
516.50,360.00,516.50,338.00,617.50,338.00,617.50,360.00
512.50,356.00,512.50,334.00,613.50,334.00,613.50,356.00
516.50,356.00,516.50,334.00,617.50,334.00,617.50,356.00
520.50,360.00,520.50,338.00,621.50,338.00,621.50,360.00
520.50,356.00,520.50,334.00,621.50,334.00,621.50,356.00
512.50,352.00,512.50,330.00,613.50,330.00,613.50,352.00
512.50,348.00,512.50,326.00,613.50,326.00,613.50,348.00
512.50,344.00,512.50,322.00,613.50,322.00,613.50,344.00
512.50,344.00,512.50,322.00,613.50,322.00,613.50,344.00
512.50,340.00,512.50,318.00,613.50,318.00,613.50,340.00
528.50,336.00,528.50,314.00,629.50,314.00,629.50,336.00
524.50,336.00,524.50,314.00,625.50,314.00,625.50,336.00
500.50,336.00,500.50,314.00,601.50,314.00,601.50,336.00
500.50,336.00,500.50,314.00,601.50,314.00,601.50,336.00
500.50,336.00,500.50,314.00,601.50,314.00,601.50,336.00
508.50,336.00,508.50,314.00,609.50,314.00,609.50,336.00
512.50,336.00,512.50,314.00,613.50,314.00,613.50,336.00
504.50,336.00,504.50,314.00,605.50,314.00,605.50,336.00
528.50,332.00,528.50,310.00,629.50,310.00,629.50,332.00
500.50,332.00,500.50,310.00,601.50,310.00,601.50,332.00
524.50,332.00,524.50,310.00,625.50,310.00,625.50,332.00
524.50,332.00,524.50,310.00,625.50,310.00,625.50,332.00
2
0
0
0
0
1
538.00,387.00,538.00,357.00,586.00,357.00,586.00,387.00
538.00,387.00,538.00,357.00,586.00,357.00,586.00,387.00
538.00,391.00,538.00,361.00,586.00,361.00,586.00,391.00
538.00,391.00,538.00,361.00,586.00,361.00,586.00,391.00
534.00,383.00,534.00,353.00,582.00,353.00,582.00,383.00
538.00,379.00,538.00,349.00,586.00,349.00,586.00,379.00
538.00,383.00,538.00,353.00,586.00,353.00,586.00,383.00
542.00,379.00,542.00,349.00,590.00,349.00,590.00,379.00
542.00,379.00,542.00,349.00,590.00,349.00,590.00,379.00
542.00,379.00,542.00,349.00,590.00,349.00,590.00,379.00
538.00,379.00,538.00,349.00,586.00,349.00,586.00,379.00
538.00,379.00,538.00,349.00,586.00,349.00,586.00,379.00
542.00,375.00,542.00,345.00,590.00,345.00,590.00,375.00
550.00,375.00,550.00,345.00,598.00,345.00,598.00,375.00
538.00,375.00,538.00,345.00,586.00,345.00,586.00,375.00
542.00,371.00,542.00,341.00,590.00,341.00,590.00,371.00
542.00,375.00,542.00,345.00,590.00,345.00,590.00,375.00
550.00,375.00,550.00,345.00,598.00,345.00,598.00,375.00
554.00,379.00,554.00,349.00,602.00,349.00,602.00,379.00
566.00,379.00,566.00,349.00,614.00,349.00,614.00,379.00
550.00,383.00,550.00,353.00,598.00,353.00,598.00,383.00
554.00,383.00,554.00,353.00,602.00,353.00,602.00,383.00
570.00,383.00,570.00,353.00,618.00,353.00,618.00,383.00
578.00,379.00,578.00,349.00,626.00,349.00,626.00,379.00
586.00,379.00,586.00,349.00,634.00,349.00,634.00,379.00
606.00,375.00,606.00,345.00,654.00,345.00,654.00,375.00
610.00,375.00,610.00,345.00,658.00,345.00,658.00,375.00
606.00,383.00,606.00,353.00,654.00,353.00,654.00,383.00
606.00,383.00,606.00,353.00,654.00,353.00,654.00,383.00
610.00,391.00,610.00,361.00,658.00,361.00,658.00,391.00
610.00,391.00,610.00,361.00,658.00,361.00,658.00,391.00
610.00,391.00,610.00,361.00,658.00,361.00,658.00,391.00
610.00,391.00,610.00,361.00,658.00,361.00,658.00,391.00
614.00,379.00,614.00,349.00,662.00,349.00,662.00,379.00
2
0
0
0
0
1
588.50,400.00,588.50,370.00,687.50,370.00,687.50,400.00
588.50,396.00,588.50,366.00,687.50,366.00,687.50,396.00
580.50,400.00,580.50,370.00,679.50,370.00,679.50,400.00
580.50,400.00,580.50,370.00,679.50,370.00,679.50,400.00
584.50,400.00,584.50,370.00,683.50,370.00,683.50,400.00
580.50,400.00,580.50,370.00,679.50,370.00,679.50,400.00
2
0
0
0
0
1
587.50,330.50,587.50,277.50,660.50,277.50,660.50,330.50
587.50,322.50,587.50,269.50,660.50,269.50,660.50,322.50
583.50,318.50,583.50,265.50,656.50,265.50,656.50,318.50
583.50,330.50,583.50,277.50,656.50,277.50,656.50,330.50
587.50,326.50,587.50,273.50,660.50,273.50,660.50,326.50
583.50,306.50,583.50,253.50,656.50,253.50,656.50,306.50
587.50,298.50,587.50,245.50,660.50,245.50,660.50,298.50
587.50,298.50,587.50,245.50,660.50,245.50,660.50,298.50
599.50,278.50,599.50,225.50,672.50,225.50,672.50,278.50
587.50,290.50,587.50,237.50,660.50,237.50,660.50,290.50
579.50,286.50,579.50,233.50,652.50,233.50,652.50,286.50
579.50,294.50,579.50,241.50,652.50,241.50,652.50,294.50
579.50,294.50,579.50,241.50,652.50,241.50,652.50,294.50
575.50,290.50,575.50,237.50,648.50,237.50,648.50,290.50
583.50,270.50,583.50,217.50,656.50,217.50,656.50,270.50
583.50,262.50,583.50,209.50,656.50,209.50,656.50,262.50
583.50,266.50,583.50,213.50,656.50,213.50,656.50,266.50
567.50,270.50,567.50,217.50,640.50,217.50,640.50,270.50
567.50,270.50,567.50,217.50,640.50,217.50,640.50,270.50
579.50,266.50,579.50,213.50,652.50,213.50,652.50,266.50
583.50,254.50,583.50,201.50,656.50,201.50,656.50,254.50
2
0
0
0
0
1
568.50,299.50,568.50,252.50,663.50,252.50,663.50,299.50
568.50,299.50,568.50,252.50,663.50,252.50,663.50,299.50
564.50,299.50,564.50,252.50,659.50,252.50,659.50,299.50
564.50,303.50,564.50,256.50,659.50,256.50,659.50,303.50
564.50,315.50,564.50,268.50,659.50,268.50,659.50,315.50
564.50,319.50,564.50,272.50,659.50,272.50,659.50,319.50
564.50,323.50,564.50,276.50,659.50,276.50,659.50,323.50
564.50,335.50,564.50,288.50,659.50,288.50,659.50,335.50
2
0
0
0
0
1
583.50,402.00,583.50,346.00,678.50,346.00,678.50,402.00
583.50,402.00,583.50,346.00,678.50,346.00,678.50,402.00
579.50,402.00,579.50,346.00,674.50,346.00,674.50,402.00
583.50,398.00,583.50,342.00,678.50,342.00,678.50,398.00
583.50,402.00,583.50,346.00,678.50,346.00,678.50,402.00
579.50,402.00,579.50,346.00,674.50,346.00,674.50,402.00
579.50,402.00,579.50,346.00,674.50,346.00,674.50,402.00
579.50,402.00,579.50,346.00,674.50,346.00,674.50,402.00
579.50,402.00,579.50,346.00,674.50,346.00,674.50,402.00
583.50,402.00,583.50,346.00,678.50,346.00,678.50,402.00
583.50,406.00,583.50,350.00,678.50,350.00,678.50,406.00
583.50,402.00,583.50,346.00,678.50,346.00,678.50,402.00
583.50,402.00,583.50,346.00,678.50,346.00,678.50,402.00
579.50,402.00,579.50,346.00,674.50,346.00,674.50,402.00
571.50,410.00,571.50,354.00,666.50,354.00,666.50,410.00
575.50,410.00,575.50,354.00,670.50,354.00,670.50,410.00
579.50,406.00,579.50,350.00,674.50,350.00,674.50,406.00
579.50,406.00,579.50,350.00,674.50,350.00,674.50,406.00
575.50,410.00,575.50,354.00,670.50,354.00,670.50,410.00
571.50,410.00,571.50,354.00,666.50,354.00,666.50,410.00
571.50,410.00,571.50,354.00,666.50,354.00,666.50,410.00
571.50,414.00,571.50,358.00,666.50,358.00,666.50,414.00
571.50,410.00,571.50,354.00,666.50,354.00,666.50,410.00
575.50,406.00,575.50,350.00,670.50,350.00,670.50,406.00
567.50,406.00,567.50,350.00,662.50,350.00,662.50,406.00
571.50,406.00,571.50,350.00,666.50,350.00,666.50,406.00
567.50,402.00,567.50,346.00,662.50,346.00,662.50,402.00
571.50,402.00,571.50,346.00,666.50,346.00,666.50,402.00
575.50,402.00,575.50,346.00,670.50,346.00,670.50,402.00
2
0
0
0
0
1
596.50,325.50,596.50,302.50,657.50,302.50,657.50,325.50
592.50,329.50,592.50,306.50,653.50,306.50,653.50,329.50
592.50,329.50,592.50,306.50,653.50,306.50,653.50,329.50
592.50,329.50,592.50,306.50,653.50,306.50,653.50,329.50
592.50,329.50,592.50,306.50,653.50,306.50,653.50,329.50
592.50,329.50,592.50,306.50,653.50,306.50,653.50,329.50
592.50,325.50,592.50,302.50,653.50,302.50,653.50,325.50
592.50,329.50,592.50,306.50,653.50,306.50,653.50,329.50
592.50,329.50,592.50,306.50,653.50,306.50,653.50,329.50
592.50,333.50,592.50,310.50,653.50,310.50,653.50,333.50
588.50,333.50,588.50,310.50,649.50,310.50,649.50,333.50
588.50,333.50,588.50,310.50,649.50,310.50,649.50,333.50
588.50,337.50,588.50,314.50,649.50,314.50,649.50,337.50
600.50,333.50,600.50,310.50,661.50,310.50,661.50,333.50
604.50,333.50,604.50,310.50,665.50,310.50,665.50,333.50
604.50,337.50,604.50,314.50,665.50,314.50,665.50,337.50
624.50,333.50,624.50,310.50,685.50,310.50,685.50,333.50
632.50,329.50,632.50,306.50,693.50,306.50,693.50,329.50
632.50,329.50,632.50,306.50,693.50,306.50,693.50,329.50
628.50,321.50,628.50,298.50,689.50,298.50,689.50,321.50
628.50,321.50,628.50,298.50,689.50,298.50,689.50,321.50
2
0
0
0
0
1
594.00,409.50,594.00,356.50,680.00,356.50,680.00,409.50
594.00,413.50,594.00,360.50,680.00,360.50,680.00,413.50
594.00,417.50,594.00,364.50,680.00,364.50,680.00,417.50
598.00,425.50,598.00,372.50,684.00,372.50,684.00,425.50
598.00,433.50,598.00,380.50,684.00,380.50,684.00,433.50
602.00,437.50,602.00,384.50,688.00,384.50,688.00,437.50
590.00,425.50,590.00,372.50,676.00,372.50,676.00,425.50
602.00,437.50,602.00,384.50,688.00,384.50,688.00,437.50
606.00,437.50,606.00,384.50,692.00,384.50,692.00,437.50
606.00,437.50,606.00,384.50,692.00,384.50,692.00,437.50
606.00,429.50,606.00,376.50,692.00,376.50,692.00,429.50
602.00,425.50,602.00,372.50,688.00,372.50,688.00,425.50
606.00,425.50,606.00,372.50,692.00,372.50,692.00,425.50
606.00,425.50,606.00,372.50,692.00,372.50,692.00,425.50
602.00,421.50,602.00,368.50,688.00,368.50,688.00,421.50
590.00,413.50,590.00,360.50,676.00,360.50,676.00,413.50
590.00,409.50,590.00,356.50,676.00,356.50,676.00,409.50
590.00,413.50,590.00,360.50,676.00,360.50,676.00,413.50
586.00,405.50,586.00,352.50,672.00,352.50,672.00,405.50
582.00,405.50,582.00,352.50,668.00,352.50,668.00,405.50
586.00,401.50,586.00,348.50,672.00,348.50,672.00,401.50
578.00,397.50,578.00,344.50,664.00,344.50,664.00,397.50
578.00,393.50,578.00,340.50,664.00,340.50,664.00,393.50
578.00,389.50,578.00,336.50,664.00,336.50,664.00,389.50
574.00,385.50,574.00,332.50,660.00,332.50,660.00,385.50
578.00,381.50,578.00,328.50,664.00,328.50,664.00,381.50
578.00,369.50,578.00,316.50,664.00,316.50,664.00,369.50
578.00,365.50,578.00,312.50,664.00,312.50,664.00,365.50
582.00,361.50,582.00,308.50,668.00,308.50,668.00,361.50
590.00,353.50,590.00,300.50,676.00,300.50,676.00,353.50
574.00,361.50,574.00,308.50,660.00,308.50,660.00,361.50
582.00,341.50,582.00,288.50,668.00,288.50,668.00,341.50
578.00,341.50,578.00,288.50,664.00,288.50,664.00,341.50
578.00,337.50,578.00,284.50,664.00,284.50,664.00,337.50
578.00,333.50,578.00,280.50,664.00,280.50,664.00,333.50
582.00,329.50,582.00,276.50,668.00,276.50,668.00,329.50
578.00,329.50,578.00,276.50,664.00,276.50,664.00,329.50
578.00,325.50,578.00,272.50,664.00,272.50,664.00,325.50
578.00,325.50,578.00,272.50,664.00,272.50,664.00,325.50
578.00,325.50,578.00,272.50,664.00,272.50,664.00,325.50
574.00,325.50,574.00,272.50,660.00,272.50,660.00,325.50
582.00,321.50,582.00,268.50,668.00,268.50,668.00,321.50
566.00,329.50,566.00,276.50,652.00,276.50,652.00,329.50
566.00,333.50,566.00,280.50,652.00,280.50,652.00,333.50
566.00,329.50,566.00,276.50,652.00,276.50,652.00,329.50
582.00,321.50,582.00,268.50,668.00,268.50,668.00,321.50
586.00,329.50,586.00,276.50,672.00,276.50,672.00,329.50
586.00,337.50,586.00,284.50,672.00,284.50,672.00,337.50
562.00,349.50,562.00,296.50,648.00,296.50,648.00,349.50
566.00,361.50,566.00,308.50,652.00,308.50,652.00,361.50
558.00,361.50,558.00,308.50,644.00,308.50,644.00,361.50
578.00,361.50,578.00,308.50,664.00,308.50,664.00,361.50
582.00,365.50,582.00,312.50,668.00,312.50,668.00,365.50
558.00,377.50,558.00,324.50,644.00,324.50,644.00,377.50
558.00,385.50,558.00,332.50,644.00,332.50,644.00,385.50
554.00,393.50,554.00,340.50,640.00,340.50,640.00,393.50
574.00,393.50,574.00,340.50,660.00,340.50,660.00,393.50
578.00,401.50,578.00,348.50,664.00,348.50,664.00,401.50
558.00,393.50,558.00,340.50,644.00,340.50,644.00,393.50
550.00,389.50,550.00,336.50,636.00,336.50,636.00,389.50
2
0
0
0
0
1
610.50,432.00,610.50,392.00,659.50,392.00,659.50,432.00
614.50,436.00,614.50,396.00,663.50,396.00,663.50,436.00
618.50,440.00,618.50,400.00,667.50,400.00,667.50,440.00
622.50,440.00,622.50,400.00,671.50,400.00,671.50,440.00
626.50,440.00,626.50,400.00,675.50,400.00,675.50,440.00
618.50,432.00,618.50,392.00,667.50,392.00,667.50,432.00
618.50,436.00,618.50,396.00,667.50,396.00,667.50,436.00
626.50,436.00,626.50,396.00,675.50,396.00,675.50,436.00
642.50,440.00,642.50,400.00,691.50,400.00,691.50,440.00
646.50,444.00,646.50,404.00,695.50,404.00,695.50,444.00
626.50,456.00,626.50,416.00,675.50,416.00,675.50,456.00
630.50,452.00,630.50,412.00,679.50,412.00,679.50,452.00
622.50,452.00,622.50,412.00,671.50,412.00,671.50,452.00
622.50,452.00,622.50,412.00,671.50,412.00,671.50,452.00
618.50,452.00,618.50,412.00,667.50,412.00,667.50,452.00
618.50,448.00,618.50,408.00,667.50,408.00,667.50,448.00
614.50,448.00,614.50,408.00,663.50,408.00,663.50,448.00
626.50,444.00,626.50,404.00,675.50,404.00,675.50,444.00
614.50,444.00,614.50,404.00,663.50,404.00,663.50,444.00
614.50,444.00,614.50,404.00,663.50,404.00,663.50,444.00
594.50,444.00,594.50,404.00,643.50,404.00,643.50,444.00
614.50,440.00,614.50,400.00,663.50,400.00,663.50,440.00
614.50,440.00,614.50,400.00,663.50,400.00,663.50,440.00
594.50,436.00,594.50,396.00,643.50,396.00,643.50,436.00
606.50,420.00,606.50,380.00,655.50,380.00,655.50,420.00
610.50,424.00,610.50,384.00,659.50,384.00,659.50,424.00
610.50,424.00,610.50,384.00,659.50,384.00,659.50,424.00
610.50,436.00,610.50,396.00,659.50,396.00,659.50,436.00
610.50,436.00,610.50,396.00,659.50,396.00,659.50,436.00
606.50,436.00,606.50,396.00,655.50,396.00,655.50,436.00
2
0
0
0
0
1
405.50,404.50,405.50,341.50,456.50,341.50,456.50,404.50
397.50,408.50,397.50,345.50,448.50,345.50,448.50,408.50
389.50,408.50,389.50,345.50,440.50,345.50,440.50,408.50
2
0
0
0
0
1
190.00,381.50,190.00,348.50,248.00,348.50,248.00,381.50
2
0
0
