1
788.000000,264.000000,100.000000,168.000000
800.000000,252.000000,92.000000,196.000000
796.000000,256.000000,88.000000,192.000000
792.000000,256.000000,88.000000,196.000000
788.000000,280.000000,108.000000,160.000000
780.000000,256.000000,120.000000,172.000000
768.000000,296.000000,144.000000,132.000000
776.000000,292.000000,148.000000,120.000000
760.000000,264.000000,152.000000,148.000000
768.000000,276.000000,172.000000,124.000000
768.000000,264.000000,172.000000,144.000000
784.000000,236.000000,148.000000,168.000000
780.000000,248.000000,164.000000,140.000000
780.000000,268.000000,176.000000,140.000000
756.000000,256.000000,208.000000,132.000000
740.000000,248.000000,228.000000,140.000000
748.000000,240.000000,228.000000,148.000000
744.000000,244.000000,248.000000,136.000000
744.000000,236.000000,248.000000,140.000000
740.000000,236.000000,252.000000,140.000000
716.000000,228.000000,280.000000,144.000000
700.000000,216.000000,308.000000,156.000000
676.000000,216.000000,320.000000,148.000000
688.000000,200.000000,324.000000,164.000000
716.000000,208.000000,292.000000,156.000000
748.000000,208.000000,288.000000,136.000000
704.000000,212.000000,316.000000,152.000000
704.000000,232.000000,320.000000,124.000000
700.000000,236.000000,324.000000,128.000000
692.000000,240.000000,348.000000,120.000000
708.000000,228.000000,320.000000,120.000000
752.000000,196.000000,296.000000,160.000000
776.000000,212.000000,284.000000,164.000000
800.000000,204.000000,252.000000,156.000000
792.000000,204.000000,260.000000,168.000000
796.000000,192.000000,232.000000,180.000000
796.000000,184.000000,224.000000,188.000000
808.000000,200.000000,216.000000,176.000000
816.000000,208.000000,192.000000,180.000000
808.000000,208.000000,188.000000,168.000000
792.000000,216.000000,200.000000,164.000000
792.000000,204.000000,184.000000,176.000000
780.000000,224.000000,188.000000,156.000000
780.000000,224.000000,188.000000,148.000000
760.000000,220.000000,208.000000,176.000000
756.000000,232.000000,196.000000,164.000000
764.000000,212.000000,168.000000,192.000000
764.000000,224.000000,168.000000,180.000000
760.000000,232.000000,164.000000,172.000000
760.000000,244.000000,144.000000,148.000000
748.000000,260.000000,148.000000,136.000000
740.000000,252.000000,144.000000,148.000000
728.000000,276.000000,148.000000,120.000000
724.000000,284.000000,136.000000,124.000000
720.000000,280.000000,124.000000,132.000000
720.000000,296.000000,108.000000,128.000000
716.000000,304.000000,96.000000,120.000000
696.000000,312.000000,120.000000,120.000000
692.000000,312.000000,108.000000,120.000000
668.000000,312.000000,136.000000,120.000000
656.000000,308.000000,140.000000,120.000000
632.000000,312.000000,176.000000,120.000000
620.000000,320.000000,188.000000,120.000000
628.000000,328.000000,160.000000,124.000000
620.000000,332.000000,156.000000,120.000000
620.000000,336.000000,136.000000,120.000000
624.000000,344.000000,116.000000,124.000000
624.000000,356.000000,104.000000,120.000000
616.000000,364.000000,108.000000,124.000000
620.000000,360.000000,88.000000,120.000000
604.000000,368.000000,108.000000,120.000000
592.000000,372.000000,120.000000,120.000000
592.000000,376.000000,108.000000,120.000000
576.000000,372.000000,128.000000,120.000000
592.000000,380.000000,84.000000,120.000000
