1
69.000000,65.000000,70.000000,270.000000
69.000000,65.000000,70.000000,270.000000
73.304283,66.349998,69.300003,267.299988
77.258568,66.349998,69.300003,267.299988
81.363251,67.018250,68.953499,265.963501
81.190865,66.353340,69.298271,267.293304
85.596321,68.358040,68.258797,263.283905
89.629822,69.016251,67.917496,261.967499
93.809410,70.326088,67.238327,259.347809
93.809410,70.326088,67.238327,259.347809
97.649406,70.326088,67.238327,259.347809
101.925125,72.271194,66.229752,255.457611
105.553833,67.838264,66.560898,256.734894
105.720238,72.251534,66.228096,255.451218
109.634384,72.890160,65.896950,254.173965
113.382950,72.890160,65.896950,254.173965
117.131523,72.890160,65.896950,254.173965
117.296265,73.525597,65.567467,252.903091
121.185898,74.157852,65.239632,251.638580
124.608269,72.899658,65.892029,254.154968
128.805313,74.805824,64.903648,250.342636
128.805313,74.805824,64.903648,250.342636
132.508179,74.805824,64.903648,250.342636
136.629242,76.683395,63.930092,246.587494
136.629242,76.683395,63.930092,246.587494
140.560318,77.916328,63.290791,244.121628
144.171753,77.916328,63.290791,244.121628
144.329971,78.526634,62.974339,242.901016
147.918549,78.526634,62.974339,242.901016
151.933716,80.348389,62.029724,239.257507
155.189270,79.152107,62.650021,241.650070
155.502533,80.360352,62.023521,239.233582
159.309784,81.556526,61.403286,236.841232
159.309784,81.556526,61.403286,236.841232
162.676285,77.444420,61.710300,238.025452
166.590530,79.229614,60.784645,234.455063
169.912857,78.643471,61.088570,235.627335
170.065582,79.232544,60.783127,234.449203
173.798065,80.404785,60.175297,232.104706
177.226639,80.404785,60.175297,232.104706
177.377075,80.985046,59.874420,230.944183
181.059311,82.139771,59.275673,228.634750
184.293976,81.568184,59.572052,229.777924
184.293976,81.568184,59.572052,229.777924
184.591827,82.717072,58.976334,227.480133
188.201004,83.854477,58.386570,225.205338
191.907471,85.543510,57.510769,221.827255
191.907471,85.543510,57.510769,221.827255
195.176041,85.543510,57.510769,221.827255
198.323700,81.697517,57.798325,222.936401
198.757187,83.369537,56.931351,219.592346
198.899506,83.918518,56.646694,218.494385
201.884842,82.826050,57.213161,220.679337
205.273590,83.377747,56.927094,219.575928
205.415909,83.926689,56.642460,218.478058
208.899124,85.019073,56.076035,216.293274
208.618744,83.937614,56.636795,218.456207
211.960342,84.483749,56.353611,217.363922
212.382996,86.113983,55.508305,214.103470
215.676041,86.649239,55.230766,213.032944
215.814117,84.050392,54.954613,211.967789
218.693634,82.990555,55.504158,214.087463
218.971161,84.060989,54.949116,211.946594
222.217102,84.590858,54.674370,210.886856
222.627151,86.172508,53.854256,207.723557
225.690018,86.172508,53.854256,207.723557
225.555374,85.653198,54.123524,208.762177
228.753540,86.175110,53.852909,207.718353
229.022812,87.213699,53.314381,205.641174
229.156097,87.727798,53.047806,204.612976
232.283005,88.239334,52.782566,203.589905
232.019089,87.221382,53.310394,205.625809
235.279922,88.249512,52.777290,203.569550
235.279922,88.249512,52.777290,203.569550
235.279922,88.249512,52.777290,203.569550
238.515244,86.295929,52.249516,201.533844
238.645859,86.799767,51.988270,200.526184
241.487320,86.298454,52.248211,201.528809
241.748566,87.306091,51.725727,199.513519
244.803589,87.804878,51.467098,198.515961
244.803589,87.804878,51.467098,198.515961
244.674927,87.308586,51.724434,199.508530
247.859268,88.306129,51.207191,197.513458
250.784973,88.306129,51.207191,197.513458
251.041016,89.293701,50.695118,195.538315
251.041016,89.293701,50.695118,195.538315
254.047745,89.782547,50.441643,194.560623
254.426056,88.407463,49.685020,191.642212
254.426056,88.407463,49.685020,191.642212
254.177643,87.449249,50.181870,193.558640
257.034790,87.449249,50.181870,193.558640
257.160248,87.933151,49.930958,192.590851
257.409882,88.896103,49.431648,190.664932
259.997009,87.942780,49.925968,192.571579
262.956116,88.424210,49.676338,191.608734
262.956116,88.424210,49.676338,191.608734
263.080322,88.903229,49.427956,190.650681
265.992462,89.379860,49.180817,189.697433
266.238342,90.328346,48.689007,187.800461
266.238342,90.328346,48.689007,187.800461
266.603516,91.736847,47.958672,184.983444
269.226471,91.274391,48.198467,185.908371
269.346985,91.739159,47.957474,184.978821
272.066986,91.739159,47.957474,184.978821
272.066986,91.739159,47.957474,184.978821
272.186859,92.201607,47.717686,184.053925
275.219025,93.582008,47.001919,181.293121
278.105469,94.488480,46.531902,179.480194
278.105469,94.488480,46.531902,179.480194
278.221802,94.937180,46.299240,178.582794
280.757477,94.490723,46.530739,179.475708
280.757477,94.490723,46.530739,179.475708
281.106476,93.231071,45.832775,176.783569
281.106476,93.231071,45.832775,176.783569
280.877319,92.347153,46.291103,178.551407
283.714478,93.239914,45.828194,176.765884
283.943604,94.123741,45.369911,174.998230
283.830200,91.103386,45.596760,175.873215
283.830200,91.103386,45.596760,175.873215
283.830200,91.103386,45.596760,175.873215
283.830200,91.103386,45.596760,175.873215
286.732178,92.422440,44.912811,173.235123
286.844452,92.855530,44.688244,172.368942
286.732727,89.864601,44.911686,173.230789
287.069580,93.678123,44.238010,170.632324
286.958984,93.251541,44.459202,171.485489
287.070129,93.680252,44.236904,170.628067
287.180725,94.106827,44.015720,169.774918
287.400787,94.955696,43.575565,168.077179
287.400787,92.487129,43.575565,168.077179
287.400787,92.487129,43.575565,168.077179
287.727600,93.747704,42.921932,165.556015
287.727600,93.747704,42.921932,165.556015
287.405701,92.506035,43.565758,168.039352
289.983185,90.457565,43.347931,167.199158
290.199921,91.293556,42.914452,165.527176
292.837341,92.121193,42.485306,163.871902
292.837341,92.121193,42.485306,163.871902
292.624908,91.301834,42.910160,165.510620
295.155060,91.715614,42.695610,164.683060
295.368530,92.539024,42.268654,163.036240
297.685730,92.131439,42.479996,163.851410
297.791931,92.541061,42.267597,163.032150
300.191925,92.541061,42.267597,163.032150
300.297577,92.948647,42.056259,162.216995
300.613007,94.165276,41.425415,159.783737
303.070862,94.564728,41.218288,158.984818
305.608368,95.359657,40.806103,157.394974
305.608368,95.359657,40.806103,157.394974
305.710388,95.753143,40.602074,156.608002
307.940308,95.361626,40.805084,157.391037
308.042328,95.755104,40.601059,156.604080
310.350891,95.755104,40.601059,156.604080
310.655396,96.929634,39.992043,154.255020
310.755402,97.315269,39.792084,153.483749
313.270966,98.466400,39.195202,151.181488
313.270966,98.466400,39.195202,151.181488
313.270966,98.466400,39.195202,151.181488
313.466949,99.222305,38.803249,149.669678
315.855255,99.970650,38.415218,148.172974
315.759216,99.600220,38.607292,148.913849
315.855743,99.972504,38.414257,148.169281
315.759705,99.602081,38.606327,148.910126
315.759705,99.602081,38.606327,148.910126
315.566650,96.640388,38.992390,150.399216
318.053375,99.962669,38.407505,148.143234
318.341461,98.925171,37.831394,145.921082
318.530609,99.654778,37.453079,144.461868
318.624237,100.015930,37.265812,143.739563
318.624237,100.015930,37.265812,143.739563
320.820251,100.375282,37.079483,143.020874
320.912964,100.732834,36.894089,142.305771
321.005188,101.088600,36.709618,141.594238
321.096954,101.442581,36.526070,140.886261
323.336731,102.147011,36.160809,139.477402
323.065521,99.020935,36.703220,141.569565
323.065521,99.020935,36.703220,141.569565
325.397949,100.082703,36.152672,139.446014
325.578705,100.779938,35.791145,138.051559
325.578705,100.779938,35.791145,138.051559
327.769104,101.470192,35.433235,136.671036
327.769104,101.470192,35.433235,136.671036
327.946259,102.153549,35.078899,135.304337
328.033966,102.491806,34.903507,134.627808
330.086945,102.828377,34.728989,133.954666
330.000122,102.493492,34.902634,134.624451
330.000122,102.493492,34.902634,134.624451
332.053070,102.830055,34.728123,133.951324
332.053070,102.830055,34.728123,133.951324
331.966248,102.495171,34.901760,134.621078
334.019226,102.831726,34.727253,133.947968
334.019226,102.831726,34.727253,133.947968
334.279694,103.836334,34.206345,131.938751
334.365204,104.166183,34.035313,131.279068
336.455383,104.822578,33.694958,129.966263
336.455383,104.822578,33.694958,129.966263
336.539612,105.147491,33.526485,129.316437
338.581543,105.794075,33.191219,128.023270
338.664520,106.114136,33.025265,127.383156
338.747070,106.432594,32.860138,126.746239
338.664917,106.115730,33.024437,127.379974
338.912598,107.071075,32.529072,125.469276
340.903839,107.698425,32.203781,124.214584
340.823303,107.387886,32.364799,124.835655
340.823303,107.387886,32.364799,124.835655
340.742401,105.224373,32.526623,125.459831
340.986359,107.993889,32.038723,123.577934
341.066437,106.497124,31.878531,122.960045
341.066437,106.497124,31.878531,122.960045
343.008698,107.111923,31.559746,121.730446
342.850891,106.503265,31.875343,122.947746
342.930603,106.810638,31.715965,122.333008
342.930603,106.810638,31.715965,122.333008
344.792725,107.116470,31.557386,121.721344
344.871643,107.420776,31.399599,121.112740
344.871643,107.420776,31.399599,121.112740
344.950134,105.940697,31.242601,120.507172
345.184448,106.844505,30.773962,118.699570
345.184448,106.844505,30.773962,118.699570
345.184448,106.844505,30.773962,118.699570
345.184448,106.844505,30.773962,118.699570
345.261383,105.404106,30.620092,118.106071
345.491028,108.004189,30.160791,116.334480
345.566437,106.580742,30.009987,115.752808
347.332886,106.870125,29.859938,115.174042
347.332886,106.870125,29.859938,115.174042
347.332886,106.870125,29.859938,115.174042
347.332886,106.870125,29.859938,115.174042
347.332886,106.870125,29.859938,115.174042
347.332886,106.870125,29.859938,115.174042
347.407532,107.158058,29.710638,114.598175
347.407532,107.158058,29.710638,114.598175
347.630371,108.017540,29.264978,112.879196
347.630371,108.017540,29.264978,112.879196
347.630371,108.017540,29.264978,112.879196
347.703522,108.299744,29.118652,112.314804
347.921906,109.142105,28.681873,110.630081
347.921906,109.142105,28.681873,110.630081
347.993622,107.795822,28.538464,110.076927
347.922272,109.143486,28.681156,110.627319
348.065674,108.096619,28.394344,109.521042
348.136658,109.970421,28.252373,108.973434
348.277924,108.938148,27.969849,107.883705
348.347870,110.785004,27.830000,107.344284
348.417419,109.476219,27.690849,106.807564
348.348206,110.786339,27.829304,107.341599
348.417786,109.477554,27.690157,106.804893
348.348541,110.787682,27.828608,107.338921
348.557281,111.592728,27.411179,105.728836
348.557281,111.592728,27.411179,105.728836
348.557281,111.592728,27.411179,105.728836
348.557281,111.592728,27.411179,105.728836
348.762848,112.385689,27.000011,104.142899
348.965363,113.166763,26.595011,102.580757
348.965363,113.166763,26.595011,102.580757
348.965363,113.166763,26.595011,102.580757
348.898865,112.910309,26.727985,103.093658
349.032501,113.425781,26.460707,102.062721
349.032501,113.425781,26.460707,102.062721
349.032501,113.425781,26.460707,102.062721
349.032501,113.425781,26.460707,102.062721
349.032501,113.425781,26.460707,102.062721
349.032501,113.425781,26.460707,102.062721
349.164795,113.936096,26.196100,101.042099
349.361267,114.693909,25.803158,99.526466
349.361267,114.693909,25.803158,99.526466
349.361267,114.693909,25.803158,99.526466
349.490295,115.191544,25.545126,98.531204
349.490295,115.191544,25.545126,98.531204
351.099030,115.930527,25.161949,97.053230
351.161926,114.756020,25.036140,96.567970
351.161926,114.756020,25.036140,96.567970
351.099335,114.514595,25.161320,97.050804
351.225159,114.999847,24.909708,96.080299
351.225159,114.999847,24.909708,96.080299
351.287415,115.240051,24.785158,95.599899
351.287415,115.240051,24.785158,95.599899
351.411346,115.718048,24.537308,94.643898
351.472687,114.560371,24.414621,94.170677
351.411652,115.719231,24.536694,94.641533
351.472992,114.561554,24.414011,94.168327
352.905457,116.168404,24.291941,93.697479
351.655487,115.265457,24.049021,92.760506
353.026917,115.265457,24.049021,92.760506
353.026917,115.265457,24.049021,92.760506
353.026917,115.265457,24.049021,92.760506
353.026917,115.265457,24.049021,92.760506
353.026917,115.265457,24.049021,92.760506
353.026917,115.265457,24.049021,92.760506
353.026917,115.265457,24.049021,92.760506
353.026917,115.265457,24.049021,92.760506
353.207275,115.961166,23.688286,91.369102
353.266510,116.189590,23.569843,90.912254
353.443268,116.871429,23.216297,89.548569
353.443268,116.871429,23.216297,89.548569
353.443268,116.871429,23.216297,89.548569
353.443268,116.871429,23.216297,89.548569
353.443268,116.871429,23.216297,89.548569
353.385254,116.647560,23.332378,89.996315
353.501892,117.097542,23.099054,89.096352
353.617401,117.543022,22.868063,88.205391
353.503052,117.101997,23.096745,89.087440
353.618530,117.547432,22.865776,88.196564
353.618530,117.547432,22.865776,88.196564
353.618530,117.547432,22.865776,88.196564
353.618530,117.547432,22.865776,88.196564
353.732880,117.988411,22.637119,87.314598
353.846069,118.424988,22.410748,86.441452
353.902069,117.383949,22.298695,86.009247
353.957825,117.598969,22.187201,85.579201
354.068756,118.026863,21.965328,84.723412
354.068756,118.026863,21.965328,84.723412
354.068756,118.026863,21.965328,84.723412
354.123688,118.238678,21.855501,84.299789
354.232941,118.660172,21.636948,83.456795
354.232941,118.660172,21.636948,83.456795
352.998657,118.660172,21.636948,83.456795
354.232941,118.660172,21.636948,83.456795
352.998657,118.660172,21.636948,83.456795
354.232941,118.660172,21.636948,83.456795
352.944580,117.217247,21.745132,83.874077
353.107666,117.846298,21.418955,82.615967
353.268311,118.465919,21.097670,81.376724
353.268311,118.465919,21.097670,81.376724
353.268311,118.465919,21.097670,81.376724
353.373810,118.872803,20.886694,80.562958
353.321594,118.671394,20.991127,80.965775
353.321594,118.671394,20.991127,80.965775
353.374054,118.873810,20.886171,80.560944
353.321838,118.672409,20.990602,80.963753
353.321838,118.672409,20.990602,80.963753
353.374329,118.874817,20.885649,80.558929
353.322113,118.673424,20.990078,80.961731
353.374573,118.875824,20.885126,80.556915
353.374573,118.875824,20.885126,80.556915
352.365509,119.480003,20.571850,79.348564
352.416931,119.678375,20.468990,78.951820
352.365753,119.480995,20.571337,79.346581
352.365753,119.480995,20.571337,79.346581
352.417175,119.679359,20.468479,78.949852
353.713562,120.271484,20.161451,77.765602
353.763977,120.465897,20.060644,77.376770
353.763977,120.465897,20.060644,77.376770
353.763977,120.465897,20.060644,77.376770
353.914429,121.046227,19.759735,76.216118
354.013214,121.427307,19.562138,75.453957
354.013214,121.427307,19.562138,75.453957
354.062134,121.615944,19.464327,75.076691
354.062134,121.615944,19.464327,75.076691
355.159271,121.615944,19.464327,75.076691
