1
66.279716,65.528198,69.828712,269.381744
70.362831,65.357880,69.294228,267.317169
72.526283,67.099297,68.740303,265.038666
76.567345,67.006866,68.495033,264.264160
78.023903,65.613731,69.071144,266.360901
83.329346,67.117538,68.656128,264.741516
84.819519,67.531578,68.046616,262.457123
88.432198,68.392151,68.027206,262.394592
91.318481,69.648293,67.467186,260.194580
93.222588,70.334808,67.454681,260.194489
96.785423,69.893944,66.429428,256.194458
101.138039,72.265480,65.860046,253.962570
104.852966,74.442085,65.271034,251.752441
108.473495,71.351814,65.493225,252.505356
110.141846,71.207268,65.816002,253.733322
112.824745,69.968422,65.223206,251.495422
116.668259,70.541702,65.824409,253.684250
119.867569,75.778084,64.684547,249.359161
123.981415,80.560379,63.133945,243.556046
124.213707,84.336739,62.346500,240.583115
128.813950,75.389465,63.711857,245.792145
132.222305,82.345634,62.060379,239.321671
133.934158,81.676659,61.700188,237.792099
136.585419,79.145973,61.521683,237.245544
140.483398,82.905190,61.366951,236.740311
143.520782,77.827530,61.376865,236.491043
145.004318,81.124802,60.648869,233.951187
148.153381,81.343300,60.306896,232.405746
150.171310,82.766937,59.554993,229.845901
150.399338,85.539604,58.895409,227.227173
157.394348,83.093430,58.993870,227.689224
157.449661,87.886330,59.383553,229.035553
159.243744,87.739456,58.982571,227.591187
161.944290,87.618935,58.250156,224.571304
164.441483,91.219223,57.680161,222.394119
166.001678,85.977203,57.402290,221.480896
168.710785,82.937355,58.161884,224.306122
171.829330,86.071838,57.416748,221.364258
174.275497,84.225662,57.407413,221.419876
175.062729,84.865860,56.856052,219.314377
177.866318,83.675529,57.832413,223.104919
180.751663,87.548981,55.793434,215.101089
183.677139,91.653358,54.953297,211.715439
183.677139,91.653358,54.953297,211.715439
186.302811,90.693916,54.306847,209.169281
187.610550,91.682915,54.835300,211.664993
190.219177,91.736977,54.291000,209.081177
192.748352,89.834778,54.289120,209.098984
195.712585,93.185501,53.702675,207.104019
196.461777,92.011703,53.094055,204.360001
198.264999,90.501465,54.093929,208.668427
198.264999,90.501465,54.093929,208.668427
203.198517,92.222656,52.809494,203.355667
203.198517,92.222656,52.809494,203.355667
204.087219,92.599396,52.804825,203.187073
207.347885,88.300865,52.800709,203.243591
209.769150,92.145966,53.121380,204.799454
210.827957,92.382545,53.361176,205.456680
211.749847,95.335709,50.963158,196.327072
213.325333,94.244568,51.708347,199.099136
216.209229,96.091072,51.006401,196.336700
216.921509,88.922592,52.776558,203.070450
218.621307,98.296555,49.704693,191.287277
219.402679,87.595985,52.424419,201.824982
221.381729,89.626167,51.381081,197.935608
223.602417,96.441414,50.377850,194.002930
225.139145,96.377190,50.884460,195.942459
225.899246,94.891899,50.813988,195.753311
227.438507,95.112244,50.001259,192.329239
229.820953,94.786423,49.432610,190.261734
230.215775,100.256516,48.413765,186.413940
231.812164,94.996887,49.515892,190.519470
233.427536,102.162155,48.576691,187.052185
234.682846,94.792465,49.074024,188.830063
235.914108,98.728767,47.162571,181.598251
236.842758,96.927658,48.769382,187.813583
240.933823,102.040138,46.271420,178.263916
240.933823,102.040138,46.271420,178.263916
241.638260,95.855003,47.885376,184.370285
243.533966,93.938759,47.171299,181.738510
244.253555,100.342163,46.358780,178.446274
246.769257,100.799927,45.929142,176.785736
247.238480,93.932060,47.426594,182.475647
247.238480,93.932060,47.426594,182.475647
249.863434,97.969833,47.823887,183.918060
250.621140,103.016472,46.119995,177.560379
251.957687,108.379890,44.438854,171.086121
253.851868,98.963493,45.999863,177.053406
251.884140,99.206451,47.157032,181.452255
254.893341,99.666031,46.656673,179.579483
254.893341,99.666031,46.656673,179.579483
256.323456,102.984337,46.144974,177.582245
257.588318,102.658012,46.210667,177.975922
259.347778,98.493393,46.632317,179.344742
258.384460,101.516243,45.483582,175.044144
261.192780,101.047844,45.544724,175.184616
261.192780,101.047844,45.544724,175.184616
264.499908,101.977348,45.166344,173.714966
263.429047,102.209625,46.397789,178.303314
266.119385,101.836044,45.061584,173.491196
268.962463,101.713295,43.832539,168.698944
268.466278,103.417351,44.569790,171.417374
269.793365,103.035812,44.359512,170.690872
272.192566,102.249420,44.139210,169.834625
272.913879,104.080505,43.920547,168.985077
273.982239,106.224152,42.168045,162.191788
275.193176,107.075737,42.704414,164.501770
277.295258,109.749222,43.118465,166.129364
278.798279,106.034683,42.918369,165.063156
280.063965,106.936577,41.287178,158.786148
280.063965,106.936577,41.287178,158.786148
280.734833,109.107086,42.114143,162.315460
281.323975,107.536591,41.021221,157.802277
281.323975,107.536591,41.021221,157.802277
282.595642,105.733856,41.264122,158.664963
282.674072,107.737877,40.110603,154.246689
283.592957,105.622253,41.607582,160.487350
285.021454,107.653671,39.570675,152.085297
285.021454,107.653671,39.570675,152.085297
283.702057,105.668541,40.532047,155.850769
285.067139,103.516548,40.246956,154.873566
285.323486,102.834518,40.120773,154.224472
284.883331,107.048508,39.625099,152.459549
286.796204,107.257332,39.601978,152.334534
286.796204,107.257332,39.601978,152.334534
286.796204,107.257332,39.601978,152.334534
286.320557,104.307793,39.482121,151.738525
287.834839,102.356529,39.281727,151.115036
289.058655,100.305069,39.730000,152.665207
287.814056,102.760880,40.710079,156.363586
288.995087,99.828384,39.350025,151.175644
289.143402,101.642204,40.753693,156.757278
289.143402,101.642204,40.753693,156.757278
291.135986,98.836548,40.169273,154.503723
291.834045,102.228439,40.507065,155.971619
292.420502,102.160812,40.085091,154.387131
293.474792,100.490593,41.078243,157.810059
295.468445,105.522568,39.809452,153.002197
293.694092,103.671532,39.965260,153.603561
294.639832,92.463318,40.374401,155.075195
296.376190,101.541473,40.059719,153.824661
297.758057,99.295784,39.239441,150.768188
297.758057,99.295784,39.239441,150.768188
299.477692,103.478477,37.258274,143.162384
299.591888,92.620110,39.433365,151.458511
300.147858,94.307587,39.840275,153.347183
300.669189,98.451797,39.785343,152.840973
303.286285,98.146965,39.777256,152.863678
305.180054,101.193130,37.837429,145.384750
305.937012,108.666389,36.648743,140.795654
308.846344,106.412872,35.257202,135.470779
308.667816,108.665482,36.077087,138.580765
310.493652,110.057884,35.598972,136.748138
310.493652,110.057884,35.598972,136.748138
310.493652,110.057884,35.598972,136.748138
313.774353,111.607330,35.047459,134.640457
313.774353,111.607330,35.047459,134.640457
313.774353,111.607330,35.047459,134.640457
313.889984,110.041405,35.400574,136.141129
314.712616,112.378868,34.420094,132.316315
314.712616,112.378868,34.420094,132.316315
314.892334,112.209023,34.211571,131.457397
315.776215,109.283958,34.837486,133.801590
315.711273,108.559052,35.061398,134.484772
316.376282,111.551453,33.810265,129.896301
316.376282,111.551453,33.810265,129.896301
319.455750,111.685829,33.396709,128.204391
318.212311,110.380592,33.916225,130.252487
319.291229,113.067200,32.542881,124.954109
319.291229,113.067200,32.542881,124.954109
320.278809,106.050896,34.386429,132.295975
322.262665,111.907242,32.980515,126.699898
321.268982,113.278679,31.721497,122.074913
324.014557,112.707397,31.850290,122.446587
324.014557,112.707397,31.850290,122.446587
324.014557,112.707397,31.850290,122.446587
324.368439,108.520279,32.911270,126.462753
324.368439,108.520279,32.911270,126.462753
326.681000,106.854912,33.073544,127.046440
326.681000,106.854912,33.073544,127.046440
326.923828,108.870392,32.464657,124.783157
326.923828,108.870392,32.464657,124.783157
327.888855,110.450584,31.250950,120.198921
327.888855,110.450584,31.250950,120.198921
330.208282,111.231277,31.169823,119.893517
330.380188,105.975037,31.773918,122.161049
331.885223,109.652740,32.465637,124.877838
330.833008,111.671883,31.938477,122.791214
331.211029,110.479301,29.723877,114.255348
332.322357,112.949165,30.165613,115.845955
333.369019,112.887749,30.378174,116.832466
333.369019,112.887749,30.378174,116.832466
334.545410,113.272911,28.855412,111.017715
335.988495,113.544151,30.010002,115.324646
335.306549,114.965393,29.344713,112.811958
335.306549,114.965393,29.344713,112.811958
335.753357,115.441727,29.031431,111.639343
337.295776,114.544685,29.268003,112.577499
337.295776,114.544685,29.268003,112.577499
338.289673,115.139626,28.788883,110.693840
339.682129,114.751656,28.878019,111.037506
337.862488,116.718025,28.497910,109.447510
340.400513,113.401978,29.602789,113.741791
339.902618,119.133614,28.655249,110.128441
341.148438,116.555260,28.217089,108.648506
341.640381,116.510536,27.882441,107.180511
340.485168,121.804153,27.430201,105.313675
340.485168,121.804153,27.430201,105.313675
341.955292,117.831207,27.264246,104.855698
341.955292,117.831207,27.264246,104.855698
342.301941,120.668205,26.466755,101.575104
342.741272,118.273033,27.091843,104.081718
342.396545,119.104256,27.077358,104.146233
343.185516,118.218597,26.859171,103.060593
342.697113,120.716736,25.227514,97.059837
342.304596,121.564270,25.416397,97.806534
345.125366,120.794182,25.376934,97.332909
344.801025,119.483055,26.014919,100.113838
344.510712,121.065521,25.874720,99.415756
345.306427,117.529915,26.564314,102.243057
344.853760,118.390533,26.336687,101.381630
344.303558,121.980896,25.752939,99.006317
346.442322,118.096504,25.076979,96.348991
345.802521,117.141945,26.492794,102.014954
344.769440,124.266380,24.303162,93.281761
346.256500,118.858795,25.508343,98.164833
346.256500,118.858795,25.508343,98.164833
346.889648,117.770256,26.020166,100.043602
346.033875,119.416092,25.897287,99.461456
345.499115,118.185760,25.513403,97.982262
348.617676,119.359573,25.673805,98.581573
346.286469,118.356407,25.493263,97.917900
346.286469,118.356407,25.493263,97.917900
346.286469,118.356407,25.493263,97.917900
346.286469,118.356407,25.493263,97.917900
347.347321,119.983971,24.946564,95.749191
347.232391,119.632492,25.392948,97.486107
346.751251,118.892227,25.075554,96.276245
348.988678,119.751595,24.569086,94.444176
346.535339,120.105759,24.617548,94.492783
346.535339,120.105759,24.617548,94.492783
346.535339,120.105759,24.617548,94.492783
348.515015,121.825287,23.955645,91.980438
348.257080,122.981491,22.993649,88.254036
348.257080,122.981491,22.993649,88.254036
348.257080,122.981491,22.993649,88.254036
348.257080,122.981491,22.993649,88.254036
348.257080,122.981491,22.993649,88.254036
347.908539,121.936890,23.467445,90.052376
347.908539,121.936890,23.467445,90.052376
347.908539,121.936890,23.467445,90.052376
347.908539,121.936890,23.467445,90.052376
348.061829,125.611610,22.106390,84.908913
347.902740,123.292244,23.263222,89.317757
347.902740,123.292244,23.263222,89.317757
347.902740,123.292244,23.263222,89.317757
347.902740,123.292244,23.263222,89.317757
348.838470,122.948059,22.997181,88.321915
348.838470,122.948059,22.997181,88.321915
348.176971,126.221771,22.111811,84.795776
349.946747,125.690819,22.268551,85.383751
349.946747,125.690819,22.268551,85.383751
349.946747,125.690819,22.268551,85.383751
349.946747,125.690819,22.268551,85.383751
349.946747,125.690819,22.268551,85.383751
349.946747,125.690819,22.268551,85.383751
349.946747,125.690819,22.268551,85.383751
350.143494,121.859421,22.345171,85.667511
349.606689,124.362808,22.044556,84.565407
349.535614,129.483429,20.891581,80.168076
349.535614,129.483429,20.891581,80.168076
350.943726,126.803879,21.000534,80.631691
351.063110,126.591621,21.192940,81.296967
351.641235,125.843712,21.231674,81.545502
351.641235,125.843712,21.231674,81.545502
350.988159,126.884842,20.991953,80.478645
351.380432,124.534714,21.612020,82.904106
351.936462,125.606407,21.046078,80.687202
351.936462,125.606407,21.046078,80.687202
352.836365,126.098816,20.708609,79.550446
352.836365,126.098816,20.708609,79.550446
352.836365,126.098816,20.708609,79.550446
352.429657,125.881065,20.810995,80.006889
351.221161,126.369591,21.251968,81.567024
352.314056,125.503120,20.525719,78.764664
352.873383,129.515686,19.607151,75.174286
352.554657,124.812477,20.319654,78.095451
352.554657,124.812477,20.319654,78.095451
352.554657,124.812477,20.319654,78.095451
352.220825,127.612251,20.268885,77.834351
352.820831,127.723892,19.724497,75.788185
352.820831,127.723892,19.724497,75.788185
352.820831,127.723892,19.724497,75.788185
352.820831,127.723892,19.724497,75.788185
352.820831,127.723892,19.724497,75.788185
353.935638,122.848228,20.720814,79.508026
354.032227,125.453644,20.540760,78.753845
354.177002,127.645256,19.788694,76.055931
353.782013,126.038261,20.139223,77.194557
353.782013,126.038261,20.139223,77.194557
353.782013,126.038261,20.139223,77.194557
353.782013,126.038261,20.139223,77.194557
353.782013,126.038261,20.139223,77.194557
353.782013,126.038261,20.139223,77.194557
353.782013,126.038261,20.139223,77.194557
353.782013,126.038261,20.139223,77.194557
353.782013,126.038261,20.139223,77.194557
353.782013,126.038261,20.139223,77.194557
353.128784,129.321640,18.187698,69.882965
354.094727,130.055786,17.750338,68.090408
353.482361,129.455444,18.263655,70.216644
353.683472,129.972900,18.024645,69.138466
353.683472,129.972900,18.024645,69.138466
353.363953,126.640312,18.325125,70.427574
353.639374,129.447464,18.151394,69.798065
353.823059,127.843132,17.887821,68.570602
353.823059,127.843132,17.887821,68.570602
352.643127,125.647499,18.544611,71.143929
352.643280,129.300949,17.226997,65.898346
352.643280,129.300949,17.226997,65.898346
352.643280,129.300949,17.226997,65.898346
352.643280,129.300949,17.226997,65.898346
352.643280,129.300949,17.226997,65.898346
352.643280,129.300949,17.226997,65.898346
352.643280,129.300949,17.226997,65.898346
352.643280,129.300949,17.226997,65.898346
352.643280,129.300949,17.226997,65.898346
352.211182,128.606537,17.833862,68.352493
352.211182,128.606537,17.833862,68.352493
352.211182,128.606537,17.833862,68.352493
352.211182,128.606537,17.833862,68.352493
352.211182,128.606537,17.833862,68.352493
352.310638,130.494797,16.531755,63.200813
352.763580,128.403839,17.823687,68.302734
352.763580,128.403839,17.823687,68.302734
352.763580,128.403839,17.823687,68.302734
352.763580,128.403839,17.823687,68.302734
352.725616,130.939651,16.081450,61.465763
352.676880,128.430038,17.291946,66.132019
352.676880,128.430038,17.291946,66.132019
352.676880,128.430038,17.291946,66.132019
352.676880,128.430038,17.291946,66.132019
352.676880,128.430038,17.291946,66.132019
352.676880,128.430038,17.291946,66.132019
354.079071,130.306595,16.908567,64.665878
354.064819,129.999466,17.123007,65.477348
353.676331,131.073273,16.344856,62.504765
353.676331,131.073273,16.344856,62.504765
353.676331,131.073273,16.344856,62.504765
353.676331,131.073273,16.344856,62.504765
