1
328.024933,309.077789,21.753225,30.649841
329.173004,304.889435,21.434103,30.213909
329.167999,307.103210,21.264271,29.980978
327.182526,311.986816,21.008011,29.631723
325.038452,312.527588,20.907564,29.530632
325.060303,308.813965,20.955160,29.602339
324.651886,307.042206,21.329000,30.151754
325.740692,307.338776,20.722225,29.285973
322.684143,308.202301,20.591885,29.095201
318.853699,308.618561,20.591982,29.098396
320.634460,307.181488,20.176359,28.521400
321.943420,304.049530,19.901415,28.164850
322.719757,308.575958,20.482801,29.023691
325.226105,313.230682,20.484222,29.037851
325.444000,312.847931,19.805679,28.086401
324.603607,312.745361,19.932081,28.251959
327.494293,310.664551,19.691614,27.889280
329.876099,309.687134,19.576157,27.705626
330.329987,312.508240,19.747585,27.934805
330.744781,317.495544,19.898001,28.140696
331.301453,317.728027,19.626875,27.750362
333.398438,317.764740,19.494730,27.561960
332.331268,317.232910,19.841015,28.043261
329.679901,314.269409,19.890926,28.113596
327.881042,315.848206,19.698874,27.851934
325.361877,315.003632,19.588722,27.692457
324.058929,315.596283,20.060762,28.345188
324.407898,317.167511,20.426693,28.862274
323.238800,314.715881,20.376974,28.788836
320.316406,317.106262,20.610788,29.116337
322.334686,315.757690,20.340288,28.735935
322.306580,314.679230,20.414080,28.879215
321.838165,313.930878,20.630096,29.161493
323.454620,314.591980,20.618813,29.156061
326.352020,317.469330,20.818953,29.489534
326.487000,318.912170,20.914558,29.631224
327.200043,324.053741,21.063066,29.865360
330.229889,319.627197,21.032022,29.813108
329.513947,317.351196,21.371908,30.265787
330.821228,318.432220,21.022655,29.782375
330.012054,317.554352,21.558458,30.533861
330.350067,317.034210,20.820732,29.482031
326.189484,317.878693,20.511620,29.051161
325.067932,322.999908,20.716360,29.338888
325.456055,324.784210,20.453646,28.974390
324.953400,323.490082,20.515224,29.050276
324.336945,323.587891,20.170341,28.584749
323.118530,323.298523,20.691164,29.307116
322.641449,322.207275,20.410151,28.898405
324.771851,316.422852,20.128761,28.500046
326.510834,313.336365,19.810455,28.038885
325.324036,313.021210,19.660383,27.834593
325.347748,314.144989,19.719860,27.918953
328.646881,315.874756,19.660456,27.841576
328.885406,315.186554,19.368685,27.431664
330.783691,315.090881,19.487509,27.595873
333.634766,317.712952,19.932024,28.224813
334.180267,320.108643,19.541462,27.676268
336.445282,316.582245,19.596474,27.755167
336.930542,315.587921,19.706223,27.918743
338.661774,309.327271,19.568367,27.747959
340.394806,314.680847,19.540878,27.710220
340.145081,306.983856,19.529013,27.695799
337.011139,302.280640,20.007225,28.374804
337.839478,301.031555,19.497379,27.661442
340.114197,298.103638,19.531193,27.718960
341.014740,299.980591,19.864553,28.247238
340.680115,310.658569,20.164215,28.636023
340.410980,308.440216,20.459679,29.017305
340.198334,304.605743,20.497923,29.084566
337.101990,305.425537,20.952974,29.748241
334.183319,307.220947,21.551819,30.605007
333.588531,307.215546,21.180670,30.071062
332.522614,302.585907,21.197487,30.079557
328.418060,297.830902,20.980885,29.778589
326.554199,298.459259,20.761520,29.468439
324.987610,304.083435,20.491385,29.088284
324.216614,302.593842,20.708612,29.406656
324.473206,299.392395,21.015280,29.839025
324.803864,298.728882,21.289688,30.213840
325.016479,300.078064,21.281652,30.204651
328.192902,297.582092,21.347893,30.313246
327.754181,297.102936,21.395031,30.388132
325.306458,296.231537,21.298096,30.254498
322.332916,295.140930,21.489866,30.517307
321.363831,299.803528,21.319489,30.264299
318.341583,303.422455,21.362482,30.353033
316.544342,303.937622,21.132826,30.041821
314.073608,305.684906,20.610441,29.304241
314.528320,304.622803,20.404814,28.984430
316.235718,301.440674,20.157419,28.644060
318.067749,298.862183,20.530754,29.156275
320.555908,300.458069,20.555584,29.183260
321.939087,299.048798,21.233734,30.159317
324.468658,300.377380,21.276592,30.230616
325.045593,303.556519,20.936592,29.737608
325.280365,306.298492,20.851816,29.594723
326.037415,307.661530,20.929474,29.696682
324.746368,303.875397,21.294647,30.206652
325.782227,302.100403,21.605667,30.669756
327.490173,305.390381,22.155071,31.477701
328.158997,310.084869,21.935738,31.137041
326.750916,306.799225,21.915377,31.114449
328.234070,303.418182,22.110104,31.431099
330.631592,305.358093,22.091244,31.431362
325.873169,304.329224,22.433750,31.921797
324.160095,301.942047,22.758352,32.358479
325.815643,297.079193,23.199852,32.982937
328.120880,297.361908,22.714952,32.279270
329.864288,303.383606,22.724438,32.272442
329.905304,305.631897,22.746351,32.286274
330.783997,305.033051,22.635523,32.116493
328.871796,304.541565,22.608650,32.083778
327.420319,305.178986,23.196205,32.938236
327.036652,304.020905,22.841459,32.471142
325.444763,304.612030,23.133392,32.904747
323.303070,302.671143,23.479736,33.381344
324.567596,305.731720,23.244764,32.988056
323.242950,306.746979,23.072573,32.755951
322.434479,308.339264,23.117889,32.825905
319.479584,306.692474,23.220139,32.940445
321.482300,297.442566,23.521452,33.361549
319.255096,290.625458,23.311378,33.068600
320.320374,293.369202,23.625031,33.525703
320.853302,299.192444,23.471603,33.303513
320.579559,302.607452,23.306999,33.055321
322.548431,301.788940,23.025030,32.660309
321.581726,299.477112,23.196215,32.925323
324.495209,301.804932,22.701084,32.196762
326.769226,305.246124,22.415895,31.812550
325.728394,307.072510,22.001070,31.198099
328.964417,307.178101,22.253347,31.562721
328.136444,306.609039,22.490387,31.901999
326.865936,303.694458,22.554775,32.017132
325.899902,305.650299,22.731812,32.321140
328.514435,304.832336,23.105026,32.840496
329.361633,304.365356,23.074148,32.803413
327.720184,303.465973,23.518126,33.410393
325.286011,307.417358,23.233212,33.002182
323.979126,306.941711,23.289886,33.073677
323.426941,308.389221,23.178053,32.940727
321.272186,306.450531,23.870548,33.933414
322.097504,308.626892,23.702181,33.709221
323.070740,309.758667,23.914011,33.995899
324.296265,309.417725,23.936607,34.015003
324.553375,307.463348,24.319029,34.601017
325.739746,306.805267,24.210295,34.437023
327.533661,307.037720,24.650805,35.077942
325.792480,305.356628,24.394482,34.731075
326.168976,304.939362,24.464319,34.772163
326.734924,307.594757,24.236237,34.456665
325.797821,306.577484,24.555693,34.891716
327.733093,307.726654,23.891039,33.950447
323.793671,308.378723,24.263456,34.444115
323.849701,309.737885,24.137060,34.283070
322.793518,308.963318,24.301723,34.522133
324.098633,307.238800,24.333635,34.541210
322.818054,305.672394,24.349981,34.557182
321.783417,302.994507,24.425745,34.646606
320.895447,304.596039,24.103624,34.152679
318.803406,302.156097,24.316042,34.415020
317.887360,302.357971,24.397039,34.496761
320.163422,306.910889,24.858398,35.134731
317.927185,312.865143,24.843962,35.137066
317.133545,312.297363,24.816563,35.115276
316.810394,311.425385,24.711081,34.989223
317.249084,311.584259,24.560816,34.773476
318.118042,312.499603,24.710114,35.019356
318.384308,309.937042,24.469873,34.654873
316.707947,310.609039,24.434042,34.585400
316.513580,308.342560,23.909443,33.846748
316.852905,310.591919,23.686937,33.503605
315.727051,307.278595,24.008617,33.936501
317.167999,308.459808,24.046480,33.970940
315.680664,312.060211,23.746284,33.541573
317.033356,315.913086,23.143024,32.670383
317.234070,313.592560,23.114643,32.593018
317.531128,308.582916,22.711388,32.025490
317.693359,311.640076,22.368441,31.534451
318.755280,310.964539,22.412893,31.610283
319.775757,311.587006,23.059462,32.540192
321.618561,313.223938,23.214695,32.769955
322.099152,310.712311,23.396442,33.056351
322.121185,309.782776,23.345112,33.005459
323.185577,308.410980,23.319172,32.964931
322.848663,307.831085,23.412382,33.124809
322.642120,307.943542,23.187405,32.811237
322.936859,306.346985,23.277086,32.951366
323.903625,310.464264,23.151646,32.765560
324.711426,312.785828,23.457392,33.182789
322.084259,312.203430,23.510380,33.256748
323.078766,313.853241,23.397190,33.077831
322.245026,315.996857,23.409513,33.091064
323.464325,314.697296,23.766668,33.580929
323.196686,312.599731,24.051241,34.005493
323.930817,311.868439,24.167194,34.171944
323.182739,311.658295,24.089405,34.046745
322.647766,311.150879,23.997299,33.939777
321.835327,310.503967,23.747900,33.600140
319.037659,313.673706,23.799690,33.675323
318.554138,315.567596,23.587025,33.406132
318.084167,321.526764,23.389322,33.104813
317.317657,319.327728,23.405767,33.122280
320.133240,313.804260,23.238375,32.887230
322.203400,315.279968,23.358353,33.056942
323.611847,320.406158,23.666384,33.504395
324.250519,322.428284,23.695314,33.563000
324.014008,323.490448,23.625406,33.483173
322.384338,317.172913,23.734663,33.605282
321.993683,317.072144,23.395365,33.105907
326.134003,316.925232,23.493370,33.239777
325.993103,317.151093,23.511839,33.241673
326.029999,315.152130,23.304710,32.938965
324.967041,319.028992,23.387447,33.088161
324.008636,323.163300,23.587572,33.336418
323.879974,325.195312,24.053421,34.019104
324.003906,318.147308,24.144239,34.157551
323.659332,318.141205,23.779093,33.631573
323.829742,318.488281,23.872381,33.786804
323.922516,320.012360,23.899878,33.799423
325.558228,319.397217,23.676405,33.486000
327.914337,319.405365,23.581673,33.389946
328.978485,320.023621,23.574654,33.382912
328.442047,320.089355,23.659111,33.511696
328.650391,319.102753,23.242195,32.901081
328.931366,320.341797,23.009197,32.584232
329.600769,321.602173,23.145521,32.767567
331.174042,319.860046,22.893209,32.382622
330.750488,319.341644,22.957506,32.436760
329.431549,318.008759,22.944323,32.394348
328.898712,318.150879,23.036533,32.548504
328.457153,319.453461,23.212780,32.765919
329.194031,321.651276,23.235554,32.815071
326.818298,322.700134,23.689550,33.439022
327.008179,322.142914,23.797934,33.573624
324.668182,322.128937,23.245716,32.848137
324.862305,325.124908,23.374178,33.019199
323.681427,323.003540,23.371841,32.997871
323.567688,323.054138,23.395308,33.013821
325.076965,320.309296,23.450907,33.073624
324.309387,319.997101,23.625511,33.324741
326.100800,320.172882,23.374557,32.970703
326.155273,322.370087,23.507225,33.169540
325.289185,323.345703,23.817575,33.598480
323.695801,322.880005,24.051332,33.925449
319.708679,323.989746,23.410664,33.049835
318.766052,326.937805,23.428421,33.089325
318.809479,324.724243,23.123867,32.651127
319.545837,323.260010,23.036016,32.531876
318.704102,321.311798,23.050097,32.553581
318.931610,323.141846,22.904358,32.350197
319.479980,319.161774,22.658543,32.006680
320.429016,318.765167,22.528210,31.814928
319.802826,318.944977,22.932707,32.415512
321.966064,321.118683,22.673368,32.071232
321.837799,320.814545,22.510078,31.854065
321.477478,321.028076,21.988920,31.144835
320.456757,320.262329,21.609951,30.625925
321.891510,319.804810,21.352213,30.246109
323.465851,321.005005,21.634846,30.632721
322.246704,321.803680,21.609652,30.583307
321.560699,320.688507,21.625895,30.595482
322.475098,321.417175,21.273672,30.065203
324.446655,320.394592,21.294577,30.136971
323.746613,321.944519,20.579199,29.144953
325.132782,322.488068,20.569780,29.148859
325.980255,325.244629,20.791033,29.487795
325.314880,319.927582,20.901148,29.653345
325.111603,315.535858,20.642702,29.295921
325.079102,317.074341,21.026625,29.876043
324.628510,317.652405,20.587467,29.261957
324.345428,317.926147,20.423643,29.023024
322.471100,319.682465,20.314266,28.865795
322.220428,321.668762,20.660946,29.375237
322.182678,320.553436,20.243547,28.794224
320.823517,317.792542,20.454016,29.108004
321.319794,314.998779,20.219727,28.755806
320.126007,317.776978,19.799683,28.153597
320.715546,320.596039,19.460754,27.656441
320.249207,321.635498,19.459648,27.680477
318.927155,321.891693,19.835403,28.199532
319.625366,322.369751,19.845064,28.233751
319.627289,320.631165,20.280767,28.839834
321.405548,320.948761,20.346422,28.922234
321.808197,318.813965,20.336618,28.930752
319.689453,317.547150,20.522757,29.197721
322.374817,317.047913,21.136618,30.068491
324.778168,322.110107,20.808414,29.616482
325.957794,328.341858,20.126471,28.668907
325.173096,326.065704,20.319519,28.939560
324.571381,318.344727,19.764631,28.135988
326.907623,316.135834,19.840326,28.254869
327.355103,315.438629,19.988060,28.470015
327.462494,317.841980,19.966446,28.431040
326.767365,316.327484,20.040546,28.548742
326.082275,317.363739,19.685986,28.052254
326.903351,317.406586,19.738729,28.111832
325.283417,316.761108,19.676086,28.035877
325.585754,318.147491,19.257126,27.451244
325.209869,319.216156,19.598885,27.960312
323.110626,316.036804,19.828524,28.290850
323.187073,318.981873,20.037226,28.572432
321.250977,320.558258,19.905687,28.402014
323.958710,317.985779,20.029419,28.548258
324.370453,315.356537,20.995768,29.875338
325.734039,317.143127,20.530634,29.244408
327.210358,320.467010,20.585941,29.321344
322.895142,313.634216,20.670916,29.454428
326.422272,316.255707,20.742590,29.547134
325.829834,325.946106,21.234308,30.214703
321.775635,323.125732,21.056822,29.981386
