1
519.624756,72.440117,68.717354,41.629276
516.664246,75.183495,68.922150,41.693977
514.084106,76.338226,68.676567,41.588093
508.946564,77.793571,68.787460,41.666374
505.491486,79.349800,69.064728,41.845306
500.127319,81.272461,69.049942,41.803196
494.251862,83.530258,69.297272,41.921970
489.767487,84.903908,69.119843,41.850281
484.906952,86.901482,69.260231,42.001350
479.582825,87.572273,69.377060,41.997028
479.970520,89.025871,69.639122,42.119831
473.718872,90.722733,70.152588,42.562489
467.633759,92.878967,70.023178,42.517776
465.998596,94.381279,69.814743,42.406914
462.323883,95.043930,69.917641,42.481930
458.643402,96.971489,69.716080,42.393345
453.745361,99.391991,69.664429,42.398701
448.841095,101.353714,70.082367,42.596401
449.586487,102.889702,70.306076,42.643024
444.544708,105.161369,70.740868,42.792961
439.929382,108.625381,71.101837,42.998344
437.767670,110.827385,70.746429,42.751278
432.742584,114.320724,70.919403,42.834225
432.150848,116.541939,70.865082,42.889275
428.271973,120.310234,71.172974,43.187233
429.407318,123.323868,71.532654,43.383163
426.638214,127.332611,72.017036,43.589069
424.584900,129.441132,72.215263,43.762333
423.618896,133.078949,72.335281,43.768696
424.040405,134.808258,72.191124,43.813354
428.968414,137.748627,72.009041,43.801971
430.353943,140.435928,71.711861,43.699078
430.230957,144.292099,72.326454,44.039238
429.096863,146.702026,72.129333,43.829838
428.278198,151.114685,71.844505,43.736771
426.544983,155.262451,72.091347,43.884590
429.132050,158.694839,71.902397,43.768623
429.878784,162.092972,71.582245,43.580475
434.827118,164.501694,71.436089,43.382160
434.146637,169.375854,71.324318,43.423084
433.315308,174.660385,71.258217,43.429733
432.262268,179.255188,71.345123,43.317162
440.517731,181.896423,71.489426,43.349106
433.763336,187.214005,71.195488,43.249954
431.896881,192.104828,71.056023,43.173508
429.429565,197.284790,71.207214,43.347973
435.205719,199.763290,71.613831,43.620152
432.630219,204.651321,71.692032,43.690430
426.684570,209.668762,71.839020,43.765942
426.680756,214.052338,71.856415,43.755489
423.801697,217.584518,71.874298,43.759457
422.113861,222.051300,71.872650,43.742538
419.578766,226.063644,71.338692,43.453419
416.861786,231.497421,70.521416,42.934563
417.541199,234.407471,70.629997,43.077164
412.230591,240.291382,70.937874,43.346443
408.223755,242.269669,71.146599,43.471821
406.367676,246.071686,71.216850,43.478516
404.024078,248.975677,71.559219,43.646843
397.441101,251.880753,71.684029,43.755089
393.460693,255.559555,71.392380,43.627266
392.057404,261.030670,71.561417,43.742012
390.522766,266.939270,71.651405,43.735268
385.445923,269.604553,72.174965,44.084961
379.639435,268.302216,72.530777,44.356880
377.899078,272.283112,72.930695,44.553570
373.929810,275.156738,72.945816,44.549225
370.469208,275.756653,72.599716,44.240067
368.261780,277.135468,72.484978,44.271297
366.448914,277.883759,72.206192,44.101028
360.428314,278.463379,71.966843,44.028992
356.345673,277.904785,72.038673,44.021194
351.438110,278.307648,72.231110,44.155109
349.270782,277.626312,72.309891,43.988319
342.864532,277.651794,72.106194,43.848267
337.523743,277.269806,72.436134,44.080395
323.906281,276.777344,72.624397,44.155552
320.017792,274.093201,72.778191,44.254086
320.676483,272.642212,72.845047,44.265545
310.019318,272.521759,73.291656,44.508747
306.985718,270.475098,73.559547,44.616798
304.794922,267.229919,73.208519,44.406055
292.910828,265.587280,73.303474,44.585350
297.320038,264.956482,72.831703,44.261978
290.644836,263.772064,72.828362,44.323570
286.228088,261.763306,73.045647,44.412746
281.893219,261.544739,72.790817,44.275429
275.561188,258.406647,72.912262,44.229370
270.989319,258.904266,72.200317,43.857975
264.593475,257.699890,72.377724,43.991825
262.500366,253.756393,71.852203,43.692474
257.317871,253.324661,71.511749,43.474487
255.345261,251.506226,71.555298,43.544559
253.437271,250.924698,71.795059,43.718681
249.842819,247.244537,71.627594,43.636711
246.267136,244.815659,71.290146,43.391426
238.813721,236.014481,71.600571,43.550964
235.216064,232.121826,71.561089,43.415733
236.419556,234.076279,71.663673,43.486057
235.657532,230.024490,71.958389,43.565178
233.832748,231.825989,72.251419,43.747696
237.598938,225.554810,72.141335,43.598957
238.447601,223.358734,72.395744,43.692856
236.784760,219.993042,72.378395,43.675812
242.347595,218.439346,72.254967,43.498512
240.641724,215.435135,72.285324,43.486504
230.231995,224.785461,72.374657,43.490253
245.347672,210.729202,72.157234,43.413364
251.175369,206.663742,72.344101,43.465778
257.302063,206.802292,72.640610,43.657887
289.826141,215.778870,72.389801,43.596455
266.328400,202.892105,72.596458,43.722767
300.274475,213.145279,72.094856,43.381153
267.700928,202.194229,72.142998,43.407330
272.208710,195.338425,72.038589,43.352104
274.941406,196.216461,72.243324,43.429680
310.495605,205.921005,72.328033,43.476589
310.237305,201.673599,72.233871,43.408665
312.456726,201.765762,72.143311,43.471428
314.771301,199.000031,72.059593,43.415741
319.889496,198.309540,72.064598,43.433258
323.495453,196.260391,71.886215,43.477104
321.938263,195.989212,71.939865,43.509605
325.930359,193.988632,72.082184,43.699326
364.396271,188.455826,72.389549,43.905571
333.694489,193.790985,72.465431,44.010693
335.699921,190.205048,72.424934,44.019669
333.755219,188.721451,72.235855,44.037243
337.334137,188.170898,72.338982,44.113014
341.710083,186.794373,71.865425,43.860859
338.923309,185.432388,71.791618,43.799461
341.979279,185.471054,71.046799,43.422565
338.943542,182.198822,71.545021,43.779819
341.245331,180.274475,71.132622,43.553612
345.524689,181.039581,71.172798,43.686550
348.871429,181.512314,71.403786,43.666546
345.650391,179.054321,71.274010,43.751862
348.652100,177.678665,71.256256,43.680542
349.238251,177.760986,71.298592,43.749760
348.603668,177.706848,71.272873,43.647961
349.132172,176.630615,71.369835,43.776707
355.677185,176.071960,71.242134,43.670616
352.250702,174.679092,71.491974,43.882626
353.314026,175.159714,71.530342,43.977039
352.435455,175.499695,71.877785,44.135887
355.048248,173.984528,71.527435,43.828377
356.496826,173.805588,72.093102,44.195000
356.058777,173.221191,72.069130,44.134979
357.189636,172.788956,71.886581,44.019989
357.282501,170.697815,72.306404,44.362247
360.371185,171.027054,71.894684,44.132339
355.227936,168.663422,72.435791,44.362915
352.977600,165.973419,72.661476,44.508698
352.207336,165.297745,72.429382,44.444870
351.036285,162.430069,72.130447,44.327015
