1
520.888855,74.799698,63.480503,38.379696
517.698486,77.283676,63.857433,38.634544
512.769897,77.403145,63.681248,38.506538
511.716644,80.501198,63.131962,38.167336
508.980835,81.077057,62.956917,38.057453
499.782562,82.586372,63.195755,38.208206
495.734558,84.648720,63.380474,38.282314
490.368286,84.974823,63.696320,38.481667
487.343140,85.194153,64.228310,38.838173
481.397614,89.038956,63.904743,38.685432
480.928589,89.760551,63.873333,38.556396
475.603699,91.103012,64.032524,38.695648
470.857208,93.515526,64.036346,38.724861
468.945953,95.961754,64.151489,38.746799
462.471405,96.401672,64.458817,38.957989
460.820465,97.262848,64.634315,39.142677
457.964294,99.484932,64.928955,39.216843
451.491882,103.539101,65.199722,39.339767
452.146942,103.646935,65.290222,39.447025
449.213104,106.587341,65.203041,39.371109
443.648132,110.283783,65.177132,39.329311
440.700836,112.791374,65.163162,39.368969
436.397461,115.462326,65.513626,39.557716
435.950348,119.236870,65.661324,39.650425
433.701172,121.784126,65.869347,39.774235
434.971832,125.236496,65.769699,39.707798
428.702301,128.938354,66.206459,40.085754
428.364258,131.481064,65.835228,39.823643
430.863892,135.445007,65.892097,39.872234
429.630554,137.537354,65.631859,39.630268
429.869415,140.911041,65.371307,39.490700
430.143463,143.607681,65.576134,39.622612
435.803436,146.726379,65.687889,39.754375
435.192108,149.249908,65.808548,39.809887
432.955505,152.930450,66.136200,40.004192
434.811829,156.784698,66.109253,40.099800
432.273407,160.427536,66.090614,40.139969
435.607422,163.737991,66.032455,40.249966
438.025299,167.759949,66.126381,40.371181
436.865509,171.478653,65.839958,40.099072
434.340118,177.466568,66.155945,40.422840
436.784485,180.981644,65.747810,40.171043
438.625000,184.208878,65.869263,40.253841
440.213165,189.126984,65.781418,40.212624
437.356781,192.601639,65.890823,40.333862
445.232086,195.508148,66.022469,40.412220
445.237457,200.722382,66.112671,40.420212
438.795380,205.459106,65.660439,40.112785
433.324615,210.502258,65.918510,40.224461
435.337311,215.487122,65.815430,40.226669
433.899170,216.949692,65.628311,40.101616
429.291077,222.645798,65.655151,40.102657
422.898956,226.347931,66.085907,40.215298
421.966125,231.770325,65.818054,40.113564
419.921906,235.387070,65.717155,40.138626
417.657867,239.018356,65.515388,40.037849
411.272675,243.858276,65.872437,40.183121
410.126343,245.610321,65.664589,40.131012
403.197968,249.977646,65.408943,39.969429
401.088531,255.839798,65.710136,40.112259
399.931335,256.321075,65.635948,39.978329
393.246490,260.827484,65.397408,39.756172
390.328766,265.157837,65.455650,39.694481
386.227936,269.031158,65.638016,39.731640
383.945007,270.543121,65.573334,39.740162
380.587402,272.158691,65.924950,39.802345
376.426880,275.186310,66.367477,40.039532
375.329620,277.295837,66.978226,40.339207
370.023285,279.598450,67.604591,40.787167
363.842621,278.446228,67.525963,40.863674
359.831604,279.833893,67.474953,40.730392
355.952057,279.431152,67.156746,40.498756
349.362366,278.451538,67.096596,40.409016
345.899109,279.746765,67.113976,40.485291
337.648010,278.008179,66.980896,40.417923
331.747498,277.546265,66.940201,40.340588
328.744904,276.563599,66.735466,40.217930
322.156128,275.748901,66.580116,40.042362
317.006531,273.709778,66.387901,40.026043
311.975708,271.156738,66.509911,40.125175
307.131287,271.209320,66.399048,40.060246
303.070221,270.450073,66.366814,40.057636
297.275574,267.748505,66.596268,40.132736
294.754120,266.525238,66.082848,39.792656
291.250641,264.691620,65.587181,39.530186
283.467773,262.183136,65.856697,39.723564
280.488373,262.295166,65.711922,39.559685
278.306244,260.856598,64.990623,39.154530
272.140198,258.329285,64.819099,38.869732
267.306000,256.950836,64.900642,38.869587
264.564545,256.349182,65.217171,38.925182
260.817169,254.081772,64.995628,38.850269
260.604828,251.270233,64.849113,38.767395
255.531052,250.739975,64.351868,38.515888
254.154587,248.075058,63.657772,38.061127
249.026291,245.703430,63.530739,37.846996
238.134171,235.835190,63.555290,37.824810
246.163208,239.656998,63.512249,37.789970
242.170242,238.765457,63.698719,37.832790
237.366333,225.916885,63.499161,37.713051
223.412720,233.944397,63.578899,37.730026
242.356949,230.391876,63.840134,37.841164
234.576294,223.187180,63.953171,37.983780
243.984177,226.237213,64.170403,37.892101
255.021439,235.099899,64.337715,37.991196
245.257446,218.795898,64.437889,38.071030
246.730179,214.962326,64.818527,38.221710
253.049072,213.568970,64.747879,38.204617
255.150604,212.302856,64.885956,38.232769
256.658203,208.515808,64.831429,38.238091
259.944275,207.689697,64.581032,38.085270
254.576965,223.094086,64.692604,38.187344
261.717102,205.744598,65.039246,38.438705
266.475250,203.095459,64.847519,38.288097
267.613861,201.043167,64.871071,38.275345
272.539948,200.290054,64.446220,38.018734
273.640228,197.563156,64.082199,37.776093
276.272522,198.336655,65.083366,38.355129
312.867035,189.047729,65.356422,38.532490
282.686340,191.079849,65.670914,38.850716
288.368378,190.017456,65.699059,38.818405
295.995026,190.152359,64.804855,38.181438
296.056152,188.216995,64.583191,38.043766
298.006073,189.807312,63.963718,37.644402
304.073730,185.836838,63.608887,37.402973
302.907715,185.973587,63.860268,37.398842
306.301636,184.346176,63.766132,37.345684
308.948273,185.696503,64.280045,37.624756
313.627075,182.958771,64.728096,37.944946
317.183350,183.360519,64.461479,37.755341
317.288239,181.585678,63.921078,37.526821
318.236298,181.696548,63.679478,37.489246
322.818420,179.491089,63.889568,37.676197
324.208557,180.639801,64.391541,37.868210
323.678711,180.914062,64.246780,37.814762
329.005219,180.295059,63.910885,37.576931
329.011963,180.053009,64.413109,37.796844
330.774323,177.811569,64.523544,37.919003
332.648682,179.877075,64.491623,37.930996
335.418213,179.834351,64.580803,38.109131
336.797180,176.691040,64.384079,38.029831
339.255402,176.310165,64.659019,38.243279
339.393066,177.015442,64.459770,38.209240
341.350555,174.665344,64.315346,38.095608
342.370148,175.557892,64.271896,37.985691
338.183289,174.346695,64.331841,37.988518
343.068207,173.650894,64.295059,37.944481
344.418060,172.463943,64.375298,37.954094
343.366211,172.496796,64.212486,37.817802
346.064819,172.181854,64.052826,37.677532
342.532532,170.305008,64.183182,37.711578
342.600464,168.900314,63.777206,37.467598
343.423889,167.254898,63.972767,37.508678
342.627563,165.465439,63.896721,37.407413
340.105530,162.516373,64.426727,37.680397
