1
520.000000,76.000000,65.000000,39.000000
519.000000,78.000000,65.000000,39.000000
519.000000,78.000000,65.000000,39.000000
511.000000,80.000000,65.000000,39.000000
506.000000,81.000000,67.000000,40.000000
504.000000,81.000000,67.000000,40.000000
500.000000,82.000000,67.000000,40.000000
492.000000,85.000000,69.000000,41.000000
488.000000,86.000000,68.000000,41.000000
484.000000,87.000000,68.000000,41.000000
483.000000,89.000000,68.000000,41.000000
476.000000,93.000000,68.000000,41.000000
475.000000,93.000000,68.000000,41.000000
468.000000,97.000000,68.000000,41.000000
467.000000,97.000000,68.000000,41.000000
460.000000,101.000000,68.000000,41.000000
459.000000,101.000000,68.000000,41.000000
458.000000,101.000000,68.000000,41.000000
453.000000,106.000000,68.000000,41.000000
452.000000,107.000000,68.000000,41.000000
451.000000,107.000000,68.000000,41.000000
446.000000,112.000000,68.000000,41.000000
441.000000,117.000000,68.000000,41.000000
437.000000,120.000000,68.000000,41.000000
437.000000,123.000000,68.000000,41.000000
437.000000,126.000000,68.000000,41.000000
435.000000,128.000000,68.000000,41.000000
436.000000,131.000000,67.000000,41.000000
437.000000,134.000000,67.000000,41.000000
438.000000,136.000000,67.000000,41.000000
439.000000,139.000000,67.000000,41.000000
440.000000,142.000000,67.000000,41.000000
441.000000,145.000000,67.000000,41.000000
442.000000,148.000000,67.000000,41.000000
443.000000,151.000000,67.000000,41.000000
444.000000,154.000000,67.000000,41.000000
441.000000,157.000000,69.000000,42.000000
443.000000,160.000000,69.000000,42.000000
447.000000,164.000000,69.000000,42.000000
446.000000,169.000000,69.000000,42.000000
447.000000,172.000000,71.000000,43.000000
448.000000,174.000000,73.000000,44.000000
447.000000,180.000000,73.000000,44.000000
448.000000,182.000000,75.000000,45.000000
450.000000,187.000000,75.000000,45.000000
451.000000,192.000000,74.000000,45.000000
452.000000,196.000000,74.000000,45.000000
452.000000,201.000000,74.000000,45.000000
453.000000,202.000000,76.000000,46.000000
450.000000,208.000000,76.000000,46.000000
448.000000,212.000000,76.000000,46.000000
446.000000,216.000000,76.000000,46.000000
444.000000,220.000000,76.000000,46.000000
442.000000,224.000000,76.000000,46.000000
440.000000,228.000000,76.000000,46.000000
438.000000,232.000000,76.000000,46.000000
436.000000,236.000000,76.000000,46.000000
428.000000,241.000000,76.000000,46.000000
425.000000,247.000000,76.000000,46.000000
423.000000,251.000000,76.000000,46.000000
421.000000,255.000000,76.000000,46.000000
413.000000,260.000000,76.000000,46.000000
411.000000,264.000000,76.000000,46.000000
404.000000,267.000000,76.000000,46.000000
402.000000,271.000000,76.000000,46.000000
400.000000,273.000000,76.000000,46.000000
393.000000,276.000000,76.000000,46.000000
391.000000,278.000000,76.000000,46.000000
389.000000,280.000000,76.000000,46.000000
382.000000,281.000000,76.000000,46.000000
380.000000,283.000000,76.000000,46.000000
374.000000,282.000000,76.000000,46.000000
367.000000,283.000000,76.000000,46.000000
366.000000,283.000000,76.000000,46.000000
359.000000,284.000000,76.000000,46.000000
353.000000,283.000000,76.000000,46.000000
347.000000,282.000000,76.000000,46.000000
341.000000,281.000000,76.000000,46.000000
335.000000,280.000000,76.000000,46.000000
329.000000,279.000000,76.000000,46.000000
323.000000,278.000000,76.000000,46.000000
318.000000,275.000000,76.000000,46.000000
312.000000,274.000000,76.000000,46.000000
311.000000,274.000000,76.000000,46.000000
306.000000,271.000000,76.000000,46.000000
300.000000,270.000000,76.000000,46.000000
294.000000,269.000000,76.000000,46.000000
289.000000,266.000000,76.000000,46.000000
283.000000,265.000000,76.000000,46.000000
282.000000,265.000000,76.000000,46.000000
277.000000,262.000000,76.000000,46.000000
272.000000,259.000000,76.000000,46.000000
271.000000,259.000000,76.000000,46.000000
266.000000,256.000000,76.000000,46.000000
266.000000,254.000000,76.000000,46.000000
261.000000,251.000000,76.000000,46.000000
256.000000,248.000000,76.000000,46.000000
256.000000,246.000000,76.000000,46.000000
256.000000,244.000000,76.000000,46.000000
256.000000,242.000000,76.000000,46.000000
257.000000,238.000000,76.000000,46.000000
257.000000,236.000000,76.000000,46.000000
257.000000,234.000000,76.000000,46.000000
258.000000,230.000000,76.000000,46.000000
259.000000,226.000000,76.000000,46.000000
259.000000,224.000000,76.000000,46.000000
264.000000,223.000000,76.000000,46.000000
265.000000,219.000000,76.000000,46.000000
270.000000,218.000000,76.000000,46.000000
270.000000,216.000000,76.000000,46.000000
275.000000,213.000000,76.000000,46.000000
275.000000,211.000000,76.000000,46.000000
278.000000,209.000000,76.000000,46.000000
279.000000,206.000000,76.000000,46.000000
284.000000,205.000000,75.000000,45.000000
288.000000,204.000000,75.000000,45.000000
289.000000,203.000000,75.000000,45.000000
292.000000,201.000000,75.000000,45.000000
296.000000,200.000000,74.000000,45.000000
300.000000,199.000000,74.000000,45.000000
303.000000,198.000000,74.000000,44.000000
307.000000,196.000000,74.000000,44.000000
309.000000,196.000000,73.000000,44.000000
312.000000,193.000000,73.000000,44.000000
316.000000,193.000000,75.000000,45.000000
319.000000,191.000000,75.000000,45.000000
320.000000,190.000000,75.000000,45.000000
321.000000,189.000000,75.000000,45.000000
325.000000,188.000000,74.000000,45.000000
325.000000,186.000000,74.000000,45.000000
328.000000,185.000000,74.000000,44.000000
331.000000,186.000000,73.000000,44.000000
331.000000,186.000000,73.000000,44.000000
331.000000,184.000000,73.000000,44.000000
331.000000,185.000000,73.000000,44.000000
335.000000,183.000000,72.000000,44.000000
335.000000,181.000000,72.000000,44.000000
339.000000,184.000000,72.000000,44.000000
339.000000,182.000000,72.000000,44.000000
339.000000,180.000000,72.000000,44.000000
343.000000,183.000000,72.000000,44.000000
343.000000,181.000000,72.000000,44.000000
342.000000,180.000000,72.000000,44.000000
346.000000,183.000000,72.000000,44.000000
346.000000,181.000000,72.000000,44.000000
346.000000,179.000000,72.000000,44.000000
346.000000,177.000000,72.000000,44.000000
345.000000,176.000000,72.000000,44.000000
346.000000,179.000000,72.000000,43.000000
347.000000,177.000000,72.000000,43.000000
346.000000,176.000000,72.000000,43.000000
345.000000,175.000000,72.000000,43.000000
344.000000,174.000000,72.000000,43.000000
343.000000,173.000000,72.000000,43.000000
339.000000,169.000000,72.000000,43.000000
