1
607.000000,498.000000,77.000000,82.000000
607.000000,500.000000,77.000000,82.000000
606.000000,499.000000,77.000000,82.000000
606.000000,499.000000,77.000000,82.000000
606.000000,500.000000,77.000000,82.000000
606.000000,502.000000,77.000000,82.000000
606.000000,500.000000,77.000000,82.000000
606.000000,500.000000,77.000000,82.000000
608.000000,507.000000,77.000000,82.000000
609.000000,510.000000,77.000000,82.000000
609.000000,512.000000,77.000000,82.000000
609.000000,514.000000,77.000000,82.000000
608.000000,515.000000,77.000000,82.000000
608.000000,516.000000,77.000000,82.000000
608.000000,517.000000,77.000000,82.000000
606.000000,517.000000,77.000000,82.000000
606.000000,517.000000,77.000000,82.000000
605.000000,517.000000,77.000000,82.000000
605.000000,517.000000,77.000000,82.000000
605.000000,517.000000,77.000000,82.000000
606.000000,517.000000,77.000000,82.000000
607.000000,516.000000,77.000000,82.000000
608.000000,516.000000,77.000000,82.000000
609.000000,518.000000,77.000000,82.000000
610.000000,520.000000,77.000000,82.000000
611.000000,521.000000,77.000000,82.000000
612.000000,522.000000,77.000000,82.000000
613.000000,523.000000,77.000000,82.000000
614.000000,523.000000,77.000000,82.000000
615.000000,523.000000,77.000000,82.000000
617.000000,523.000000,77.000000,82.000000
619.000000,523.000000,77.000000,82.000000
621.000000,522.000000,77.000000,82.000000
624.000000,520.000000,77.000000,82.000000
627.000000,519.000000,77.000000,82.000000
629.000000,518.000000,77.000000,82.000000
632.000000,517.000000,77.000000,82.000000
634.000000,517.000000,77.000000,82.000000
636.000000,517.000000,77.000000,82.000000
638.000000,518.000000,77.000000,82.000000
640.000000,519.000000,77.000000,82.000000
641.000000,521.000000,77.000000,82.000000
642.000000,523.000000,77.000000,82.000000
643.000000,525.000000,77.000000,82.000000
643.000000,526.000000,77.000000,82.000000
642.000000,527.000000,77.000000,82.000000
641.000000,527.000000,77.000000,82.000000
641.000000,528.000000,77.000000,82.000000
642.000000,528.000000,77.000000,82.000000
644.000000,527.000000,77.000000,82.000000
646.000000,527.000000,77.000000,82.000000
648.000000,527.000000,77.000000,82.000000
650.000000,527.000000,77.000000,82.000000
651.000000,527.000000,77.000000,82.000000
652.000000,527.000000,77.000000,82.000000
653.000000,527.000000,77.000000,82.000000
655.000000,528.000000,77.000000,82.000000
656.000000,528.000000,77.000000,82.000000
656.000000,528.000000,77.000000,82.000000
657.000000,528.000000,77.000000,82.000000
656.000000,528.000000,77.000000,82.000000
656.000000,528.000000,77.000000,82.000000
656.000000,528.000000,77.000000,82.000000
656.000000,527.000000,77.000000,82.000000
656.000000,528.000000,77.000000,82.000000
657.000000,529.000000,77.000000,82.000000
659.000000,528.000000,77.000000,82.000000
663.000000,526.000000,77.000000,82.000000
668.000000,525.000000,77.000000,82.000000
674.000000,523.000000,77.000000,82.000000
678.000000,521.000000,77.000000,82.000000
682.000000,519.000000,77.000000,82.000000
684.000000,518.000000,77.000000,82.000000
687.000000,516.000000,77.000000,82.000000
690.000000,514.000000,77.000000,82.000000
692.000000,512.000000,77.000000,82.000000
694.000000,510.000000,77.000000,82.000000
696.000000,508.000000,77.000000,82.000000
698.000000,506.000000,77.000000,82.000000
700.000000,505.000000,77.000000,82.000000
704.000000,504.000000,77.000000,82.000000
711.000000,503.000000,77.000000,82.000000
717.000000,501.000000,77.000000,82.000000
725.000000,499.000000,77.000000,82.000000
731.000000,496.000000,77.000000,82.000000
736.000000,493.000000,77.000000,82.000000
742.000000,489.000000,77.000000,82.000000
746.000000,487.000000,77.000000,82.000000
753.000000,481.000000,77.000000,82.000000
758.000000,478.000000,77.000000,82.000000
761.000000,476.000000,77.000000,82.000000
764.000000,475.000000,77.000000,82.000000
768.000000,474.000000,77.000000,82.000000
770.000000,473.000000,77.000000,82.000000
773.000000,472.000000,77.000000,82.000000
776.000000,470.000000,77.000000,82.000000
784.000000,466.000000,77.000000,82.000000
787.000000,464.000000,77.000000,82.000000
790.000000,463.000000,77.000000,82.000000
794.000000,462.000000,77.000000,82.000000
798.000000,461.000000,77.000000,82.000000
800.000000,460.000000,77.000000,82.000000
800.000000,460.000000,77.000000,82.000000
800.000000,460.000000,77.000000,82.000000
800.000000,460.000000,77.000000,82.000000
800.000000,459.000000,77.000000,82.000000
799.000000,459.000000,77.000000,82.000000
797.000000,460.000000,77.000000,82.000000
793.000000,460.000000,77.000000,82.000000
789.000000,462.000000,77.000000,82.000000
787.000000,461.000000,77.000000,82.000000
786.000000,460.000000,77.000000,82.000000
785.000000,461.000000,77.000000,82.000000
784.000000,462.000000,77.000000,82.000000
780.000000,463.000000,77.000000,82.000000
778.000000,463.000000,77.000000,82.000000
779.000000,461.000000,77.000000,82.000000
780.000000,460.000000,77.000000,82.000000
781.000000,459.000000,77.000000,82.000000
781.000000,459.000000,77.000000,82.000000
783.000000,458.000000,77.000000,82.000000
783.000000,459.000000,77.000000,82.000000
781.000000,462.000000,77.000000,82.000000
767.000000,467.000000,77.000000,82.000000
755.000000,470.000000,77.000000,82.000000
747.000000,474.000000,77.000000,82.000000
742.000000,474.000000,77.000000,82.000000
739.000000,468.000000,77.000000,82.000000
735.000000,460.000000,77.000000,82.000000
732.000000,449.000000,77.000000,82.000000
726.000000,443.000000,77.000000,82.000000
721.000000,435.000000,77.000000,82.000000
717.000000,428.000000,77.000000,82.000000
712.000000,423.000000,77.000000,82.000000
708.000000,416.000000,77.000000,82.000000
705.000000,410.000000,77.000000,82.000000
699.000000,400.000000,77.000000,82.000000
