1
297.207550,138.998581,67.394272,81.813026
293.420044,141.521393,67.472137,81.916504
293.529663,144.753372,67.608971,82.164940
294.427246,145.500977,67.526260,81.971542
298.202545,146.585312,67.655273,82.126442
301.255554,146.258698,67.720634,82.255165
304.123810,150.524124,67.430672,81.958420
304.916840,148.178955,67.784752,82.331535
304.153442,148.764587,68.011703,82.652802
305.194885,148.624664,68.294174,82.934525
307.776489,147.591461,68.837135,83.507607
313.680054,142.546036,68.431625,82.949341
320.488892,137.794479,68.471329,82.976768
328.615875,136.531464,68.156845,82.730698
333.152313,134.113998,67.735916,82.168282
333.884064,131.317520,67.678917,82.077637
330.767212,130.558258,67.566574,81.949265
332.943939,128.622299,67.509918,81.892448
335.986664,124.602394,67.699707,82.246864
341.062653,120.110481,67.785469,82.321625
347.737701,113.982079,67.700737,82.289955
351.284882,113.686989,67.503090,82.124779
356.181824,110.560982,67.358261,81.949463
363.109131,117.949463,67.675262,82.325134
374.424835,126.611885,67.802452,82.456467
380.795258,132.586929,67.337303,81.917534
371.750671,119.433350,67.312645,81.978966
361.099792,106.124237,67.549721,82.288544
351.568573,96.304825,67.672432,82.464478
346.315704,89.082779,67.925522,82.732605
342.958954,85.896400,67.951103,82.791992
340.337921,84.750580,67.999786,82.833267
338.188507,85.385574,68.016724,82.863312
340.908997,97.479294,68.106659,82.973839
317.859314,98.902893,68.437469,83.443291
334.662231,109.903915,68.570450,83.614479
358.713776,127.581459,68.441177,83.442963
341.311462,102.189034,68.336479,83.327324
335.748016,96.191490,68.257187,83.158310
364.498169,104.221786,68.271461,83.220963
363.541534,92.651268,68.225319,83.114502
362.142151,86.179489,68.512360,83.489861
362.730591,83.770706,68.335213,83.277832
361.514069,84.508896,67.889992,82.800240
364.292999,88.293739,67.624245,82.507477
369.057739,111.819405,67.708405,82.670616
382.080505,133.832840,68.859497,84.305695
385.969452,141.632034,68.650780,84.054649
386.253632,145.312286,67.905441,83.223846
359.852753,142.801422,67.800194,83.077271
333.496948,105.624786,67.907967,83.184929
369.347870,103.169739,67.630806,82.819511
365.091309,101.400169,67.613029,82.771332
365.356720,109.772247,67.250961,82.145332
384.727875,124.057289,67.092590,81.965225
361.956970,123.036743,66.611565,81.430756
358.016174,146.290680,66.685516,81.273148
328.714325,140.625244,66.632683,81.251534
356.530731,171.407654,66.572029,81.193291
330.603149,198.332794,66.595657,81.135132
320.250305,167.305267,66.731995,81.384636
312.617218,142.481567,67.918182,82.842491
302.211029,149.238083,67.767700,82.607498
293.365601,147.646393,67.563011,82.350174
2
0
0
0
0
1
297.235474,179.996689,82.827789,96.482025
293.853851,178.756348,82.342918,95.861572
287.175903,164.003601,82.321632,95.935738
277.854156,136.206070,82.235466,95.906113
266.119415,97.827354,82.193451,95.801193
258.581390,80.574806,82.248581,95.850029
255.212082,77.685753,81.747910,95.451057
253.611862,81.165970,81.208923,94.805580
252.596115,89.988930,81.683578,95.365135
252.030975,99.859177,81.745987,95.491623
251.385452,102.748558,81.821358,95.549744
246.164429,127.302986,81.748245,95.517387
248.439758,141.109253,81.794662,95.559372
245.508133,141.367859,81.797310,95.536095
243.476532,134.868500,81.899956,95.764557
239.450317,128.351044,81.714058,95.595589
238.798431,140.067413,81.833961,95.639313
235.676865,142.582352,81.608185,95.389206
233.595215,143.133453,81.503143,95.328796
231.197464,151.987411,81.434479,95.253220
227.125565,161.615173,81.799309,95.677811
227.656570,182.794281,81.357536,95.134270
224.078964,171.084427,81.717743,95.494736
226.962662,177.689423,82.141495,96.071289
226.088531,172.049408,81.681824,95.646042
230.196564,174.181595,81.250397,95.129898
229.581024,174.221741,81.329018,95.271027
229.842102,171.867447,80.670067,94.578232
232.773270,170.274872,80.701782,94.753654
229.140671,159.631226,80.719559,95.015022
237.550797,140.326782,80.607483,94.953560
232.245056,134.377197,80.397041,94.610298
244.509750,161.113281,80.313545,94.529053
242.012573,114.130997,80.308617,94.651176
269.454742,80.008011,80.191261,94.575218
2
0
0
0
0
1
256.148560,163.443771,56.092781,62.815609
240.773682,174.028427,56.528011,63.276356
243.977524,176.652985,56.299854,62.986210
243.856964,169.595459,56.395802,63.072464
221.917252,167.869904,56.610741,63.303562
227.321167,161.848846,56.424015,63.147041
225.045868,160.901978,55.859516,62.530472
234.157410,141.751450,56.326046,63.067814
227.239410,127.849129,56.081348,62.707607
226.277084,142.662292,55.721264,62.347713
207.674133,159.528641,55.962280,62.631741
189.946381,167.647293,55.682568,62.264420
208.630142,182.573120,55.612617,62.148392
221.922272,176.543396,56.062416,62.623196
218.477875,194.465439,55.825550,62.358482
216.382568,190.218979,55.708443,62.144913
230.783859,201.433212,56.033066,62.492496
254.301712,222.720428,56.094505,62.625916
279.237030,207.955048,56.069393,62.523338
249.217712,203.545700,56.476952,63.029499
234.119141,193.623245,56.949169,63.591259
229.489273,197.509720,56.877888,63.527451
226.226700,204.336411,56.942230,63.618885
229.840179,214.126297,56.641800,63.315865
231.688843,217.951538,56.895916,63.526077
232.449844,231.711746,56.890881,63.509289
2
0
0
0
0
1
257.911865,146.916168,82.943077,85.656212
253.135376,143.802277,82.338081,85.149399
252.442200,140.682602,82.388451,85.219460
241.858124,140.655594,82.372658,85.162071
235.520401,135.786255,82.130157,84.926979
228.301086,136.301315,81.671204,84.486954
219.854233,139.957458,81.282341,84.005302
214.824188,140.641510,81.244926,84.054268
208.634262,139.408997,81.547676,84.399292
204.810394,140.805481,81.810318,84.560463
200.322372,142.824600,82.045349,84.810219
203.064499,140.575943,81.870247,84.601166
195.416458,143.484909,82.234352,84.880150
190.842819,143.889771,82.512016,85.070808
192.454514,143.017532,82.684402,85.206703
192.565796,146.184448,82.779648,85.258530
191.700546,146.507919,83.046280,85.556099
193.175873,150.351654,83.157188,85.761581
198.437363,154.024033,83.398460,85.929131
206.036804,155.858032,82.980309,85.537766
209.994431,160.641220,83.401031,85.955139
220.312637,161.624100,83.308929,86.021042
217.780151,159.930832,83.450218,86.170151
236.809509,162.408829,83.080490,85.735130
245.746140,168.434113,82.825027,85.551361
251.779648,170.679260,83.143776,85.940666
253.689072,176.823441,83.100121,86.030426
259.627869,179.614502,83.155350,86.114647
265.613800,181.218002,83.156944,86.241928
267.582489,178.826630,82.826057,85.988983
274.618622,176.608017,83.402000,86.639412
279.851379,181.077789,84.069473,87.414169
282.361572,184.437256,84.288979,87.637764
279.740448,189.052460,84.978157,88.240417
286.051636,190.709686,84.781731,88.002823
289.858215,190.984619,84.565399,87.924187
288.805786,189.590195,83.905579,87.281860
292.639709,183.630402,83.672607,87.139931
288.768402,187.177048,83.864555,87.422768
307.471313,180.069534,84.047882,87.687279
324.584869,164.439438,83.983345,87.585556
325.094269,174.499374,84.098061,87.699295
325.654480,172.853394,84.573792,88.136513
329.684143,179.881775,84.590370,88.247047
335.299988,186.713791,84.998291,88.545967
336.121277,190.681854,84.939178,88.467491
339.603607,184.424057,85.084480,88.711395
326.533875,175.569992,84.887611,88.468750
326.249268,159.331192,84.612846,88.328239
327.618256,154.844727,84.300858,88.064651
322.563995,160.683380,83.962906,87.708656
317.687286,167.994522,84.156609,87.888306
317.153381,181.436340,83.837990,87.557297
320.882263,194.352524,83.774208,87.398323
326.517670,193.309265,84.133293,87.737656
327.283386,190.243057,84.289032,87.951202
325.507050,175.989319,84.851730,88.552460
325.008179,161.438065,84.408867,87.973976
328.593567,150.237579,84.511688,87.954323
329.527069,144.277527,84.935364,88.396942
323.869598,146.041962,84.954567,88.456146
328.700653,155.872375,85.699280,89.101242
319.539886,165.683929,85.945572,89.281235
321.023132,175.579605,86.156853,89.468704
313.608948,180.113632,85.795998,89.205032
307.542297,170.411438,86.092056,89.436966
299.953156,157.630264,86.232117,89.657204
299.491089,181.052216,86.614891,89.972946
260.519531,209.498810,86.552429,89.998711
248.932724,193.057022,85.396698,89.169983
248.063690,203.175903,85.626900,89.383316
283.629791,157.287216,85.405762,89.072098
284.195129,170.214249,85.167107,88.837639
279.825989,181.739716,84.996941,88.802086
285.880249,185.073395,84.961876,88.707756
288.436981,183.785553,84.940285,88.714676
288.531830,171.871216,84.799713,88.539268
288.219818,165.966248,84.308884,88.049561
274.295410,145.627853,84.421753,88.143959
242.220200,179.145569,84.688858,88.494896
271.480774,177.479523,84.343002,88.167793
289.643005,173.997894,84.504242,88.299965
288.329071,180.019211,83.792442,87.672455
270.924286,166.195908,83.837708,87.640289
280.454895,175.586670,83.488449,87.341591
277.018005,162.857132,83.132149,87.070908
272.505920,159.649475,82.784935,86.530113
270.551331,155.562973,82.540237,86.404938
225.154434,175.475891,82.631248,86.442924
277.765259,145.151505,83.716835,87.606392
278.351013,158.882126,82.216461,85.899803
277.352142,164.739166,81.706177,85.366432
279.228516,173.346130,81.521660,85.230293
306.767334,176.861694,81.480331,85.204903
339.039246,207.429703,81.591354,85.298538
328.474426,190.238724,82.216187,85.999397
289.544952,168.508347,82.483017,86.392235
294.046143,169.070068,82.458694,86.385712
291.911743,168.459702,82.697105,86.686310
291.292114,157.650620,82.603584,86.657539
292.383545,147.181839,83.056534,87.048523
295.707458,178.484573,83.276711,87.301819
319.951416,145.552750,83.195175,87.251564
344.271912,177.666748,82.748276,86.798386
2
0
0
0
0
1
306.460541,137.478256,45.506092,52.261253
306.715790,128.932571,45.363331,52.101345
305.883331,125.725540,45.650719,52.364494
304.446075,126.074440,45.806831,52.583488
303.755981,126.065674,45.447220,52.157715
303.016296,129.879684,45.627064,52.439583
301.565338,134.682327,45.880695,52.703102
300.562531,142.623703,45.663849,52.429760
297.134644,137.949448,45.789463,52.610550
293.932648,131.325027,45.942314,52.726555
293.225616,126.224640,46.005478,52.828133
293.002350,122.752632,45.847679,52.686970
291.087402,121.591560,45.501217,52.303799
289.492706,124.307625,45.284626,52.079601
286.815613,128.221405,45.539043,52.320286
286.987762,135.787628,45.612228,52.377205
284.260559,144.906921,45.458523,52.329029
284.213348,147.351181,45.908535,52.835293
282.523621,145.712875,45.541759,52.415127
283.105011,145.372223,45.934528,52.877384
283.506592,145.768311,45.460701,52.299061
286.253296,142.100266,45.330410,52.122982
289.360779,143.077179,44.994164,51.742264
290.310638,143.287155,44.601139,51.339035
291.594788,149.486221,44.083942,50.757446
293.188782,154.045227,44.025917,50.688244
293.422516,157.213882,43.655777,50.275524
290.960297,153.804291,43.914440,50.632832
289.491638,145.825653,44.413414,51.149075
291.501556,139.507568,44.675591,51.438515
291.860870,135.032440,44.452084,51.222904
292.142883,134.682648,44.127239,50.816895
292.360229,135.937851,43.913368,50.607281
291.666748,140.945633,43.805763,50.481560
292.289215,144.302612,43.705425,50.366722
294.472534,153.500000,42.979015,49.541245
295.416138,140.542603,42.707504,49.245247
294.160278,135.090942,42.462894,48.949512
297.779083,127.594879,42.374130,48.949795
298.311523,126.432060,42.618984,49.146526
302.016571,126.420547,43.372334,50.018497
302.687286,131.428787,43.108273,49.715954
304.178833,135.988876,43.361633,49.972946
305.377167,141.132919,43.579708,50.211143
307.580933,150.067825,43.930058,50.674614
305.316833,149.022568,44.083416,50.864101
303.065979,133.219772,43.747810,50.441948
303.146118,125.242851,44.269772,50.975422
303.985107,124.656578,44.453201,51.202515
306.995392,124.640121,44.376953,51.092659
307.327393,126.474518,44.221336,50.882572
307.269440,132.475647,44.231800,50.858540
306.542328,141.809570,43.871986,50.372917
306.792755,147.753525,43.962540,50.456867
308.156281,159.045700,43.917572,50.345764
309.214844,150.409912,44.238293,50.704285
311.453705,142.734390,44.286148,50.752953
314.266449,135.183517,44.036587,50.466915
326.431427,124.185059,44.086945,50.556335
337.912994,132.211624,44.107315,50.558548
335.182983,131.642502,43.762188,50.197147
320.849396,140.022873,43.809235,50.264885
338.955536,126.980865,44.127899,50.647564
340.197876,136.880096,44.498428,51.065243
332.718292,127.634361,44.464203,51.010445
340.876770,130.489105,44.788403,51.429001
339.291382,119.473953,44.643383,51.281853
335.475800,109.948021,44.954609,51.691059
333.993225,108.061638,44.967838,51.619576
334.812286,109.108704,45.006996,51.589336
333.906311,111.601990,45.273384,52.001019
314.204193,120.688629,45.315178,52.021214
313.733582,127.923096,45.165791,51.851891
326.703094,132.129120,46.061127,52.933281
325.552795,125.794868,45.630455,52.402248
310.464142,123.158249,45.374390,52.108784
308.818878,120.808090,45.365036,52.114475
321.852448,115.157318,45.647278,52.459976
318.691040,110.089134,45.316387,52.043968
317.280273,112.233604,44.195251,50.852043
319.216278,116.506363,44.209839,50.890079
309.055115,134.272507,44.350647,51.071114
318.370056,131.145096,44.676422,51.489193
318.582489,135.715591,44.908760,51.789497
321.732605,133.201065,44.532894,51.357975
322.469513,125.750916,44.383652,51.155842
318.701080,125.934807,45.449978,52.367115
318.008453,116.823410,45.424057,52.412582
321.099274,115.949814,45.432503,52.439762
321.489441,118.119347,45.504505,52.489552
325.464752,121.118187,45.414715,52.363281
323.400726,128.058655,45.182899,52.096420
328.188507,132.573349,44.319084,51.115665
328.517456,134.369049,43.909378,50.578133
330.564331,131.053619,43.829777,50.513409
330.821350,126.636330,44.179367,50.987354
330.281982,129.583603,44.118095,50.947453
328.195312,129.905197,44.171558,50.937218
345.259125,117.161209,43.094048,49.841496
340.353607,103.408440,42.477211,49.181351
320.406464,129.472198,41.659931,48.175293
323.150085,135.814636,41.711926,48.204765
326.243591,127.368744,41.694412,48.210659
326.636139,130.485352,41.690525,48.163971
323.031006,132.523727,41.464066,47.836010
319.603973,132.558899,41.165096,47.495617
318.543304,131.562698,41.215401,47.565174
318.004608,131.219925,41.335098,47.727837
311.511627,128.969879,41.454449,47.858322
310.761688,130.805878,41.504375,47.876034
310.495941,131.204407,41.560890,47.976974
311.351715,127.007797,41.508469,47.955090
307.329651,130.063782,40.853863,47.322025
298.816803,108.153366,40.833271,47.273705
305.827576,133.522934,40.735855,47.136791
304.731659,131.629349,40.895950,47.258400
304.030243,133.085983,41.057945,47.404976
294.447571,121.336739,41.419224,47.814285
307.856445,130.693405,42.203663,48.753403
306.922913,129.970825,42.075695,48.597542
309.631439,131.409653,41.270603,47.693424
308.638702,133.397400,41.396057,47.807236
304.211761,127.391922,41.527676,47.969124
307.397064,110.941490,41.577354,47.993011
308.611389,118.038216,41.368622,47.762608
311.388763,130.407852,40.770370,47.003902
317.122009,143.912399,41.146591,47.401283
306.942047,115.596519,41.133720,47.307575
2
0
0
0
0
1
347.375549,156.042007,41.209007,50.806068
346.186981,157.341980,40.593868,50.045399
347.080017,167.689484,40.708931,50.210941
347.504059,176.930054,40.295799,49.693031
