1
299.185486,139.276169,63.736282,77.228241
296.008698,142.825180,63.405823,76.851135
296.231171,147.128891,63.588234,76.992577
297.091919,147.747025,63.707317,77.126427
303.477234,149.772568,63.588703,77.031548
305.108398,149.601074,64.003540,77.560852
309.241791,148.076233,64.449318,78.074791
310.554596,148.975189,64.555130,78.176094
304.862305,150.937912,64.416618,77.993637
307.846405,152.271317,64.331947,77.881676
310.410400,147.332718,64.429268,78.064217
318.683777,145.041245,64.662125,78.409004
325.814545,139.443832,65.110786,78.902245
331.217377,136.971024,64.768707,78.555168
335.638214,134.391876,64.657799,78.424026
335.567474,132.288971,64.310448,77.968391
333.094421,131.912582,64.198753,77.876335
334.440918,130.412689,64.417274,78.060394
338.349091,124.192131,64.456924,78.127930
343.304901,119.411156,64.080544,77.669304
349.813354,118.995361,63.974796,77.565468
354.022430,114.004433,63.754227,77.306068
360.199310,114.463341,63.694107,77.278671
368.985168,120.801933,63.703400,77.392815
381.191742,131.589584,64.058884,77.767128
384.755859,133.749939,64.054047,77.716629
377.247528,123.652908,64.006348,77.733971
365.859039,105.887718,63.862160,77.629601
357.690735,95.410980,64.183044,78.078331
349.922913,90.857468,64.058304,77.867302
346.292786,85.253372,64.799438,78.787674
342.865540,83.575226,64.989204,79.025696
341.346497,87.735924,65.403694,79.556625
344.623535,92.754776,65.554329,79.751762
323.402496,110.295143,65.694366,79.902885
336.910187,117.899826,65.433311,79.546303
364.367188,134.151459,65.203964,79.221596
348.895447,121.349670,65.404648,79.497093
339.082245,107.188698,64.820435,78.823334
362.638336,91.847450,64.425690,78.307739
365.720245,93.606094,64.691956,78.667641
366.243927,85.897835,64.716675,78.606750
367.272552,87.080498,64.667206,78.571312
366.331482,88.151947,64.344955,78.258209
366.589294,90.253334,63.994858,77.934883
373.391479,108.095818,63.769226,77.636871
381.117126,124.662613,63.540550,77.311310
388.256927,141.148956,63.126656,76.741318
389.467896,145.130844,63.354931,77.016136
379.622345,131.271713,63.788639,77.482193
358.156433,143.072693,63.975384,77.677040
373.779816,108.358574,63.577461,77.134163
367.577606,106.927986,63.602570,77.060005
365.361572,115.390297,62.832153,75.974724
363.309998,160.777390,62.836853,75.982819
364.039368,126.606903,62.655308,75.693298
360.608612,138.137589,62.783527,75.881897
329.494659,155.643433,63.319332,76.546814
363.932983,172.083893,63.539478,76.828529
326.997955,182.507874,63.586430,76.842766
314.443390,152.952942,64.333473,77.685974
326.707245,197.523804,64.117805,77.351936
338.157013,185.685974,63.862129,77.056580
2
0
0
0
0
1
302.067871,175.615738,80.176247,91.039246
300.557526,190.221588,80.096558,90.875481
296.492920,184.643051,80.228798,90.978325
286.354370,169.529343,80.609619,91.393410
281.844452,143.787949,80.490921,91.365967
270.649078,112.726723,80.430847,91.252541
273.315735,105.001976,80.346848,91.129692
268.145233,103.246391,80.598534,91.344322
266.480682,105.176361,80.161652,90.884750
264.657196,112.845093,80.067245,90.725449
259.349304,135.382935,80.197746,90.941002
259.392426,152.141678,80.002098,90.685471
256.191437,170.000488,79.804878,90.436127
255.805176,179.579529,79.664917,90.385300
255.169678,181.146805,79.534950,90.273422
254.465591,179.959930,79.193596,89.804428
248.984634,176.961334,78.911942,89.324959
244.890350,175.909561,79.059616,89.546432
240.546509,179.210907,79.121315,89.586838
239.777313,182.856750,79.287674,89.800850
240.664261,189.583481,78.831154,89.331207
242.228058,191.863373,78.609337,89.105827
242.346481,197.013626,78.698509,89.303932
239.272629,195.442719,79.254890,89.931313
241.688110,195.464874,78.717995,89.305260
238.392838,193.101898,79.044518,89.736374
240.734360,197.116119,79.115280,89.701202
243.481476,192.573502,79.096527,89.802094
244.601181,190.448349,78.771141,89.269585
242.717667,189.346710,78.532173,88.988129
251.525650,181.352966,78.664558,89.101501
245.975189,179.427673,78.260452,88.587685
255.395477,172.185104,78.043312,88.051971
256.269897,119.367462,77.891647,87.958794
2
0
0
0
0
1
260.237549,155.904251,54.381779,61.286587
260.740784,169.950607,54.450840,61.378098
261.587891,173.098267,54.234219,61.101196
249.633469,179.947067,54.569588,61.537647
229.539795,201.830170,54.684055,61.688320
243.322464,181.030075,54.575268,61.557137
233.870468,175.154419,54.779617,61.844547
223.189514,147.438446,54.405640,61.391891
249.428329,160.397873,54.625866,61.621815
244.315063,150.992950,54.839603,61.888882
243.147217,151.322662,54.400196,61.398327
244.735840,155.930801,54.100437,61.075397
237.074051,187.376892,53.618408,60.537689
220.211655,206.133804,52.974392,59.856026
222.552704,210.977615,53.128796,59.952335
226.717926,209.229050,52.605915,59.397339
234.013962,203.645370,52.132717,58.961670
234.642731,215.514053,51.893021,58.685158
238.318726,199.493500,51.603001,58.355030
2
0
0
0
0
1
267.724823,147.264404,83.870346,90.140335
269.737457,145.498520,84.061630,90.322296
272.031250,142.937698,84.327110,90.629898
272.253326,148.121628,84.938301,91.350487
269.081757,148.148453,84.793762,91.266190
270.092163,147.101379,84.261002,90.788742
264.731445,148.954895,84.526596,91.122505
264.132812,148.598312,84.523529,91.037659
264.037811,147.334183,84.632141,91.114532
262.184357,149.868881,84.712402,91.228569
253.690628,146.315033,84.282570,90.706482
257.914246,138.304855,84.311256,90.812485
241.674866,138.892868,84.412666,90.856888
236.786209,133.755478,84.467163,90.926872
226.575592,137.637497,84.802414,91.323647
222.324036,140.520599,84.673897,91.219292
215.151642,140.574783,84.743256,91.311905
210.125366,143.360565,85.115135,91.773483
203.691956,141.835724,85.405136,92.055840
214.135147,139.497696,85.117882,91.775139
202.141312,140.586319,84.706291,91.348686
207.466629,144.228973,84.515503,91.246941
192.112106,144.074982,84.392776,91.107399
192.442749,144.548874,84.324463,91.116982
192.344498,145.216263,84.224464,91.140167
193.012512,150.778305,84.082809,91.141945
194.928452,153.080826,84.701233,91.874565
200.186142,155.040619,84.381180,91.558174
206.841827,159.833603,83.950531,91.086922
212.702225,162.001495,83.373436,90.454582
220.041748,163.626648,83.288513,90.269760
192.710815,170.925232,83.546341,90.522545
225.794220,151.151962,83.690414,90.614693
247.387482,163.660950,83.643547,90.651611
248.206924,150.573227,83.459335,90.443771
222.827408,102.089333,83.637550,90.653557
206.711823,118.035652,83.408142,90.291382
225.177795,133.330521,83.254692,90.126587
218.201324,131.034515,83.218323,90.106537
280.322083,170.071320,84.058182,90.938652
278.228424,173.752350,83.022575,89.728485
283.113220,181.236938,82.725456,89.466888
285.114044,183.397369,82.914749,89.668190
262.118378,160.200195,82.812561,89.651131
294.448029,179.650116,82.833183,89.684608
295.903198,188.004959,82.412544,89.143150
294.914429,174.407150,83.414001,90.034714
302.308563,173.781540,83.348335,89.883751
306.951080,170.953568,82.956413,89.294220
246.113708,210.059219,84.091499,90.575920
2
0
0
0
0
1
338.478699,162.050552,90.734779,102.345772
334.251923,154.461304,90.845261,102.385155
332.918732,149.673233,90.983971,102.519615
330.118744,150.446381,91.140083,102.774948
327.760040,157.756989,90.795433,102.435379
327.209686,172.076309,90.943840,102.716125
328.453156,180.595886,90.806335,102.504333
333.821625,186.526688,90.485161,102.165077
334.108765,177.354950,90.735962,102.423454
331.801788,166.086945,90.281418,101.971870
329.782410,155.788040,90.244354,101.988358
331.003754,146.996048,90.006035,101.730782
332.141815,141.832550,89.760353,101.504852
332.504669,142.176620,89.465233,101.230453
328.776245,147.305893,89.862968,101.540245
322.596039,158.455917,90.043854,101.653984
324.237274,170.773911,89.859795,101.349060
316.447632,174.701340,89.578651,101.058601
310.167419,165.177414,89.759216,101.254799
301.083801,155.607391,89.922241,101.241150
298.978821,143.021866,89.969429,101.258240
294.770386,148.749817,89.823189,101.056534
291.259827,150.789032,89.625687,100.827339
288.528961,154.732300,89.418228,100.613113
285.717438,160.030197,89.255852,100.518173
283.134735,170.651978,89.435890,100.717232
284.977020,179.303009,89.113243,100.338509
286.645782,179.649597,89.158287,100.448067
289.438477,177.566116,88.818390,100.036308
288.963165,166.483826,88.954697,100.214546
291.367310,158.372787,89.387749,100.880127
212.524414,164.160645,88.865448,100.172417
2
0
0
0
0
1
294.306274,175.096634,53.916595,67.647728
289.076935,169.873276,54.060898,67.915344
288.326141,168.105957,53.773312,67.517853
286.069916,167.653748,53.502869,67.287926
284.156403,172.335480,53.275639,67.014809
285.116455,174.792389,53.347126,67.143738
283.758850,183.550095,53.439468,67.232841
287.875275,187.684006,53.587227,67.392242
288.288940,188.077881,53.739494,67.606873
291.232056,173.708328,53.359814,67.126793
295.269745,178.327545,53.441483,67.214577
296.237152,187.130997,53.072773,66.674461
300.228210,189.993301,52.998741,66.542595
300.573517,188.221619,52.951817,66.465248
302.962982,178.874634,53.380096,67.014885
299.618958,168.888504,53.868824,67.689064
297.140717,158.469193,53.998940,67.893845
298.284637,154.675964,54.219128,68.225777
295.759521,148.491333,53.803852,67.749100
293.773956,148.653442,53.620285,67.525177
296.110016,150.980438,53.363453,67.271927
297.193146,153.144043,53.361832,67.290382
299.490143,158.725510,53.646767,67.597557
300.909332,155.845734,53.404240,67.323685
301.529572,147.722275,53.508785,67.511475
301.509949,138.006607,53.281403,67.235771
300.677673,128.985489,53.234280,67.222717
299.202789,125.291306,53.026451,67.031204
298.225372,126.213333,52.885921,66.812523
297.960785,126.243378,53.239395,67.246986
299.945618,128.080109,53.362389,67.382820
298.160400,136.754959,53.631237,67.694031
298.324921,141.566833,53.161701,67.163101
291.919861,142.197281,52.855927,66.793541
291.303314,135.358292,52.989429,67.016922
289.720917,127.862610,53.085705,67.100792
286.942566,124.600334,53.010754,66.952400
285.306213,124.629761,53.193085,67.236038
283.448242,123.376343,53.125858,67.220238
280.983002,129.566360,53.411892,67.550377
279.987122,137.247757,53.085403,67.141098
281.188354,141.840500,53.129715,67.203552
276.731598,152.175339,53.055138,67.162079
274.603699,148.091599,52.383823,66.252174
275.985352,149.400894,52.334572,66.217224
275.878235,146.005768,52.617603,66.557442
275.501343,151.868134,52.396011,66.257103
284.576721,149.343124,51.972599,65.741455
285.057281,149.558426,53.036251,66.951347
285.634796,149.845444,53.351879,67.407631
285.849792,153.282761,53.069584,67.037949
285.412292,159.980331,52.928902,66.815697
283.649658,157.670990,52.549667,66.389580
283.554047,147.921524,52.356995,66.107239
285.517181,146.308456,52.843967,66.671463
285.211090,142.045807,52.954185,66.892136
288.534790,140.676971,51.911110,65.646500
285.427826,141.239609,51.864529,65.601242
285.042145,141.900833,51.854710,65.582031
285.857819,148.468887,51.813667,65.495583
288.399902,149.924133,51.964882,65.761581
287.313477,148.109772,52.332081,66.301361
288.338409,140.746674,52.315643,66.312027
290.613098,131.560165,52.352448,66.397057
293.819000,128.662201,52.216209,66.246994
295.980804,129.013092,52.691536,66.898842
296.890594,133.630905,52.923618,67.205872
297.053131,138.943787,52.744129,67.033195
297.625702,144.287979,52.956879,67.201790
299.827179,150.644058,53.057037,67.306938
297.877502,146.858032,53.266258,67.626205
296.535828,137.769577,53.891438,68.465393
298.039917,132.021561,53.903210,68.503647
295.856049,125.305801,54.053143,68.670769
296.031128,125.355621,53.830341,68.328110
296.392883,127.089828,53.708153,68.217720
299.636810,133.052719,53.608532,68.140251
299.423859,139.202194,53.478241,67.940346
299.719849,145.572052,53.713715,68.205727
300.752106,154.957306,53.978352,68.525497
299.702087,149.933472,54.524418,69.236336
303.007660,144.656342,54.574387,69.342911
311.699615,134.574432,54.172405,68.992378
331.849182,125.649361,53.936398,68.708191
339.775208,165.290665,53.614784,68.219353
2
0
0
0
0
1
317.152863,124.240875,38.669949,46.891346
315.857086,117.339996,38.878944,47.098515
316.463959,114.145035,38.582680,46.788055
315.739594,112.426971,39.184464,47.453850
313.537476,115.699753,39.703033,48.052284
311.161285,119.647079,40.004704,48.406818
309.105042,126.790909,40.376720,48.864502
306.563477,133.400787,40.324467,48.756905
304.773743,132.904922,40.380001,48.779873
305.651001,126.640091,40.602070,49.035545
303.473541,122.614853,40.619907,49.037521
303.035522,118.328201,40.490788,48.855839
304.053680,116.022934,40.705074,49.093021
303.186371,118.213760,40.207298,48.474407
302.624298,123.095619,39.489578,47.552231
303.898682,127.784325,39.913090,48.078800
304.154541,136.570694,39.929329,48.149639
306.207916,143.036209,39.227097,47.262886
306.011627,141.834412,39.149956,47.236408
308.090820,132.348770,38.922527,46.995022
310.221375,128.145386,38.960682,47.033035
311.989410,123.707108,38.709106,46.746262
312.975739,121.789909,38.522270,46.513145
317.095520,126.132317,38.229225,46.149578
317.581757,130.785446,38.222576,46.098560
319.184174,135.408157,37.877102,45.700138
320.308075,137.333496,37.963703,45.800213
322.583344,137.292084,37.903542,45.790581
321.472900,136.665085,37.956245,45.876091
320.931488,134.655655,37.805351,45.679699
322.244446,134.964752,37.387024,45.166534
323.288696,136.347992,37.262535,45.010330
338.065918,126.825394,37.122311,44.828930
334.437408,129.145554,36.884472,44.615799
337.530121,138.184753,36.947483,44.672798
331.020416,137.227142,37.172092,44.944859
329.941437,139.418747,36.789829,44.448986
329.616425,140.438950,36.544838,44.151642
327.941223,138.952026,36.789680,44.395424
323.500488,134.172134,36.883095,44.486595
321.326996,137.502426,37.214787,44.855442
320.140808,136.569458,37.893024,45.700413
309.128632,134.304123,37.765640,45.529190
308.198059,134.640335,38.205330,46.064255
307.728912,136.288101,38.222507,46.113960
312.221924,123.153473,38.468403,46.418358
304.647156,135.564819,38.336380,46.244915
297.565704,119.150543,38.494850,46.427963
302.784790,128.054276,38.176281,46.073330
306.283905,147.080887,38.086845,45.938274
301.110840,135.657089,37.769089,45.584942
302.402161,142.487946,37.755562,45.589836
301.127197,134.348450,37.532303,45.304111
291.540558,128.799988,37.506546,45.287323
307.043732,136.071030,38.103001,45.917316
312.291962,134.203735,38.123295,45.978012
302.327911,122.613449,38.481148,46.383179
309.963501,139.869476,39.599251,47.890118
309.967590,142.173462,39.246193,47.437393
303.189850,164.729782,39.515411,47.783268
318.123535,147.644119,39.499817,47.752457
316.395966,145.062439,39.237209,47.420864
319.809723,145.684341,39.210129,47.424824
341.923859,131.508057,39.578682,47.878094
346.810181,141.000916,39.538109,47.816223
344.833649,147.131989,39.558918,47.816212
343.382812,149.072800,39.840351,48.123638
358.614594,111.798401,40.269970,48.745552
382.360352,132.949478,40.841759,49.579819
2
0
0
