1
298.201385,138.509430,66.418457,80.530449
294.763336,140.698059,66.502350,80.633728
292.515533,145.765228,67.005928,81.263306
294.761017,147.206284,67.060684,81.479668
298.210938,148.638977,67.157494,81.584038
299.901917,147.421021,67.116745,81.497086
306.257141,149.495575,67.312721,81.645462
306.718201,150.878967,66.928596,81.243919
303.630768,150.378128,66.522606,80.761032
304.959656,148.593964,66.632721,80.847176
307.050964,148.348572,66.488785,80.682167
313.798737,144.705399,66.940918,81.219826
321.211456,139.160995,66.832932,81.044090
328.650604,138.435486,66.973701,81.226959
333.770660,135.967117,66.748215,80.873276
333.842377,132.829422,66.641006,80.739067
331.801025,133.188400,66.376892,80.404564
333.465607,129.426025,66.552788,80.565651
335.119324,124.807411,67.064148,81.197014
341.513092,120.112473,67.158676,81.258430
347.289215,116.113571,66.271347,80.209259
353.218323,114.287766,66.532867,80.548241
357.734222,113.554283,66.705261,80.792053
366.393799,118.805420,67.183136,81.324295
376.860962,130.364105,67.160210,81.265656
381.377930,132.185837,67.091812,81.184921
375.983459,121.060181,66.876068,80.820808
364.084198,109.985016,66.536880,80.508728
352.329315,97.677940,66.729660,80.660797
347.094757,89.093018,66.506081,80.390007
342.241119,89.476974,66.371483,80.252930
340.610565,86.007645,66.515709,80.467636
339.490112,89.977348,66.684608,80.708961
340.981384,95.413795,66.780243,80.869438
307.098297,96.116951,66.592148,80.640038
333.772797,122.447784,67.054268,81.240265
371.004242,138.046829,66.977982,81.099625
346.160614,119.454750,66.932762,81.015015
329.508759,98.254044,66.895317,80.993210
361.677948,101.645866,66.700119,80.693665
360.322052,94.622070,66.912773,80.966248
362.614349,89.112495,67.128746,81.289337
363.356598,89.120872,67.326134,81.472382
363.636139,90.799416,66.902130,80.896759
365.371185,97.599800,67.058807,81.072937
371.083466,113.775276,67.337074,81.375237
377.789093,131.034378,67.297951,81.363602
384.671631,141.954819,67.614479,81.677864
382.888336,143.794403,67.685822,81.773094
356.039185,148.679840,67.790764,81.964706
353.286652,144.405716,67.988983,82.214066
367.180328,112.774117,67.922546,82.199669
364.730560,104.509041,67.873116,82.034081
366.486420,116.933548,67.034271,80.991470
367.341248,125.483299,67.480385,81.400467
358.018829,123.086334,67.180634,80.952461
353.790588,146.613190,66.882782,80.499794
343.752563,175.395996,66.581612,80.225899
368.002838,172.774933,66.465073,79.972893
331.136475,192.232788,66.844139,80.320824
311.980713,170.782593,66.928085,80.432541
313.093353,144.322845,66.746048,80.288452
304.269714,130.176468,67.687332,81.438301
347.952271,101.627380,67.743462,81.509354
334.727692,59.659630,69.094742,82.950592
366.850159,69.007706,68.877144,82.724648
2
0
0
0
0
1
283.133392,159.276306,82.357544,97.222054
275.476562,128.667908,81.918953,96.672432
266.657410,107.053658,81.834587,96.626541
282.773651,82.230194,81.993713,96.809517
279.082214,76.724442,82.149254,96.932823
277.402435,81.472816,82.361824,97.286469
276.931854,92.929970,82.365616,97.315643
262.346283,112.870255,82.319504,97.390869
258.421661,124.974281,82.560699,97.719742
253.333313,143.836441,81.880516,96.973816
254.986847,158.837952,81.745995,96.775894
254.088669,155.339127,81.120804,95.889870
253.515167,153.749069,81.283806,96.157356
250.847687,155.969452,81.002785,95.865990
244.796646,155.393845,81.111664,96.045456
242.102768,159.368240,81.243599,96.173531
238.948654,162.685989,81.451271,96.407913
234.481949,179.978455,82.034485,97.197037
230.630676,184.554993,82.663361,97.945457
236.249146,183.476791,83.621284,99.092255
234.110733,187.062943,83.909035,99.528709
236.384140,183.948288,83.282669,98.880318
233.324402,181.906387,83.665260,99.268318
234.643448,180.410690,84.241821,99.942757
234.790115,181.602219,84.689537,100.650963
235.167953,174.383469,84.664406,100.665245
237.420349,174.084564,84.694023,100.663216
240.832977,168.913132,84.639572,100.582748
244.740372,163.104141,84.554543,100.552948
243.795853,146.974091,84.594833,100.626297
247.031479,133.877808,84.483353,100.408875
248.333649,112.890160,84.232826,100.164291
237.809448,134.456039,84.220619,100.116470
291.804962,200.857193,83.332245,98.885796
2
0
0
0
0
1
263.474915,133.184814,57.635193,64.365883
271.384399,151.619720,57.089771,63.659233
245.846436,177.356308,56.719284,63.289062
236.780319,182.705521,57.396935,64.015266
236.444748,178.916138,56.902252,63.521118
236.054199,178.095215,56.793823,63.385952
242.165955,168.836533,56.685402,63.266567
247.079590,152.544113,56.549976,63.088280
254.975403,166.444244,56.449806,62.927807
241.444839,180.180267,57.174671,63.704586
244.211060,183.921265,57.326172,63.898647
248.525681,185.378891,57.069492,63.689049
251.088089,187.170151,57.305172,63.963520
255.750656,191.670837,57.149040,63.799988
258.114807,190.925934,57.551044,64.239075
266.162811,189.876282,56.958157,63.600838
268.484802,197.355331,56.644768,63.262913
290.185608,173.939285,56.286152,62.784805
267.087311,170.507080,56.572514,63.070175
264.357666,182.173584,56.690243,63.240543
253.364212,186.714981,57.299862,63.960526
269.079956,210.576157,57.188229,63.779716
268.647461,211.536423,57.155762,63.752876
271.836060,210.403046,56.870644,63.430260
271.630402,206.475815,56.869862,63.347511
273.367065,211.580154,56.565514,62.974915
271.994049,209.873566,56.226357,62.517151
270.412689,210.131088,56.497555,62.785080
271.142914,212.610245,56.505962,62.839039
280.200104,222.423340,56.598011,62.906227
271.040802,216.861816,56.819939,63.239635
2
0
0
0
0
1
226.918152,140.398895,81.483482,91.885399
219.813629,142.714523,81.265343,91.649567
215.910492,142.098694,81.723427,92.140060
209.148087,142.236542,81.517288,91.769096
205.369949,142.233200,81.677711,91.958015
204.796036,140.884079,81.665077,91.895264
199.418686,143.305588,81.565193,91.573547
197.360107,143.843399,81.556664,91.626938
194.851105,143.522232,81.267921,91.325569
197.534088,147.048218,81.011375,90.981743
194.586258,151.951553,81.196877,91.118126
198.325119,154.781647,81.284866,91.166565
203.449417,156.056885,81.240677,91.197441
207.932007,163.807709,81.456322,91.515160
214.668411,162.729431,81.441048,91.480286
223.971130,164.581024,81.548149,91.640205
232.816833,170.307098,81.475822,91.446320
238.563629,151.594879,81.388184,91.358604
250.040359,174.136368,81.431992,91.396088
257.831055,174.938217,81.591484,91.435371
260.972260,177.315674,81.647110,91.540871
264.007843,184.009613,81.506577,91.399536
265.952393,186.107742,81.568764,91.358513
270.866852,189.100494,81.419754,91.112480
272.755005,188.796448,81.487152,91.141441
279.927765,187.725357,80.965973,90.583107
280.879425,192.431763,81.399712,91.106339
288.901550,190.799149,81.253906,90.899734
290.000641,193.471680,81.220428,90.867233
293.101959,202.653732,81.504982,91.369980
288.578308,169.521088,81.369125,91.211975
295.638916,187.923111,81.746063,91.632507
246.163864,176.520447,81.588753,91.368591
249.085114,222.537949,81.799431,91.384705
240.094910,179.062958,81.678833,91.276978
255.268204,155.917969,81.362015,90.886444
266.779236,171.067978,82.201614,91.688744
290.554657,152.886520,82.294388,91.806908
299.082520,183.974686,81.659256,91.198532
268.624756,180.842392,80.707603,90.051338
266.730835,138.437759,80.722649,90.096062
268.179413,156.176605,80.533295,89.760094
268.801025,163.531128,80.723579,89.879463
271.526276,156.976639,80.572578,89.786102
260.855988,155.133835,80.597000,89.809357
265.289581,163.815567,81.149864,90.338722
266.373810,180.324509,81.266754,90.507347
265.677246,188.340515,81.126740,90.313828
261.250824,211.220016,81.383575,90.643936
266.197937,182.096619,81.378105,90.626648
266.393280,138.415619,81.228210,90.486641
268.356293,158.368301,81.287727,90.471420
273.652466,134.760849,81.845726,91.134613
282.395905,181.092850,81.834427,91.140053
270.949799,133.031952,81.956009,91.337479
270.167694,142.458237,81.889053,91.300598
269.313782,154.329575,81.874878,91.283279
268.970062,180.026047,81.967789,91.292480
266.219208,170.197205,81.833183,91.186340
257.025909,160.341461,81.533646,90.832359
254.999222,163.318924,81.717865,90.942833
254.131256,150.187057,81.470970,90.704422
251.482635,153.594040,81.680618,90.860901
245.702347,157.955215,81.808914,90.974007
240.535309,159.475784,81.406639,90.530807
237.044144,165.355103,81.249245,90.318787
234.881805,175.244766,81.716354,90.863853
235.680344,175.864532,81.641655,90.804092
241.828217,190.863251,81.902534,91.018692
241.292831,177.445953,81.985313,91.015739
240.899918,170.398499,82.434509,91.526031
244.186371,159.750458,82.472595,91.545151
246.591400,161.397736,82.569824,91.566338
245.127533,162.405365,82.547913,91.652618
247.420807,156.765213,82.825745,91.936356
242.609833,163.413467,83.408020,92.680222
248.736130,174.401688,83.609436,93.006172
248.805923,168.330734,83.504196,93.005089
236.600510,147.593201,83.213654,92.727081
229.969421,157.015961,83.226875,92.721085
216.728317,186.735016,83.398720,92.840118
208.117416,200.061829,83.402580,92.854965
228.740234,158.491577,83.764778,93.329292
205.122711,157.768448,83.737747,93.286362
209.825241,158.783203,83.420540,92.925072
2
0
0
0
0
1
303.706268,188.842590,43.910194,53.426868
305.196075,185.409439,43.591606,52.970646
305.948608,179.231461,43.583702,52.954689
304.841858,166.535965,43.988384,53.480934
302.430603,157.870865,44.485344,54.098171
303.394684,152.027039,44.804893,54.510822
303.607941,145.441086,44.878189,54.669609
304.256531,145.695908,44.626350,54.334003
304.689301,145.839432,44.100296,53.661549
303.428223,150.990005,43.759987,53.174110
306.581970,156.060242,43.474583,52.858139
304.695526,153.613098,43.935555,53.388111
305.438202,146.336029,43.897827,53.384327
306.627533,136.057098,43.738422,53.127773
305.450623,127.964813,43.443317,52.655972
305.230072,124.780426,43.403885,52.599297
304.976929,125.612892,43.269257,52.435802
305.118896,123.715599,42.678612,51.702457
304.086487,127.679596,42.336815,51.329819
302.605408,137.365524,42.866020,51.957909
300.646393,139.437561,43.226273,52.355824
297.527344,138.362381,43.080215,52.197727
294.947449,132.523361,43.575867,52.783390
293.385956,126.220253,43.171200,52.345612
292.451843,120.865761,43.307796,52.451653
292.136566,121.601006,43.516541,52.729767
289.394836,121.870552,43.702168,52.998436
288.281097,127.433060,43.186623,52.419571
286.738800,137.828400,42.950962,52.098602
291.867981,143.002335,43.242443,52.495670
285.313965,148.060226,42.831333,52.008137
285.249512,145.361801,42.701210,51.914955
283.901489,145.200668,42.172504,51.319294
284.312500,145.936401,42.361359,51.557964
290.283386,147.021469,42.338722,51.535152
303.789734,145.837540,42.429451,51.624645
291.713593,146.330658,41.312904,50.195808
305.104004,152.251785,41.265797,50.127632
301.052490,155.521133,41.093670,49.904476
308.150513,160.627701,41.502613,50.430801
294.699097,153.266006,42.672417,51.942856
292.817078,144.436539,42.440346,51.677288
294.854828,136.247208,42.313496,51.520874
292.277893,135.675720,41.920712,51.047890
293.522278,137.667450,41.426003,50.425262
294.676910,135.754959,41.921589,51.000175
293.536713,141.779785,42.380779,51.533432
294.433014,146.862015,41.564068,50.557720
297.866058,150.604324,41.384537,50.350166
295.768768,142.806870,41.266041,50.249481
296.724243,137.581711,40.981022,49.876362
297.218597,132.419846,40.627697,49.413342
299.332703,111.877441,40.698566,49.504261
304.759155,128.463135,40.620354,49.413982
305.358612,130.104706,41.147839,50.094597
308.594971,137.918045,39.964931,48.676964
306.337280,144.186462,39.233418,47.778084
308.956635,152.240982,38.998627,47.441425
308.664490,145.438171,38.850491,47.289856
306.124054,135.637390,38.663006,47.026550
305.856873,127.951538,38.645218,46.970600
307.506531,125.046852,38.416931,46.721657
310.503845,129.431885,38.551918,46.867889
310.879120,130.561539,38.474369,46.774628
310.433624,134.228378,39.190334,47.644272
309.904510,140.909775,39.259129,47.708462
313.300781,148.884430,39.025784,47.415401
313.373657,159.786255,39.139328,47.504932
315.159790,152.188095,39.384560,47.807266
316.867462,145.371002,39.317047,47.739220
319.317200,134.213638,39.030743,47.346565
338.270874,129.876404,39.194843,47.593605
343.093994,144.459518,39.376667,47.809849
331.502075,137.754715,40.024567,48.617340
320.421570,135.566467,40.156864,48.708397
318.433105,140.723953,40.094959,48.584301
319.718262,146.120102,40.044727,48.432476
318.968262,143.473206,39.877316,48.239182
321.248291,135.137802,40.317909,48.786797
319.322784,127.648674,40.200729,48.631802
318.049774,120.361122,40.117050,48.625835
318.447174,117.652885,40.396179,48.986458
315.992096,119.991028,40.477905,49.084698
316.705780,118.979256,40.262333,48.846546
311.070618,123.799522,40.065311,48.565216
309.851318,133.072952,40.170200,48.657501
309.378448,139.998291,39.834137,48.287876
308.842316,137.321869,40.282124,48.800003
306.755859,130.188980,40.131786,48.642979
303.538849,126.639259,39.778568,48.181717
306.785339,121.735275,39.713509,48.109634
304.053528,122.826759,39.582382,47.949566
303.872040,122.445831,39.579967,47.960506
303.953461,126.677811,39.660427,48.057758
303.726501,132.584137,39.697491,48.084877
306.674408,141.332703,39.784943,48.190136
306.989258,148.096619,39.754429,48.160706
307.741852,143.656647,39.653542,48.082726
307.970245,135.905426,39.762619,48.207577
309.563232,131.624283,39.439751,47.790340
311.498016,128.961472,39.155933,47.499405
313.533234,126.939903,39.364365,47.731331
315.183136,127.448257,39.344704,47.720139
315.771545,131.459549,39.526711,47.878799
318.216461,135.077942,38.981731,47.189102
320.552094,138.628418,39.291801,47.565376
322.454346,137.077225,39.591961,47.908970
322.022797,137.372162,39.802658,48.113308
319.936676,135.574509,39.986679,48.356945
320.181152,134.284973,39.848152,48.167099
321.859467,135.893173,39.693893,48.013699
331.948517,127.346947,39.504772,47.791821
336.259552,123.954781,39.221130,47.448578
328.569092,136.580307,39.401669,47.651115
332.445679,135.651855,39.422234,47.647362
334.225891,146.761734,39.498848,47.745636
329.224579,136.227325,39.672882,47.982872
326.673889,136.221283,39.489033,47.828995
322.488068,134.297928,39.477932,47.785591
320.354950,136.055634,39.258282,47.555969
320.230499,136.578033,39.431602,47.791004
302.404694,136.408936,39.737602,48.113937
311.116425,131.022141,39.373230,47.619614
311.198212,131.027405,39.169292,47.428566
310.712036,131.140244,39.324940,47.615162
315.711823,114.783997,39.481113,47.781204
304.975739,132.198410,39.152798,47.429901
310.828613,130.266785,39.338566,47.675919
304.820435,136.406036,39.719357,48.090839
302.161774,133.178528,39.688259,48.160744
304.227570,120.231812,39.601311,48.058266
309.474121,130.361969,39.457035,47.895283
289.335663,116.686966,39.589119,48.024940
309.758514,131.105377,39.513916,48.120007
307.104889,131.834045,39.741100,48.504990
319.607910,129.939606,39.570408,48.297569
2
0
0
0
0
1
345.297577,143.947403,36.204334,47.292580
348.133514,146.927841,36.349346,47.536461
349.082581,150.704697,36.561260,47.873486
348.589722,151.891693,35.868969,46.962467
349.530487,154.343491,35.521427,46.545860
350.736359,157.684235,35.706478,46.780464
348.780609,160.345291,35.923462,47.084171
347.903198,173.430588,35.906326,47.087574
343.567047,181.071991,36.027325,47.208153
