1
174.738022,70.321503,81.072563,62.283222
135.702225,86.951988,81.488548,62.622406
113.026093,98.497261,81.443756,62.625576
92.309586,105.987785,81.636307,62.713665
78.299232,112.763115,81.708839,62.766964
75.758385,128.352615,81.720627,62.784794
75.374969,138.659821,82.108047,63.012760
80.572021,145.202179,82.278076,63.111622
107.874229,154.675858,81.944481,62.840897
137.681229,143.946396,82.149040,62.979031
181.874512,128.784653,82.397804,63.229446
218.053925,127.738106,82.144417,63.107971
249.419678,137.194443,81.820305,62.940441
273.840363,144.912918,81.601379,62.762478
293.969574,131.186401,81.419861,62.597580
318.461029,138.660934,81.693932,62.751068
315.988281,139.038940,81.939247,62.999146
322.314758,146.212494,82.335274,63.252693
336.841705,159.384323,82.500710,63.357552
372.778381,157.729614,82.338104,63.191185
388.503021,170.758270,82.364494,63.251099
390.919037,187.569077,81.752823,62.869583
387.528687,193.669647,81.678772,62.782860
390.377594,184.228149,82.035278,63.058956
380.353546,163.590012,82.140228,63.013470
355.236115,145.428192,82.051773,62.893932
327.756958,133.490036,81.951973,62.748341
293.835876,130.678696,81.631081,62.406315
276.400421,138.595596,81.444504,62.324551
266.962708,139.048019,82.204727,62.963837
262.619324,147.976166,82.129135,62.986420
250.463287,150.552841,81.700691,62.563778
235.697449,149.023178,81.536781,62.401985
201.478516,141.131775,81.555992,62.411083
187.340958,139.379272,81.371674,61.976036
176.639038,136.267929,81.840302,62.399948
168.565643,139.157379,81.542587,61.981777
152.181870,133.322388,81.646851,62.019897
167.849258,133.182159,81.678024,62.096886
169.478134,121.987442,81.880272,62.338669
178.476547,122.707085,81.841476,62.478939
185.495880,140.947281,81.969940,62.637501
170.077744,149.046524,81.829826,62.387615
143.681107,159.356506,81.388466,62.044746
182.677032,145.155167,80.963516,61.549541
2
0
0
0
0
1
319.032501,139.723312,52.859837,51.758842
321.623535,140.202911,52.432652,51.377136
312.119690,153.493301,52.186031,51.128590
315.051575,157.349365,52.330624,51.354034
321.734558,156.794357,52.420887,51.441395
323.825867,157.940598,52.708126,51.755718
323.830658,158.201447,53.033875,52.117779
324.300873,156.456757,52.968803,51.990833
324.724854,152.665283,53.126560,52.119492
325.305176,153.369186,52.858116,51.852612
324.640594,153.216980,52.866943,51.798840
324.932465,155.035965,52.679665,51.609188
327.371368,152.363373,52.896214,51.825245
327.971680,155.500061,53.422604,52.349995
327.712128,158.086945,53.625401,52.525894
326.580658,157.697449,53.790134,52.735229
323.991547,159.253281,54.025581,52.963921
321.478485,156.712952,54.142414,52.992493
321.975098,158.447083,53.929897,52.821972
320.032501,161.928406,53.860119,52.740154
327.606842,160.279480,54.016403,52.810970
325.564575,154.822723,54.002121,52.855335
325.223358,155.674896,53.893124,52.716373
327.005432,158.315002,54.643387,53.511852
322.200989,157.433243,55.003731,53.868725
325.186157,156.256363,55.061928,53.889015
322.489197,160.609146,54.880600,53.770546
316.632172,162.485840,54.890949,53.815811
317.801483,159.057465,54.740387,53.650036
297.189697,156.624695,55.372734,54.154613
285.411133,157.063126,55.345539,54.240219
273.637085,156.635574,55.306595,54.182064
268.500702,153.772141,55.699619,54.745834
246.935287,155.984985,55.595924,54.630859
257.472534,148.477432,55.655136,54.685699
280.380127,148.454010,56.109562,55.189137
298.118866,151.830704,55.349133,54.407944
310.202972,154.321564,55.528343,54.680222
325.397491,151.378174,55.793175,54.852859
326.481567,153.705643,56.502670,55.482498
346.413727,154.141174,56.372269,55.342010
365.713470,151.514755,55.868519,54.940563
363.640076,147.004807,55.565231,54.700581
364.592834,149.355118,55.796692,54.900780
367.329926,153.094513,55.573296,54.655655
373.192627,152.154602,54.935799,54.009712
384.254608,156.852753,54.634247,53.684814
394.443512,154.889694,54.792973,53.835907
396.801697,160.109970,54.079643,53.203888
381.764038,170.834564,53.707371,52.870415
363.851349,160.749237,54.133282,53.337837
353.370667,178.053162,54.415764,53.652336
2
0
0
0
0
1
166.357574,199.129929,41.795776,65.504517
169.777023,204.328369,41.802441,65.522842
178.886093,211.022247,41.634087,65.264267
193.728638,216.509232,41.881653,65.649673
217.855576,224.425171,41.737503,65.441704
244.113144,230.913345,41.667332,65.323006
267.488373,225.714783,41.459400,64.935089
292.455872,225.640350,40.843998,64.071701
310.371429,215.843552,41.060642,64.431122
317.673370,220.876526,40.569103,63.679195
315.188232,219.911804,40.743092,63.966885
2
0
0
0
0
1
291.858978,190.905350,100.038162,84.574142
290.293335,193.140533,99.693535,84.278122
284.613190,191.854050,99.650826,84.339676
269.424561,191.445663,98.886971,83.602661
281.028320,150.033768,99.449059,84.148735
282.289124,153.111923,99.111275,83.865387
286.489624,152.809052,99.555489,84.220810
294.668549,150.389206,98.982147,83.813232
302.365997,146.485703,99.234352,83.935028
308.054077,148.095490,99.306244,84.149254
308.793365,148.179703,99.073105,83.854317
305.724213,148.498016,98.813766,83.570000
301.701263,147.181213,98.995865,83.718498
299.553223,144.828415,99.019852,83.800423
290.473206,138.808289,98.597092,83.500290
285.338165,134.650238,98.662498,83.624115
286.861816,133.883469,98.555847,83.655403
285.479126,130.392960,98.847008,84.080757
285.001892,130.956970,98.574806,83.846672
286.361389,131.226746,98.767311,84.060310
283.480438,125.779655,98.775688,84.156647
285.259674,124.604546,98.677322,84.099945
287.400452,127.014511,98.494904,83.884644
288.083069,128.028885,98.552177,83.964241
287.535400,129.054108,98.783852,83.995697
289.026886,125.257545,98.704605,84.018036
291.988068,123.754898,98.688385,84.054085
294.260956,122.985344,98.651497,84.259171
288.136993,124.252113,99.151604,84.719315
330.066223,121.763321,99.107910,84.736946
341.178131,120.105652,98.959808,84.718475
365.723511,122.188690,99.344872,85.036293
371.991791,119.196442,99.540276,85.160957
380.111267,117.563057,99.445816,85.070404
387.647064,116.715660,99.258873,84.770760
392.058533,121.517433,99.277161,84.780746
410.231598,137.879547,98.887413,84.467171
421.395782,129.624329,99.053436,84.515907
2
0
0
0
0
1
356.735870,154.662659,90.939438,89.027809
353.509186,155.537354,91.281029,89.356964
381.276764,176.250000,91.177887,89.314766
397.231354,185.473038,90.808121,89.107925
