1
492.908325,397.308319,47.000000,46.000000
496.524994,383.358337,47.000000,46.000000
496.008331,374.058319,47.000000,46.000000
495.233337,366.825012,47.000000,46.000000
497.558319,362.691681,47.000000,46.000000
496.008331,362.174988,47.000000,46.000000
497.816681,362.950012,47.000000,46.000000
496.524994,369.924988,47.000000,46.000000
497.041656,378.191681,47.000000,46.000000
497.299988,389.816681,47.000000,46.000000
501.174988,406.091675,47.000000,46.000000
502.983337,423.916656,47.000000,46.000000
500.141663,420.816681,47.000000,46.000000
500.399994,396.274994,47.000000,46.000000
498.591675,371.475006,47.000000,46.000000
501.950012,351.325012,47.000000,46.000000
505.049988,332.725006,47.000000,46.000000
506.341675,321.358337,47.000000,46.000000
505.049988,306.891663,47.000000,46.000000
491.616669,298.625000,47.000000,46.000000
483.608337,293.458344,47.000000,46.000000
486.191681,293.975006,47.000000,46.000000
496.266663,294.750000,47.000000,46.000000
503.241669,299.916656,47.000000,46.000000
505.049988,308.441681,47.000000,46.000000
483.608337,289.841675,47.000000,46.000000
2
0
0
0
0
1
507.453735,409.795959,48.020000,45.630001
510.835541,387.684174,48.020000,45.630001
514.477478,371.035278,48.020000,45.630001
518.899841,354.386383,48.020000,45.630001
516.558594,342.940277,48.020000,45.630001
519.159973,333.575287,48.020000,45.630001
522.801941,326.291382,48.020000,45.630001
526.704041,324.730560,48.020000,45.630001
2
0
0
0
0
1
558.396912,398.906342,48.459999,45.470001
551.091248,379.337585,48.459999,45.470001
542.741943,351.941345,48.459999,45.470001
535.697144,325.849670,48.459999,45.470001
531.000671,303.410828,48.459999,45.470001
526.304138,284.624847,48.459999,45.470001
519.781250,268.969818,48.459999,45.470001
505.691742,252.792999,48.459999,45.470001
499.168823,244.182755,48.459999,45.470001
494.994171,238.703506,48.459999,45.470001
492.385010,236.355255,48.459999,45.470001
481.948334,236.094330,48.459999,45.470001
469.424347,237.659836,48.459999,45.470001
463.684174,242.878174,48.459999,45.470001
455.595764,253.053925,48.459999,45.470001
455.856659,268.969818,48.459999,45.470001
451.160156,288.799500,48.459999,45.470001
434.722412,311.499237,48.459999,45.470001
428.460419,336.025421,48.459999,45.470001
423.502991,366.030823,48.459999,45.470001
417.501923,394.209839,48.459999,45.470001
412.022675,383.773163,48.459999,45.470001
413.327240,368.118164,48.459999,45.470001
409.413513,355.333252,48.459999,45.470001
408.630737,345.679321,48.459999,45.470001
404.456085,338.112762,48.459999,45.470001
398.976837,336.286346,48.459999,45.470001
2
0
0
0
0
1
380.448334,409.987213,49.509998,45.090000
381.236664,433.899994,49.509998,45.090000
376.769440,454.922211,49.509998,45.090000
376.769440,441.520569,49.509998,45.090000
383.601654,422.600555,49.509998,45.090000
379.922791,403.943329,49.509998,45.090000
383.076111,390.541656,49.509998,45.090000
382.550568,379.242218,49.509998,45.090000
381.762207,370.570557,49.509998,45.090000
383.338898,364.789459,49.509998,45.090000
384.390015,361.898895,49.509998,45.090000
384.915558,363.212769,49.509998,45.090000
388.068878,367.154449,49.509998,45.090000
389.119995,378.191101,49.509998,45.090000
391.222229,389.753326,49.509998,45.090000
395.426666,402.892212,49.509998,45.090000
396.740570,421.812225,49.509998,45.090000
400.682220,439.943878,49.509998,45.090000
400.682220,454.659454,49.509998,45.090000
405.674988,433.637207,49.509998,45.090000
410.667786,409.724457,49.509998,45.090000
415.660553,389.490570,49.509998,45.090000
419.864990,369.782227,49.509998,45.090000
427.485565,355.329437,49.509998,45.090000
433.266663,342.978882,49.509998,45.090000
