1
520.07,111.32,586.05,113.95,587.57,75.52,521.60,72.89
515.48,113.04,580.90,116.07,582.66,77.96,517.24,74.93
511.92,114.79,576.56,117.85,578.34,80.20,513.69,77.14
507.71,116.73,573.46,119.60,575.13,81.31,509.38,78.43
502.31,119.84,568.92,121.13,569.67,82.33,503.06,81.04
498.21,121.22,564.79,123.04,565.85,84.26,499.27,82.43
492.05,123.04,560.10,125.75,561.67,86.12,493.63,83.41
488.78,125.12,556.01,127.13,557.18,87.97,489.95,85.96
483.10,126.45,552.81,128.58,554.05,87.98,484.34,85.84
476.37,128.80,548.30,131.84,550.07,89.95,478.14,86.90
471.82,130.67,544.84,133.86,546.70,91.33,473.68,88.14
467.69,132.06,541.22,135.85,543.43,93.03,469.90,89.23
462.95,133.37,536.24,138.29,539.10,95.60,465.82,90.68
457.63,134.92,532.07,140.28,535.18,96.92,460.75,91.57
455.77,138.66,531.24,139.87,531.94,95.91,456.47,94.71
451.60,139.19,529.42,143.07,531.67,97.75,453.86,93.86
446.16,141.73,525.07,145.53,527.28,99.57,448.37,95.77
441.35,143.03,519.89,148.18,522.88,102.43,444.34,97.28
434.97,142.67,515.09,152.82,521.00,106.15,440.87,96.00
431.75,142.55,511.54,156.05,519.40,109.58,439.61,96.08
427.48,145.72,506.56,158.83,514.19,112.78,435.12,99.66
422.00,146.65,502.83,162.89,512.28,115.81,431.45,99.57
418.49,154.54,501.25,163.55,506.49,115.34,423.73,106.34
419.74,162.88,506.43,164.47,507.35,113.98,420.66,112.39
414.89,167.34,503.54,168.68,504.31,117.05,415.67,115.71
411.39,171.83,502.77,172.35,503.07,119.12,411.69,118.60
410.31,172.66,500.20,176.57,502.47,124.21,412.57,120.30
407.34,175.78,499.84,180.28,502.46,126.41,409.96,121.91
406.04,178.63,499.61,183.34,502.35,128.84,408.78,124.13
405.16,182.51,501.31,187.21,504.04,131.21,407.89,126.51
405.81,183.41,501.79,189.59,505.38,133.68,409.40,127.51
403.93,187.22,501.23,194.14,505.25,137.46,407.95,130.54
402.71,189.22,502.66,198.41,508.01,140.19,408.06,131.00
401.27,191.70,503.36,202.33,509.55,142.87,407.46,132.23
400.79,193.55,504.47,206.55,512.04,146.16,408.36,133.15
400.55,197.62,506.12,209.42,512.99,147.94,407.42,136.13
399.58,200.92,506.76,213.94,514.34,151.51,407.16,138.49
400.26,205.30,509.67,218.19,517.17,154.46,407.76,141.58
399.11,209.35,512.19,223.46,520.40,157.59,407.32,143.48
397.58,211.43,512.73,228.98,522.94,161.91,407.79,144.36
397.64,215.23,514.28,233.91,525.15,165.97,408.51,147.29
396.80,219.64,515.55,238.40,526.47,169.23,407.72,150.47
394.35,222.51,515.24,243.99,527.75,173.57,406.85,152.09
393.41,226.98,516.88,250.11,530.34,178.19,406.87,155.06
393.21,231.05,518.81,255.72,533.17,182.55,407.57,157.89
391.94,233.83,519.33,260.71,534.98,186.51,407.59,159.63
389.47,237.89,520.05,267.23,537.13,191.17,406.55,161.82
387.19,243.40,519.80,271.51,536.17,194.26,403.56,166.16
384.71,245.35,518.90,276.82,537.22,198.66,403.03,167.18
380.62,246.89,516.78,283.15,537.90,203.84,401.74,167.58
376.78,249.50,513.46,288.85,536.37,209.24,399.69,169.88
372.59,252.93,511.19,293.53,534.83,212.79,396.23,172.19
367.85,255.35,507.79,298.54,532.94,217.03,393.00,173.84
364.58,257.70,507.21,304.15,534.26,221.07,391.63,174.62
360.54,259.70,504.23,309.21,533.06,225.52,389.38,176.00
354.66,261.10,499.93,315.62,531.67,231.00,386.41,176.48
348.06,262.60,495.56,322.06,530.18,236.14,382.69,176.68
344.60,264.54,493.72,326.98,530.08,240.13,380.97,177.68
340.14,265.80,488.47,332.72,527.44,246.32,379.11,179.40
338.90,268.19,485.61,335.88,525.03,250.42,378.32,182.73
334.02,269.85,480.86,340.68,522.11,255.14,375.26,184.32
329.90,270.70,476.67,345.40,520.17,259.91,373.40,185.20
324.17,271.36,472.85,351.82,519.71,265.22,371.03,184.75
319.35,272.43,468.40,355.43,516.74,268.61,367.69,185.60
316.91,272.72,463.74,359.35,514.19,273.83,367.36,187.19
313.31,272.43,459.28,362.90,511.97,277.87,365.99,187.40
310.71,275.11,456.58,366.02,509.52,281.05,363.65,190.14
306.48,274.95,452.92,369.76,508.14,284.46,361.70,189.65
303.08,275.85,448.32,371.99,504.30,287.39,359.07,191.25
299.11,276.90,445.13,372.90,501.04,287.85,355.03,191.84
295.89,274.44,439.16,374.15,497.23,290.69,353.96,190.99
292.63,273.31,434.18,374.46,493.09,292.00,351.54,190.85
288.97,272.30,428.68,374.79,488.37,293.42,348.67,190.92
286.14,269.77,422.19,374.93,483.43,295.68,347.39,190.52
281.80,268.83,416.56,375.13,478.46,296.63,343.70,190.33
278.68,266.81,406.99,372.61,468.61,297.87,340.30,192.07
273.82,266.43,399.27,371.03,460.19,297.96,334.74,193.36
269.67,264.87,393.74,370.11,455.03,297.84,330.97,192.60
265.64,263.47,388.48,369.05,449.97,297.50,327.14,191.92
262.50,261.71,383.92,367.96,445.80,297.23,324.39,190.98
258.16,260.03,379.05,366.54,441.09,296.12,320.19,189.61
253.66,261.15,374.42,364.70,434.72,294.36,313.96,190.81
250.53,259.44,368.81,362.03,428.56,293.13,310.28,190.54
247.11,256.94,362.76,359.60,422.55,292.23,306.90,189.57
243.46,255.78,357.46,358.06,417.03,291.65,303.04,189.37
239.85,254.69,352.18,356.25,411.33,290.82,299.00,189.26
236.69,252.85,346.03,354.23,405.07,290.54,295.74,189.16
233.94,250.68,341.74,351.93,400.71,289.14,292.91,187.88
231.56,249.41,335.55,349.19,393.66,288.61,289.67,188.84
229.81,248.72,330.74,346.61,387.75,287.82,286.82,189.93
228.43,247.10,325.69,343.08,381.59,286.42,284.33,190.44
227.09,246.06,321.56,339.28,375.85,284.25,281.38,191.03
226.22,245.36,318.03,335.95,370.79,282.47,278.98,191.88
223.40,243.75,314.76,333.77,367.19,280.56,275.84,190.53
223.49,239.72,311.19,330.85,364.26,279.76,276.56,188.63
221.93,238.77,308.33,327.85,360.21,277.52,273.81,188.44
221.95,235.05,306.30,324.50,358.40,275.36,274.05,185.91
223.03,232.27,304.15,320.99,355.82,273.73,274.70,185.02
222.79,230.01,302.02,317.38,352.91,271.22,273.68,183.85
223.95,229.09,301.17,313.75,350.48,268.77,273.26,184.11
226.27,225.90,300.18,309.21,348.70,266.15,274.79,182.85
228.73,224.49,300.45,305.91,347.88,264.13,276.16,182.71
230.53,222.98,301.61,302.40,347.86,260.99,276.78,181.57
232.29,220.63,301.74,299.91,347.91,259.46,278.46,180.17
234.47,218.65,302.84,296.08,347.93,256.26,279.57,178.82
238.28,216.58,304.02,291.87,347.87,253.58,282.14,178.29
241.19,215.51,306.43,289.48,349.52,251.47,284.27,177.50
245.04,212.89,307.51,286.20,350.21,249.80,287.74,176.50
249.20,211.56,310.64,283.69,352.65,247.90,291.21,175.77
252.68,209.21,312.39,279.70,353.45,244.92,293.74,174.42
256.46,208.33,314.89,276.54,354.62,242.50,296.19,174.29
260.33,205.78,317.36,272.33,356.12,239.11,299.10,172.56
264.59,204.93,320.50,269.40,358.04,236.83,302.14,172.36
269.36,202.77,323.45,266.63,360.65,235.12,306.56,171.26
274.31,200.99,325.52,263.02,361.65,233.19,310.44,171.16
277.53,200.74,327.94,259.65,362.25,230.29,311.84,171.37
281.35,198.75,329.74,256.78,363.54,228.59,315.15,170.57
283.89,197.71,332.30,254.36,365.30,226.16,316.88,169.50
288.06,197.79,336.09,252.76,368.11,224.78,320.08,169.81
290.46,196.85,339.74,250.90,371.22,222.20,321.94,168.15
293.04,196.37,342.82,249.91,374.01,220.91,324.23,167.37
298.80,195.57,346.59,247.94,377.09,220.11,329.30,167.73
283.75,197.81,378.03,267.73,418.75,212.82,324.47,142.90
288.44,195.82,379.96,264.81,420.14,211.50,328.62,142.51
293.05,193.72,382.86,262.22,422.76,209.91,332.95,141.40
296.77,192.95,386.07,260.28,425.28,208.26,335.98,140.93
298.95,192.55,387.61,258.67,426.11,207.02,337.45,140.91
302.75,190.96,387.69,256.51,425.87,207.03,340.92,141.48
305.92,190.55,389.16,254.64,426.48,206.16,343.25,142.06
309.81,189.58,390.10,252.32,426.64,205.55,346.35,142.80
312.60,188.57,390.87,250.67,427.04,205.08,348.77,142.98
315.04,189.10,392.33,250.20,427.91,205.18,350.62,144.08
317.73,188.08,392.93,248.40,428.06,204.60,352.86,144.28
320.98,187.43,394.09,246.43,428.45,203.84,355.34,144.85
323.53,186.17,394.36,244.98,428.62,203.72,357.79,144.91
325.69,185.88,395.01,243.93,428.81,203.55,359.49,145.50
327.54,185.42,396.02,242.62,429.33,202.72,360.85,145.52
331.65,185.98,398.29,241.25,430.48,202.43,363.84,147.17
335.29,185.52,398.19,239.76,429.78,203.12,366.88,148.88
338.71,184.86,398.69,238.07,429.68,203.12,369.69,149.92
342.22,185.46,400.60,236.92,430.58,202.91,372.19,151.45
345.78,184.09,399.83,235.65,429.86,204.16,375.81,152.60
347.37,184.34,401.14,234.38,430.28,203.05,376.51,153.02
349.78,185.05,403.21,233.93,431.68,202.80,378.24,153.93
350.18,183.76,402.90,232.83,431.47,202.12,378.76,153.05
352.44,182.63,402.68,231.00,430.85,201.73,380.61,153.36
353.60,182.32,402.60,229.26,429.94,200.71,380.93,153.78
355.73,180.94,402.32,227.44,429.40,200.30,382.81,153.80
357.01,179.99,402.13,225.85,428.84,199.57,383.72,153.70
358.11,179.37,402.15,224.23,428.27,198.57,384.23,153.72
359.69,178.37,401.80,222.00,427.22,197.48,385.11,153.84
359.40,177.17,400.44,220.56,425.71,196.65,384.67,153.26
358.91,174.99,399.49,218.60,424.89,194.96,384.31,151.35
357.54,173.32,396.65,215.93,421.47,193.16,382.36,150.54
356.36,171.76,394.69,213.44,418.97,191.12,380.64,149.43
