1
519.07,110.88,586.38,114.70,588.60,75.49,521.29,71.67
514.12,113.84,581.68,116.69,583.34,77.34,515.78,74.49
509.63,115.60,578.24,119.06,580.25,79.10,511.65,75.63
505.99,118.05,574.92,119.73,575.90,79.58,506.97,77.90
501.98,119.60,570.56,121.98,571.94,82.03,503.36,79.65
494.25,122.27,566.29,124.82,567.77,82.86,495.73,80.30
493.32,123.34,561.76,125.68,563.12,85.81,494.68,83.47
488.19,125.35,557.49,127.46,558.72,87.09,489.41,84.98
485.75,127.39,553.91,127.73,554.11,88.03,485.95,87.68
479.56,128.77,548.81,129.82,549.42,89.49,480.17,88.43
475.90,129.59,542.86,132.68,544.66,93.68,477.70,90.59
473.36,130.20,540.35,133.16,542.07,94.14,475.08,91.18
470.55,132.27,537.19,133.24,537.75,94.43,471.11,93.46
466.85,134.33,532.74,133.38,532.18,95.00,466.29,95.94
453.68,140.37,531.97,140.68,532.15,95.08,453.86,94.77
450.65,141.41,528.70,143.27,529.79,97.81,451.73,95.94
446.17,143.48,524.62,144.43,525.17,98.74,446.72,97.78
440.19,145.82,520.12,147.86,521.31,101.30,441.38,99.26
435.45,148.93,518.82,151.08,520.07,102.52,436.69,100.37
431.00,152.56,516.11,153.98,516.93,104.41,431.83,102.99
426.53,155.63,514.09,156.67,514.70,105.68,427.14,104.63
417.51,149.33,506.54,162.65,514.29,110.79,425.27,97.47
409.35,161.85,513.23,168.41,517.05,107.91,413.17,101.34
420.33,162.66,504.52,164.47,505.56,115.44,421.38,113.63
414.80,166.76,501.90,169.43,503.45,118.70,416.35,116.03
413.63,170.62,501.22,171.30,501.61,120.29,414.02,119.60
413.35,178.96,509.64,172.05,505.62,115.97,409.32,122.87
411.64,182.24,509.64,174.63,505.20,117.55,407.20,125.16
411.36,184.56,510.12,177.45,505.98,119.92,407.21,127.03
410.13,187.99,511.70,180.60,507.39,121.44,405.82,128.82
412.28,190.90,506.78,184.40,503.00,129.36,408.49,135.85
411.15,193.02,506.90,187.84,503.88,132.07,408.13,137.25
409.63,195.84,507.09,191.65,504.65,134.88,407.18,139.07
409.44,199.48,508.90,196.12,506.94,138.19,407.48,141.55
408.81,200.58,509.10,199.99,508.75,141.58,408.46,142.16
410.16,203.30,510.50,202.49,510.02,144.04,409.68,144.85
409.29,206.81,511.06,206.80,511.05,147.52,409.27,147.53
410.76,210.35,513.73,210.90,514.05,150.92,411.08,150.38
410.76,214.39,515.60,215.31,516.13,154.25,411.29,153.33
409.63,217.31,516.21,220.30,517.94,158.22,411.36,155.23
409.69,220.92,516.69,225.86,519.56,163.53,412.56,158.59
408.84,225.06,519.53,230.09,522.45,165.61,411.76,160.58
406.59,229.26,519.54,235.59,523.22,169.80,410.27,163.47
406.41,233.27,521.53,241.74,526.45,174.69,411.34,166.22
405.02,237.62,522.65,247.75,528.54,179.24,410.92,169.10
404.54,242.22,525.37,251.96,531.03,181.58,410.20,171.84
402.20,246.79,525.08,257.95,531.57,186.38,408.70,175.22
398.68,249.96,524.39,263.53,532.28,190.31,406.58,176.74
395.86,253.07,522.64,268.92,531.87,195.07,405.09,179.22
392.38,255.67,521.94,275.07,533.23,199.61,403.68,180.20
389.16,259.10,519.39,279.50,531.27,203.65,401.04,183.24
383.30,261.83,517.08,286.01,531.16,208.09,397.38,183.90
377.78,264.71,515.79,291.71,531.50,211.33,393.50,184.33
374.62,266.25,513.53,297.95,531.99,217.04,393.08,185.34
370.03,269.09,511.11,303.24,530.99,221.07,389.91,186.91
366.52,271.63,507.67,308.07,528.90,225.85,387.74,189.40
361.00,273.73,503.90,313.54,527.08,230.30,384.18,190.49
357.10,275.08,498.08,319.05,523.68,236.93,382.71,192.96
353.95,276.91,494.05,323.79,521.35,242.19,381.25,195.30
350.57,280.53,490.79,327.25,518.00,245.58,377.78,198.85
347.61,283.72,488.08,331.85,516.11,250.03,375.64,201.90
343.61,285.64,484.70,336.19,514.14,254.01,373.05,203.46
339.54,287.85,480.73,340.07,511.14,257.83,369.95,205.60
335.00,289.40,476.23,344.83,508.52,262.57,367.29,207.13
331.78,291.60,473.32,348.43,506.42,265.99,364.88,209.15
328.42,292.39,469.37,352.61,504.44,270.51,363.49,210.28
325.54,292.92,465.53,355.58,502.02,274.04,362.03,211.38
321.94,291.71,459.48,358.58,498.42,278.47,360.89,211.59
318.31,291.70,454.13,360.95,494.46,281.84,358.64,212.58
314.64,290.88,449.66,361.81,490.97,283.16,355.95,212.23
310.59,290.55,445.08,363.70,487.68,285.36,353.19,212.21
307.02,289.11,439.88,364.24,483.63,286.85,350.77,211.72
303.49,286.85,433.74,364.89,479.19,289.02,348.94,210.98
300.52,285.55,428.07,364.65,474.14,290.35,346.58,211.25
294.45,283.76,422.69,365.24,470.15,290.54,341.91,209.05
289.77,282.40,415.20,364.94,463.27,291.88,337.84,209.34
284.31,279.65,407.43,364.57,456.88,292.85,333.77,207.94
279.59,277.29,401.61,364.18,452.21,293.11,330.20,206.21
275.47,275.28,395.67,363.19,446.87,293.17,326.67,205.26
273.38,269.93,388.90,361.97,442.50,294.68,326.98,202.64
269.20,268.09,382.95,360.95,437.04,294.69,323.28,201.83
265.19,267.04,377.64,359.04,431.23,293.54,318.78,201.53
261.79,265.74,373.89,357.83,427.52,292.53,315.42,200.44
257.77,263.42,366.81,354.72,419.98,291.20,310.94,199.90
253.19,262.31,362.72,353.98,416.11,290.18,306.59,198.50
249.16,260.91,357.63,352.32,410.87,289.14,302.40,197.73
245.22,260.71,352.67,350.70,405.08,288.11,297.63,198.12
244.01,258.89,347.35,347.17,398.77,286.98,295.43,198.69
240.13,257.71,341.23,343.74,391.34,284.84,290.23,198.81
239.32,256.35,335.68,341.22,385.10,285.08,288.74,200.22
236.46,256.02,331.42,337.76,379.03,282.45,284.07,200.70
235.39,255.02,328.19,335.21,374.89,281.16,282.10,200.96
233.45,253.68,324.94,332.49,370.84,279.19,279.35,200.38
230.25,251.26,320.92,330.63,367.15,277.81,276.48,198.44
229.90,248.95,318.58,327.05,364.06,275.39,275.38,197.30
228.76,245.80,315.24,324.77,361.23,274.40,274.76,195.42
227.03,244.19,313.83,322.84,359.63,272.27,272.83,193.63
227.71,241.59,311.67,318.96,356.73,270.05,272.77,192.68
227.90,238.93,309.68,316.05,354.59,268.41,272.81,191.30
228.56,236.08,307.69,311.76,351.77,265.66,272.63,189.98
231.00,234.08,307.54,308.40,350.83,263.81,274.28,189.49
232.71,231.53,306.84,304.62,349.41,261.44,275.28,188.34
233.21,229.59,308.27,302.90,350.97,259.18,275.91,185.86
235.15,227.09,309.01,299.50,351.19,256.48,277.33,184.06
237.78,224.51,309.02,296.23,350.79,254.73,279.55,183.01
241.89,222.44,310.70,292.07,351.26,251.99,282.45,182.36
245.65,220.45,311.50,288.64,351.22,250.28,285.37,182.09
249.94,217.80,313.03,285.36,352.38,248.60,289.29,181.05
253.74,216.00,315.20,282.49,353.93,246.69,292.47,180.20
258.94,214.98,317.38,278.17,354.19,244.13,295.75,180.94
262.59,211.93,318.41,273.78,354.43,241.27,298.62,179.41
266.90,209.81,321.88,270.10,357.00,238.07,302.02,177.78
270.61,207.99,323.76,267.21,358.26,236.24,305.10,177.02
275.24,205.61,326.00,264.20,360.12,234.63,309.37,176.04
279.80,203.72,328.05,260.82,361.31,232.71,313.06,175.61
283.64,201.50,330.08,258.04,363.01,230.99,316.57,174.45
286.72,201.89,332.97,256.33,364.67,229.39,318.43,174.95
290.48,199.84,335.02,253.60,366.33,227.65,321.79,173.89
294.60,198.32,337.81,250.92,368.45,225.75,325.24,173.15
297.88,197.05,340.52,249.75,371.21,224.91,328.57,172.21
302.42,196.70,344.17,247.38,373.68,223.06,331.94,172.38
306.27,196.51,347.76,245.45,376.26,221.28,334.77,172.34
310.11,195.99,350.55,243.73,378.35,220.17,337.92,172.43
313.07,194.72,353.25,241.06,380.23,217.65,340.06,171.32
316.60,192.84,355.94,238.41,382.48,215.49,343.14,169.92
320.56,191.75,358.33,236.83,384.58,214.83,346.82,169.75
324.44,189.98,359.51,233.17,384.67,212.74,349.60,169.55
326.06,189.65,360.62,231.85,385.20,211.72,350.64,169.52
248.63,244.22,369.55,344.90,428.19,274.47,307.27,173.78
286.92,293.02,426.76,283.56,421.25,202.11,281.40,211.56
288.28,296.53,433.04,284.58,426.07,200.26,281.31,212.21
291.31,300.59,439.82,285.21,430.85,198.71,282.35,214.09
296.62,301.82,445.59,287.25,437.10,200.48,288.13,215.04
299.10,305.12,453.33,290.98,445.08,201.15,290.86,215.28
301.87,307.91,459.78,291.96,450.48,199.99,292.58,215.93
305.19,311.20,468.66,294.41,458.87,199.19,295.41,215.98
310.74,312.35,473.81,296.06,464.31,201.07,301.24,217.37
313.17,314.23,478.05,300.51,470.05,204.48,305.17,218.19
317.43,316.98,485.76,302.70,477.44,204.65,309.11,218.93
318.58,318.97,491.26,306.12,483.76,205.54,311.09,218.39
320.83,321.58,495.84,308.59,488.27,206.66,313.26,219.64
323.38,324.23,501.01,310.45,492.98,206.99,315.35,220.77
322.82,328.58,505.17,311.06,494.96,204.84,312.60,222.36
326.16,330.48,512.88,312.98,502.68,204.22,315.96,221.71
331.15,331.14,516.20,315.73,507.22,207.94,322.16,223.35
336.25,332.33,518.99,315.39,509.12,208.95,326.37,225.89
338.43,333.15,521.54,317.47,512.40,210.82,329.29,226.49
338.87,334.60,527.09,319.87,518.50,210.23,330.28,224.96
335.72,337.75,531.39,321.58,521.96,207.61,326.29,223.77
333.56,339.58,532.36,323.33,522.88,207.53,324.08,223.79
336.03,341.03,536.00,324.57,526.40,208.10,326.43,224.55
338.60,341.11,537.51,323.96,527.51,208.10,328.60,225.26
337.25,341.30,539.63,325.96,530.68,208.08,328.30,223.42
336.70,341.94,540.69,326.37,531.60,207.55,327.62,223.13
337.18,341.00,541.15,327.53,533.30,208.73,329.32,222.19
