1
520.08,112.35,586.69,113.33,587.26,74.53,520.65,73.55
514.06,114.37,582.85,116.34,583.99,76.28,515.20,74.31
512.88,116.31,577.81,116.49,577.92,78.67,512.98,78.49
508.02,117.46,572.90,118.92,573.75,81.13,508.86,79.67
504.48,119.55,569.37,121.06,570.24,83.27,505.36,81.75
500.24,121.60,564.90,121.80,565.01,84.14,500.36,83.94
492.89,124.32,561.89,124.64,562.08,84.45,493.07,84.13
486.00,126.23,559.04,128.00,560.07,85.46,487.03,83.69
480.73,127.64,553.19,130.20,554.67,88.00,482.22,85.44
475.93,128.85,548.37,131.27,549.79,89.07,477.34,86.65
472.09,130.50,544.18,133.63,545.99,91.64,473.91,88.51
467.71,134.40,543.78,134.48,543.82,90.17,467.75,90.09
462.05,136.42,540.42,137.03,540.77,91.39,462.40,90.78
456.15,138.35,535.82,140.19,536.89,93.79,457.22,91.95
453.10,139.62,533.31,141.56,534.44,94.85,454.23,92.90
447.88,141.32,528.80,144.01,530.36,96.88,449.44,94.19
443.59,143.40,525.28,146.70,527.20,99.12,445.51,95.82
438.94,145.33,520.94,148.93,523.03,101.16,441.03,97.57
434.26,147.75,518.39,152.39,521.09,103.39,436.96,98.74
431.72,152.48,517.38,154.06,518.29,104.17,432.64,102.59
427.76,155.56,514.49,155.99,514.74,105.48,428.01,105.05
426.80,159.43,514.12,157.07,512.74,106.21,425.42,108.57
419.11,159.86,510.52,165.02,513.52,111.78,422.11,106.62
417.90,162.19,507.95,167.69,511.15,115.24,421.10,109.74
414.93,165.82,508.01,170.96,511.00,116.74,417.92,111.60
411.85,171.29,507.03,174.00,508.60,118.56,413.42,115.85
408.07,176.74,507.89,177.90,508.56,119.76,408.74,118.60
405.87,179.07,506.84,181.82,508.43,123.01,407.47,120.26
404.27,182.00,507.51,185.23,509.39,125.10,406.15,121.86
404.32,186.54,508.99,187.92,509.79,126.95,405.12,125.57
404.25,188.99,509.36,190.96,510.50,129.73,405.39,127.77
402.68,191.71,510.62,195.29,512.70,132.42,404.76,128.84
401.78,195.22,511.64,198.77,513.69,134.78,403.84,131.23
400.36,198.22,511.80,203.55,514.90,138.65,403.46,133.31
401.77,200.22,514.48,206.33,518.04,140.68,405.33,134.57
399.92,203.82,514.28,210.61,518.23,143.99,403.87,137.20
399.65,206.78,516.14,215.12,521.00,147.27,404.50,138.92
400.26,210.57,518.76,219.42,523.91,150.40,405.41,141.55
399.94,214.97,521.36,224.06,526.65,153.34,405.23,144.25
399.05,217.75,522.84,229.48,529.67,157.37,405.87,145.64
398.54,220.88,525.51,235.08,533.78,161.12,406.80,146.92
395.10,223.99,525.66,241.92,536.10,165.87,405.54,147.93
392.83,227.80,527.04,247.00,538.22,168.82,404.00,149.62
391.64,231.82,527.58,252.92,539.87,173.74,403.93,152.64
390.72,234.96,529.95,259.82,544.42,178.73,405.19,153.87
388.36,237.79,529.77,265.30,545.79,182.93,404.38,155.42
387.97,240.65,531.13,270.77,548.67,187.39,405.51,157.26
384.34,243.32,529.63,276.51,548.96,191.89,403.67,158.69
382.99,246.29,530.33,281.68,550.94,195.85,403.60,160.46
376.76,248.65,528.08,288.85,551.49,200.71,400.16,160.51
373.07,251.44,525.89,294.11,550.73,205.10,397.92,162.43
368.50,253.57,523.68,300.01,550.73,209.62,395.54,163.17
363.48,255.73,520.50,305.62,549.56,214.16,392.53,164.26
360.61,257.62,519.95,311.68,551.43,218.87,392.09,164.81
355.58,260.09,517.91,317.58,551.39,223.02,389.06,165.53
351.15,262.58,514.14,322.57,549.08,227.63,386.09,167.64
346.25,263.63,509.28,328.34,546.96,233.38,383.93,168.67
342.01,266.48,506.86,333.43,545.84,237.41,381.00,170.46
338.31,271.34,505.30,338.07,544.16,240.80,377.17,174.07
334.20,275.00,503.06,342.64,542.45,244.29,373.59,176.64
329.88,276.80,500.26,347.82,541.62,248.58,371.25,177.56
323.04,278.20,496.92,353.92,541.02,252.64,367.13,176.92
319.28,278.05,493.08,359.75,540.65,258.51,366.85,176.81
313.66,277.91,487.26,364.30,537.57,263.17,363.97,176.79
310.21,280.82,484.55,368.87,535.83,267.32,361.49,179.26
306.05,281.15,481.10,373.13,534.67,271.17,359.62,179.18
303.19,280.47,476.92,376.92,533.09,275.72,359.36,179.27
298.52,278.51,471.52,381.41,531.45,280.63,358.44,177.73
295.51,276.49,465.45,383.85,527.97,284.87,358.04,177.50
292.60,276.04,459.75,385.02,523.22,287.66,356.07,178.67
288.77,271.07,453.44,387.53,521.27,291.62,356.60,175.15
285.73,268.19,446.45,388.76,516.67,295.14,355.95,174.57
282.59,266.39,440.66,389.45,512.33,297.38,354.26,174.31
279.86,265.66,435.16,389.28,507.16,298.82,351.86,175.20
275.69,263.03,428.62,389.23,502.12,300.15,349.20,173.94
272.70,261.35,419.89,388.00,493.66,302.26,346.46,175.60
264.44,259.98,413.77,388.82,488.81,301.84,339.48,172.99
261.66,257.15,405.49,387.00,481.11,303.22,337.28,173.37
258.26,254.95,400.92,386.22,477.37,303.11,334.71,171.85
255.83,253.16,394.19,383.86,470.31,303.26,331.95,172.56
251.96,251.61,388.37,382.85,464.81,303.39,328.40,172.15
250.78,247.24,381.55,381.30,459.63,305.12,328.86,171.06
247.60,243.90,373.26,378.04,451.39,304.84,325.73,170.70
242.98,241.01,368.69,377.05,447.92,303.82,322.21,167.78
238.95,241.45,365.09,375.66,443.26,302.18,317.11,167.97
234.50,241.86,359.51,373.49,436.17,300.67,311.16,169.04
230.90,240.74,354.06,371.61,430.28,299.87,307.12,169.00
227.81,238.02,348.52,369.30,424.99,298.98,304.27,167.70
225.61,238.75,345.02,366.54,419.45,296.98,300.03,169.19
223.71,237.47,340.01,363.83,413.61,296.08,297.31,169.72
221.58,238.27,336.59,360.96,408.05,293.96,293.03,171.27
217.45,235.82,332.53,359.55,404.59,292.52,289.52,168.79
216.03,235.64,329.96,355.81,399.96,289.44,286.02,169.27
214.46,234.40,326.30,352.61,395.14,287.46,283.31,169.25
212.79,233.57,323.31,349.41,390.78,285.03,280.26,169.18
212.50,230.94,320.58,345.83,387.50,282.87,279.41,167.98
211.33,228.67,316.94,342.36,383.16,280.84,277.55,167.14
213.83,225.72,314.13,338.11,379.59,279.69,279.30,167.29
213.97,224.22,311.95,334.22,376.01,277.15,278.04,167.15
214.85,222.01,310.55,330.36,373.65,274.61,277.95,166.27
216.39,220.70,310.76,327.23,372.81,272.25,278.43,165.73
219.66,217.80,310.03,322.28,370.88,269.64,280.52,165.16
223.20,217.14,309.91,318.35,368.86,267.84,282.15,166.63
224.99,214.86,310.25,314.59,368.34,264.92,283.08,165.18
227.43,212.28,310.91,310.88,368.34,262.26,284.87,163.65
231.88,208.98,310.68,307.27,367.92,261.36,289.12,163.08
235.15,207.44,312.43,304.16,368.76,259.14,291.49,162.42
238.57,206.42,314.36,301.24,369.58,257.09,293.79,162.27
243.45,204.88,316.48,297.31,370.32,254.77,297.29,162.34
248.31,202.81,317.65,293.51,370.48,253.12,301.14,162.42
251.49,199.95,319.58,289.96,372.01,250.30,303.91,160.28
255.42,198.56,323.31,287.61,375.17,248.06,307.29,159.01
259.20,196.96,325.35,283.71,375.87,245.18,309.72,158.43
262.48,195.47,327.90,281.31,377.90,243.20,312.48,157.36
266.81,195.57,332.17,277.86,380.09,239.78,314.73,157.50
270.35,195.29,333.99,275.28,380.58,238.21,316.94,158.21
273.21,195.26,337.32,272.30,382.19,234.96,318.08,157.91
277.06,195.01,339.98,270.22,383.79,233.56,320.86,158.36
281.17,193.68,343.13,267.56,386.15,231.46,324.20,157.59
284.18,193.53,346.56,266.23,388.91,229.90,326.53,157.19
287.65,193.95,350.07,264.55,391.19,228.19,328.77,157.59
291.11,193.37,353.93,262.04,393.93,225.45,331.11,156.77
295.24,192.63,357.04,260.64,396.65,224.64,334.85,156.63
298.83,190.97,358.48,257.42,397.19,222.68,337.54,156.22
2
0
0
0
0
1
333.02,201.59,396.43,248.03,424.89,209.22,361.49,162.78
334.89,200.92,397.43,246.63,425.45,208.34,362.91,162.64
336.95,199.37,397.25,245.30,425.40,208.39,365.10,162.47
339.68,198.36,398.74,243.94,426.67,207.78,367.61,162.21
341.80,197.51,399.38,242.61,427.03,207.36,369.44,162.27
343.42,196.69,400.23,241.56,427.73,206.79,370.92,161.93
345.07,196.21,401.11,240.73,428.39,206.43,372.35,161.92
348.08,195.87,402.21,239.09,428.70,205.96,374.57,162.74
350.91,194.42,401.81,237.58,428.26,206.42,377.36,163.27
353.69,194.02,402.55,236.94,428.86,207.03,379.99,164.12
355.21,193.06,403.18,235.70,429.31,206.34,381.34,163.71
357.23,193.93,404.45,235.10,429.68,206.20,382.46,165.03
358.59,193.41,405.53,233.95,430.37,205.21,383.43,164.69
360.11,192.77,406.47,232.85,431.03,204.47,384.67,164.40
358.45,193.70,409.17,233.02,433.27,201.97,382.55,162.66
359.01,192.79,409.57,232.12,433.67,201.18,383.12,161.85
360.02,192.28,409.66,230.40,433.02,200.01,383.39,161.90
361.21,190.82,409.27,228.88,432.59,199.47,384.54,161.42
361.92,190.11,409.20,227.45,432.09,198.51,384.80,161.17
363.24,189.02,410.60,226.41,433.52,197.42,386.16,160.04
362.76,188.02,408.69,224.81,431.24,196.69,385.30,159.90
362.46,185.81,406.90,222.51,429.40,195.31,384.95,158.61
362.12,184.08,405.84,220.12,427.93,193.36,384.20,157.32
361.74,182.02,404.86,217.72,426.74,191.33,383.62,155.63
356.04,178.52,401.99,217.71,426.01,189.59,380.06,150.40
