1
105.000000,60.000000,131.000000,127.000000
102.000000,54.000000,131.000000,127.000000
93.000000,43.000000,131.000000,127.000000
82.000000,40.000000,131.000000,127.000000
76.000000,38.000000,131.000000,127.000000
80.000000,41.000000,131.000000,127.000000
89.000000,43.000000,131.000000,127.000000
95.000000,40.000000,131.000000,127.000000
158.000000,69.000000,131.000000,127.000000
180.000000,72.000000,131.000000,127.000000
167.000000,67.000000,131.000000,127.000000
173.000000,68.000000,131.000000,127.000000
180.000000,70.000000,131.000000,127.000000
185.000000,72.000000,131.000000,127.000000
180.000000,73.000000,131.000000,127.000000
185.000000,74.000000,131.000000,127.000000
189.000000,76.000000,131.000000,127.000000
192.000000,76.000000,131.000000,127.000000
193.000000,79.000000,131.000000,127.000000
195.000000,77.000000,131.000000,127.000000
195.000000,77.000000,131.000000,127.000000
196.000000,77.000000,131.000000,127.000000
197.000000,73.000000,131.000000,127.000000
191.000000,71.000000,131.000000,127.000000
191.000000,72.000000,131.000000,127.000000
204.000000,57.000000,131.000000,127.000000
193.000000,62.000000,131.000000,127.000000
184.000000,57.000000,131.000000,127.000000
180.000000,42.000000,131.000000,127.000000
189.000000,25.000000,131.000000,127.000000
189.000000,16.000000,131.000000,127.000000
184.000000,6.000000,131.000000,127.000000
183.000000,0.000000,131.000000,127.000000
182.000000,0.000000,131.000000,127.000000
189.000000,0.000000,131.000000,127.000000
234.000000,0.000000,131.000000,127.000000
247.000000,0.000000,131.000000,127.000000
245.000000,0.000000,131.000000,127.000000
248.000000,21.000000,131.000000,127.000000
247.000000,14.000000,131.000000,127.000000
2
0
0
0
0
1
189.000000,160.000000,77.000000,79.000000
191.000000,168.000000,77.000000,79.000000
194.000000,177.000000,77.000000,79.000000
198.000000,185.000000,77.000000,79.000000
200.000000,194.000000,77.000000,79.000000
204.000000,201.000000,77.000000,79.000000
208.000000,208.000000,77.000000,79.000000
213.000000,215.000000,77.000000,79.000000
219.000000,222.000000,77.000000,79.000000
224.000000,228.000000,77.000000,79.000000
231.000000,233.000000,77.000000,79.000000
241.000000,237.000000,77.000000,79.000000
248.000000,241.000000,77.000000,79.000000
257.000000,244.000000,77.000000,79.000000
268.000000,247.000000,77.000000,79.000000
272.000000,250.000000,77.000000,79.000000
283.000000,251.000000,77.000000,79.000000
292.000000,245.000000,77.000000,79.000000
298.000000,236.000000,77.000000,79.000000
301.000000,221.000000,77.000000,79.000000
306.000000,203.000000,77.000000,79.000000
311.000000,186.000000,77.000000,79.000000
316.000000,169.000000,77.000000,79.000000
326.000000,157.000000,77.000000,79.000000
331.000000,140.000000,77.000000,79.000000
338.000000,115.000000,77.000000,79.000000
350.000000,99.000000,77.000000,79.000000
375.000000,80.000000,77.000000,79.000000
379.000000,57.000000,77.000000,79.000000
390.000000,44.000000,77.000000,79.000000
364.000000,42.000000,77.000000,79.000000
355.000000,33.000000,77.000000,79.000000
353.000000,51.000000,77.000000,79.000000
352.000000,58.000000,77.000000,79.000000
342.000000,66.000000,77.000000,79.000000
334.000000,78.000000,77.000000,79.000000
323.000000,91.000000,77.000000,79.000000
311.000000,99.000000,77.000000,79.000000
300.000000,108.000000,77.000000,79.000000
287.000000,119.000000,77.000000,79.000000
2
0
0
0
0
1
278.000000,40.000000,123.000000,121.000000
267.000000,47.000000,123.000000,121.000000
256.000000,54.000000,123.000000,121.000000
247.000000,59.000000,123.000000,121.000000
239.000000,62.000000,123.000000,121.000000
232.000000,63.000000,123.000000,121.000000
225.000000,67.000000,123.000000,121.000000
220.000000,70.000000,123.000000,121.000000
216.000000,73.000000,123.000000,121.000000
210.000000,75.000000,123.000000,121.000000
189.000000,62.000000,123.000000,121.000000
184.000000,62.000000,123.000000,121.000000
179.000000,65.000000,123.000000,121.000000
174.000000,69.000000,123.000000,121.000000
170.000000,73.000000,123.000000,121.000000
162.000000,83.000000,123.000000,121.000000
152.000000,82.000000,123.000000,121.000000
128.000000,90.000000,123.000000,121.000000
114.000000,81.000000,123.000000,121.000000
112.000000,68.000000,123.000000,121.000000
108.000000,65.000000,123.000000,121.000000
98.000000,67.000000,123.000000,121.000000
99.000000,71.000000,123.000000,121.000000
94.000000,76.000000,123.000000,121.000000
85.000000,72.000000,123.000000,121.000000
83.000000,62.000000,123.000000,121.000000
96.000000,34.000000,123.000000,121.000000
93.000000,27.000000,123.000000,121.000000
98.000000,16.000000,123.000000,121.000000
2
0
0
0
0
1
94.000000,118.000000,97.000000,93.000000
102.000000,110.000000,97.000000,93.000000
113.000000,102.000000,97.000000,93.000000
125.000000,94.000000,97.000000,93.000000
135.000000,87.000000,97.000000,93.000000
145.000000,81.000000,97.000000,93.000000
155.000000,75.000000,97.000000,93.000000
164.000000,70.000000,97.000000,93.000000
175.000000,70.000000,97.000000,93.000000
180.000000,75.000000,97.000000,93.000000
183.000000,76.000000,97.000000,93.000000
184.000000,81.000000,97.000000,93.000000
185.000000,88.000000,97.000000,93.000000
187.000000,96.000000,97.000000,93.000000
189.000000,105.000000,97.000000,93.000000
191.000000,111.000000,97.000000,93.000000
192.000000,114.000000,97.000000,93.000000
185.000000,118.000000,97.000000,93.000000
183.000000,120.000000,97.000000,93.000000
183.000000,125.000000,97.000000,93.000000
184.000000,131.000000,97.000000,93.000000
186.000000,141.000000,97.000000,93.000000
189.000000,148.000000,97.000000,93.000000
192.000000,153.000000,97.000000,93.000000
192.000000,155.000000,97.000000,93.000000
191.000000,158.000000,97.000000,93.000000
190.000000,160.000000,97.000000,93.000000
191.000000,163.000000,97.000000,93.000000
194.000000,166.000000,97.000000,93.000000
198.000000,169.000000,97.000000,93.000000
202.000000,170.000000,97.000000,93.000000
204.000000,170.000000,97.000000,93.000000
203.000000,168.000000,97.000000,93.000000
203.000000,167.000000,97.000000,93.000000
204.000000,166.000000,97.000000,93.000000
208.000000,165.000000,97.000000,93.000000
