0.085761,0.084886,0.085643,0,0,0,0,0,0,0,0,0,0,0,0
0.085761,0.084886,0.085643,0,0,0,0,0,0,0,0,0,0,0,0
0.085761,0.084886,0.085643,0,0,0,0,0,0,0,0,0,0,0,0
0.085761,0.084886,0.085643,0,0,0,0,0,0,0,0,0,0,0,0
0.085761,0.084886,0.085643,0,0,0,0,0,0,0,0,0,0,0,0
0.085761,0.084886,0.085643,0,0,0,0,0,0,0,0,0,0,0,0
0.085761,0.084886,0.085643,0,0,0,0,0,0,0,0,0,0,0,0
0.085761,0.084886,0.085643,0,0,0,0,0,0,0,0,0,0,0,0
0.085761,0.084886,0.085643,0,0,0,0,0,0,0,0,0,0,0,0
0.085761,0.084886,0.085643,0,0,0,0,0,0,0,0,0,0,0,0
0.085761,0.084886,0.085643,0,0,0,0,0,0,0,0,0,0,0,0
0.085761,0.084886,0.085643,0,0,0,0,0,0,0,0,0,0,0,0
0.085761,0.084886,0.085643,0,0,0,0,0,0,0,0,0,0,0,0
0.085761,0.084886,0.085643,0,0,0,0,0,0,0,0,0,0,0,0
0.085761,0.084886,0.085643,0,0,0,0,0,0,0,0,0,0,0,0
0.085761,0.084886,0.085643,0,0,0,0,0,0,0,0,0,0,0,0
0.085761,0.084886,0.085643,0,0,0,0,0,0,0,0,0,0,0,0
0.085761,0.084886,0.085643,0,0,0,0,0,0,0,0,0,0,0,0
0.085761,0.084886,0.085643,0,0,0,0,0,0,0,0,0,0,0,0
0.085761,0.084886,0.085643,0,0,0,0,0,0,0,0,0,0,0,0
0.085761,0.084886,0.085643,0,0,0,0,0,0,0,0,0,0,0,0
0.085761,0.084886,0.085643,0,0,0,0,0,0,0,0,0,0,0,0
0.085761,0.084886,0.085643,0,0,0,0,0,0,0,0,0,0,0,0
0.085761,0.084886,0.085643,0,0,0,0,0,0,0,0,0,0,0,0
0.085761,0.084886,0.085643,0,0,0,0,0,0,0,0,0,0,0,0
0.085761,0.084886,0.085643,0,0,0,0,0,0,0,0,0,0,0,0
0.085761,0.084886,0.085643,0,0,0,0,0,0,0,0,0,0,0,0
0.085761,0.084886,0.085643,0,0,0,0,0,0,0,0,0,0,0,0
0.085761,0.084886,0.085643,0,0,0,0,0,0,0,0,0,0,0,0
0.085761,0.084886,0.085643,0,0,0,0,0,0,0,0,0,0,0,0
0.085761,0.084886,0.085643,0,0,0,0,0,0,0,0,0,0,0,0
0.085761,0.084886,0.085643,0,0,0,0,0,0,0,0,0,0,0,0
0.085761,0.084886,0.085643,0,0,0,0,0,0,0,0,0,0,0,0
0.085761,0.084886,0.085643,0,0,0,0,0,0,0,0,0,0,0,0
0.085761,0.084886,0.085643,0,0,0,0,0,0,0,0,0,0,0,0
0.085761,0.084886,0.085643,0,0,0,0,0,0,0,0,0,0,0,0
0.085761,0.084886,0.085643,0,0,0,0,0,0,0,0,0,0,0,0
0.085761,0.084886,0.085643,0,0,0,0,0,0,0,0,0,0,0,0
0.085761,0.084886,0.085643,0,0,0,0,0,0,0,0,0,0,0,0
0.085761,0.084886,0.085643,0,0,0,0,0,0,0,0,0,0,0,0
0.085761,0.084886,0.085643,0,0,0,0,0,0,0,0,0,0,0,0
0.085761,0.084886,0.085643,0,0,0,0,0,0,0,0,0,0,0,0
0.085761,0.084886,0.085643,0,0,0,0,0,0,0,0,0,0,0,0
0.085761,0.084886,0.085643,0,0,0,0,0,0,0,0,0,0,0,0
0.085761,0.084886,0.085643,0,0,0,0,0,0,0,0,0,0,0,0
0.085761,0.084886,0.085643,0,0,0,0,0,0,0,0,0,0,0,0
0.085761,0.084886,0.085643,0,0,0,0,0,0,0,0,0,0,0,0
0.085761,0.084886,0.085643,0,0,0,0,0,0,0,0,0,0,0,0
0.085761,0.084886,0.085643,0,0,0,0,0,0,0,0,0,0,0,0
0.085761,0.084886,0.085643,0,0,0,0,0,0,0,0,0,0,0,0
0.085761,0.084886,0.085643,0,0,0,0,0,0,0,0,0,0,0,0
0.085761,0.084886,0.085643,0,0,0,0,0,0,0,0,0,0,0,0
0.085761,0.084886,0.085643,0,0,0,0,0,0,0,0,0,0,0,0
0.085761,0.084886,0.085643,0,0,0,0,0,0,0,0,0,0,0,0
0.085761,0.084886,0.085643,0,0,0,0,0,0,0,0,0,0,0,0
0.085761,0.084886,0.085643,0,0,0,0,0,0,0,0,0,0,0,0
0.085761,0.084886,0.085643,0,0,0,0,0,0,0,0,0,0,0,0
0.085761,0.084886,0.085643,0,0,0,0,0,0,0,0,0,0,0,0
0.085761,0.084886,0.085643,0,0,0,0,0,0,0,0,0,0,0,0
0.085761,0.084886,0.085643,0,0,0,0,0,0,0,0,0,0,0,0
0.085761,0.084886,0.085643,0,0,0,0,0,0,0,0,0,0,0,0
0.085761,0.084886,0.085643,0,0,0,0,0,0,0,0,0,0,0,0
0.085761,0.084886,0.085643,0,0,0,0,0,0,0,0,0,0,0,0
0.085761,0.084886,0.085643,0,0,0,0,0,0,0,0,0,0,0,0
0.085761,0.084886,0.085643,0,0,0,0,0,0,0,0,0,0,0,0
0.085761,0.084886,0.085643,0,0,0,0,0,0,0,0,0,0,0,0
0.085761,0.084886,0.085643,0,0,0,0,0,0,0,0,0,0,0,0
0.085761,0.084886,0.085643,0,0,0,0,0,0,0,0,0,0,0,0
0.085761,0.084886,0.085643,0,0,0,0,0,0,0,0,0,0,0,0
0.085761,0.084886,0.085643,0,0,0,0,0,0,0,0,0,0,0,0
0.085761,0.084886,0.085643,0,0,0,0,0,0,0,0,0,0,0,0
0.085761,0.084886,0.085643,0,0,0,0,0,0,0,0,0,0,0,0
0.085761,0.084886,0.085643,0,0,0,0,0,0,0,0,0,0,0,0
0.085761,0.084886,0.085643,0,0,0,0,0,0,0,0,0,0,0,0
0.085761,0.084886,0.085643,0,0,0,0,0,0,0,0,0,0,0,0
0.085761,0.084886,0.085643,0,0,0,0,0,0,0,0,0,0,0,0
