1
599.000000,490.000000,61.000000,77.000000
599.000000,493.000000,61.000000,77.000000
601.000000,492.000000,61.000000,79.000000
600.000000,494.000000,63.000000,81.000000
599.000000,493.000000,63.000000,81.000000
599.000000,492.000000,63.000000,81.000000
593.000000,495.000000,65.000000,83.000000
590.000000,495.000000,65.000000,83.000000
592.000000,499.000000,65.000000,83.000000
592.000000,499.000000,65.000000,83.000000
590.000000,495.000000,65.000000,83.000000
589.000000,494.000000,65.000000,83.000000
589.000000,493.000000,65.000000,85.000000
588.000000,493.000000,67.000000,85.000000
588.000000,495.000000,67.000000,85.000000
587.000000,495.000000,67.000000,85.000000
588.000000,495.000000,67.000000,85.000000
589.000000,491.000000,67.000000,85.000000
588.000000,492.000000,67.000000,85.000000
591.000000,490.000000,67.000000,87.000000
591.000000,488.000000,67.000000,87.000000
593.000000,486.000000,69.000000,87.000000
593.000000,492.000000,69.000000,87.000000
592.000000,493.000000,69.000000,89.000000
591.000000,494.000000,71.000000,89.000000
589.000000,493.000000,71.000000,89.000000
588.000000,492.000000,71.000000,91.000000
581.000000,485.000000,71.000000,89.000000
575.000000,486.000000,69.000000,89.000000
575.000000,487.000000,69.000000,89.000000
574.000000,488.000000,69.000000,89.000000
571.000000,489.000000,71.000000,89.000000
570.000000,490.000000,71.000000,91.000000
574.000000,488.000000,71.000000,91.000000
575.000000,488.000000,73.000000,93.000000
580.000000,488.000000,73.000000,93.000000
583.000000,491.000000,75.000000,97.000000
592.000000,502.000000,77.000000,97.000000
596.000000,501.000000,77.000000,99.000000
599.000000,506.000000,77.000000,99.000000
602.000000,516.000000,77.000000,97.000000
601.000000,506.000000,79.000000,101.000000
598.000000,498.000000,81.000000,103.000000
595.000000,491.000000,81.000000,105.000000
593.000000,490.000000,81.000000,103.000000
593.000000,491.000000,81.000000,103.000000
590.000000,491.000000,81.000000,103.000000
587.000000,492.000000,81.000000,103.000000
584.000000,489.000000,81.000000,103.000000
579.000000,484.000000,77.000000,99.000000
580.000000,486.000000,77.000000,97.000000
583.000000,484.000000,75.000000,97.000000
583.000000,487.000000,75.000000,97.000000
572.000000,490.000000,75.000000,97.000000
561.000000,490.000000,75.000000,97.000000
542.000000,501.000000,77.000000,97.000000
543.000000,502.000000,77.000000,97.000000
549.000000,493.000000,75.000000,97.000000
545.000000,499.000000,77.000000,97.000000
542.000000,502.000000,77.000000,97.000000
543.000000,502.000000,77.000000,97.000000
543.000000,505.000000,77.000000,97.000000
547.000000,506.000000,75.000000,95.000000
547.000000,505.000000,75.000000,95.000000
548.000000,508.000000,75.000000,95.000000
549.000000,508.000000,75.000000,97.000000
547.000000,515.000000,75.000000,97.000000
555.000000,510.000000,75.000000,97.000000
546.000000,521.000000,75.000000,97.000000
2
0
0
0
0
1
647.000000,553.000000,87.000000,97.000000
655.000000,550.000000,89.000000,99.000000
662.000000,546.000000,91.000000,101.000000
675.000000,545.000000,89.000000,101.000000
682.000000,543.000000,91.000000,101.000000
693.000000,541.000000,91.000000,101.000000
703.000000,538.000000,91.000000,103.000000
713.000000,533.000000,91.000000,103.000000
719.000000,528.000000,91.000000,101.000000
732.000000,516.000000,89.000000,99.000000
737.000000,508.000000,89.000000,101.000000
738.000000,506.000000,91.000000,101.000000
745.000000,506.000000,91.000000,101.000000
746.000000,508.000000,91.000000,101.000000
751.000000,508.000000,91.000000,101.000000
754.000000,505.000000,91.000000,101.000000
761.000000,503.000000,91.000000,101.000000
776.000000,510.000000,91.000000,101.000000
788.000000,517.000000,91.000000,101.000000
815.000000,535.000000,89.000000,99.000000
822.000000,536.000000,87.000000,97.000000
827.000000,533.000000,87.000000,97.000000
829.000000,537.000000,87.000000,97.000000
833.000000,534.000000,87.000000,97.000000
839.000000,525.000000,89.000000,99.000000
846.000000,523.000000,89.000000,101.000000
850.000000,520.000000,91.000000,101.000000
851.000000,520.000000,91.000000,101.000000
854.000000,521.000000,89.000000,99.000000
853.000000,522.000000,87.000000,97.000000
853.000000,532.000000,91.000000,101.000000
857.000000,536.000000,89.000000,101.000000
854.000000,534.000000,85.000000,95.000000
850.000000,533.000000,81.000000,91.000000
848.000000,533.000000,83.000000,91.000000
855.000000,532.000000,83.000000,93.000000
857.000000,535.000000,79.000000,89.000000
855.000000,535.000000,79.000000,87.000000
852.000000,533.000000,79.000000,87.000000
853.000000,530.000000,77.000000,85.000000
850.000000,529.000000,77.000000,85.000000
848.000000,529.000000,75.000000,83.000000
842.000000,525.000000,75.000000,85.000000
834.000000,523.000000,77.000000,85.000000
830.000000,521.000000,77.000000,85.000000
825.000000,517.000000,77.000000,87.000000
821.000000,516.000000,77.000000,87.000000
814.000000,514.000000,77.000000,85.000000
804.000000,509.000000,77.000000,85.000000
797.000000,507.000000,79.000000,87.000000
791.000000,500.000000,77.000000,87.000000
786.000000,498.000000,79.000000,89.000000
775.000000,498.000000,81.000000,89.000000
777.000000,493.000000,81.000000,89.000000
780.000000,484.000000,81.000000,91.000000
774.000000,468.000000,81.000000,89.000000
773.000000,459.000000,79.000000,87.000000
766.000000,446.000000,79.000000,87.000000
767.000000,441.000000,79.000000,89.000000
765.000000,433.000000,81.000000,91.000000
762.000000,426.000000,81.000000,91.000000
754.000000,416.000000,83.000000,93.000000
