1
181.625534,20.912249,50.519798,37.879604
182.886429,21.780466,51.369160,38.478333
181.659180,22.993151,51.546452,38.490646
182.118851,25.710142,51.530159,38.783367
181.867981,26.431372,51.600830,38.734833
178.018875,28.502687,51.413677,38.436234
178.018875,28.502687,51.413677,38.436234
178.877869,32.309715,50.531708,37.695145
178.877869,32.309715,50.531708,37.695145
174.902725,34.088554,50.588753,38.166332
175.343796,35.137920,51.087349,38.526489
178.333206,37.256947,50.173019,37.456047
175.924576,37.138878,50.283443,37.693150
175.165588,40.411736,49.924347,37.459652
175.165588,40.411736,49.924347,37.459652
175.833374,43.024246,49.676651,37.490952
173.353821,43.521370,49.583099,37.220417
174.119659,45.060020,49.792690,37.428864
174.619293,46.742538,49.235756,37.090321
174.619293,46.742538,49.235756,37.090321
174.123962,48.678055,49.370331,37.249901
174.409927,49.498783,49.220818,37.053379
174.926651,52.417484,47.481052,35.636612
174.926651,52.417484,47.481052,35.636612
176.208740,54.048290,47.202236,35.431225
174.569977,54.269897,48.216423,36.394501
174.569977,54.269897,48.216423,36.394501
173.162781,57.867626,47.894047,36.260372
172.817459,58.048557,48.266792,36.356781
174.171326,60.315826,48.420399,36.468826
174.362335,59.303268,47.761948,36.038853
174.654251,60.440346,47.023575,35.274883
174.654251,60.440346,47.023575,35.274883
171.541702,58.166882,48.451702,36.206753
171.541702,58.166882,48.451702,36.206753
172.743500,59.370293,47.039158,35.607254
172.743500,59.370293,47.039158,35.607254
173.895706,59.448257,46.175232,34.711628
173.895706,59.448257,46.175232,34.711628
174.044922,58.642643,46.256477,35.283962
176.657959,57.211647,45.541622,34.309086
177.394073,58.268188,46.267685,34.977173
177.245972,59.415417,44.969151,33.907127
176.907562,58.747078,45.674007,34.381718
176.907562,58.747078,45.674007,34.381718
177.961273,58.356491,45.486694,34.498409
178.886581,57.818932,45.090263,33.882832
178.886581,57.818932,45.090263,33.882832
181.745361,58.228554,45.099743,33.713108
183.593613,59.697552,44.160679,33.506027
185.324448,58.527328,43.932739,33.372368
185.740234,57.476765,45.037384,33.798470
184.066635,57.199673,44.324356,33.416107
185.514618,56.794727,44.750195,33.779739
188.490509,56.827518,43.635399,33.041451
191.432480,55.899235,43.709160,32.882599
191.432480,55.899235,43.709160,32.882599
194.193253,55.067886,44.387306,33.885689
196.356064,55.384590,42.608170,32.081451
195.487564,52.804741,42.557060,32.009220
197.192230,53.774975,43.069073,32.387535
198.065643,53.517555,42.220253,31.670086
199.774582,52.371593,42.040234,31.579660
200.824493,51.636909,42.024670,31.542593
201.809631,50.885441,41.821156,31.367140
203.462753,51.923122,41.209740,31.144949
203.112640,53.298653,40.705811,30.645498
205.713379,51.795696,40.409195,30.238022
203.862930,53.146751,41.856823,31.804274
203.862930,53.146751,41.856823,31.804274
203.906021,50.342072,40.743446,30.672230
205.576126,53.725430,40.009628,29.962616
204.766174,52.227680,39.846382,29.849543
205.803680,52.973877,38.920486,29.206095
209.499298,51.721035,39.922951,29.881330
209.438828,52.111805,39.913036,30.109493
209.438828,52.111805,39.913036,30.109493
209.438828,52.111805,39.913036,30.109493
209.664780,53.099812,38.615425,29.110846
208.444427,54.989937,38.155010,28.709877
210.494476,54.473980,38.511871,29.045382
211.595612,54.658440,37.896912,28.548113
214.301346,52.798828,37.832661,28.311111
214.301346,52.798828,37.832661,28.311111
216.411072,51.667202,38.598583,29.109972
219.483917,49.401699,36.839142,27.874098
219.483917,49.401699,36.839142,27.874098
221.159561,51.079323,36.669327,27.704941
221.872635,48.945702,36.943241,27.945219
221.872635,48.945702,36.943241,27.945219
221.918549,48.843620,35.930458,27.148859
221.918549,48.843620,35.930458,27.148859
221.918549,48.843620,35.930458,27.148859
223.146057,47.238956,35.796101,26.974771
223.146057,47.238956,35.796101,26.974771
222.917557,44.957264,37.897732,28.504349
222.703796,45.170692,37.174576,28.307640
222.409821,44.207436,35.515343,26.946312
219.784454,40.708126,38.227428,28.806652
220.323120,42.075500,35.920506,27.229168
219.773758,38.236237,36.435459,27.763912
218.623093,34.968040,36.596207,27.942728
217.838654,35.459015,35.298527,26.718121
215.523392,33.516808,35.133629,26.636303
213.853439,31.743469,35.873169,27.428490
213.372818,32.823086,34.000320,25.772646
214.025787,29.180473,34.584911,26.225292
211.737885,29.368235,33.450275,25.365459
212.013199,26.155138,35.674911,27.103521
211.789551,26.391058,32.944183,24.971258
210.944489,24.419622,35.513466,26.957851
213.223434,23.766665,33.515133,25.369087
213.264267,22.699617,33.787411,25.571199
214.607513,23.344221,31.976368,24.149878
214.175766,24.311365,30.267063,23.003338
212.464050,23.166958,32.143341,24.298595
214.020706,22.186913,30.830795,23.336908
214.150955,21.191095,30.318584,22.779371
213.248260,19.350414,31.200102,23.605234
215.424896,19.905029,31.134003,23.732962
215.476288,17.164995,33.246204,25.505714
215.735138,17.144518,32.692677,24.868671
216.702591,16.378750,29.912712,22.587126
217.603943,16.672047,30.549965,23.153229
218.415558,13.785514,30.904116,23.460030
219.555405,12.154418,30.795757,23.325161
220.950729,13.574514,29.435698,22.232061
221.612976,12.552748,29.506880,22.270531
223.947037,17.292131,29.329172,22.163748
225.558670,16.679316,29.779396,22.712891
225.547897,18.154718,28.814842,21.718641
227.893661,18.820316,28.879429,21.802723
229.898376,20.638092,28.948074,21.879425
229.502213,23.477451,28.148884,21.180843
230.610764,15.680940,29.033541,21.922192
232.863510,16.277714,28.592583,21.521461
234.397217,18.673973,27.786249,20.865112
236.210068,18.829056,27.713243,20.866716
237.299683,21.921818,27.349030,20.641222
240.140305,16.723631,27.781145,20.915697
242.932129,17.770752,27.549871,20.664274
238.417526,50.365902,27.770943,20.939293
241.591965,42.789959,27.622309,20.841089
242.366592,52.035583,27.710402,20.911417
242.651718,52.974892,26.970207,20.298944
245.036026,53.496254,26.485191,20.034008
243.118866,65.701988,25.509623,19.274807
244.521866,65.990372,25.204788,19.047251
246.560120,66.374168,25.640659,19.336447
240.641907,89.322327,26.855038,20.225962
240.465668,87.982521,27.187576,20.429647
242.405350,87.788322,26.133518,19.663637
240.208633,91.665962,26.097534,19.651621
240.607925,99.188118,25.852240,19.388180
240.129883,109.742683,26.875978,20.337591
242.960052,112.382637,26.783474,20.201597
243.957977,112.110405,26.981697,20.433134
245.903580,118.119545,26.588434,20.009136
244.598785,117.548172,25.638783,19.366417
245.941116,118.388672,26.477398,19.930950
243.973465,117.491829,26.463520,19.884003
244.043976,121.378334,25.124880,19.038506
246.449982,139.978912,25.617975,19.250465
242.880981,140.852112,25.711313,19.293200
242.413803,145.795242,25.451420,19.154795
242.390976,150.376572,24.934927,18.700760
239.259308,153.670807,25.660170,19.257658
238.302429,154.060852,25.115692,18.876282
236.893875,152.138931,24.952604,18.728140
235.794128,153.860031,24.571930,18.422258
233.542511,164.801331,24.936375,18.611614
232.416931,167.778809,24.775267,18.511795
228.677994,150.393204,25.024647,18.902220
228.351425,154.904617,23.879776,18.143801
226.775803,154.340546,24.444263,18.422232
222.777924,149.053162,23.741312,18.075741
221.335983,149.349411,24.170475,18.236267
221.422791,151.505081,23.279202,17.575109
219.135330,153.943741,23.464197,17.597971
217.088776,155.868073,22.448261,16.791883
216.641022,158.325287,23.343767,17.532129
215.748138,160.881729,24.486473,18.396921
213.278534,163.356522,23.979795,18.200651
214.835678,164.631042,24.467724,18.415926
212.068451,165.790482,25.789890,19.435078
212.200394,168.437332,25.050531,18.949919
208.712601,171.930573,23.263311,17.676107
209.743225,173.873169,22.646076,17.228941
209.113693,176.183609,24.631342,18.625477
201.346298,181.754868,24.907572,18.845745
206.027420,182.136047,25.096617,18.942419
203.674011,184.358032,24.003368,18.232246
205.672516,180.833176,24.947987,18.769325
205.259964,183.216064,24.513472,18.445435
203.608994,181.710205,24.420769,18.489607
204.484634,179.903214,24.774731,18.652887
204.484634,179.903214,24.774731,18.652887
204.484634,179.903214,24.774731,18.652887
199.733612,181.215973,23.650328,18.006689
197.842316,182.568466,26.679832,19.915136
196.106140,182.183289,24.059887,18.276262
188.975128,185.829468,23.408218,17.549166
180.743637,192.366150,26.277264,19.964886
177.860199,193.512970,26.250328,19.927626
176.931534,194.606583,24.117666,18.285585
175.136520,193.727859,26.498745,20.126139
171.162964,195.283295,26.754675,20.275116
170.030838,196.149429,24.147627,18.377766
165.884293,197.914444,25.919886,19.673262
164.349655,199.814957,26.453953,20.062990
166.106796,196.252258,27.004732,20.445906
163.416641,198.903442,26.463739,20.075041
161.218353,200.150772,27.307066,20.610231
165.103165,200.810684,26.523602,20.224710
159.468597,204.827789,26.250458,19.866425
162.410614,206.807693,25.980291,19.648876
152.459641,209.276382,26.303846,19.796196
157.530472,209.733643,23.342819,17.804647
154.659348,209.855286,26.560938,19.973356
152.749191,210.544830,26.742664,20.151728
152.825653,211.385910,26.612585,20.045546
150.090805,212.037811,23.289831,17.705545
149.047302,212.445541,23.654421,17.981514
146.884766,214.282455,23.365606,17.732464
146.884766,214.282455,23.365606,17.732464
146.884766,214.282455,23.365606,17.732464
143.566833,218.331299,23.499586,17.819988
156.173218,213.801697,24.049063,18.246029
152.575928,215.501526,22.655199,17.148987
149.963425,216.398605,23.937542,18.180950
145.608124,219.900833,23.398893,17.864012
143.118301,221.450027,25.814920,19.475576
148.335617,222.911728,22.390781,16.951145
144.336609,222.498322,22.922413,17.413464
145.714371,223.741409,22.367939,16.946552
143.042725,222.963745,21.547218,16.454414
139.611755,222.408173,22.424526,16.920542
137.318878,221.260361,22.765800,17.325321
125.550819,225.497391,21.099051,16.054743
134.325714,217.756729,22.221409,16.985252
133.678467,218.879578,21.646917,16.443209
134.773895,219.800201,20.473827,15.616330
132.940598,219.147964,21.798925,16.632832
130.891907,218.229111,20.395351,15.565450
129.866379,216.448608,21.962469,16.704426
128.767502,215.645279,20.226973,15.315650
129.034332,214.292740,19.783049,15.115330
126.555824,212.892090,19.884426,15.079705
124.138893,213.621994,19.538105,14.890480
122.024628,213.281235,20.554274,15.741033
115.666473,209.768448,19.431385,14.852490
113.151070,214.213806,19.467560,14.732670
110.093407,215.045044,19.063681,14.464033
110.093407,215.045044,19.063681,14.464033
109.052567,215.223312,18.714630,14.155098
110.848259,220.457672,18.930845,14.412169
107.234985,220.604492,18.337223,13.839458
102.424828,221.016937,18.903296,14.285488
100.325684,223.317291,18.648752,14.102120
101.814240,225.628983,19.024662,14.516436
100.250320,224.560043,17.790398,13.506901
100.206039,223.760422,18.368904,13.918551
90.217781,235.688965,19.342808,14.628740
90.155029,238.204315,19.704084,14.923459
95.860786,237.774582,18.509035,13.978900
99.556488,237.245987,18.252819,13.785202
94.311462,223.491760,19.270927,14.565000
99.224518,223.925049,18.836334,14.204862
109.051941,261.048889,17.648491,13.341393
113.289993,258.304230,17.578817,13.273833
118.513023,257.477509,17.437990,13.195921
123.704597,257.672363,17.275888,13.083105
127.807236,255.633316,17.316032,13.060141
129.702911,255.325623,17.752840,13.441607
132.051743,255.561707,17.343983,13.090945
132.051743,255.561707,17.343983,13.090945
133.576599,252.744049,17.323313,13.073130
133.087494,253.877365,16.903076,12.760980
131.054840,253.761826,16.483320,12.405179
2
0
0
0
0
1
150.210175,198.919968,72.521660,61.092857
149.504990,198.160355,72.817810,61.258854
148.292999,198.074142,73.410934,62.098324
146.493118,197.153259,73.569008,62.128006
147.935455,198.783401,72.850883,61.317841
146.838608,197.906769,73.616158,62.134712
146.838608,197.906769,73.616158,62.134712
148.818130,197.837006,72.779022,61.236645
148.818130,197.837006,72.779022,61.236645
146.549515,197.879898,73.044594,61.726551
146.973679,198.478134,73.234718,62.008167
154.981003,197.689758,72.690498,61.265144
157.984985,197.259415,71.223480,59.834431
157.634399,195.531296,74.789520,63.090744
164.813004,196.539383,71.641182,60.474102
166.933487,195.686127,71.617722,60.048832
165.315155,194.279846,72.591522,60.672462
165.264160,196.267075,73.401878,61.682770
168.034683,194.713089,73.365196,62.216713
168.142822,195.854965,73.961555,62.269100
137.364380,197.803162,75.554855,63.817139
136.986221,202.651154,74.173843,62.539173
136.986221,202.651154,74.173843,62.539173
137.772339,202.756134,74.162720,62.422729
136.155701,201.325500,74.357735,62.438213
136.622437,199.550339,73.284439,61.981602
138.786194,200.465942,74.317177,62.669613
138.980621,199.949356,74.779289,63.161835
138.281052,202.014328,74.952148,62.829594
139.127350,200.484390,74.431992,62.905346
142.365295,201.285294,73.767014,62.156483
2
0
0
0
0
1
235.927338,171.407623,69.187141,67.647408
237.248215,171.546707,69.085358,67.428596
239.671097,168.471024,69.299591,67.756935
241.536865,167.467926,71.016502,69.300758
243.951889,168.883682,69.673584,68.062836
246.719376,166.601669,70.303932,68.492271
255.285080,165.902176,68.622406,67.236710
259.770020,161.774094,67.798874,66.240715
263.776306,161.308182,68.016464,66.382072
266.433899,158.851028,68.425789,66.711205
271.013062,156.941528,67.934937,66.525925
273.747101,153.061371,68.959160,67.290161
277.899384,150.958664,67.578552,65.779716
284.744171,143.631500,67.527306,65.919968
295.855988,141.770309,65.567436,63.972862
302.003571,137.029312,67.936363,66.421989
309.805023,132.746628,65.843170,64.419426
314.802704,129.473892,66.271301,64.994911
322.047974,125.912224,68.016357,66.688019
331.293365,121.298317,68.486656,67.214264
334.422729,121.453308,67.605400,66.422600
343.295410,120.345978,67.964729,66.703033
345.900085,115.793633,70.162399,68.850281
349.819427,115.325157,68.827888,67.420563
353.745331,115.060501,68.561592,67.359169
358.694275,116.896858,67.407166,66.298836
361.730469,115.567657,66.787849,65.351006
364.930328,116.087715,67.056580,65.750298
366.561523,114.011986,68.421349,66.687782
370.363922,114.903419,67.779106,66.385857
370.363922,114.903419,67.779106,66.385857
370.934235,112.733704,68.679001,66.937370
370.174805,110.756546,68.936401,67.204506
371.622223,109.478859,69.590698,68.283104
375.947235,107.276299,68.319969,66.902786
371.672577,107.724823,68.310562,66.688545
373.644501,105.737976,70.153679,68.910164
372.494049,106.501823,68.832329,67.248093
369.650330,106.377640,67.904404,65.856277
369.650330,106.377640,67.904404,65.856277
369.650330,106.377640,67.904404,65.856277
367.707947,102.350296,70.720650,69.446884
366.957672,102.952347,68.683037,67.194839
