1
330.52,133.72,338.18,304.68,302.48,306.28,294.82,135.32
329.75,133.59,338.94,304.49,303.25,306.41,294.06,135.51
337.91,134.14,340.83,305.25,305.09,305.86,302.17,134.75
334.39,133.54,344.29,304.39,308.61,306.46,298.71,135.61
333.60,133.42,345.06,304.18,309.40,306.58,297.94,135.82
333.60,133.42,345.06,304.18,309.40,306.58,297.94,135.82
332.95,133.34,345.69,304.00,310.05,306.66,297.31,136.00
333.94,133.47,344.73,304.27,309.06,306.53,298.27,135.73
332.99,133.34,345.65,304.01,310.01,306.66,297.35,135.99
340.08,134.58,338.65,305.72,302.92,305.42,304.35,134.28
332.29,134.02,336.43,305.11,300.71,305.98,296.57,134.89
334.97,134.56,333.76,305.69,298.03,305.44,299.24,134.31
335.07,134.58,333.67,305.71,297.93,305.42,299.33,134.29
333.08,135.29,325.62,306.27,289.92,304.71,297.38,133.73
327.25,135.08,321.46,306.13,285.75,304.92,291.54,133.87
322.57,135.16,316.14,306.18,280.43,304.84,286.86,133.82
329.95,135.79,318.71,306.56,283.05,304.21,294.29,133.44
334.46,139.04,303.69,307.39,268.54,300.96,299.31,132.61
335.99,139.68,302.03,307.41,267.01,300.32,300.97,132.59
345.80,141.92,301.73,307.29,267.20,298.08,311.27,132.71
357.49,145.05,301.26,306.69,267.51,294.95,323.74,133.31
357.90,145.30,300.79,306.63,267.10,294.70,324.21,133.37
352.12,142.87,297.48,308.54,262.88,297.13,317.52,131.46
343.34,143.42,307.30,314.11,271.66,306.58,307.70,135.89
345.78,144.07,304.81,314.49,269.22,305.93,310.19,135.51
354.57,148.84,294.84,313.63,260.43,301.16,320.16,136.37
351.40,146.98,298.49,314.07,263.60,303.02,316.51,135.93
328.73,139.40,312.72,313.94,276.27,310.60,292.28,136.06
325.16,139.85,306.22,314.10,269.84,310.15,288.78,135.90
320.07,143.36,311.49,318.43,274.93,316.64,283.51,141.57
313.83,143.05,307.75,318.22,271.17,316.95,277.25,141.78
317.95,145.81,293.29,319.34,257.05,314.19,281.71,140.66
312.50,144.03,298.99,318.79,262.50,315.97,276.01,141.21
306.65,147.54,304.95,322.81,268.35,322.46,270.05,147.19
299.82,146.32,311.70,321.20,275.18,323.68,263.30,148.80
333.54,155.43,286.73,324.34,251.46,314.57,298.27,145.66
329.38,155.87,280.79,324.28,245.62,314.13,294.21,145.72
337.65,160.84,271.22,323.04,237.35,309.16,303.78,146.96
332.15,160.50,266.81,323.14,232.85,309.50,298.19,146.86
297.83,147.16,299.77,322.43,263.17,322.84,261.23,147.57
288.83,146.32,300.68,321.20,264.17,323.68,252.32,148.80
297.92,149.46,281.52,323.97,245.08,320.54,261.48,146.03
289.38,146.84,290.39,322.95,253.62,323.16,252.61,147.05
293.59,146.69,296.18,322.77,259.41,323.31,256.82,147.23
294.07,146.78,295.70,322.88,258.93,323.22,257.30,147.12
288.43,145.42,301.42,321.87,264.57,324.58,251.58,148.13
294.99,145.64,304.89,322.29,268.01,324.36,258.11,147.71
294.88,140.62,305.00,317.26,268.12,319.38,258.00,142.74
303.14,142.26,296.78,319.07,259.86,317.74,266.22,140.93
302.03,141.99,297.90,318.87,260.97,318.01,265.10,141.13
306.76,143.23,293.08,319.63,256.24,316.77,269.92,140.37
335.78,155.58,267.28,318.72,233.22,304.42,301.72,141.28
333.26,157.36,259.30,318.09,225.74,302.64,299.70,141.91
326.19,155.86,256.80,318.62,222.81,304.14,292.20,141.38
326.50,156.08,256.43,318.55,222.50,303.92,292.57,141.45
323.24,153.89,260.29,319.25,225.76,306.11,288.71,140.75
329.59,152.08,255.11,313.48,221.41,297.92,295.89,136.52
324.82,147.76,261.21,315.52,226.18,302.24,289.79,134.48
324.03,147.26,262.14,315.66,226.97,302.74,288.86,134.34
323.63,144.14,273.33,316.36,237.37,305.86,287.67,133.64
300.26,137.35,284.05,316.03,246.74,312.65,262.95,133.97
292.58,130.37,291.88,309.78,254.42,309.63,255.12,130.22
277.26,128.78,296.98,307.10,259.74,311.22,240.02,132.90
283.91,128.95,300.40,307.61,263.09,311.05,246.60,132.39
296.31,125.99,290.13,305.30,252.69,304.01,258.87,124.70
296.40,126.01,290.04,305.32,252.60,303.99,258.96,124.68
307.08,129.34,278.92,306.53,241.92,300.66,270.08,123.47
294.92,125.66,291.54,305.04,254.08,304.34,257.46,124.96
283.03,123.43,312.91,300.33,275.97,306.57,246.09,129.67
285.04,123.53,311.03,301.05,273.96,306.47,247.97,128.95
312.87,129.65,283.08,306.57,246.13,300.35,275.92,123.43
327.56,134.10,277.41,306.37,241.44,295.90,291.59,123.63
324.47,135.15,270.25,306.17,234.53,294.85,288.75,123.83
328.90,134.83,275.89,306.24,240.10,295.17,293.11,123.76
329.27,135.04,275.47,306.20,239.73,294.96,293.53,123.80
325.33,131.54,280.48,307.82,243.67,298.46,288.52,122.18
322.41,129.25,284.07,308.75,246.59,300.75,284.93,121.25
304.76,123.46,302.56,307.00,264.24,306.54,266.44,123.00
317.20,125.43,299.95,308.17,261.80,304.57,279.05,121.83
313.16,124.28,304.12,307.61,265.84,305.72,274.88,122.39
314.69,123.38,303.08,309.05,264.31,306.62,275.92,120.95
312.12,121.41,306.23,309.83,266.88,308.59,272.77,120.17
310.14,120.95,308.23,309.45,268.86,309.05,270.77,120.55
326.50,126.10,291.16,311.28,252.50,303.90,287.84,118.72
318.35,123.13,299.83,310.73,260.65,306.87,279.17,119.27
327.67,126.60,289.90,311.29,251.33,303.40,289.10,118.71
327.14,126.37,290.47,311.28,251.86,303.63,288.53,118.72
324.87,125.44,292.93,311.23,254.13,304.56,286.07,118.77
328.41,124.88,299.49,311.16,260.59,305.12,289.51,118.84
329.49,125.29,298.33,311.21,259.51,304.71,290.67,118.79
332.53,126.54,295.05,311.29,256.47,303.46,293.95,118.71
330.00,125.49,297.79,311.23,259.00,304.51,291.21,118.77
321.18,124.07,296.86,311.01,257.82,305.93,282.14,118.99
326.15,124.06,301.89,311.01,262.85,305.94,287.11,118.99
327.80,124.65,300.14,311.12,261.20,305.35,288.86,118.88
312.44,120.40,315.92,308.88,276.56,309.60,273.08,121.12
305.71,120.08,312.63,308.47,273.29,309.92,266.37,121.53
302.24,114.56,316.02,302.57,276.76,305.44,262.98,117.43
301.50,114.46,316.74,302.36,277.50,305.54,262.26,117.64
292.65,113.76,325.13,299.46,286.35,306.24,253.87,120.54
285.43,113.84,333.63,296.09,295.57,306.16,247.37,123.91
291.21,113.81,337.93,296.44,299.79,306.19,253.07,123.56
290.88,118.82,338.22,301.29,300.12,311.18,252.78,128.71
308.19,119.02,331.87,306.04,292.81,310.98,269.13,123.96
305.41,113.84,334.48,300.09,295.59,306.16,266.52,119.91
313.61,114.18,326.83,303.06,287.39,305.82,274.17,116.94
362.97,131.80,274.54,306.67,238.03,288.20,326.46,113.33
370.54,139.07,268.61,312.22,232.46,290.93,334.39,117.78
356.84,122.57,285.77,312.27,246.16,297.43,317.23,107.73
342.75,109.64,301.86,308.89,260.25,300.36,301.14,101.11
356.40,113.87,297.24,308.48,256.60,296.13,315.76,101.52
356.75,114.06,296.84,308.45,256.25,295.94,316.16,101.55
366.58,125.24,285.36,311.72,246.42,294.76,327.64,108.28
369.74,132.57,281.53,315.85,243.26,297.43,331.47,114.15
367.11,130.09,284.94,317.06,245.89,299.91,328.06,112.94
368.47,127.62,294.26,317.88,254.53,302.38,328.74,112.12
314.23,115.72,350.73,316.66,308.77,324.28,272.27,123.34
312.33,120.69,352.48,320.93,310.67,329.31,270.52,129.07
313.56,120.70,351.36,321.40,309.44,329.30,271.64,128.60
305.25,120.69,349.39,320.09,307.75,329.31,263.61,129.91
315.29,121.60,330.24,325.28,287.71,328.40,272.76,124.72
312.56,120.86,342.62,322.87,300.44,329.14,270.38,127.13
328.44,123.02,327.20,327.24,284.56,326.98,285.80,122.76
314.33,125.98,340.95,328.47,298.67,334.02,272.05,131.53
326.02,126.70,339.53,330.48,296.98,333.30,283.47,129.52
318.05,125.89,347.16,328.03,304.95,334.11,275.84,131.97
319.13,125.96,346.15,328.40,303.87,334.04,276.85,131.60
301.92,121.12,361.85,316.36,321.08,328.88,261.15,133.64
294.08,121.42,359.33,314.95,318.92,328.58,253.67,135.05
314.93,121.55,330.59,325.18,288.07,328.45,272.41,124.82
326.35,123.69,319.27,327.79,276.65,326.31,283.73,122.21
325.96,122.51,329.68,326.71,287.04,327.49,283.32,123.29
320.93,122.51,324.71,326.70,282.07,327.49,278.29,123.30
296.38,120.81,347.89,318.44,306.62,329.19,255.11,131.56
306.04,122.05,338.54,321.16,296.96,327.95,264.46,128.84
303.32,122.39,340.90,319.76,299.68,327.61,262.10,130.24
302.12,122.37,342.00,319.30,300.88,327.63,261.00,130.70
286.97,122.91,348.00,314.34,308.03,327.09,247.00,135.66
290.21,122.63,345.15,315.90,304.79,327.37,249.85,134.10
290.93,122.58,344.51,316.23,304.07,327.42,250.49,133.77
289.56,122.68,345.72,315.59,305.44,327.32,249.28,134.41
286.42,117.97,348.49,309.07,308.58,322.03,246.51,130.93
309.27,123.05,327.51,323.14,285.73,326.95,267.49,126.86
293.45,122.45,342.25,317.36,301.55,327.55,252.75,132.64
292.88,122.48,342.76,317.11,302.12,327.52,252.24,132.89
300.87,122.43,335.46,320.35,294.13,327.57,259.54,129.65
292.52,122.49,343.09,316.95,302.48,327.51,251.91,133.05
294.27,122.42,341.51,317.71,300.73,327.58,253.49,132.29
293.30,122.46,342.38,317.29,301.70,327.54,252.62,132.71
296.21,122.57,349.26,316.36,308.79,327.43,255.74,133.64
303.17,122.37,342.95,319.32,301.83,327.63,262.05,130.68
306.43,122.76,330.23,322.27,288.57,327.24,264.77,127.73
311.68,122.78,334.99,322.35,293.32,327.22,270.01,127.65
308.19,122.53,338.29,321.18,296.81,327.47,266.71,128.82
307.36,122.49,339.07,320.89,297.64,327.51,265.93,129.11
308.36,122.54,338.13,321.24,296.64,327.46,266.87,128.76
298.64,122.44,347.08,317.44,306.36,327.56,257.92,132.56
307.38,122.49,339.05,320.90,297.62,327.51,265.95,129.10
295.67,122.60,349.74,316.11,309.33,327.40,255.26,133.89
306.03,127.01,340.48,325.79,298.97,332.99,264.52,134.21
301.11,127.01,335.40,325.83,293.89,332.99,259.60,134.17
302.54,127.44,324.34,328.01,282.46,332.56,260.66,131.99
298.96,127.15,327.74,326.84,286.04,332.85,257.26,133.16
306.73,132.94,320.30,334.23,278.27,337.06,264.70,135.77
314.66,138.22,301.33,334.56,260.34,331.78,273.67,135.44
301.13,136.13,324.16,329.06,283.87,333.87,260.84,140.94
302.66,145.52,321.00,330.65,282.34,334.48,264.00,149.35
302.84,145.13,330.57,329.08,292.16,334.87,264.43,150.92
322.67,150.34,300.73,334.24,262.33,329.66,284.27,145.76
331.04,153.61,291.76,334.60,253.96,326.39,293.24,145.40
329.80,151.54,303.30,334.00,265.20,328.46,291.70,146.00
324.66,149.83,308.69,333.51,270.34,330.17,286.31,146.49
325.51,146.41,307.28,327.39,269.49,323.59,287.72,142.61
327.75,149.04,294.59,327.89,257.25,320.96,290.41,142.11
328.03,149.15,294.29,327.89,256.97,320.85,290.71,142.11
318.56,147.44,294.08,327.68,256.44,322.56,280.92,142.32
322.69,147.13,300.00,327.61,262.31,322.87,285.00,142.39
322.18,146.96,300.53,327.56,262.82,323.04,284.47,142.44
321.99,146.89,300.73,327.54,263.01,323.11,284.27,142.46
328.78,149.47,293.48,327.90,256.22,320.53,291.52,142.10
336.42,150.63,295.60,327.89,258.58,319.37,299.40,142.11
329.30,149.69,292.92,327.91,255.70,320.31,292.08,142.09
331.60,150.72,290.40,327.89,253.40,319.28,294.60,142.11
331.31,150.58,290.72,327.89,253.69,319.42,294.28,142.11
330.78,150.34,291.30,327.90,254.22,319.66,293.70,142.10
313.93,145.49,299.10,327.61,261.07,324.51,275.90,142.39
326.15,147.73,287.00,330.44,248.85,322.27,288.00,139.56
338.62,157.28,262.17,328.69,226.38,312.72,302.83,141.31
329.48,151.45,263.30,332.37,225.52,318.55,291.70,137.63
322.00,146.07,262.73,336.31,223.00,323.93,282.27,133.69
305.24,139.56,271.10,337.56,229.76,330.44,263.90,132.44
320.04,145.20,249.54,339.52,208.96,324.80,279.46,130.48
319.83,143.96,244.48,341.77,203.17,326.04,278.52,128.23
300.76,134.97,255.97,344.39,212.24,335.03,257.03,125.61
299.64,136.30,246.88,344.71,203.36,333.70,256.12,125.29
2
0
0
0
0
1
339.52,153.04,337.85,319.79,295.43,319.37,297.11,152.61
349.48,154.51,337.79,320.86,295.48,317.89,307.16,151.54
351.24,153.51,346.12,320.19,303.72,318.89,308.84,152.21
357.01,155.39,340.15,321.30,297.94,317.01,314.81,151.11
336.02,148.59,360.88,313.49,318.94,319.81,294.07,154.92
345.43,149.15,361.74,315.11,319.52,319.26,303.22,153.30
342.26,148.30,374.32,311.95,332.69,320.10,300.63,156.46
345.76,148.57,371.12,313.39,329.20,319.84,303.83,155.02
351.83,149.37,365.40,315.58,323.12,319.03,309.55,152.83
354.02,149.77,363.29,316.28,320.93,318.63,311.67,152.13
369.92,154.52,347.06,319.70,305.04,313.89,327.90,148.70
367.18,153.46,349.97,319.33,307.77,314.95,324.99,149.08
367.80,153.25,349.52,319.81,307.15,315.16,325.43,148.60
366.10,154.56,340.99,320.23,298.85,313.84,323.96,148.18
358.81,151.87,348.69,319.12,306.14,316.54,316.27,149.29
358.73,150.41,358.85,317.97,316.23,318.00,316.11,150.44
345.93,147.76,371.36,314.18,329.02,320.65,303.60,154.23
344.78,147.65,372.42,313.72,330.18,320.75,302.53,154.68
344.81,147.65,372.40,313.73,330.15,320.75,302.56,154.67
340.46,147.71,366.80,313.99,324.50,320.69,298.16,154.41
345.56,148.34,362.01,315.88,319.39,320.07,302.94,152.52
342.18,148.60,355.47,316.43,312.78,319.81,299.48,151.98
345.35,148.30,362.22,315.81,319.61,320.10,302.74,152.60
340.95,147.76,366.34,314.19,324.00,320.65,298.62,154.22
338.38,147.55,368.70,313.15,326.58,320.86,296.25,155.26
341.97,147.86,365.40,314.58,322.99,320.54,299.56,153.82
341.94,147.86,365.42,314.57,323.01,320.54,299.54,153.83
345.31,147.70,371.93,313.94,329.64,320.71,303.02,154.47
345.32,147.70,371.93,313.94,329.64,320.71,303.03,154.47
345.75,147.74,371.53,314.11,329.21,320.67,303.43,154.30
347.38,147.48,379.61,312.72,337.58,320.92,305.34,155.68
352.25,147.90,375.13,314.69,332.70,320.51,309.83,153.72
354.40,147.62,382.77,313.57,340.56,320.78,312.18,154.84
357.58,147.93,379.82,314.81,337.37,320.47,315.13,153.59
357.21,147.06,389.96,313.01,347.75,321.34,314.99,155.39
356.95,152.05,390.20,317.90,348.01,326.36,314.76,160.51
367.39,153.22,380.47,321.86,337.57,325.19,324.49,156.54
362.45,152.51,385.14,320.13,342.50,325.90,319.81,158.28
362.54,152.08,394.66,318.15,352.42,326.32,320.29,160.25
365.88,152.00,401.16,317.43,359.08,326.41,323.80,160.97
366.34,152.02,400.74,317.63,358.61,326.39,324.21,160.77
366.14,152.01,400.92,317.55,358.81,326.39,324.03,160.86
367.73,151.93,408.95,315.99,367.22,326.47,326.00,162.42
368.69,151.94,408.11,316.44,366.26,326.46,326.85,161.97
377.63,157.53,399.97,325.20,357.32,330.88,334.98,163.21
381.22,158.02,396.58,326.48,353.73,330.38,338.37,161.93
377.31,157.49,400.27,325.08,357.64,330.92,334.68,163.33
371.55,154.03,405.55,319.73,363.40,328.38,329.40,162.68
374.93,153.97,412.01,319.00,370.03,328.44,332.95,163.40
377.35,154.07,409.83,320.07,367.60,328.34,335.13,162.33
381.19,154.01,415.88,319.57,373.76,328.39,339.08,162.84
380.49,153.99,416.51,319.26,374.47,328.42,338.45,163.15
385.24,153.98,421.73,319.15,379.71,328.43,343.23,163.26
391.26,154.02,425.82,319.60,383.70,328.39,349.14,162.81
391.92,154.05,425.22,319.89,383.03,328.36,349.74,162.52
389.24,155.54,427.82,321.05,385.72,330.87,347.14,165.35
394.14,155.54,432.90,321.01,390.81,330.87,352.05,165.40
398.74,151.86,430.14,324.56,386.21,332.54,354.81,159.85
403.20,151.82,435.63,324.33,391.75,332.58,359.32,160.07
408.63,151.85,440.24,324.51,396.32,332.55,364.71,159.89
410.78,152.02,438.27,325.39,394.18,332.38,366.68,159.02
418.83,152.36,440.43,326.55,396.12,332.05,374.52,157.85
421.27,152.07,447.82,325.58,403.68,332.33,377.14,158.82
422.46,152.19,446.72,326.04,402.50,332.21,378.24,158.37
430.22,152.54,449.12,327.05,404.73,331.86,385.83,157.35
430.23,152.55,449.12,327.06,404.72,331.86,385.84,157.35
432.81,152.95,446.65,327.93,402.14,331.45,388.30,156.47
419.64,156.67,458.84,327.76,415.32,337.74,376.11,166.64
416.43,155.73,452.24,327.57,408.53,336.68,372.71,164.84
445.18,161.75,424.10,336.01,379.77,330.65,400.85,156.39
434.45,163.35,435.16,338.88,390.51,339.06,389.80,163.53
435.20,163.54,434.41,339.07,389.76,338.87,390.55,163.34
404.22,161.02,462.82,326.48,420.74,341.38,362.13,175.93
423.12,160.82,455.71,333.29,411.84,341.59,379.24,169.11
415.15,160.67,462.78,329.62,419.80,341.73,372.17,172.79
425.60,160.70,462.98,332.20,419.36,341.71,381.97,170.21
396.20,163.18,478.23,318.36,438.75,339.23,356.73,184.04
402.03,162.98,482.59,318.93,442.92,339.42,362.36,183.47
385.00,168.76,494.79,305.71,459.96,333.64,350.16,196.69
394.84,160.98,493.11,306.42,456.12,331.42,357.84,185.98
388.64,168.47,497.37,306.27,462.32,333.93,353.59,196.13
404.51,161.10,485.99,316.57,446.45,337.30,364.96,181.83
408.75,159.41,473.69,322.48,432.20,339.00,367.27,175.92
405.38,159.91,476.40,320.43,435.57,338.50,364.55,177.98
412.23,159.62,479.92,321.57,438.72,338.79,371.04,176.83
400.89,163.61,497.37,310.25,460.06,334.79,363.59,188.15
401.37,163.45,497.02,310.63,459.58,334.96,363.93,187.78
446.61,155.09,458.88,330.19,414.34,333.31,402.07,158.21
448.50,154.58,466.86,329.15,422.45,333.82,404.09,159.25
441.42,153.65,482.92,324.20,439.54,334.76,398.03,164.21
465.95,155.99,469.64,331.48,425.00,332.42,421.31,156.93
461.37,154.30,483.86,328.38,439.58,334.10,417.09,160.02
463.92,154.65,481.47,329.29,437.04,333.76,419.49,159.11
462.10,154.39,483.18,328.65,438.85,334.01,417.78,159.75
453.14,153.97,481.86,327.13,437.81,334.44,409.09,161.27
425.68,155.83,505.10,312.37,465.28,332.57,385.86,176.04
452.15,158.89,482.77,331.73,438.80,339.52,408.19,166.68
449.33,158.72,485.33,330.52,441.63,339.68,405.63,167.88
443.81,158.70,480.80,330.29,437.15,339.70,400.16,168.11
446.56,158.08,469.28,334.54,424.39,340.32,401.67,163.86
459.45,155.59,456.76,333.49,411.51,332.81,414.19,154.91
447.16,153.94,458.95,331.47,413.79,334.47,402.00,156.94
449.40,155.58,446.81,333.48,401.55,332.82,404.15,154.92
462.65,160.27,432.92,335.69,388.30,328.13,418.03,152.71
455.42,157.43,440.64,334.74,395.54,330.98,410.32,153.67
450.17,155.79,446.03,333.67,400.79,332.61,404.92,154.74
431.11,153.03,454.71,329.38,409.85,335.38,386.25,159.03
430.05,152.91,455.69,328.97,410.90,335.50,385.27,159.43
431.70,153.10,454.15,329.60,409.25,335.31,386.81,158.81
426.72,150.97,459.54,329.08,414.23,337.43,381.41,159.32
421.81,150.15,454.85,329.85,409.14,338.25,376.10,158.56
422.01,145.17,454.68,324.93,408.95,333.24,376.28,153.48
432.96,145.77,454.16,327.24,408.00,332.63,386.80,151.16
430.28,145.45,456.67,326.24,410.68,332.95,384.29,152.17
435.85,146.20,451.41,328.24,405.11,332.20,389.54,150.16
417.78,144.97,458.48,323.08,413.17,333.44,372.47,155.32
426.92,145.16,459.76,324.89,414.04,333.24,381.20,153.52
428.57,145.29,458.24,325.57,412.38,333.12,382.71,152.84
427.48,145.20,459.24,325.12,413.47,333.20,381.71,153.28
426.15,145.11,460.45,324.57,414.80,333.29,380.50,153.84
432.89,145.76,454.23,327.22,408.07,332.64,386.73,151.19
418.56,144.96,467.19,321.07,422.40,333.44,373.76,157.33
414.45,145.13,470.72,318.96,426.50,333.27,370.24,159.45
423.71,144.96,472.06,321.15,427.24,333.45,378.89,157.26
431.60,140.14,465.04,319.76,419.35,328.26,385.91,148.65
432.09,140.66,454.98,321.92,408.87,327.75,385.98,146.48
431.43,140.58,455.60,321.68,409.53,327.83,385.36,146.73
439.17,140.94,458.01,322.67,411.79,327.46,392.94,145.73
447.81,142.62,449.62,325.32,403.15,325.78,401.33,143.09
445.22,142.03,452.18,324.60,405.74,326.37,398.78,143.80
444.21,141.82,453.17,324.31,406.75,326.58,397.79,144.10
442.25,141.45,455.07,323.70,408.71,326.96,395.89,144.71
448.02,141.59,459.32,323.94,412.94,326.82,401.63,144.46
453.18,144.11,444.19,326.59,397.77,324.30,406.76,141.82
449.87,141.96,457.52,324.50,411.08,326.45,403.44,143.90
442.93,140.57,454.41,322.91,408.02,325.83,396.55,143.49
472.43,148.79,433.96,327.40,388.53,317.61,426.99,139.01
459.35,143.47,447.99,325.82,401.60,322.93,412.97,140.58
454.53,142.06,452.90,324.76,406.42,324.34,408.06,141.65
465.23,140.58,441.82,321.78,395.73,315.82,419.14,134.63
461.09,137.49,456.33,320.13,409.87,318.92,414.63,136.28
466.34,139.14,450.93,321.19,404.62,317.27,420.03,135.22
463.44,138.18,453.93,320.64,407.52,318.22,417.02,135.77
463.55,138.22,453.81,320.66,407.40,318.19,417.14,135.74
460.36,137.29,457.06,319.96,410.59,319.12,413.90,136.44
464.68,138.58,452.65,320.89,406.27,317.83,418.31,135.52
456.84,137.70,450.56,320.30,404.11,318.70,410.39,136.11
454.51,137.06,452.92,319.75,406.45,319.35,408.03,136.65
451.25,137.53,446.16,320.17,399.70,318.87,404.79,136.24
449.01,131.93,448.42,314.63,401.94,314.48,402.54,131.77
451.52,134.20,435.73,316.22,389.43,312.20,405.22,130.18
444.34,132.01,443.09,314.71,396.62,314.39,397.86,131.69
441.18,132.51,436.24,315.15,389.78,313.89,394.72,131.26
444.39,133.48,432.95,315.83,386.57,312.92,398.01,130.57
431.17,131.24,436.24,313.88,389.78,315.16,384.72,132.53
426.65,130.34,440.65,312.51,394.31,316.07,380.31,133.90
420.73,130.18,436.53,312.20,390.23,316.22,374.42,134.20
409.69,124.04,446.77,302.94,401.26,312.37,364.18,133.47
404.68,124.04,441.78,302.93,396.27,312.37,359.18,133.47
410.10,124.43,436.83,305.17,390.86,311.97,364.12,131.24
410.37,124.46,436.58,305.28,390.59,311.94,364.37,131.13
431.46,129.18,415.79,311.21,369.49,307.22,385.16,125.19
441.08,135.71,394.84,312.46,349.87,300.70,396.12,123.94
416.52,121.32,420.90,303.97,374.43,305.08,370.06,122.43
416.77,122.68,410.63,305.28,364.18,303.72,370.32,121.12
419.03,123.37,408.33,305.76,361.93,303.04,372.63,120.65
414.16,123.41,403.19,305.78,356.80,302.99,367.77,120.62
409.45,117.04,407.98,299.74,361.51,299.36,362.97,116.67
422.17,121.38,394.73,302.01,348.78,295.03,376.22,114.40
426.64,123.40,389.84,302.36,344.32,293.00,381.12,114.04
424.90,120.32,392.84,304.24,346.06,296.08,378.11,112.17
422.36,119.22,395.60,303.99,348.60,297.18,375.36,112.42
421.64,118.49,396.58,304.29,349.31,297.92,374.38,112.11
421.52,118.44,396.70,304.28,349.43,297.96,374.25,112.13
421.66,118.50,396.56,304.29,349.30,297.91,374.40,112.11
418.80,116.08,400.22,305.05,352.15,300.32,370.74,111.36
417.33,115.56,401.77,304.80,353.63,300.84,369.19,111.60
419.84,116.02,399.34,305.60,351.12,300.38,371.62,110.81
418.99,115.71,400.23,305.46,351.96,300.69,370.72,110.94
389.19,115.13,421.56,303.04,373.76,311.27,341.39,123.36
416.05,116.10,395.12,305.63,346.90,300.30,367.84,110.78
411.25,114.44,400.12,304.79,351.70,301.96,362.83,111.61
387.56,115.16,419.23,303.19,371.40,311.24,339.73,123.22
390.80,115.37,418.16,304.07,370.16,311.03,342.80,122.33
392.54,110.57,416.53,299.73,368.41,305.83,344.42,116.67
377.84,114.86,429.78,298.33,383.11,311.54,331.17,128.08
383.39,114.87,424.90,300.97,377.56,311.53,336.05,125.43
376.58,114.83,421.52,300.14,374.38,311.57,329.44,126.27
359.11,111.20,436.21,285.59,391.85,305.20,314.74,130.81
399.76,117.02,400.10,309.29,351.19,309.38,350.85,117.11
410.58,122.47,378.60,312.07,330.37,303.93,362.35,114.34
406.23,122.76,372.90,312.12,324.73,303.64,358.06,114.28
422.29,126.21,366.53,314.38,318.67,300.20,374.42,112.03
417.93,123.76,371.53,314.45,323.02,302.65,369.43,111.95
427.83,133.43,348.82,313.08,303.12,292.98,382.14,113.33
425.84,131.91,351.30,313.46,305.12,294.50,379.65,112.95
431.15,140.70,333.04,310.67,289.80,285.71,387.92,115.74
427.89,142.43,325.69,309.97,283.07,283.98,385.27,116.43
428.03,142.58,325.49,309.91,282.92,283.83,385.47,116.49
414.95,135.13,331.15,312.59,286.01,291.28,369.80,113.81
413.41,138.12,321.69,311.62,277.55,288.29,369.27,114.78
413.87,138.54,321.08,311.47,277.09,287.87,369.88,114.93
411.60,141.52,324.03,317.16,279.35,294.88,366.92,119.25
406.62,141.54,319.01,317.15,274.34,294.87,361.94,119.25
401.92,141.80,313.62,317.07,269.03,294.61,357.34,119.34
403.30,143.02,311.82,316.65,267.65,293.38,359.13,119.75
397.19,142.03,308.27,316.99,263.77,294.37,352.68,119.41
403.45,145.08,301.31,317.31,257.50,291.33,359.64,119.09
390.12,137.62,307.19,319.88,260.83,298.79,343.76,116.52
377.60,123.53,322.54,316.88,273.35,302.88,328.42,109.52
353.68,114.94,338.26,315.39,287.27,311.47,302.69,111.02
352.32,114.49,339.68,315.13,288.64,311.92,301.28,111.27
342.64,110.91,359.28,311.26,308.32,315.49,291.67,115.14
339.95,111.33,352.05,312.00,301.00,315.08,288.91,114.40
331.36,110.71,350.50,310.83,299.59,315.70,280.46,115.57
322.60,110.19,349.05,309.48,298.35,316.21,271.91,116.92
319.76,114.90,351.69,313.39,301.19,321.51,269.27,123.02
320.40,114.96,351.09,313.64,300.55,321.45,269.86,122.76
314.20,114.55,356.74,311.03,306.76,321.86,264.21,125.37
313.73,114.53,357.16,310.82,307.23,321.87,263.79,125.58
315.24,114.59,355.80,311.50,305.71,321.81,265.16,124.91
326.85,115.78,345.04,316.00,294.11,320.62,275.92,120.41
326.78,115.77,345.10,315.97,294.18,320.63,275.85,120.43
335.30,117.50,336.79,318.53,285.65,318.91,284.17,117.87
333.38,118.30,328.71,319.29,277.58,318.10,282.25,117.12
324.55,121.25,337.44,321.88,286.41,325.16,273.51,124.53
312.15,120.14,339.47,319.32,288.80,326.26,261.49,127.09
309.56,119.88,341.87,318.31,291.39,326.52,259.09,128.10
309.49,119.87,341.94,318.28,291.47,326.53,259.02,128.13
307.18,124.70,344.05,322.33,293.77,331.71,256.91,134.08
291.49,124.56,348.50,317.34,299.46,331.85,242.45,139.06
286.76,119.85,352.52,309.83,304.20,326.56,238.43,136.58
285.55,119.96,353.53,309.15,305.41,326.45,237.42,137.25
292.38,119.53,347.74,312.80,298.57,326.88,243.22,133.61
287.60,119.52,342.55,312.91,293.35,326.88,238.41,133.50
299.38,119.55,341.57,316.12,291.57,326.85,249.38,130.29
289.60,119.65,350.12,311.36,301.35,326.76,240.84,135.04
290.32,124.61,349.51,316.74,300.63,331.80,241.45,139.66
298.31,124.50,351.94,318.26,302.65,331.90,249.02,138.15
299.55,124.65,360.16,316.34,311.40,331.75,250.79,140.07
317.19,125.14,344.44,324.33,293.77,331.26,266.52,132.08
290.34,130.59,367.81,316.10,320.62,335.81,243.15,150.30
297.64,129.78,361.78,320.31,313.31,336.63,249.18,146.09
294.24,130.76,373.69,315.43,326.72,335.64,247.26,150.97
302.40,129.80,366.98,320.18,318.55,336.61,253.97,146.22
310.38,129.48,360.13,324.27,310.58,336.92,260.83,142.14
311.11,129.48,359.48,324.62,309.84,336.92,261.48,141.79
308.59,129.50,361.69,323.40,312.36,336.91,259.27,143.01
318.96,129.83,352.42,328.06,302.00,336.58,268.53,138.34
315.69,124.61,355.40,321.69,305.27,331.79,265.55,134.72
327.87,125.64,353.60,324.22,303.09,330.77,277.35,132.18
317.71,124.92,362.87,320.00,313.25,331.49,268.08,136.41
317.91,129.92,362.69,325.09,313.04,336.48,268.27,141.31
360.61,135.27,320.24,331.40,270.34,321.13,310.72,125.00
372.61,142.13,306.42,331.11,258.34,314.28,324.54,125.29
362.95,136.45,317.62,331.49,268.01,319.96,313.33,124.91
357.02,133.61,324.18,331.15,273.93,322.79,306.78,125.26
353.50,134.28,317.56,331.27,267.45,322.13,303.39,125.14
361.37,143.30,308.74,336.50,259.59,323.11,312.22,129.91
359.18,142.09,311.23,336.51,261.77,324.31,309.73,129.90
352.28,141.10,308.38,336.47,258.68,325.30,302.58,129.93
351.48,143.36,298.61,336.50,249.48,323.05,302.35,129.91
347.66,136.29,302.95,331.48,253.30,320.11,298.01,124.92
346.14,135.53,304.65,331.43,254.82,320.88,296.30,124.98
342.34,128.76,308.83,326.17,258.61,317.65,292.12,120.23
342.39,131.16,298.25,326.48,248.57,315.25,292.70,119.93
341.76,130.84,298.95,326.45,249.19,315.56,292.00,119.95
338.48,131.72,292.02,326.50,242.47,314.68,288.93,119.90
340.42,132.77,289.82,326.51,240.53,313.64,291.14,119.89
342.75,131.34,297.85,326.49,248.21,315.06,293.11,119.92
331.08,128.21,300.20,326.05,249.87,318.20,280.76,120.35
335.05,130.00,295.85,326.37,245.90,316.40,285.10,120.03
337.72,136.33,292.88,331.48,243.23,320.08,288.08,124.92
336.74,135.83,293.98,331.45,244.21,320.57,286.98,124.95
329.26,137.45,302.17,335.85,251.70,328.96,278.79,130.56
318.10,133.65,313.78,333.85,262.85,332.75,267.18,132.55
317.36,138.45,314.53,338.67,263.60,337.95,266.43,137.73
322.66,139.60,309.32,340.20,258.30,336.80,271.63,136.21
327.81,139.65,314.16,340.23,263.14,336.75,276.79,136.18
335.47,137.94,317.65,342.99,265.49,338.46,283.31,133.41
324.56,136.07,318.73,341.82,266.39,340.33,272.23,134.59
336.12,138.17,316.97,343.10,264.84,338.23,283.99,133.30
331.46,138.30,311.61,343.16,259.50,338.11,279.35,133.25
323.82,130.87,319.48,336.64,267.13,335.54,271.48,129.76
329.00,134.25,303.92,338.54,251.96,332.16,277.03,127.87
329.37,134.39,303.53,338.59,251.59,332.01,277.42,127.82
304.02,128.65,319.15,333.91,266.93,337.76,251.81,132.49
311.19,125.17,312.12,331.00,259.76,331.23,258.84,125.41
327.95,128.85,305.04,333.39,253.01,327.56,275.92,123.02
315.04,126.51,306.22,332.14,253.91,329.90,262.73,124.26
297.72,117.84,323.19,322.08,271.24,328.56,245.76,124.32
305.99,114.21,315.27,319.83,262.97,322.19,253.68,116.58
307.58,113.57,323.57,318.77,271.37,322.84,255.39,117.63
317.74,117.36,303.45,322.68,251.22,319.05,265.51,113.72
318.54,115.93,294.03,326.71,240.41,320.48,264.92,109.70
317.00,115.35,295.66,326.48,241.96,321.05,263.29,109.93
320.48,116.69,291.97,326.97,238.48,319.71,266.99,109.44
314.43,114.45,298.35,326.04,244.52,321.95,260.61,110.36
321.16,111.97,291.23,322.05,237.79,314.43,267.72,104.36
319.40,113.37,282.72,322.37,229.55,313.04,266.24,104.03
315.50,109.82,297.23,321.23,243.45,316.58,261.72,105.17
315.84,109.94,296.88,321.29,243.12,316.47,262.07,105.12
321.58,110.20,301.10,321.41,247.37,316.20,267.86,104.99
315.63,107.69,298.14,323.17,243.33,318.72,260.81,103.24
321.19,107.88,302.55,323.26,247.76,318.52,266.40,103.14
315.69,106.12,308.23,322.18,253.27,320.28,260.73,104.22
323.05,108.55,300.60,323.57,245.90,317.85,268.36,102.84
319.01,102.15,304.82,317.87,249.95,314.26,264.13,98.54
317.92,96.80,305.94,312.65,251.03,309.61,263.02,93.75
323.15,96.87,310.70,312.70,255.80,309.53,268.25,93.71
319.77,90.86,314.16,306.97,259.18,305.55,264.80,89.43
329.38,89.05,304.19,303.76,249.58,297.36,274.76,82.64
339.80,91.37,293.93,306.71,239.15,295.04,285.03,79.70
338.98,90.96,294.85,306.67,239.98,295.44,284.11,79.74
341.34,87.14,292.21,301.76,237.61,289.26,286.75,74.64
342.72,87.86,290.65,301.79,236.23,288.54,288.30,74.62
345.10,86.52,298.60,301.72,243.85,289.89,290.36,74.68
335.06,84.16,299.15,301.38,243.89,292.25,279.80,75.02
338.92,83.67,305.39,301.27,250.03,292.74,283.57,75.14
335.91,82.44,308.62,300.91,253.05,293.97,280.33,75.49
330.99,81.14,304.17,302.09,247.96,295.26,274.79,74.32
330.61,81.00,304.57,302.03,248.34,295.41,274.39,74.37
337.58,83.94,297.04,302.78,241.37,292.47,281.92,73.63
329.64,79.95,296.53,304.88,239.31,296.45,272.43,71.53
325.44,78.29,301.02,304.32,243.52,298.11,267.94,72.08
312.79,75.74,303.95,302.91,246.17,300.67,255.00,73.49
319.49,76.26,307.21,303.27,249.46,300.15,261.75,73.13
315.47,76.57,301.20,303.47,243.48,299.84,257.75,72.94
304.20,73.54,312.55,300.74,254.76,302.86,246.41,75.67
315.03,74.96,311.75,302.28,253.92,301.45,257.21,74.12
322.58,72.27,304.02,298.86,246.38,294.14,264.94,67.55
321.44,73.67,294.96,299.47,237.52,292.74,264.00,66.93
307.98,70.80,298.76,297.96,240.97,295.61,250.20,68.45
222.97,72.82,370.08,246.16,325.98,283.58,178.88,110.24
181.35,100.80,383.88,204.08,357.61,255.60,155.07,152.32
188.34,88.50,381.23,208.83,350.62,257.90,157.73,137.57
183.85,93.04,383.00,202.71,355.10,253.37,155.96,143.69
182.97,88.86,376.38,208.35,345.99,257.55,152.57,138.06
162.91,114.53,381.73,176.21,366.05,231.87,147.22,170.20
158.47,113.57,376.70,177.32,360.48,232.84,142.26,169.08
160.57,102.92,370.55,190.07,348.38,243.48,138.40,156.33
160.98,97.38,370.45,185.74,347.97,239.03,138.50,150.66
154.97,98.73,365.69,184.08,343.98,237.68,133.26,152.33
154.27,99.69,365.85,182.89,344.69,236.71,133.11,153.52
153.64,100.58,365.98,181.81,345.32,235.82,132.98,154.60
149.50,106.87,366.61,174.31,349.46,229.54,132.34,162.10
150.41,105.41,366.51,176.03,348.55,231.00,132.44,160.38
152.96,96.55,366.11,175.64,345.99,229.86,132.84,150.77
157.96,89.83,364.93,183.92,340.99,236.57,134.03,142.48
155.68,92.77,365.53,180.26,343.27,233.63,133.43,146.15
147.82,96.75,361.14,175.39,341.13,229.65,127.82,151.02
144.00,102.68,361.66,168.36,344.95,223.72,127.30,158.05
136.60,112.15,361.25,147.11,352.35,204.26,127.71,169.29
140.82,98.31,361.76,151.89,348.13,208.10,127.19,154.51
140.11,94.67,361.74,145.36,348.84,201.74,127.22,151.04
139.51,95.86,361.70,144.03,349.44,200.55,127.26,152.38
139.95,90.00,361.73,139.99,349.01,196.41,127.23,146.41
139.41,86.06,361.69,133.81,349.54,190.35,127.27,142.60
157.44,65.49,365.07,158.09,341.52,210.91,133.88,118.31
177.47,50.10,356.70,180.71,323.48,226.30,144.25,95.70
194.68,33.31,347.22,194.29,306.27,233.09,153.73,72.12
187.53,37.66,351.43,187.06,313.42,228.75,149.53,79.35
188.03,34.26,343.22,192.67,302.92,232.15,147.73,73.73
179.40,34.80,348.16,178.68,311.56,221.61,142.80,77.73
186.63,27.25,336.02,191.15,294.33,229.15,144.94,65.25
178.98,36.72,340.60,188.57,301.98,229.68,140.35,77.84
179.27,36.53,340.43,188.87,301.68,229.87,140.52,77.53
184.09,33.65,337.58,193.71,296.86,232.76,143.37,72.69
182.96,34.29,338.26,192.61,297.99,232.11,142.69,73.80
178.31,38.13,340.52,187.01,302.65,228.27,140.44,79.39
177.26,37.31,339.44,177.84,303.69,219.09,141.51,78.57
171.34,39.98,333.97,175.05,299.61,216.42,136.98,81.35
152.05,52.94,342.33,145.06,318.90,193.46,128.62,101.35
144.58,55.99,338.05,141.20,316.38,190.41,122.90,105.21
172.29,25.95,325.67,171.43,288.67,210.45,135.28,64.97
177.55,20.23,314.39,181.37,273.41,216.18,136.56,55.04
167.03,28.98,328.85,166.26,293.93,207.42,132.11,70.15
172.91,20.08,325.54,167.50,288.04,206.33,135.41,58.90
166.56,28.14,336.67,154.99,304.40,198.26,134.29,71.41
166.28,23.36,336.80,149.67,304.67,193.04,134.15,66.74
170.38,20.18,334.72,154.42,300.58,196.22,136.23,61.99
165.71,23.83,337.08,148.99,305.24,192.58,133.88,67.42
162.84,26.29,338.43,145.45,308.12,190.11,132.53,70.96
164.79,18.00,338.29,144.27,306.17,188.41,132.66,62.13
181.01,9.82,337.34,156.82,299.94,196.59,143.62,49.58
175.78,13.36,340.24,151.21,305.17,193.05,140.71,55.19
181.78,12.65,344.70,152.31,309.18,193.75,146.25,54.10
186.99,12.50,349.59,152.54,313.97,193.90,151.36,53.87
190.00,10.46,347.91,155.77,310.95,195.94,153.04,50.63
184.92,13.98,350.70,150.25,316.03,192.42,150.26,56.15
190.26,10.30,347.77,156.04,310.70,196.10,153.18,50.37
190.80,9.95,347.46,156.60,310.16,196.45,153.49,49.81
188.32,11.59,348.86,153.98,312.64,194.82,152.10,52.42
238.60,-6.63,322.79,191.62,272.36,213.04,188.17,14.78
233.91,-6.68,317.54,191.81,267.04,213.09,183.42,14.59
228.21,-5.67,322.06,188.20,272.75,212.07,178.89,18.21
235.41,-6.90,316.32,192.72,265.55,213.30,184.63,13.69
259.56,-12.55,295.43,199.83,241.40,208.96,205.53,-3.43
267.36,-11.63,288.13,202.75,233.59,208.04,212.83,-6.35
243.72,-12.91,300.11,194.97,247.23,209.31,190.84,1.44
243.70,-12.91,300.13,194.96,247.25,209.31,190.82,1.45
256.19,-12.40,288.92,200.49,234.76,208.81,202.04,-4.08
252.80,-12.68,292.03,199.11,238.15,209.09,198.93,-2.70
245.93,-7.92,298.18,201.04,245.02,214.33,192.78,5.37
245.31,-7.92,298.72,200.74,245.65,214.33,192.23,5.67
251.65,-7.75,293.07,203.62,239.30,214.16,197.89,2.78
244.08,-2.91,299.80,205.14,246.87,219.32,191.16,11.26
266.04,-1.83,289.38,212.29,234.91,218.23,211.57,4.11
264.33,2.94,291.00,216.68,236.63,223.46,209.96,9.73
264.24,10.42,289.89,219.46,236.72,225.98,211.06,16.95
270.35,11.38,284.06,221.54,230.60,225.03,216.89,14.87
289.65,21.85,264.49,230.95,211.31,224.55,236.46,15.45
281.01,17.59,283.52,228.18,229.95,228.82,227.44,18.23
296.47,27.57,267.55,236.19,214.49,228.83,243.40,20.22
308.27,38.23,254.48,241.85,202.68,228.17,256.48,24.55
315.07,42.34,246.54,241.49,195.89,224.06,264.41,24.91
323.24,44.51,247.72,241.11,197.71,221.90,273.23,25.30
318.37,41.26,253.55,241.64,202.58,225.15,267.40,24.77
320.71,39.63,261.67,241.79,210.25,226.77,269.28,24.61
289.17,27.16,295.33,237.68,241.78,239.24,235.62,28.73
286.40,21.58,298.04,231.86,244.55,234.83,232.91,24.54
302.69,24.43,291.76,234.75,238.26,231.97,249.19,21.65
311.82,25.80,292.48,235.52,239.14,230.60,258.47,20.88
306.65,29.73,293.78,239.95,240.31,236.67,253.18,26.46
327.36,33.85,271.23,236.84,219.60,222.56,275.72,19.57
325.31,30.16,284.18,236.71,231.64,226.25,272.77,19.70
348.11,40.35,268.68,236.26,218.85,216.06,298.27,20.14
347.03,36.18,281.01,237.01,229.93,220.22,295.94,19.39
344.50,34.62,283.99,237.18,232.46,221.79,292.97,19.23
346.59,40.91,281.53,242.05,230.36,225.50,295.43,24.36
338.50,36.28,290.84,242.24,238.45,230.12,286.11,24.16
347.13,35.89,292.84,244.33,239.82,230.51,294.11,22.08
359.45,40.30,289.31,243.95,237.51,226.11,307.64,22.46
353.68,36.76,296.07,244.30,243.27,229.64,300.89,22.10
355.19,37.64,294.32,244.25,241.76,228.77,302.63,22.16
354.52,30.34,296.01,240.95,242.44,226.06,300.94,15.46
341.06,25.97,300.53,240.75,245.89,230.44,286.43,15.65
331.87,22.17,310.41,239.69,255.08,234.23,276.54,16.71
326.35,15.33,316.15,233.67,260.61,231.08,270.81,12.74
319.37,14.75,313.16,233.24,257.58,231.66,263.79,13.17
308.80,7.28,323.63,225.35,268.16,229.13,253.33,11.05
297.12,10.76,334.61,226.10,279.83,235.64,242.34,20.30
298.32,5.86,333.51,221.59,278.63,230.54,243.45,14.81
295.68,0.66,335.93,215.50,281.27,225.74,241.03,10.90
288.96,-2.92,341.15,206.05,287.99,219.33,235.81,10.35
296.93,-2.60,333.99,209.58,280.02,219.00,242.96,6.83
298.11,-2.50,332.92,210.05,278.85,218.91,244.04,6.35
308.15,-1.95,333.22,211.98,278.80,218.35,253.73,4.43
316.11,-1.51,335.41,213.01,280.84,217.92,261.54,3.40
306.28,-1.77,334.78,210.92,280.68,218.17,252.17,5.48
295.59,-1.87,334.83,208.29,281.37,218.28,242.13,8.11
290.57,-1.87,329.84,208.29,276.38,218.28,237.11,8.12
289.25,-2.10,340.50,205.46,287.71,218.50,236.45,10.94
299.44,-0.73,330.90,209.13,277.52,217.13,246.05,7.28
304.32,-0.42,337.74,208.32,284.64,216.83,251.22,8.08
302.34,-0.17,339.35,207.16,286.61,216.57,249.60,9.24
260.95,7.05,381.66,178.65,338.01,209.36,217.30,37.75
260.92,11.36,389.01,172.46,348.03,205.05,219.94,43.94
244.12,24.51,406.88,150.50,374.83,191.90,212.07,65.91
243.87,29.71,407.01,155.20,375.09,196.70,211.94,71.21
248.07,21.57,404.82,154.97,370.88,194.84,214.14,61.44
250.55,16.73,395.56,162.79,358.41,199.68,213.39,53.62
254.64,17.27,401.10,161.88,364.31,199.14,217.86,54.52
249.71,20.43,403.92,156.74,369.25,195.97,215.03,59.66
250.06,25.69,403.49,161.69,368.90,200.72,215.47,64.72
257.04,24.38,407.38,163.78,371.92,202.03,221.58,62.62
248.84,28.54,403.19,158.60,370.11,197.86,215.76,67.81
250.08,30.19,401.32,157.74,368.88,196.22,217.63,68.66
250.10,33.46,409.14,152.49,378.86,192.94,219.82,73.92
240.60,42.17,413.32,140.30,388.35,184.24,215.64,86.10
239.71,44.36,422.45,135.56,399.25,182.04,216.51,90.85
232.00,58.74,424.74,128.64,406.96,177.67,214.22,107.77
242.97,47.80,422.72,152.88,395.99,198.61,216.24,93.52
232.01,59.43,426.78,137.43,406.94,186.97,212.17,108.98
237.77,49.72,426.37,148.71,401.19,196.68,212.59,97.70
210.84,96.88,425.10,85.02,428.12,139.53,213.85,151.38
211.13,100.45,425.53,91.41,427.83,145.95,213.43,154.99
209.98,111.86,423.48,90.24,428.98,144.55,215.48,166.17
207.80,120.86,423.48,90.68,431.16,145.54,215.48,175.72
206.37,129.19,420.75,82.68,432.59,137.21,218.20,183.73
205.61,124.78,421.65,86.67,431.34,141.63,215.30,179.73
205.01,113.83,429.80,105.39,431.95,162.58,207.15,171.01
201.16,128.65,426.10,90.54,435.79,147.76,210.85,185.87
198.87,131.54,429.12,96.29,438.08,154.86,207.84,190.11
196.91,113.99,429.84,113.17,430.05,172.42,197.12,173.24
193.95,135.79,424.41,101.99,433.01,160.62,202.54,194.41
192.34,151.06,416.65,88.29,432.62,145.35,208.30,208.12
192.42,158.45,415.44,91.23,432.54,147.96,209.52,215.18
193.95,115.07,425.43,132.46,421.00,191.34,189.53,173.95
187.76,118.82,419.68,128.59,417.20,187.59,185.27,177.81
184.37,133.37,415.71,114.19,420.59,173.04,189.25,192.21
185.29,123.51,417.22,113.90,419.67,172.90,187.73,182.50
186.96,121.61,419.05,125.75,418.00,184.79,185.90,180.65
182.96,150.52,411.14,107.85,421.99,165.89,193.82,208.56
182.85,147.58,410.25,100.98,422.11,158.83,194.70,205.42
182.72,152.96,407.80,96.19,422.24,153.44,197.16,210.22
185.13,182.13,394.13,81.11,419.83,134.28,210.82,235.29
188.71,173.60,404.45,87.93,426.25,142.81,210.50,228.48
190.81,185.23,397.05,78.71,424.15,131.18,217.90,237.69
187.38,191.30,387.77,74.13,417.57,125.10,217.19,242.28
186.02,181.12,391.44,73.02,418.94,125.28,213.51,233.38
188.66,198.07,371.63,61.79,406.29,108.33,223.33,244.62
183.61,186.36,384.04,79.06,411.34,130.04,210.91,237.35
182.32,180.47,388.00,83.61,412.64,135.94,206.95,232.79
179.33,187.52,377.86,78.38,405.62,128.89,207.09,238.02
177.80,178.56,383.49,85.52,407.16,137.85,201.47,230.88
179.44,191.29,378.35,84.52,405.51,135.12,206.60,241.89
180.49,190.22,375.55,76.57,404.46,126.18,209.40,239.84
172.69,177.91,378.90,86.04,402.27,138.49,196.06,230.37
172.51,176.85,379.56,86.88,402.45,139.55,195.40,229.52
173.49,182.14,376.17,82.71,401.46,134.27,198.78,233.69
174.43,186.22,373.40,79.57,400.53,130.18,201.56,236.84
174.40,186.09,373.49,79.67,400.56,130.31,201.47,236.74
173.95,184.23,374.77,81.09,401.00,132.18,200.19,235.31
173.28,176.11,376.84,78.51,401.67,130.29,198.11,227.90
174.47,181.39,373.28,74.44,400.49,125.02,201.67,231.96
175.38,189.82,370.84,76.86,399.57,126.58,204.12,239.54
175.45,190.07,370.66,76.68,399.51,126.34,204.29,239.72
182.81,204.29,355.02,58.31,392.15,102.12,219.94,248.09
174.48,181.43,373.25,74.41,400.48,124.97,201.70,231.99
180.82,195.00,358.81,56.13,394.14,101.41,216.14,240.27
177.19,185.64,366.47,62.61,397.77,110.76,208.48,233.79
173.31,171.25,376.76,73.40,401.65,125.15,198.20,223.00
172.03,158.60,381.54,74.51,402.93,127.81,193.42,211.89
172.28,155.38,380.46,68.06,402.67,121.02,194.49,208.34
172.23,155.04,380.67,68.34,402.72,121.36,194.29,208.07
172.20,154.83,380.80,68.51,402.76,121.58,194.16,207.89
172.03,153.58,381.55,69.53,402.93,122.83,193.41,206.88
172.59,157.36,379.25,66.48,402.36,119.05,195.71,209.92
171.87,147.35,382.27,65.53,403.09,119.06,192.68,200.87
171.40,142.83,384.84,69.28,403.55,123.58,190.11,197.12
171.84,147.09,382.42,65.74,403.12,119.31,192.53,200.66
172.10,154.15,381.21,69.06,402.85,122.25,193.75,207.34
171.30,141.46,385.59,70.43,403.66,124.94,189.37,195.97
171.15,139.02,386.88,72.50,403.80,127.38,188.07,193.90
171.26,145.83,385.93,75.97,403.70,130.57,189.03,200.44
171.68,155.71,383.23,76.89,403.28,130.70,191.73,209.52
171.64,150.34,383.44,72.19,403.31,126.07,191.52,204.21
171.73,151.12,382.99,71.54,403.23,125.28,191.97,204.86
171.21,145.13,386.30,76.56,403.74,131.27,188.66,199.85
173.75,168.32,375.38,66.79,401.21,118.08,199.57,219.61
171.17,144.35,386.71,77.23,403.79,132.05,188.24,199.18
171.02,136.46,390.61,84.08,403.94,139.94,184.34,192.32
171.01,143.59,389.60,87.21,403.95,142.81,185.35,199.20
167.97,164.50,372.89,69.78,396.98,121.90,192.07,216.63
168.29,166.15,371.82,68.48,396.66,120.25,193.14,217.93
171.62,155.13,383.55,77.36,403.34,131.27,191.40,209.04
177.13,159.36,386.08,73.89,407.82,127.04,198.88,212.52
171.76,156.43,382.81,76.29,403.20,129.97,192.15,210.12
176.68,155.73,388.21,76.86,408.27,130.67,196.75,209.54
176.65,155.44,388.38,77.10,408.30,130.96,196.58,209.30
171.13,137.81,392.26,92.35,403.82,148.60,182.69,194.06
171.40,138.69,393.99,101.09,403.56,157.71,180.96,195.32
173.79,117.88,399.44,111.12,401.16,168.52,175.51,175.28
172.93,127.12,398.17,111.99,402.03,169.28,176.78,184.42
183.93,105.99,408.01,133.41,401.03,190.42,176.95,162.99
216.87,63.56,408.73,184.04,378.08,232.85,186.23,112.36
217.23,58.76,401.32,190.82,367.72,237.64,183.64,105.59
216.33,64.53,401.74,194.71,368.63,241.88,183.21,111.69
215.94,69.86,401.92,199.23,369.01,246.54,183.03,117.17
2
0
0
0
0
1
398.47,42.84,399.53,175.84,359.53,176.16,358.47,43.16
396.45,42.29,401.52,175.19,361.55,176.71,356.48,43.81
397.79,43.65,400.20,176.63,360.21,177.35,357.80,44.37
392.20,38.74,401.70,171.40,361.80,174.26,352.30,41.60
395.18,44.48,398.81,177.43,358.82,178.52,355.19,45.57
390.35,44.53,393.64,177.48,353.65,178.47,350.36,45.52
392.06,45.02,391.94,178.02,351.94,177.98,352.06,44.98
397.42,46.88,386.45,179.42,346.58,176.12,357.55,43.58
391.81,39.94,392.19,172.94,352.19,173.06,351.81,40.06
385.66,39.61,388.33,172.59,348.34,173.39,345.67,40.41
388.94,40.62,385.04,173.56,345.06,172.38,348.96,39.44
390.31,41.09,383.64,173.92,343.69,171.91,350.36,39.08
388.55,40.49,385.44,173.45,345.45,172.51,348.56,39.55
384.36,40.76,379.62,173.67,339.64,172.24,344.38,39.33
388.82,42.45,374.96,174.72,335.18,170.55,349.04,38.28
387.39,41.87,376.47,174.42,336.61,171.13,347.53,38.58
380.56,41.18,373.38,173.98,333.44,171.82,340.62,39.02
378.40,40.44,375.59,173.41,335.60,172.56,338.41,39.59
371.71,36.91,372.29,169.91,332.29,170.09,331.71,37.09
376.34,38.46,367.57,171.17,327.66,168.54,336.43,35.83
375.39,38.12,368.56,170.94,328.61,168.88,335.44,36.06
368.81,36.94,369.19,169.94,329.19,170.06,328.81,37.06
378.32,40.55,359.26,172.18,319.68,166.45,338.74,34.82
374.52,33.92,363.34,166.45,323.48,163.08,334.66,30.55
370.04,32.32,367.96,165.31,327.96,164.68,330.04,31.69
368.78,33.63,359.12,166.28,319.22,163.37,328.88,30.72
370.69,34.39,357.10,166.70,317.31,162.61,330.90,30.30
365.29,34.23,352.53,166.61,312.71,162.77,325.47,30.39
363.95,33.69,353.94,166.32,314.05,163.31,324.06,30.68
359.53,32.16,358.47,165.16,318.47,164.84,319.53,31.84
367.20,35.04,350.49,166.99,310.80,161.96,327.51,30.01
365.57,34.34,352.23,166.67,312.43,162.66,325.77,30.33
364.60,36.16,342.87,167.37,303.40,160.84,325.13,29.63
363.42,35.60,344.16,167.20,304.58,161.40,323.84,29.80
361.10,34.56,346.67,166.78,306.90,162.44,321.33,30.22
356.64,34.79,341.09,166.88,301.36,162.21,316.91,30.12
356.33,34.66,341.41,166.82,301.67,162.34,316.59,30.18
353.12,33.38,344.80,166.12,304.88,163.62,313.20,30.88
351.66,34.80,336.06,166.89,296.34,162.20,311.94,30.11
350.39,34.27,337.42,166.63,297.61,162.73,310.58,30.37
346.34,32.75,341.64,165.67,301.66,164.25,306.36,31.33
343.19,33.41,334.73,166.14,294.81,163.59,303.27,30.86
335.79,31.12,342.17,163.96,302.21,165.88,295.83,33.04
339.99,32.31,338.00,165.29,298.01,164.69,300.00,31.71
349.07,35.90,328.45,167.30,288.93,161.10,309.55,29.70
348.32,38.13,318.67,167.78,279.68,158.87,309.33,29.22
351.11,42.54,306.58,167.86,268.89,154.46,313.42,29.14
358.53,53.83,296.93,171.70,261.47,153.17,323.07,35.30
337.20,40.04,322.32,171.43,282.80,166.96,297.68,35.57
327.79,38.33,321.94,170.43,282.21,168.67,288.06,36.57
334.68,46.16,314.63,176.87,275.32,170.84,295.37,40.13
343.38,51.11,304.65,177.54,266.62,165.89,305.35,39.46
332.17,45.03,317.35,176.43,277.83,171.97,292.65,40.57
326.18,44.61,313.40,176.23,273.82,172.39,286.60,40.77
325.10,44.18,314.55,175.99,274.90,172.82,285.45,41.01
320.66,47.62,319.11,179.84,279.34,179.38,280.89,47.16
290.29,49.70,338.72,172.74,301.71,187.30,253.28,64.26
284.00,50.34,341.77,169.28,306.00,186.66,248.23,67.72
284.00,45.34,341.77,164.29,306.00,181.66,248.23,62.71
273.15,48.01,349.35,156.08,316.85,178.99,240.65,70.92
312.92,45.68,326.64,177.20,287.08,181.32,273.36,49.80
305.36,44.67,333.50,173.87,294.64,182.33,266.50,53.13
305.45,44.67,333.42,173.91,294.55,182.33,266.58,53.09
303.97,44.57,334.71,173.18,296.03,182.43,265.29,53.82
320.30,52.51,319.47,184.74,279.70,184.49,280.53,52.26
313.10,51.87,316.65,184.06,276.90,185.13,273.35,52.94
311.14,56.37,318.57,188.39,278.86,190.63,271.43,58.61
314.40,52.24,315.37,184.47,275.60,184.76,274.63,52.53
319.56,53.97,310.11,185.87,270.44,183.03,279.89,51.13
311.35,56.42,318.37,188.47,278.65,190.58,271.63,58.53
315.61,56.25,324.08,188.21,284.39,190.75,275.92,58.79
314.84,51.07,324.81,182.93,285.16,185.93,275.19,54.07
314.04,50.90,325.58,182.63,285.96,186.10,274.42,54.37
312.61,51.03,326.70,181.73,287.39,185.97,273.30,55.27
326.18,55.05,313.16,185.87,273.82,181.95,286.84,51.13
311.05,45.46,331.98,175.25,292.95,181.54,272.02,51.75
313.90,50.90,329.36,181.45,290.10,186.10,274.64,55.55
307.87,45.11,334.83,173.78,296.13,181.89,269.17,53.22
311.29,45.49,331.76,175.35,292.71,181.51,272.24,51.65
322.81,48.09,320.72,179.54,281.19,178.91,283.28,47.46
323.71,48.38,319.81,179.79,280.29,178.62,284.19,47.21
319.18,47.05,324.33,178.41,284.82,179.95,279.67,48.59
317.99,46.75,325.48,178.00,286.01,180.25,278.52,49.00
327.31,54.70,316.08,185.68,276.69,182.30,287.92,51.32
330.40,56.01,312.78,186.29,273.60,180.99,291.22,50.71
326.09,54.23,317.36,185.40,277.91,182.77,286.64,51.60
336.16,56.36,316.95,186.41,277.84,180.64,297.05,50.59
335.39,56.00,317.80,186.29,278.61,181.00,296.20,50.71
339.62,55.66,323.63,186.15,284.38,181.34,300.37,50.85
338.88,50.34,324.42,181.01,285.12,176.66,299.58,45.99
336.62,47.73,336.91,179.19,297.38,179.27,297.09,47.81
344.80,52.50,327.46,179.71,289.20,174.50,306.54,47.29
343.95,50.16,338.63,178.44,300.05,176.84,305.37,48.56
348.39,51.88,333.98,179.46,295.61,175.12,310.02,47.54
350.69,52.91,331.49,179.86,293.31,174.09,312.51,47.14
352.84,51.65,339.57,179.35,301.16,175.35,314.43,47.65
355.98,53.05,336.17,179.90,298.02,173.95,317.83,47.10
356.86,54.38,334.70,179.28,297.14,172.62,319.30,47.72
356.50,54.20,335.10,179.23,297.50,172.80,318.90,47.77
357.31,54.61,334.21,179.34,296.69,172.39,319.79,47.66
357.76,52.48,344.17,178.60,306.24,174.52,319.83,48.40
362.67,52.45,349.26,178.59,311.33,174.55,324.74,48.41
365.07,53.51,346.68,179.02,308.93,173.49,327.32,47.98
363.50,52.80,348.38,178.75,310.50,174.20,325.62,48.25
364.30,58.16,347.52,183.89,309.70,178.84,326.48,53.11
362.90,55.65,359.24,182.45,321.10,181.35,324.76,54.55
362.55,54.12,369.54,180.78,331.45,182.88,324.46,56.22
347.53,47.27,383.09,169.03,346.47,179.73,310.91,57.97
357.71,53.14,374.12,178.93,336.29,183.86,319.88,58.07
352.37,52.49,378.94,176.52,341.63,184.51,315.06,60.48
360.13,52.77,381.47,177.81,343.87,184.23,322.53,59.19
351.15,52.40,380.00,175.92,342.85,184.60,314.00,61.08
340.05,52.63,389.13,169.61,353.95,184.37,304.87,67.39
344.54,52.31,385.56,172.35,349.46,184.69,308.44,64.65
366.62,53.90,375.44,180.44,337.38,183.10,328.56,56.56
369.16,54.53,372.97,181.32,334.84,182.47,331.03,55.68
371.58,55.23,370.57,182.07,332.42,181.77,333.43,54.93
372.20,55.42,369.95,182.25,331.80,181.58,334.05,54.75
375.15,56.87,366.69,182.67,328.85,180.13,337.31,54.33
369.31,55.82,372.13,180.33,334.69,181.18,331.87,56.67
374.89,55.98,376.56,180.51,339.11,181.02,337.44,56.49
379.89,57.64,371.48,181.89,334.11,179.36,342.52,55.11
383.43,59.08,367.73,182.64,330.57,177.92,346.27,54.36
379.79,59.32,370.64,180.44,334.21,177.68,343.36,56.56
384.22,59.10,376.23,180.30,339.78,177.90,347.77,56.70
384.47,59.19,375.97,180.36,339.53,177.81,348.03,56.64
378.67,56.16,391.65,176.93,355.33,180.84,342.35,60.07
375.26,55.62,394.79,175.51,358.74,181.38,339.21,61.49
392.30,58.41,388.21,179.81,351.70,178.59,355.79,57.19
377.96,51.57,401.19,168.44,366.04,175.43,342.81,58.56
383.78,51.65,405.46,168.83,370.22,175.35,348.54,58.17
393.38,52.33,406.25,170.80,370.62,174.67,357.75,56.20
387.70,57.35,410.97,172.65,376.30,179.65,353.03,64.35
403.01,55.79,396.31,173.22,360.99,171.21,367.69,53.78
404.51,54.63,404.87,172.26,369.49,172.37,369.13,54.74
409.00,54.49,410.37,172.10,375.00,172.51,373.63,54.90
404.35,53.75,414.65,170.15,379.65,173.25,369.35,56.85
412.69,54.54,416.44,171.33,381.31,172.46,377.56,55.67
409.50,58.78,419.51,175.21,384.50,178.22,374.49,61.79
415.41,58.98,423.65,175.54,388.59,178.02,380.35,61.46
413.11,53.92,425.60,169.33,390.89,173.08,378.40,57.67
413.29,59.77,424.98,173.72,390.71,177.23,379.02,63.28
419.65,60.05,428.69,174.24,394.35,176.95,385.31,62.76
418.59,60.24,429.47,173.49,395.41,176.76,384.53,63.51
421.13,60.80,427.04,174.42,392.87,176.20,386.96,62.58
420.01,59.63,437.79,172.02,403.99,177.37,386.21,64.98
432.01,62.56,426.16,176.19,391.99,174.44,397.84,60.81
434.36,63.46,423.71,176.74,389.64,173.54,400.29,60.26
434.15,65.66,413.50,177.55,379.85,171.34,400.50,59.45
435.45,66.35,412.04,177.69,378.55,170.65,401.96,59.31
439.90,66.05,417.65,177.64,384.10,170.95,406.35,59.36
434.70,63.60,423.35,176.81,389.30,173.40,400.65,60.19
414.57,59.58,433.18,171.83,399.43,177.42,380.82,65.17
432.11,62.60,426.06,176.22,391.89,174.40,397.94,60.78
424.16,60.35,433.93,173.71,399.84,176.65,390.07,63.29
427.51,60.74,430.93,175.24,396.49,176.26,393.07,61.76
422.93,60.85,425.52,175.37,391.07,176.15,388.48,61.63
422.05,60.62,426.38,175.08,391.95,176.38,387.62,61.92
420.19,65.16,428.17,179.44,393.81,181.84,385.83,67.56
424.35,66.26,424.10,180.81,389.65,180.74,389.90,66.19
422.93,65.85,425.51,180.37,391.07,181.15,388.49,66.63
422.30,66.51,425.67,179.47,391.70,180.49,388.33,67.53
421.77,67.20,425.74,178.60,392.23,179.80,388.26,68.40
424.90,73.12,422.62,184.57,389.10,183.88,391.38,72.43
428.31,74.34,419.10,185.43,385.69,182.66,394.90,71.57
415.37,72.24,425.55,181.70,392.63,184.76,382.45,75.30
417.60,77.73,423.41,187.52,390.40,189.27,384.59,79.48
415.87,82.34,425.07,191.89,392.13,194.66,382.93,85.11
410.75,81.50,429.81,189.77,397.25,195.50,378.19,87.23
414.65,87.10,426.23,196.42,393.35,199.90,381.77,90.58
418.81,88.04,422.24,197.93,389.19,198.96,385.76,89.07
408.42,86.27,431.89,193.67,399.58,200.73,376.11,93.33
413.18,86.84,427.60,195.82,394.82,200.16,380.40,91.18
419.66,93.28,421.40,203.20,388.34,203.72,386.60,93.80
418.16,92.87,422.87,202.71,389.84,204.13,385.13,94.29
417.86,92.80,423.17,202.61,390.14,204.20,384.83,94.39
408.90,91.96,421.93,201.12,389.10,205.04,376.07,95.88
405.92,96.52,424.66,204.85,392.08,210.48,373.34,102.15
405.05,96.42,425.44,204.45,392.95,210.58,372.56,102.55
413.27,97.90,417.77,207.75,384.73,209.10,380.23,99.25
416.02,98.68,415.05,208.61,381.98,208.32,382.95,98.39
410.89,97.35,420.06,206.90,387.11,209.65,377.94,100.10
414.63,99.94,406.34,209.56,373.37,207.06,381.66,97.44
416.97,98.98,414.08,208.88,381.03,208.02,383.92,98.12
409.36,102.04,421.50,211.31,388.64,214.96,376.50,105.69
413.26,101.85,427.53,210.86,394.74,215.15,380.47,106.14
407.75,101.22,432.47,208.34,400.25,215.78,375.53,108.66
417.64,107.74,423.38,217.53,390.36,219.26,384.62,109.47
420.68,103.58,420.38,213.51,387.32,213.42,387.62,103.49
417.64,107.74,423.38,217.53,390.36,219.26,384.62,109.47
422.44,107.69,428.57,217.46,395.56,219.31,389.43,109.54
422.33,108.67,428.68,218.42,395.67,220.33,389.32,110.58
421.74,109.53,429.24,219.21,396.26,221.47,388.76,111.79
415.26,109.62,425.43,218.32,392.74,221.38,382.57,112.68
414.59,109.49,426.06,218.06,393.41,221.51,381.94,112.94
414.31,109.44,426.32,217.95,393.69,221.56,381.68,113.05
413.82,109.35,426.78,217.75,394.18,221.65,381.22,113.25
416.20,114.82,424.53,223.67,391.80,226.18,383.47,117.33
416.33,114.85,424.41,223.72,391.67,226.15,383.59,117.28
410.46,114.66,420.24,223.39,387.54,226.34,377.76,117.61
413.23,120.31,417.58,229.39,384.77,230.69,380.42,121.61
412.65,120.16,418.14,229.19,385.35,230.84,379.86,121.81
416.95,126.40,413.87,235.53,381.05,234.60,384.13,125.47
417.71,127.66,413.09,236.73,380.29,235.34,384.91,126.27
419.43,132.86,411.55,242.51,378.57,240.14,386.45,130.49
410.73,131.59,410.34,241.53,377.27,241.41,377.66,131.47
411.44,136.81,409.62,246.74,376.56,246.19,378.38,136.26
411.54,136.85,409.52,246.76,376.46,246.15,378.48,136.24
410.50,141.52,410.56,251.46,377.50,251.48,377.44,141.54
410.56,141.54,410.50,251.48,377.44,251.46,377.50,141.52
410.61,141.56,410.45,251.49,377.39,251.44,377.55,141.51
409.87,143.03,401.09,252.61,368.13,249.97,376.91,140.39
407.09,142.02,403.96,251.92,370.91,250.98,374.04,141.08
408.89,142.66,402.11,252.38,369.11,250.34,375.89,140.62
416.55,146.15,393.79,253.70,361.45,246.85,384.21,139.30
402.60,142.20,398.44,252.06,365.40,250.80,369.56,140.94
405.89,143.44,395.02,252.83,362.11,249.56,372.98,140.17
417.95,154.34,369.77,253.15,340.05,238.66,388.23,139.85
406.92,148.99,372.74,254.29,341.08,244.01,375.26,138.71
406.35,148.12,373.71,254.70,341.65,244.88,374.29,138.30
408.99,149.99,370.47,254.60,339.01,243.01,377.53,138.40
423.31,158.76,362.86,252.42,334.69,234.24,395.14,140.58
399.04,136.59,396.24,247.26,362.96,246.41,365.76,135.74
385.01,134.40,399.98,244.09,366.99,248.60,352.02,138.91
384.39,134.31,400.55,243.83,367.61,248.69,351.45,139.17
392.50,134.85,402.66,245.09,369.50,248.15,359.34,137.91
383.61,128.36,410.90,236.44,378.39,244.64,351.10,136.56
389.50,129.89,395.96,241.17,362.50,243.11,356.04,131.83
392.65,130.73,392.87,242.20,359.35,242.27,359.13,130.80
386.87,124.32,398.48,235.19,365.13,238.68,353.52,127.81
409.03,138.58,374.88,244.69,342.97,234.42,377.12,128.31
409.45,138.87,374.37,244.68,342.55,234.13,377.63,128.32
414.96,139.23,378.75,244.66,347.04,233.77,383.25,128.34
415.04,139.29,378.65,244.66,346.96,233.71,383.35,128.34
416.22,140.16,377.18,244.58,345.78,232.84,384.82,128.42
422.40,141.08,380.69,244.46,349.60,231.92,391.31,128.54
416.27,145.11,386.34,246.89,355.73,237.89,385.66,136.11
412.47,146.06,388.98,244.00,359.53,236.94,383.02,139.00
391.79,140.45,400.16,240.04,370.21,242.55,361.84,142.96
393.01,139.79,408.68,238.50,378.99,243.21,363.32,144.50
398.40,145.81,403.62,245.62,373.60,247.19,368.38,147.38
398.04,145.73,403.97,245.49,373.96,247.27,368.03,147.51
398.02,145.72,403.98,245.49,373.98,247.28,368.02,147.51
398.80,145.45,407.15,245.04,377.20,247.55,368.85,147.96
398.97,150.48,406.99,250.10,377.03,252.52,369.01,152.90
399.31,150.56,406.66,250.23,376.69,252.44,369.34,152.77
400.47,151.24,405.32,250.30,375.53,251.76,370.68,152.70
394.36,150.11,411.04,247.87,381.64,252.89,364.96,155.13
395.92,150.33,409.62,248.55,380.08,252.67,366.38,154.45
416.54,155.38,398.81,252.95,369.46,247.62,387.19,150.05
430.03,160.81,393.73,253.10,365.97,242.19,402.27,149.90
441.65,167.04,389.77,251.56,364.35,235.96,416.23,151.44
442.65,163.20,388.30,246.15,363.35,229.80,417.70,146.85
440.69,160.99,391.15,246.91,365.31,232.01,414.85,146.09
447.37,162.86,393.72,246.27,368.63,230.14,422.28,146.73
449.08,161.32,396.81,247.40,370.92,231.68,423.19,145.60
448.48,154.91,410.02,249.65,381.52,238.09,419.98,143.35
455.73,166.99,400.06,252.75,374.27,236.01,429.94,150.25
447.97,163.98,399.03,253.75,372.03,239.02,420.97,149.25
449.73,165.84,396.53,253.16,370.27,237.16,423.47,149.84
449.85,165.97,396.36,253.12,370.15,237.03,423.64,149.88
446.79,164.24,396.19,253.98,369.21,238.76,419.81,149.02
441.18,154.16,403.68,250.11,374.82,238.84,412.32,142.89
452.86,160.38,399.68,248.61,373.14,232.62,426.32,144.39
450.76,158.20,402.63,249.28,375.24,234.80,423.37,143.72
448.60,161.18,405.54,254.77,377.40,241.82,420.46,148.23
454.57,164.01,404.51,254.05,377.43,238.99,427.49,148.95
463.97,169.15,403.00,252.19,378.03,233.85,439.00,150.81
457.16,165.72,403.24,253.50,376.84,237.28,430.76,149.50
450.67,164.12,400.37,254.01,373.33,238.88,423.63,148.99
453.60,163.72,398.14,255.96,370.40,239.28,425.86,147.04
458.77,163.91,402.90,255.90,375.23,239.09,431.10,147.10
454.18,164.37,397.30,255.74,369.82,238.63,426.70,147.26
440.07,156.07,404.48,257.64,373.93,246.93,409.52,145.36
445.93,156.70,408.41,257.58,378.07,246.30,415.59,145.42
445.95,156.72,408.38,257.58,378.05,246.28,415.62,145.42
446.16,156.88,408.12,257.56,377.84,246.12,415.88,145.44
437.01,151.18,418.89,257.27,386.99,251.82,405.11,145.73
434.71,150.54,421.16,256.54,389.29,252.46,402.84,146.46
429.25,148.44,426.89,255.27,394.75,254.56,397.11,147.73
435.22,150.77,420.61,256.63,388.78,252.23,403.39,146.37
445.23,156.68,409.01,257.21,378.77,246.32,414.99,145.79
427.60,143.35,428.31,249.44,396.40,249.65,395.69,143.56
434.16,143.83,431.74,249.90,399.84,249.17,402.26,143.10
446.44,148.38,422.65,251.77,391.56,244.62,415.35,141.23
450.17,155.71,418.26,256.89,387.83,247.29,419.74,146.11
447.43,153.96,421.51,256.84,390.57,249.04,416.49,146.16
451.72,156.80,416.37,256.83,386.28,246.20,421.63,146.17
452.75,154.15,426.14,256.85,395.25,248.85,421.86,146.15
456.25,156.46,421.95,256.86,391.75,246.54,426.05,146.14
456.56,156.69,421.56,256.84,391.44,246.31,426.44,146.16
453.68,154.73,425.05,256.88,394.32,248.27,422.95,146.12
454.93,156.24,421.34,256.87,391.07,246.76,424.66,146.13
456.54,157.42,419.34,256.77,389.46,245.58,426.66,146.23
458.67,159.12,416.63,256.53,387.33,243.88,429.37,146.47
463.68,159.13,421.61,256.52,392.32,243.87,434.39,146.48
461.22,157.18,424.74,256.80,394.78,245.82,431.26,146.20
460.11,161.36,426.12,261.86,395.89,251.64,429.88,151.14
469.15,164.53,426.00,261.45,396.85,248.47,440.00,151.55
468.89,169.31,426.34,266.49,397.11,253.69,439.66,156.51
476.90,173.77,426.36,264.42,399.10,249.23,449.64,158.58
482.40,174.30,430.65,264.26,403.60,248.70,455.35,158.74
480.83,172.70,432.85,264.73,405.17,250.30,453.15,158.27
480.19,172.09,433.72,264.89,405.81,250.91,452.28,158.11
479.10,171.09,435.18,265.12,406.90,251.91,450.82,157.88
486.30,173.16,437.20,264.60,409.70,249.84,458.80,158.40
485.22,172.11,438.69,264.88,410.78,250.89,457.31,158.12
484.53,171.48,439.60,265.03,411.47,251.52,456.40,157.97
479.71,162.56,445.79,260.64,416.29,250.44,450.21,152.36
492.83,169.76,440.05,259.12,413.17,243.24,465.95,153.88
487.93,160.07,446.72,255.32,418.07,242.93,459.28,147.68
488.27,160.36,446.28,255.27,417.73,242.64,459.72,147.73
490.73,158.17,442.67,249.29,415.27,234.83,463.33,143.71
477.54,152.51,447.63,249.48,418.46,240.49,448.37,143.52
475.18,153.66,441.63,249.43,412.82,239.34,446.37,143.57
470.43,154.32,445.22,246.26,417.57,238.68,442.78,146.74
467.95,157.87,448.09,251.11,420.05,245.13,439.91,151.89
479.12,170.10,434.79,256.23,408.88,242.90,453.21,156.77
474.04,170.02,429.90,256.25,403.96,242.98,448.10,156.75
472.98,167.96,431.91,257.39,405.02,245.04,446.09,155.61
460.75,164.95,446.54,262.32,417.25,258.05,431.46,160.68
477.11,172.21,438.06,262.53,410.89,250.79,449.94,160.47
483.33,183.44,429.43,265.77,404.67,249.56,458.57,167.23
481.82,176.97,443.43,267.58,416.18,256.03,454.57,165.42
475.30,175.76,440.37,267.75,412.70,257.24,447.63,165.25
473.69,174.07,442.64,268.26,414.31,258.93,445.36,164.74
472.56,173.31,444.01,268.28,415.44,259.69,443.99,164.72
482.65,187.04,430.77,271.56,405.35,255.96,457.23,171.44
483.39,187.89,429.69,271.26,404.61,255.11,458.31,171.74
483.11,182.55,442.03,272.81,414.89,260.45,455.97,170.19
488.77,183.13,446.17,272.68,419.23,259.87,461.83,170.32
487.99,182.43,447.20,272.83,420.01,260.57,460.80,170.17
476.68,177.74,450.05,273.27,421.32,265.26,447.95,169.73
470.82,177.21,446.06,273.24,417.18,265.79,441.94,169.76
482.27,181.62,431.31,266.70,405.73,251.38,456.69,166.30
481.07,185.93,432.70,271.62,406.93,257.07,455.30,171.38
498.77,208.73,414.53,259.60,399.23,234.27,483.47,183.40
498.22,201.77,416.07,255.94,399.78,231.23,481.93,177.06
498.11,201.40,416.37,256.19,399.89,231.60,481.63,176.81
498.56,207.94,415.14,260.15,399.44,235.06,482.86,182.85
498.52,207.80,415.25,260.24,399.48,235.20,482.75,182.76
499.56,212.35,411.87,257.02,398.44,230.65,486.13,185.98
504.36,211.33,417.60,257.76,403.64,231.67,490.40,185.24
504.92,214.64,415.31,255.31,403.08,228.36,492.69,187.69
504.64,212.81,416.55,256.68,403.36,230.19,491.45,186.32
502.37,204.18,423.21,262.63,405.63,238.82,484.79,180.37
502.00,203.18,424.07,263.26,406.00,239.82,483.93,179.74
495.32,199.27,422.63,265.59,402.68,243.73,475.37,177.41
497.73,210.21,417.34,266.97,400.27,242.79,480.66,186.03
495.84,205.39,421.57,269.95,402.16,247.61,476.43,183.05
493.02,211.11,411.60,266.38,394.98,241.89,476.40,186.62
489.90,202.53,418.93,271.81,398.10,250.47,469.07,181.19
490.96,204.68,416.87,270.61,397.04,248.32,471.13,182.39
479.44,193.52,423.46,276.31,398.56,259.48,454.54,176.69
482.64,191.43,431.11,277.07,405.36,261.57,456.89,175.93
478.65,187.48,436.62,278.16,409.35,265.52,451.38,174.84
489.18,193.21,433.84,276.43,408.82,259.79,464.16,176.57
489.54,188.65,433.31,271.27,408.46,254.35,464.69,171.73
489.71,183.45,445.20,272.94,418.29,259.55,462.80,170.06
488.24,187.11,435.24,271.84,409.76,255.89,462.76,171.16
484.71,188.85,428.05,271.19,403.29,254.15,459.95,171.81
483.50,182.40,429.86,266.73,404.50,250.60,458.14,166.27
481.52,186.26,420.21,265.18,396.48,246.74,457.79,167.82
479.49,176.27,428.33,262.12,402.51,246.73,453.67,160.88
476.99,179.21,419.62,261.05,395.01,243.79,452.38,161.95
471.51,168.27,427.47,257.98,400.49,244.73,444.53,155.02
471.26,173.30,415.74,256.40,390.74,239.70,446.26,156.60
464.49,171.27,413.33,257.12,387.51,241.73,438.67,155.88
440.34,158.44,427.70,258.36,397.66,254.56,410.30,154.64
461.35,171.74,398.26,250.24,374.65,231.26,437.74,152.76
470.25,178.42,396.32,246.81,375.75,224.58,449.68,156.19
471.64,176.51,393.46,240.00,374.36,216.49,452.54,153.00
473.86,178.14,387.95,230.70,372.14,204.86,458.05,152.30
474.84,177.71,384.61,222.43,371.16,195.29,461.39,150.57
476.39,165.91,399.00,230.36,379.61,207.09,457.00,142.64
472.40,151.08,419.67,237.78,393.60,221.92,446.33,135.22
468.12,146.82,425.60,238.97,397.88,226.18,440.40,134.03
461.24,136.67,434.18,234.47,404.76,226.33,431.82,128.53
464.34,135.52,441.39,234.38,411.66,227.48,434.61,128.62
457.21,134.37,438.80,234.17,408.79,228.63,427.20,128.83
457.52,134.53,438.46,234.20,408.48,228.47,427.54,128.80
463.68,138.30,431.23,234.46,402.32,224.70,434.77,128.54
474.33,142.93,428.97,233.71,401.67,220.07,447.03,129.29
465.83,131.41,439.66,229.46,410.17,221.59,436.34,123.54
459.39,130.55,436.34,229.38,406.61,222.45,429.66,123.62
454.07,127.88,442.25,228.67,411.93,225.12,423.75,124.33
454.29,127.98,442.00,228.71,411.71,225.02,424.00,124.29
451.32,128.92,434.79,229.05,404.68,224.08,421.21,123.95
464.50,133.89,430.23,229.41,401.50,219.11,435.77,123.59
459.92,125.87,435.71,224.42,406.08,217.13,430.29,118.58
453.97,125.03,441.14,221.82,412.03,217.97,424.86,121.18
459.65,128.04,434.75,222.45,406.35,214.96,431.25,120.55
455.71,125.86,439.23,222.10,410.29,217.14,426.77,120.90
459.61,125.33,445.45,221.93,416.39,217.67,430.55,121.07
456.76,124.96,448.02,220.66,419.24,218.04,427.98,122.34
458.77,128.48,444.40,218.84,417.23,214.52,431.60,124.16
458.74,128.47,444.44,218.83,417.26,214.53,431.56,124.17
458.06,128.59,444.94,218.35,417.94,214.41,431.06,124.65
465.73,129.94,446.97,218.70,420.27,213.06,439.03,124.30
458.36,128.73,444.61,218.40,417.64,214.27,431.39,124.60
458.39,133.75,444.58,223.41,417.61,219.25,431.42,129.59
459.71,134.40,443.11,223.59,416.29,218.60,432.89,129.41
461.67,135.47,440.89,223.78,414.33,217.53,435.11,129.22
463.31,136.46,438.97,223.86,412.69,216.54,437.03,129.14
466.39,135.32,446.20,223.76,419.61,217.68,439.80,129.24
467.02,140.21,445.73,229.19,418.98,222.79,440.27,133.81
464.56,138.88,448.53,228.95,421.44,224.12,437.47,134.05
463.34,141.01,439.20,229.25,412.66,221.99,436.80,133.75
468.78,141.29,443.67,229.26,417.22,221.71,442.33,133.74
474.49,145.59,436.54,228.83,411.51,217.41,449.46,134.17
463.98,140.32,440.88,229.63,414.02,222.68,437.12,133.37
465.09,146.01,439.57,234.66,412.91,226.99,438.43,138.34
466.62,145.80,447.58,232.92,421.38,227.20,440.42,140.08
467.37,151.23,446.72,237.98,420.63,231.77,441.28,145.02
467.32,156.20,446.78,242.98,420.68,236.80,441.22,150.02
468.52,156.92,445.38,243.04,419.48,236.08,442.62,149.96
467.78,161.46,446.25,248.01,420.22,241.54,441.75,154.99
465.33,163.10,438.22,248.06,412.67,239.90,439.78,154.94
464.42,167.49,439.32,253.06,413.58,245.51,438.68,159.94
466.16,168.68,437.21,253.03,411.84,244.32,440.79,159.97
459.63,167.63,434.06,253.06,408.37,245.37,433.94,159.94
460.67,173.34,432.80,258.05,407.33,249.66,435.20,164.95
438.44,170.54,450.14,258.94,423.56,262.46,411.86,174.06
463.61,179.01,433.65,263.00,408.39,253.99,438.35,170.00
457.76,175.34,440.55,262.84,414.24,257.66,431.45,170.16
466.65,186.99,429.47,267.20,405.35,256.01,442.53,175.80
464.81,185.43,431.87,267.48,407.19,257.57,440.13,175.52
466.24,186.62,430.02,267.27,405.76,256.38,441.98,175.73
460.80,186.25,425.59,267.34,401.20,256.75,436.41,175.66
460.81,186.26,425.58,267.34,401.19,256.74,436.42,175.66
455.83,189.67,425.10,272.57,400.17,263.33,430.90,180.43
458.85,188.26,432.53,272.66,407.15,264.74,433.47,180.34
460.38,188.34,431.21,273.43,405.62,264.66,434.79,179.57
454.36,184.67,438.26,273.17,411.64,268.33,427.74,179.83
456.95,186.10,435.30,273.41,409.05,266.90,430.70,179.59
458.63,187.15,433.33,273.46,407.37,265.85,432.67,179.54
457.59,186.49,434.56,273.44,408.41,266.51,431.44,179.56
466.84,189.43,434.39,273.33,409.16,263.57,441.61,179.67
465.50,188.43,436.06,273.42,410.50,264.57,439.94,179.58
452.20,185.05,436.18,272.77,409.80,267.95,425.82,180.23
455.38,184.64,441.09,272.66,414.62,268.36,428.91,180.34
442.84,180.60,453.77,269.11,427.16,272.40,416.23,183.89
443.05,180.64,453.58,269.19,426.95,272.36,416.42,183.81
445.52,181.14,451.25,270.14,424.48,271.86,418.75,182.86
442.46,180.54,454.13,268.95,427.54,272.46,415.87,184.05
445.39,181.11,451.37,270.09,424.61,271.89,418.63,182.91
463.97,193.20,423.70,271.91,400.03,259.80,440.30,181.09
469.02,193.25,428.64,271.90,404.98,259.75,445.36,181.10
468.27,187.54,429.65,267.07,405.73,255.46,444.35,175.93
469.72,194.20,415.59,265.08,394.28,248.80,448.41,177.92
470.97,189.66,426.23,266.80,403.03,253.34,447.77,176.20
462.01,182.23,437.80,268.06,411.99,260.77,436.20,174.94
455.00,178.56,445.67,267.25,419.00,264.44,428.33,175.75
457.69,179.78,442.76,267.71,416.31,263.22,431.24,175.29
471.62,185.58,437.11,267.80,412.38,257.42,446.89,175.20
479.93,188.58,437.69,267.12,414.07,254.42,456.31,175.88
487.40,191.25,439.16,266.26,416.60,251.75,464.84,176.74
483.50,192.59,432.51,265.75,410.50,250.41,461.49,177.25
487.13,200.36,425.19,261.27,406.87,242.64,468.81,181.73
486.68,195.51,433.74,263.41,413.32,247.49,466.26,179.59
484.03,192.13,437.82,264.77,415.97,250.87,462.18,178.23
485.19,191.00,437.47,266.35,414.81,252.00,462.53,176.65
483.84,195.81,426.78,264.35,406.16,247.19,463.22,178.65
484.14,196.28,426.26,264.12,405.86,246.72,463.74,178.88
483.94,195.97,426.60,264.27,406.06,247.03,463.40,178.73
480.01,198.48,419.32,262.77,399.99,244.52,460.68,180.23
479.48,190.80,433.18,266.12,410.52,252.20,456.82,176.88
478.66,197.78,420.83,262.61,401.34,245.22,459.17,180.39
479.84,192.46,431.95,264.94,410.16,250.54,458.05,178.06
480.97,193.86,430.25,264.39,409.03,249.14,459.75,178.61
480.81,193.66,430.49,264.48,409.19,249.34,459.51,178.52
482.64,196.18,427.57,263.38,407.36,246.82,462.43,179.62
474.67,192.25,427.22,265.02,405.33,250.75,452.78,177.98
475.14,192.81,426.52,264.81,404.86,250.19,453.48,178.19
463.38,186.12,430.85,266.67,406.62,256.88,439.15,176.33
463.34,186.09,430.89,266.67,406.66,256.91,439.11,176.33
458.97,182.99,436.24,266.84,411.03,260.01,433.76,176.16
463.88,182.94,441.36,266.84,416.12,260.06,438.64,176.16
457.85,182.32,437.55,266.79,412.15,260.68,432.45,176.21
454.80,185.69,441.00,271.46,415.20,267.31,429.00,181.54
426.30,186.16,448.92,270.04,423.70,276.84,401.08,192.96
414.79,186.44,449.20,266.21,425.21,276.56,390.80,196.79
420.72,184.36,442.65,262.05,419.28,268.64,397.35,190.95
423.51,185.18,449.03,260.14,426.49,267.82,400.97,192.86
407.22,194.18,460.42,252.82,442.78,268.82,389.58,210.18
398.57,199.71,464.58,243.44,451.43,263.29,385.42,219.56
398.74,204.56,464.52,248.66,451.26,268.44,385.48,224.34
397.50,204.77,463.61,248.35,450.50,268.23,384.39,224.65
403.77,200.44,460.76,255.42,444.23,272.56,387.24,217.58
392.76,214.41,465.00,246.86,455.24,268.59,383.00,236.14
384.89,230.79,465.29,238.03,463.11,262.21,382.71,254.97
384.66,239.30,465.38,239.42,465.34,263.70,384.62,263.58
384.93,245.38,466.39,243.12,467.07,267.62,385.61,269.88
384.17,248.70,465.19,239.94,467.83,264.30,386.81,273.06
384.41,242.54,465.64,236.03,467.59,260.46,386.36,266.97
378.29,253.44,457.39,225.77,465.71,249.56,386.61,277.23
376.69,262.87,456.28,226.19,467.31,250.13,387.72,286.81
378.94,277.00,449.36,224.82,465.06,246.00,394.64,298.18
392.12,297.78,423.24,215.86,447.88,225.22,416.76,307.14
377.71,288.70,443.03,224.65,462.29,244.30,396.97,308.35
376.82,295.82,437.10,229.05,457.18,247.18,396.90,313.95
380.62,311.63,427.97,227.13,453.38,241.37,406.03,325.87
370.57,302.79,442.15,238.68,461.43,260.21,389.85,324.32
366.51,289.53,457.44,256.12,467.49,283.47,376.56,316.88
370.71,296.35,463.02,248.89,477.29,276.65,384.98,324.11
382.56,314.42,452.33,237.59,475.44,258.58,405.67,335.41
382.61,303.69,467.38,243.81,485.39,269.31,400.62,329.19
381.70,295.69,469.79,240.81,486.30,267.31,398.21,322.19
386.67,298.88,471.23,238.69,489.33,264.12,404.77,324.31
384.96,287.62,476.10,237.97,491.04,265.38,399.90,315.03
386.36,297.93,472.01,239.31,489.64,265.07,403.99,323.69
383.84,284.79,484.12,258.05,492.16,288.21,391.88,314.95
383.95,282.61,485.23,259.93,492.05,290.39,390.77,313.07
384.52,277.79,487.42,264.27,491.48,295.21,388.58,308.73
390.08,266.20,491.93,286.17,485.92,316.80,384.07,296.83
386.90,278.46,490.57,283.36,489.10,314.54,385.43,309.64
388.18,276.24,490.74,285.92,487.82,316.76,385.26,307.08
388.12,271.38,490.71,280.77,487.88,311.62,385.29,302.23
381.23,276.90,484.23,275.12,484.77,306.10,381.77,307.88
386.02,277.68,488.98,274.35,489.98,305.32,387.02,308.65
385.66,280.96,487.47,271.42,490.34,302.04,388.53,311.58
390.20,260.96,485.55,293.37,475.80,322.04,380.45,289.63
387.77,265.48,485.08,288.25,478.23,317.52,380.92,294.75
387.16,278.07,487.81,274.66,488.84,304.93,388.19,308.34
385.48,284.01,483.18,259.60,490.52,288.99,392.82,313.40
382.95,270.36,483.65,272.35,483.05,302.64,382.35,300.65
380.49,263.96,480.06,279.09,475.51,309.04,375.94,293.91
376.73,269.81,477.21,262.97,479.27,293.19,378.79,300.03
373.44,262.76,474.68,269.80,472.56,300.24,371.32,293.20
364.65,279.56,463.57,253.69,471.35,283.44,372.43,309.31
358.20,276.96,461.22,255.06,467.80,286.04,364.78,307.94
366.28,319.54,433.19,231.34,459.72,251.46,392.81,339.66
363.97,318.33,435.78,231.07,462.03,252.67,390.22,339.93
362.86,315.83,438.09,232.54,463.14,255.17,387.91,338.46
358.21,311.31,447.22,242.92,467.79,269.69,378.78,338.08
356.14,306.26,451.74,245.99,469.86,274.74,374.26,335.01
350.64,304.32,448.22,247.33,465.36,276.68,367.78,333.67
356.25,299.32,459.14,250.74,473.75,281.68,370.86,330.26
355.81,290.59,461.56,248.61,474.19,280.41,368.44,322.39
362.13,298.93,460.86,242.37,477.87,272.07,379.14,328.63
365.90,291.50,470.99,247.89,484.10,279.50,379.01,323.11
370.07,305.15,457.22,229.63,479.93,255.85,392.78,331.37
365.91,287.05,467.91,233.27,484.09,263.95,382.09,317.73
367.43,301.11,459.82,232.11,480.57,259.89,388.18,328.89
366.93,310.72,445.76,226.56,471.07,250.28,392.24,334.44
374.60,321.17,433.60,222.09,463.40,239.83,404.40,338.91
364.23,318.49,434.56,221.35,463.77,242.51,393.44,339.65
351.38,285.09,466.46,251.30,476.62,285.91,361.54,319.70
351.51,289.56,463.88,247.64,476.49,281.44,364.12,323.36
346.70,291.85,457.46,245.84,471.30,279.15,360.54,325.16
346.53,289.82,458.72,247.44,471.47,281.18,359.28,323.56
346.73,290.18,455.60,238.07,471.27,270.82,362.40,322.93
346.45,293.17,456.94,244.60,471.55,277.83,361.06,326.40
351.34,292.19,462.58,245.35,476.66,278.81,365.42,325.65
356.55,293.97,466.42,243.99,481.45,277.03,371.58,327.01
351.60,296.83,459.80,241.63,476.40,274.17,368.20,329.37
360.66,246.19,477.42,279.70,467.34,314.81,350.58,281.30
359.42,247.42,477.77,277.98,468.58,313.58,350.23,283.02
357.42,250.97,477.48,273.92,470.58,310.03,350.52,287.08
360.78,245.27,477.82,280.53,467.22,315.73,350.18,280.47
359.67,252.00,477.79,283.47,468.33,319.00,350.21,287.53
360.82,255.21,477.82,290.60,467.18,325.79,350.18,290.40
364.57,257.17,482.78,288.28,473.43,323.83,355.22,292.72
363.34,264.27,482.65,290.85,474.66,326.73,355.35,300.15
364.76,263.42,481.94,292.34,473.24,327.58,356.06,298.66
354.39,298.91,473.77,266.19,483.61,302.09,364.23,334.81
357.94,291.76,483.92,271.35,490.06,309.24,364.08,329.65
356.70,297.02,484.82,275.45,491.30,313.98,363.18,335.55
360.18,321.46,477.60,254.23,497.82,289.54,380.40,356.77
363.72,323.93,482.45,251.36,504.28,287.07,385.55,359.64
360.78,293.14,501.90,275.42,507.22,317.86,366.10,335.58
367.12,278.24,507.59,300.52,500.88,342.76,360.41,320.48
367.31,282.60,510.51,295.33,506.69,338.40,363.49,325.67
365.24,280.45,508.84,287.36,506.76,330.55,363.16,323.64
365.51,279.78,508.07,298.35,502.49,341.22,359.93,322.65
370.16,269.03,505.53,301.26,495.84,341.97,360.47,309.74
379.86,259.30,511.98,311.97,496.14,351.70,364.02,299.03
378.68,266.04,518.42,302.94,507.32,344.96,367.58,308.06
380.67,261.55,519.23,307.78,505.33,349.45,366.77,303.22
381.43,259.82,519.56,309.64,504.57,351.18,366.44,301.36
385.11,249.42,520.38,320.89,498.89,361.58,363.62,290.11
383.34,252.73,529.21,314.39,510.66,358.27,364.79,296.61
402.22,230.51,522.96,334.18,491.78,370.49,371.04,266.82
412.88,220.79,519.43,348.16,481.12,380.21,374.57,252.84
412.73,225.91,525.90,341.05,491.27,375.09,378.10,259.95
443.42,217.31,514.21,362.40,470.58,383.69,399.79,238.60
459.69,211.25,501.23,367.26,454.31,379.75,412.77,223.74
467.30,212.61,484.97,373.08,436.70,378.39,419.03,217.92
466.93,217.54,485.31,377.93,437.07,383.46,418.69,223.07
465.35,217.27,486.77,377.29,438.65,383.73,417.23,223.71
473.62,215.41,490.07,380.65,440.38,385.59,423.93,220.35
465.60,214.87,487.89,379.43,438.40,386.13,416.11,221.57
465.70,214.89,487.80,379.47,438.30,386.11,416.20,221.53
480.97,216.23,474.32,386.77,423.03,384.77,429.68,214.23
519.18,235.56,440.96,388.97,394.82,365.44,473.04,212.03
514.98,227.85,457.89,390.32,409.02,373.15,466.11,210.68
521.29,227.90,449.84,384.59,402.71,363.10,474.16,206.41
516.10,227.74,445.08,384.62,397.90,363.26,468.92,206.38
519.74,226.58,451.86,384.84,404.26,364.42,472.14,206.16
521.37,223.89,461.15,385.22,412.63,367.11,472.85,205.78
529.50,225.86,450.53,378.89,404.50,355.14,483.47,202.11
536.05,227.91,441.17,371.62,397.95,343.09,492.83,199.38
531.89,215.40,448.79,370.60,402.11,345.60,485.21,190.40
539.57,224.08,437.59,367.59,394.43,336.92,496.41,193.41
556.45,254.33,404.07,342.50,377.55,296.67,529.93,208.50
558.53,272.06,395.31,338.03,375.47,288.94,538.69,222.97
541.29,327.00,370.21,285.45,382.71,234.00,553.79,275.55
540.99,335.04,375.20,275.82,393.01,225.96,558.80,285.18
546.62,334.18,380.15,276.89,397.38,226.82,563.85,284.11
542.90,339.01,380.59,270.81,401.10,221.99,563.41,290.19
546.30,329.62,380.17,271.35,397.70,221.38,563.83,279.65
547.69,322.66,380.10,268.74,396.31,218.34,563.90,272.26
535.85,331.41,375.98,257.67,398.15,209.59,558.02,283.33
548.82,320.98,380.08,270.76,395.18,220.02,563.92,270.24
554.55,305.94,380.84,277.30,389.45,225.06,563.16,253.70
556.84,295.89,381.72,277.78,387.16,225.11,562.28,243.22
559.01,285.15,383.07,278.77,384.99,225.85,560.93,232.23
556.98,290.54,381.79,273.15,387.02,220.46,562.21,237.85
556.73,286.14,381.67,267.51,387.27,214.86,562.33,233.49
559.48,278.71,383.47,275.23,384.52,222.29,560.53,225.77
556.58,286.50,381.60,267.13,387.42,214.50,562.40,233.87
558.31,277.12,382.56,266.73,385.69,213.88,561.44,224.27
556.23,282.31,381.44,261.25,387.77,208.69,562.56,229.75
555.98,282.88,381.33,260.64,388.02,208.12,562.67,230.36
564.16,274.71,388.19,269.21,389.84,216.29,565.81,221.79
566.82,280.94,391.71,262.73,397.18,210.06,572.29,228.27
566.35,282.02,391.49,261.57,397.65,208.98,572.51,229.43
567.73,273.65,392.20,260.14,396.27,207.35,571.80,220.86
562.31,274.73,386.96,259.01,391.69,206.27,567.04,221.99
562.77,273.56,387.22,260.24,391.23,207.44,566.78,220.76
567.57,274.08,392.11,259.69,396.43,206.92,571.89,221.31
553.81,302.88,390.45,237.25,410.19,188.12,573.55,253.75
558.99,302.66,395.43,237.53,415.01,188.34,578.58,253.47
548.78,306.90,392.43,231.12,415.22,184.10,571.57,259.88
557.22,302.94,396.75,236.32,416.78,188.06,577.25,254.68
547.76,307.99,392.68,229.65,416.24,183.01,571.32,261.35
562.50,295.79,396.28,245.20,411.50,195.21,577.72,245.80
558.41,296.45,396.58,233.23,415.59,184.55,577.42,247.77
563.18,294.76,396.29,246.43,410.82,196.24,577.71,244.57
562.92,290.16,396.28,240.96,411.08,190.84,577.72,240.04
560.52,299.33,395.99,241.16,413.48,191.67,578.01,249.84
560.57,299.26,395.98,241.24,413.43,191.74,578.02,249.76
565.16,293.11,395.54,248.91,408.84,197.89,578.46,242.09
564.09,294.83,395.49,246.88,409.91,196.17,578.51,244.12
571.27,276.19,397.02,257.21,402.73,204.81,576.98,223.79
570.61,277.73,396.73,255.57,403.39,203.27,577.27,225.43
570.28,278.46,396.60,254.77,403.72,202.54,577.40,226.23
571.51,280.63,397.13,262.81,402.49,210.37,576.87,228.19
568.43,292.27,396.04,260.57,405.57,208.73,577.96,240.43
573.18,281.31,398.12,272.33,400.82,219.69,575.88,228.67
573.15,281.39,398.10,272.25,400.85,219.61,575.90,228.75
575.63,264.83,402.41,278.26,398.37,226.17,571.59,212.74
574.48,274.51,400.79,278.73,399.52,226.49,573.21,222.27
570.60,290.71,397.84,272.25,403.40,220.29,576.16,238.75
578.25,283.63,404.55,279.61,405.75,227.37,579.45,231.39
578.86,281.67,405.11,281.58,405.14,229.33,578.89,229.42
580.90,273.55,407.89,289.49,403.10,237.45,576.11,221.51
582.12,260.90,411.09,291.53,401.88,240.10,572.91,209.47
577.63,254.39,409.26,297.25,396.37,246.61,564.74,203.75
577.21,265.06,406.48,297.29,396.79,245.94,567.52,213.71
582.64,259.19,414.36,302.42,401.36,251.81,569.64,208.58
582.43,262.73,412.59,299.35,401.57,248.27,571.41,211.65
577.50,249.25,414.96,310.64,396.50,261.75,559.04,200.36
582.71,256.47,415.80,304.73,401.29,254.53,568.20,206.27
582.67,263.39,414.78,308.10,401.33,257.61,569.22,212.90
582.71,261.31,415.89,309.87,401.29,259.69,568.11,211.13
582.71,261.18,415.96,309.98,401.29,259.82,568.04,211.02
582.63,251.54,418.59,308.80,401.37,259.46,565.41,202.20
2
0
0
0
0
1
398.20,158.84,398.89,295.18,341.68,295.47,340.98,159.13
394.06,159.20,393.03,295.54,335.82,295.11,336.84,158.77
393.10,158.80,393.99,295.14,336.77,295.51,335.89,159.17
390.84,157.91,396.21,294.15,339.04,296.40,333.66,160.17
393.73,159.06,393.36,295.40,336.15,295.25,336.51,158.91
395.13,159.67,391.94,295.98,334.74,294.64,337.93,158.34
386.71,159.92,403.93,295.17,347.17,302.40,329.95,167.15
382.57,160.16,398.15,295.61,341.31,302.15,325.73,166.70
391.37,164.72,383.63,300.84,326.51,297.59,334.24,161.47
381.35,165.70,393.52,301.50,336.53,306.61,324.36,170.81
381.64,167.62,383.44,303.94,326.23,304.70,324.43,168.37
373.77,163.48,393.61,300.51,336.11,308.83,316.26,171.81
379.93,167.33,378.05,305.77,319.95,304.98,321.83,166.54
385.42,169.99,372.30,307.83,314.46,302.32,327.57,164.49
385.60,170.09,372.10,307.89,314.27,302.22,327.77,164.43
384.89,169.72,372.86,307.65,314.98,302.60,327.01,164.67
369.82,168.76,387.68,306.06,330.06,313.55,312.20,176.26
366.55,169.26,381.10,306.95,323.32,313.05,308.77,175.37
367.50,174.55,380.23,312.42,322.38,317.76,309.64,179.90
353.31,166.55,392.31,299.40,336.56,315.77,297.56,182.92
349.83,166.50,389.69,299.09,334.04,315.82,294.19,183.22
346.37,166.13,404.28,291.89,351.50,316.19,293.59,190.43
348.12,166.09,403.09,293.16,349.76,316.23,294.79,189.15
331.61,168.65,404.32,283.15,356.27,313.66,283.56,199.17
328.40,168.37,398.26,284.63,349.47,313.95,279.61,197.68
325.64,168.82,399.87,282.34,352.23,313.49,278.00,199.97
326.00,173.76,399.67,287.64,351.87,318.56,278.21,204.67
318.83,174.18,395.89,285.80,349.04,318.14,271.99,206.51
325.36,172.70,383.87,295.07,332.51,319.62,274.01,197.25
322.48,172.62,377.44,296.63,325.40,319.69,270.44,195.69
329.16,173.32,363.75,304.48,308.71,318.99,274.12,187.84
322.24,173.08,360.27,303.28,305.63,319.24,267.61,189.04
337.89,178.55,336.90,314.18,279.98,313.77,280.97,178.13
337.90,178.55,336.89,314.19,279.97,313.76,280.98,178.13
340.82,182.53,323.51,317.05,267.05,309.79,284.37,175.26
340.13,182.13,324.28,316.84,267.75,310.19,283.59,175.48
316.33,172.98,355.98,302.69,301.54,319.33,261.90,189.62
311.15,172.96,351.12,302.58,296.72,319.35,256.76,189.74
303.23,172.61,356.92,297.17,304.64,319.70,250.96,195.14
295.38,174.87,370.02,288.12,322.49,319.45,247.85,206.19
284.50,176.17,376.71,279.45,333.37,318.15,241.16,214.87
277.85,176.76,372.45,277.85,330.03,317.55,235.42,216.46
282.12,173.99,362.93,286.41,315.75,320.33,234.94,207.90
274.65,174.60,359.23,284.22,313.23,319.71,228.65,210.10
272.50,180.21,360.30,287.26,315.37,324.11,227.58,217.05
280.30,177.58,348.21,298.23,297.58,326.73,229.66,206.08
281.86,177.11,338.95,303.24,286.02,327.20,228.92,201.07
296.58,183.15,327.90,318.02,271.30,331.16,239.98,196.30
281.08,182.11,330.99,311.26,276.79,332.20,226.88,203.06
284.39,182.28,328.55,313.50,273.48,332.04,229.32,200.81
284.44,182.82,319.63,316.73,263.43,331.49,228.25,197.59
276.76,184.03,315.65,313.97,261.11,330.29,222.23,200.35
277.12,184.80,306.34,317.25,250.76,329.52,221.53,197.07
283.92,187.98,290.80,323.45,233.95,326.33,227.07,190.87
276.32,186.09,297.48,319.35,241.56,328.23,220.39,194.97
278.18,188.12,286.23,322.81,229.70,326.19,221.65,191.50
279.64,188.66,284.82,323.49,228.23,325.66,223.06,190.83
275.36,188.93,279.12,323.81,222.52,325.39,218.75,190.51
