1
181.783340,21.955557,52.000000,39.000000
181.783340,23.977777,52.000000,39.000000
181.783340,25.241667,52.000000,39.000000
181.277771,26.758333,52.000000,39.000000
181.277771,28.275000,52.000000,39.000000
181.277771,29.286112,52.000000,39.000000
179.761108,30.802778,52.000000,39.000000
179.002777,32.319443,52.000000,39.000000
179.508331,33.836109,52.000000,39.000000
179.508331,35.352779,52.000000,39.000000
178.244446,37.122223,52.000000,39.000000
178.244446,38.386112,52.000000,39.000000
178.244446,39.902779,52.000000,39.000000
178.244446,41.166668,52.000000,39.000000
177.991669,42.683334,52.000000,39.000000
177.991669,44.200001,52.000000,39.000000
177.991669,44.958332,52.000000,39.000000
177.991669,46.474998,52.000000,39.000000
177.991669,47.738888,52.000000,39.000000
177.991669,48.750000,52.000000,39.000000
177.991669,49.255554,52.000000,39.000000
177.738892,50.772221,52.000000,39.000000
177.233337,52.036110,52.000000,39.000000
177.991669,53.552776,52.000000,39.000000
176.980560,55.069443,52.000000,39.000000
176.475006,55.827778,52.000000,39.000000
176.980560,57.091667,52.000000,39.000000
176.980560,58.102779,52.000000,39.000000
176.475006,58.608334,52.000000,39.000000
176.475006,59.872223,52.000000,39.000000
176.475006,59.872223,52.000000,39.000000
176.475006,59.872223,52.000000,39.000000
176.475006,59.366669,52.000000,39.000000
175.969437,59.113888,52.000000,39.000000
174.958328,59.113888,52.000000,39.000000
175.716660,59.113888,52.000000,39.000000
176.475006,59.113888,52.000000,39.000000
177.233337,59.113888,52.000000,39.000000
178.244446,58.355556,52.000000,39.000000
178.244446,58.102779,52.000000,39.000000
178.750000,58.102779,52.000000,39.000000
178.750000,58.102779,52.000000,39.000000
179.255554,58.102779,52.000000,39.000000
180.266663,58.102779,52.000000,39.000000
180.266663,58.102779,52.000000,39.000000
181.783340,58.102779,52.000000,39.000000
181.783340,58.355556,52.000000,39.000000
182.288895,58.608334,52.000000,39.000000
183.300003,58.608334,52.000000,39.000000
184.058334,58.355556,52.000000,39.000000
184.816666,57.849998,52.000000,39.000000
186.333328,58.102779,52.000000,39.000000
187.344437,57.344444,52.000000,39.000000
188.861115,56.333332,52.000000,39.000000
190.125000,55.575001,52.000000,39.000000
191.641663,54.816666,52.000000,39.000000
193.158340,53.805557,52.000000,39.000000
194.675003,53.047222,52.000000,39.000000
194.927780,51.783333,52.000000,39.000000
196.697220,50.266666,52.000000,39.000000
197.961105,49.761112,52.000000,39.000000
198.719437,49.761112,52.000000,39.000000
199.730560,48.497223,52.000000,39.000000
199.730560,48.244446,52.000000,39.000000
199.983337,48.497223,52.000000,39.000000
199.730560,47.991669,52.000000,39.000000
199.730560,48.244446,52.000000,39.000000
199.730560,48.244446,52.000000,39.000000
200.488892,47.991669,52.000000,39.000000
200.488892,47.991669,52.000000,39.000000
201.500000,47.991669,52.000000,39.000000
201.500000,48.497223,52.000000,39.000000
202.763885,48.497223,52.000000,39.000000
204.280563,47.991669,52.000000,39.000000
203.774994,47.991669,52.000000,39.000000
204.533340,47.738888,52.000000,39.000000
205.291672,48.244446,52.000000,39.000000
206.302780,47.738888,52.000000,39.000000
206.808334,48.497223,52.000000,39.000000
208.324997,47.486111,52.000000,39.000000
208.577774,47.991669,52.000000,39.000000
210.094437,47.991669,52.000000,39.000000
211.611115,46.727779,52.000000,39.000000
212.622223,46.727779,52.000000,39.000000
214.138885,46.727779,52.000000,39.000000
215.655563,46.222221,52.000000,39.000000
216.666672,46.222221,52.000000,39.000000
217.677780,46.222221,52.000000,39.000000
217.677780,46.727779,52.000000,39.000000
218.436111,47.233334,52.000000,39.000000
218.941666,47.233334,52.000000,39.000000
221.216660,48.244446,52.000000,39.000000
222.733337,47.486111,52.000000,39.000000
221.469437,46.474998,52.000000,39.000000
221.975006,45.716667,52.000000,39.000000
221.975006,44.452778,52.000000,39.000000
220.711105,42.683334,52.000000,39.000000
220.205551,40.408333,52.000000,39.000000
219.194443,38.133331,52.000000,39.000000
218.183334,36.869446,52.000000,39.000000
217.930557,35.099998,52.000000,39.000000
217.425003,32.825001,52.000000,39.000000
215.402771,31.813889,52.000000,39.000000
213.633331,30.044443,52.000000,39.000000
210.852783,27.516666,52.000000,39.000000
211.611115,27.011110,52.000000,39.000000
205.797226,27.769444,52.000000,39.000000
204.786118,27.516666,52.000000,39.000000
200.994446,26.000000,52.000000,39.000000
188.355560,24.988890,52.000000,39.000000
185.069443,23.977777,52.000000,39.000000
184.816666,21.197222,52.000000,39.000000
184.311111,20.186111,52.000000,39.000000
188.355560,19.427778,52.000000,39.000000
186.586105,17.405556,52.000000,39.000000
188.102783,16.900000,52.000000,39.000000
188.355560,13.108333,52.000000,39.000000
186.838882,11.591667,52.000000,39.000000
189.113892,10.075000,52.000000,39.000000
187.850006,8.558333,52.000000,39.000000
187.344437,6.283333,52.000000,39.000000
188.608337,4.766667,52.000000,39.000000
188.608337,2.997222,52.000000,39.000000
191.641663,2.997222,52.000000,39.000000
191.894440,1.227778,52.000000,39.000000
194.675003,1.480556,52.000000,39.000000
196.191666,1.733333,52.000000,39.000000
197.455551,2.238889,52.000000,39.000000
199.730560,3.755556,52.000000,39.000000
202.005554,5.272222,52.000000,39.000000
222.480560,6.283333,52.000000,39.000000
223.491669,5.272222,52.000000,39.000000
228.800003,4.766667,52.000000,39.000000
234.866669,5.272222,52.000000,39.000000
236.383331,5.272222,52.000000,39.000000
235.877777,7.294444,52.000000,39.000000
237.394440,9.316667,52.000000,39.000000
238.911118,9.569444,52.000000,39.000000
239.922226,9.316667,52.000000,39.000000
242.449997,9.569444,52.000000,39.000000
243.208328,9.316667,52.000000,39.000000
244.725006,9.063889,52.000000,39.000000
245.988892,9.063889,52.000000,39.000000
247.252777,9.063889,52.000000,39.000000
247.758331,7.547222,52.000000,39.000000
248.769440,7.294444,52.000000,39.000000
249.274994,6.536111,52.000000,39.000000
2
0
0
0
0
1
239.675003,68.889168,22.559999,72.139999
239.411942,66.521667,22.559999,72.139999
238.622772,63.891109,22.559999,72.139999
237.833618,63.101944,22.559999,72.139999
237.307495,63.101944,22.559999,72.139999
236.781387,63.365002,22.559999,72.139999
237.833618,64.154167,22.559999,72.139999
238.885834,65.206390,22.559999,72.139999
239.148895,66.521667,22.559999,72.139999
238.885834,67.047775,22.559999,72.139999
238.359726,69.415276,22.559999,72.139999
236.781387,69.415276,22.559999,72.139999
235.203049,69.415276,22.559999,72.139999
233.624725,70.467499,22.559999,72.139999
232.046387,71.519722,22.559999,72.139999
230.468063,70.993614,22.559999,72.139999
228.889725,71.256668,22.559999,72.139999
227.311386,71.256668,22.559999,72.139999
225.733063,71.256668,22.559999,72.139999
224.154724,72.571945,22.559999,72.139999
222.576385,72.834999,22.559999,72.139999
220.998062,72.834999,22.559999,72.139999
219.419724,73.887222,22.559999,72.139999
219.419724,73.887222,22.559999,72.139999
217.841385,74.150276,22.559999,72.139999
2
0
0
0
0
1
206.825302,161.100555,43.509998,52.959999
206.289368,163.780273,43.509998,52.959999
205.753418,164.852173,43.509998,52.959999
204.413559,166.460007,43.509998,52.959999
204.949493,168.067841,43.509998,52.959999
205.485443,171.819443,43.509998,52.959999
207.629227,172.087418,43.509998,52.959999
207.629227,172.087418,43.509998,52.959999
208.165161,173.427277,43.509998,52.959999
208.165161,173.159302,43.509998,52.959999
207.361252,173.159302,43.509998,52.959999
206.021393,173.427277,43.509998,52.959999
205.753418,173.427277,43.509998,52.959999
204.413559,173.427277,43.509998,52.959999
204.145584,172.355392,43.509998,52.959999
202.269775,172.623367,43.509998,52.959999
201.465866,172.355392,43.509998,52.959999
199.590057,172.087418,43.509998,52.959999
197.178299,172.623367,43.509998,52.959999
194.498581,174.231201,43.509998,52.959999
192.086838,175.571060,43.509998,52.959999
189.675079,177.178894,43.509998,52.959999
186.459412,178.786728,43.509998,52.959999
184.047668,179.590637,43.509998,52.959999
180.832001,182.002396,43.509998,52.959999
179.224167,183.878189,43.509998,52.959999
177.616333,185.218063,43.509998,52.959999
174.668640,186.557922,43.509998,52.959999
172.792831,187.361832,43.509998,52.959999
171.452972,188.969666,43.509998,52.959999
169.041229,190.845474,43.509998,52.959999
167.701355,192.453308,43.509998,52.959999
165.557587,193.525192,43.509998,52.959999
163.413803,194.597076,43.509998,52.959999
159.930161,195.401001,43.509998,52.959999
158.054367,195.668976,43.509998,52.959999
156.714493,195.668976,43.509998,52.959999
155.374634,195.401001,43.509998,52.959999
155.642609,195.401001,43.509998,52.959999
155.106674,196.472885,43.509998,52.959999
154.302750,196.740860,43.509998,52.959999
154.302750,197.276810,43.509998,52.959999
153.766800,199.152618,43.509998,52.959999
152.158966,200.492477,43.509998,52.959999
149.747223,202.100311,43.509998,52.959999
147.067505,203.708145,43.509998,52.959999
143.851837,206.119888,43.509998,52.959999
140.636169,208.263672,43.509998,52.959999
137.420502,208.531631,43.509998,52.959999
134.740784,208.531631,43.509998,52.959999
132.061050,210.139465,43.509998,52.959999
129.649307,209.603531,43.509998,52.959999
130.185257,209.871506,43.509998,52.959999
128.577423,209.871506,43.509998,52.959999
126.433640,209.871506,43.509998,52.959999
124.825806,209.335556,43.509998,52.959999
124.021889,209.335556,43.509998,52.959999
122.414055,209.871506,43.509998,52.959999
119.734329,209.871506,43.509998,52.959999
119.198387,208.263672,43.509998,52.959999
117.590553,206.655838,43.509998,52.959999
116.786636,206.119888,43.509998,52.959999
115.714752,205.315979,43.509998,52.959999
115.446777,203.708145,43.509998,52.959999
113.303001,203.440170,43.509998,52.959999
111.695168,203.440170,43.509998,52.959999
107.675583,203.440170,43.509998,52.959999
103.655998,203.440170,43.509998,52.959999
102.048164,204.244080,43.509998,52.959999
100.172363,204.780029,43.509998,52.959999
98.564529,206.119888,43.509998,52.959999
95.080887,206.387863,43.509998,52.959999
93.473053,207.459747,43.509998,52.959999
89.989418,209.603531,43.509998,52.959999
87.845642,210.139465,43.509998,52.959999
87.041725,210.407440,43.509998,52.959999
88.917526,210.943390,43.509998,52.959999
89.989418,213.087173,43.509998,52.959999
91.597252,214.962967,43.509998,52.959999
93.741028,216.838776,43.509998,52.959999
95.348862,217.106750,43.509998,52.959999
98.296555,216.034866,43.509998,52.959999
102.852081,215.766891,43.509998,52.959999
106.335724,214.962967,43.509998,52.959999
109.551392,214.159058,43.509998,52.959999
111.963142,212.551224,43.509998,52.959999
115.178802,211.211365,43.509998,52.959999
119.198387,210.943390,43.509998,52.959999
120.538254,209.871506,43.509998,52.959999
121.610138,208.799606,43.509998,52.959999
121.074196,208.531631,43.509998,52.959999
121.074196,208.263672,43.509998,52.959999
122.414055,207.727722,43.509998,52.959999
122.949997,207.727722,43.509998,52.959999
119.734329,208.263672,43.509998,52.959999
119.198387,208.263672,43.509998,52.959999
118.126503,207.459747,43.509998,52.959999
117.590553,206.387863,43.509998,52.959999
116.518669,204.780029,43.509998,52.959999
115.446777,203.708145,43.509998,52.959999
113.035027,200.760437,43.509998,52.959999
111.159225,199.956528,43.509998,52.959999
2
0
0
0
0
1
156.884888,195.114777,73.940002,57.240002
156.884888,195.114777,73.940002,57.240002
157.978058,195.114777,73.940002,57.240002
159.071228,195.114777,73.940002,57.240002
160.164383,195.114777,73.940002,57.240002
161.257553,195.114777,73.940002,57.240002
162.715118,195.114777,73.940002,57.240002
164.901443,195.114777,73.940002,57.240002
167.087784,195.114777,73.940002,57.240002
168.545334,195.114777,73.940002,57.240002
169.638504,195.114777,73.940002,57.240002
171.096054,195.114777,73.940002,57.240002
172.553604,195.114777,73.940002,57.240002
174.739944,196.936722,73.940002,57.240002
176.926285,196.936722,73.940002,57.240002
178.748215,196.936722,73.940002,57.240002
179.477005,195.843552,73.940002,57.240002
180.934555,195.479172,73.940002,57.240002
182.027725,193.292831,73.940002,57.240002
182.756500,192.564056,73.940002,57.240002
184.214050,192.199661,73.940002,57.240002
186.035995,191.106506,73.940002,57.240002
187.129166,189.284561,73.940002,57.240002
188.222336,189.284561,73.940002,57.240002
188.222336,189.284561,73.940002,57.240002
189.679886,189.648941,73.940002,57.240002
191.137451,190.742111,73.940002,57.240002
192.230606,192.199661,73.940002,57.240002
194.416946,191.835281,73.940002,57.240002
196.238892,193.292831,73.940002,57.240002
197.332062,194.021606,73.940002,57.240002
197.696442,194.386002,73.940002,57.240002
197.696442,195.114777,73.940002,57.240002
198.789612,197.301117,73.940002,57.240002
200.247162,198.394272,73.940002,57.240002
201.340332,197.665497,73.940002,57.240002
202.433502,196.936722,73.940002,57.240002
203.891052,196.207947,73.940002,57.240002
205.348618,196.207947,73.940002,57.240002
208.628113,194.021606,73.940002,57.240002
211.543228,192.199661,73.940002,57.240002
215.551498,190.377716,73.940002,57.240002
218.466614,188.191391,73.940002,57.240002
220.652939,184.547501,73.940002,57.240002
225.754395,183.089951,73.940002,57.240002
230.855835,180.539215,73.940002,57.240002
235.228500,176.895340,73.940002,57.240002
239.601166,174.709000,73.940002,57.240002
243.973831,174.344604,73.940002,57.240002
248.346497,173.615829,73.940002,57.240002
2
0
0
0
0
1
340.357788,114.675552,88.379997,72.220001
340.803894,114.675552,88.379997,72.220001
342.588318,113.337219,88.379997,72.220001
343.480560,113.783333,88.379997,72.220001
344.372772,112.445000,88.379997,72.220001
344.818878,113.337219,88.379997,72.220001
344.372772,112.891113,88.379997,72.220001
343.926666,112.891113,88.379997,72.220001
343.926666,112.891113,88.379997,72.220001
343.926666,111.998886,88.379997,72.220001
343.034454,111.552780,88.379997,72.220001
342.142212,111.552780,88.379997,72.220001
340.357788,111.552780,88.379997,72.220001
340.357788,111.552780,88.379997,72.220001
339.465546,111.552780,88.379997,72.220001
338.573334,111.552780,88.379997,72.220001
338.573334,109.768333,88.379997,72.220001
