1
493.000000,400.000000,47.000000,46.000000
494.000000,389.000000,47.000000,46.000000
496.000000,380.000000,47.000000,46.000000
498.000000,372.000000,47.000000,46.000000
499.000000,370.000000,47.000000,46.000000
500.000000,368.000000,47.000000,46.000000
500.000000,370.000000,47.000000,46.000000
501.000000,375.000000,47.000000,46.000000
502.000000,380.000000,47.000000,46.000000
503.000000,391.000000,48.000000,47.000000
507.000000,408.000000,49.000000,48.000000
507.000000,424.000000,49.000000,48.000000
508.000000,420.000000,49.000000,48.000000
512.000000,394.000000,49.000000,48.000000
511.000000,370.000000,49.000000,48.000000
510.000000,351.000000,49.000000,48.000000
507.000000,333.000000,49.000000,48.000000
507.000000,318.000000,49.000000,48.000000
508.000000,310.000000,49.000000,48.000000
508.000000,303.000000,49.000000,48.000000
509.000000,299.000000,49.000000,48.000000
510.000000,297.000000,49.000000,48.000000
513.000000,299.000000,49.000000,48.000000
512.000000,304.000000,49.000000,48.000000
512.000000,312.000000,49.000000,48.000000
509.000000,325.000000,49.000000,48.000000
510.000000,337.000000,49.000000,48.000000
513.000000,356.000000,48.000000,47.000000
512.000000,374.000000,48.000000,47.000000
514.000000,403.000000,48.000000,47.000000
516.000000,430.000000,48.000000,47.000000
519.000000,433.000000,48.000000,47.000000
523.000000,409.000000,48.000000,47.000000
522.000000,387.000000,48.000000,47.000000
523.000000,371.000000,48.000000,47.000000
527.000000,356.000000,48.000000,47.000000
529.000000,342.000000,48.000000,47.000000
533.000000,333.000000,48.000000,47.000000
536.000000,327.000000,47.000000,46.000000
537.000000,324.000000,47.000000,46.000000
539.000000,325.000000,47.000000,46.000000
540.000000,329.000000,47.000000,46.000000
545.000000,337.000000,47.000000,46.000000
549.000000,349.000000,47.000000,46.000000
552.000000,363.000000,46.000000,45.000000
557.000000,379.000000,46.000000,45.000000
561.000000,399.000000,46.000000,45.000000
557.000000,378.000000,46.000000,45.000000
548.000000,350.000000,46.000000,45.000000
542.000000,327.000000,46.000000,45.000000
534.000000,306.000000,46.000000,45.000000
522.000000,287.000000,46.000000,45.000000
520.000000,270.000000,46.000000,45.000000
515.000000,256.000000,46.000000,45.000000
507.000000,247.000000,46.000000,45.000000
501.000000,241.000000,46.000000,45.000000
492.000000,237.000000,46.000000,45.000000
483.000000,238.000000,46.000000,45.000000
476.000000,241.000000,46.000000,45.000000
469.000000,248.000000,46.000000,45.000000
461.000000,259.000000,46.000000,45.000000
452.000000,274.000000,46.000000,45.000000
445.000000,291.000000,46.000000,45.000000
439.000000,313.000000,46.000000,45.000000
430.000000,333.000000,47.000000,46.000000
424.000000,365.000000,47.000000,46.000000
417.000000,395.000000,46.000000,45.000000
412.000000,385.000000,46.000000,45.000000
415.000000,369.000000,46.000000,45.000000
413.000000,356.000000,46.000000,45.000000
406.000000,346.000000,46.000000,45.000000
404.000000,341.000000,46.000000,45.000000
404.000000,341.000000,46.000000,45.000000
403.000000,342.000000,46.000000,45.000000
398.000000,346.000000,46.000000,45.000000
398.000000,355.000000,46.000000,45.000000
392.000000,367.000000,45.000000,44.000000
393.000000,378.000000,47.000000,46.000000
386.000000,394.000000,47.000000,46.000000
385.000000,414.000000,47.000000,46.000000
386.000000,439.000000,46.000000,45.000000
383.000000,463.000000,46.000000,45.000000
387.000000,448.000000,46.000000,45.000000
386.000000,428.000000,46.000000,45.000000
390.000000,411.000000,46.000000,45.000000
390.000000,397.000000,46.000000,45.000000
392.000000,386.000000,46.000000,45.000000
393.000000,379.000000,45.000000,44.000000
391.000000,373.000000,45.000000,44.000000
392.000000,371.000000,45.000000,44.000000
391.000000,371.000000,45.000000,44.000000
402.000000,377.000000,45.000000,44.000000
398.000000,383.000000,45.000000,44.000000
395.000000,395.000000,45.000000,44.000000
396.000000,409.000000,45.000000,44.000000
395.000000,427.000000,45.000000,44.000000
399.000000,450.000000,45.000000,44.000000
404.000000,463.000000,45.000000,44.000000
407.000000,440.000000,45.000000,44.000000
412.000000,416.000000,45.000000,44.000000
417.000000,395.000000,45.000000,44.000000
426.000000,376.000000,45.000000,44.000000
433.000000,363.000000,45.000000,44.000000
440.000000,350.000000,45.000000,44.000000
