1
2
0
0
0
0
1
283.38,511.95,331.47,498.41,335.20,511.68,287.11,525.21
2
0
0
0
0
1
326.30,440.94,377.22,435.45,378.77,449.87,327.85,455.36
339.28,440.45,389.93,448.02,387.79,462.36,337.13,454.79
351.43,447.97,407.09,453.08,405.64,468.84,349.98,463.72
367.49,458.75,424.26,439.99,429.57,456.06,372.80,474.82
372.20,434.64,434.29,432.59,434.87,450.17,372.78,452.22
379.57,399.71,413.31,455.55,397.50,465.10,363.76,409.26
362.58,387.69,411.40,433.29,398.49,447.11,349.67,401.52
349.10,399.69,413.96,406.75,411.96,425.11,347.10,418.05
348.86,405.38,409.89,390.14,414.21,407.42,353.17,422.66
339.86,397.37,400.90,382.15,405.21,399.43,344.17,414.65
334.05,381.36,395.20,396.13,391.02,413.44,329.87,398.67
328.01,377.46,390.51,389.65,387.06,407.35,324.55,395.15
325.44,380.57,386.63,362.91,391.63,380.23,330.44,397.89
2
0
0
0
0
1
429.73,250.48,364.92,269.70,359.16,250.26,423.97,231.04
432.87,256.42,359.03,266.47,356.02,244.32,429.86,234.27
2
0
0
0
0
1
451.91,298.22,452.63,368.73,431.06,368.95,430.34,298.44
2
0
0
0
0
1
280.29,284.29,300.07,283.94,301.20,347.60,281.42,347.95
299.87,276.14,313.04,293.37,257.62,335.75,244.45,318.52
291.87,281.26,299.07,303.46,227.62,326.63,220.42,304.43
289.86,291.96,283.35,314.87,209.63,293.93,216.14,271.02
289.86,291.96,283.35,314.87,209.63,293.93,216.14,271.02
2
0
0
0
0
1
351.55,340.72,373.50,340.89,372.97,409.99,351.02,409.82
329.89,340.22,349.99,329.21,384.63,392.49,364.53,403.50
323.36,334.31,343.12,322.22,381.16,384.40,361.41,396.49
2
0
0
0
0
1
280.23,352.15,297.64,340.46,333.79,394.31,316.39,406.00
286.05,347.15,303.88,336.13,337.98,391.31,320.14,402.33
289.36,328.23,309.87,322.80,326.66,386.23,306.16,391.66
309.96,332.05,329.05,343.36,294.06,402.41,274.97,391.10
309.98,337.06,329.06,348.38,294.05,407.40,274.96,396.08
319.54,325.26,334.94,341.57,284.49,389.20,269.09,372.89
314.51,330.85,327.23,346.28,279.52,385.61,266.80,370.18
321.77,341.44,332.54,357.70,282.26,391.02,271.48,374.76
320.62,341.68,329.13,356.46,283.40,382.78,274.89,368.00
319.53,345.74,328.80,360.06,284.49,388.72,275.23,374.40
324.76,337.08,329.32,353.26,279.27,367.38,274.70,351.20
336.17,359.93,325.94,374.18,281.85,342.53,292.08,328.28
335.84,363.91,325.10,377.78,282.18,344.55,292.93,330.68
328.76,369.53,312.61,382.90,271.26,332.93,287.41,319.56
2
0
0
0
0
1
406.99,335.83,402.55,404.62,379.52,403.14,383.96,334.35
398.62,326.70,409.92,398.49,385.89,402.27,374.59,330.48
392.51,316.79,413.55,387.14,390.00,394.18,368.96,323.83
407.14,313.51,410.43,388.36,385.38,389.46,382.08,314.61
2
0
0
0
0
1
489.54,294.77,504.40,364.41,480.72,369.46,465.86,299.82
504.95,295.69,507.76,367.58,483.31,368.54,480.50,296.65
525.71,298.80,495.93,367.56,472.55,357.43,502.33,288.67
528.81,325.08,449.34,354.17,439.45,327.15,518.92,298.06
2
0
0
0
0
1
573.85,212.66,636.48,251.10,623.22,272.70,560.59,234.26
573.30,228.26,645.17,232.32,643.77,257.10,571.90,253.04
578.03,231.93,649.97,234.62,649.04,259.43,577.10,256.74
582.73,203.25,646.44,244.14,632.34,266.11,568.63,225.22
570.45,198.94,631.95,249.21,614.62,270.42,553.12,220.15
554.60,205.87,624.08,239.53,612.47,263.49,542.99,229.83
562.50,185.34,611.22,245.22,590.57,262.02,541.85,202.14
563.71,179.88,612.46,252.67,587.36,269.48,538.61,196.69
571.32,182.56,600.75,266.66,571.75,276.80,542.32,192.70
2
0
0
0
0
1
493.66,181.76,501.78,263.94,472.89,266.80,464.77,184.62
509.06,182.45,501.18,266.88,471.49,264.11,479.37,179.68
528.36,201.66,462.60,254.02,444.19,230.90,509.95,178.54
520.99,219.55,429.72,237.09,423.56,205.01,514.83,187.47
530.25,229.53,435.84,228.22,436.30,195.03,530.71,196.34
2
