1
36.49,65.99,108.02,65.99,108.02,137.52,36.49,137.52
35.27,67.48,118.11,67.48,118.11,150.32,35.27,150.32
43.58,74.96,118.58,74.96,118.58,149.96,43.58,149.96
47.94,78.59,121.10,78.59,121.10,151.75,47.94,151.75
66.30,84.87,133.25,84.87,133.25,151.82,66.30,151.82
79.36,69.19,81.37,158.47,139.47,157.16,137.46,67.88
66.18,81.27,92.59,170.39,155.52,151.74,129.11,62.62
91.11,96.86,156.25,96.86,156.25,162.01,91.11,162.01
101.86,99.49,171.20,99.49,171.20,168.83,101.86,168.83
109.35,96.39,180.87,96.39,180.87,167.91,109.35,167.91
119.84,98.49,188.50,98.49,188.50,167.15,119.84,167.15
124.64,97.10,192.98,97.10,192.98,165.44,124.64,165.44
127.99,94.67,196.29,94.67,196.29,162.96,127.99,162.96
130.45,88.26,201.10,88.26,201.10,158.91,130.45,158.91
131.66,82.05,206.02,82.05,206.02,156.41,131.66,156.41
222.28,102.84,148.53,67.28,118.52,129.54,192.27,165.10
142.18,75.77,216.27,75.77,216.27,149.87,142.18,149.87
238.40,101.19,167.09,62.91,134.98,122.73,206.30,161.00
167.90,81.87,238.51,81.87,238.51,152.48,167.90,152.48
185.07,82.48,253.80,82.48,253.80,151.21,185.07,151.21
203.70,83.08,272.01,83.08,272.01,151.39,203.70,151.39
219.66,84.47,286.83,84.47,286.83,151.63,219.66,151.63
235.37,81.59,302.85,81.59,302.85,149.07,235.37,149.07
251.94,83.41,319.33,83.41,319.33,150.80,251.94,150.80
266.30,80.86,333.56,80.86,333.56,148.12,266.30,148.12
277.29,78.11,346.00,78.11,346.00,146.83,277.29,146.83
282.19,80.44,353.45,80.44,353.45,151.70,282.19,151.70
286.86,79.79,356.76,79.79,356.76,149.68,286.86,149.68
287.27,77.94,356.27,77.94,356.27,146.95,287.27,146.95
283.64,75.34,352.76,75.34,352.76,144.45,283.64,144.45
263.45,96.88,298.66,159.92,351.91,130.18,316.70,67.14
262.19,76.70,330.42,76.70,330.42,144.93,262.19,144.93
242.13,88.19,268.71,154.02,323.71,131.81,297.13,65.98
232.77,76.20,295.67,76.20,295.67,139.10,232.77,139.10
216.31,74.39,282.79,74.39,282.79,140.87,216.31,140.87
211.87,71.05,198.23,140.30,255.10,151.50,268.74,82.25
198.33,76.28,188.97,146.61,240.28,153.43,249.64,83.10
190.62,79.83,180.39,150.22,230.29,157.47,240.52,87.07
175.95,86.58,170.98,156.19,223.42,159.93,228.39,90.33
163.34,84.76,167.81,162.65,218.26,159.76,213.79,81.86
142.63,89.81,164.94,167.65,223.89,150.75,201.58,72.91
134.68,84.65,152.30,167.44,209.01,155.37,191.39,72.59
148.95,88.70,136.36,159.64,189.08,169.00,201.68,98.06
128.36,91.04,129.35,166.57,190.92,165.76,189.93,90.23
125.76,105.72,187.52,105.72,187.52,167.48,125.76,167.48
120.76,104.81,127.43,172.75,185.00,167.10,178.32,99.15
113.41,109.45,127.79,174.57,181.03,162.81,166.65,97.70
120.33,96.85,123.37,172.78,176.26,170.67,173.22,94.73
110.70,101.61,122.39,174.75,176.82,166.05,165.13,92.90
115.31,94.29,113.77,174.14,171.13,175.26,172.67,95.40
115.16,94.89,116.04,174.16,175.77,173.50,174.89,94.23
121.11,96.16,124.69,175.58,184.54,172.89,180.96,93.47
141.97,97.39,146.04,175.41,197.46,172.73,193.39,94.70
163.68,93.11,157.62,171.17,210.90,175.31,216.96,97.25
186.23,84.83,164.31,159.46,224.22,177.05,246.13,102.42
182.33,90.95,253.44,90.95,253.44,162.07,182.33,162.07
199.75,90.89,278.54,90.89,278.54,169.69,199.75,169.69
211.07,94.12,291.12,94.12,291.12,174.17,211.07,174.17
233.81,99.22,263.32,168.61,313.45,147.29,283.94,77.90
248.02,99.70,279.00,168.01,328.82,145.41,297.83,77.10
261.18,98.88,294.89,167.87,344.82,143.48,311.11,74.48
274.16,96.18,308.03,163.60,357.96,138.51,324.09,71.10
283.06,94.20,321.46,160.51,370.49,132.12,332.09,65.81
293.29,86.08,326.16,155.28,377.87,130.72,345.00,61.52
302.79,77.64,325.37,149.69,379.20,132.82,356.61,60.77
301.07,77.72,323.98,150.54,381.16,132.55,358.25,59.73
309.72,69.66,314.90,142.40,372.15,138.32,366.97,65.58
300.04,72.32,305.12,146.78,361.80,142.91,356.72,68.45
292.09,71.38,283.28,151.23,340.85,157.58,349.67,77.73
256.15,85.99,275.92,166.19,334.17,151.83,314.39,71.63
242.90,83.96,239.34,170.41,305.70,173.14,309.26,86.69
213.83,99.46,227.17,179.83,291.48,169.15,278.13,88.78
180.51,124.02,224.82,194.10,278.95,159.87,234.64,89.79
269.51,169.03,202.78,87.81,153.06,128.66,219.79,209.88
132.19,131.62,187.82,200.27,239.45,158.44,183.83,89.78
130.62,97.60,200.82,97.60,200.82,167.79,130.62,167.79
111.39,87.81,115.65,167.15,178.40,163.78,174.13,84.44
90.94,83.75,96.68,163.17,159.60,158.63,153.86,79.20
69.49,77.18,76.96,158.90,139.51,153.18,132.04,71.46
42.25,76.26,65.91,159.45,123.97,142.93,100.31,59.75
19.62,75.72,35.66,155.54,99.82,142.64,83.78,62.83
10.17,71.32,1.48,156.23,68.38,163.08,77.07,78.17
2.40,71.81,-26.67,151.29,40.67,175.92,69.74,96.44
-13.27,74.01,-37.15,159.39,28.39,177.72,52.27,92.34
-23.24,79.06,34.74,79.06,34.74,137.04,-23.24,137.04
28.80,75.18,-35.68,104.74,-11.68,157.07,52.79,127.51
4.95,82.14,-5.03,133.28,37.12,141.50,47.10,90.36
0.69,83.99,56.47,83.99,56.47,139.77,0.69,139.77
73.95,123.28,27.94,66.75,-4.85,93.43,41.16,149.96
82.14,118.76,30.62,64.24,1.34,91.91,52.85,146.43
93.08,129.43,40.81,60.52,-3.98,94.49,48.29,163.41
3.89,86.43,46.43,161.29,94.52,133.96,51.98,59.10
37.78,90.40,41.60,151.73,90.41,148.68,86.59,87.35
30.70,88.00,95.46,88.00,95.46,152.77,30.70,152.77
38.20,91.24,102.72,91.24,102.72,155.76,38.20,155.76
125.28,114.04,59.65,86.93,38.28,138.65,103.92,165.76
137.12,120.62,69.72,86.09,44.16,135.97,111.56,170.50
148.30,118.75,79.25,89.09,59.75,134.48,128.80,164.13
156.92,109.17,89.93,93.69,78.12,144.80,145.11,160.28
172.68,113.49,103.69,94.06,88.72,147.19,157.71,166.63
106.31,97.11,172.81,97.11,172.81,163.61,106.31,163.61
213.11,125.39,139.95,87.56,110.56,144.41,183.72,182.24
141.73,99.23,211.71,99.23,211.71,169.22,141.73,169.22
162.82,102.22,233.63,102.22,233.63,173.04,162.82,173.04
265.42,134.34,204.05,92.59,176.86,132.58,238.23,174.32
284.36,119.30,218.47,103.03,207.57,147.14,273.46,163.41
307.27,129.00,244.56,99.52,226.83,137.23,289.54,166.71
329.04,134.34,268.87,100.17,248.66,135.77,308.83,169.93
349.48,138.58,294.35,102.59,269.68,140.37,324.81,176.36
373.77,135.93,318.93,100.17,296.13,135.13,350.97,170.89
392.41,125.15,325.82,100.86,312.98,136.05,379.58,160.34
412.50,125.22,342.67,100.41,329.88,136.40,399.71,161.22
429.71,115.79,352.47,98.15,343.73,136.39,420.97,154.04
428.64,102.49,349.49,95.15,345.84,134.58,424.99,141.92
421.53,94.20,344.30,94.65,344.52,132.53,421.75,132.07
416.94,90.40,342.42,91.45,342.96,129.48,417.47,128.43
412.23,84.89,335.48,87.47,336.86,128.49,413.61,125.92
411.77,79.21,335.80,70.05,329.86,119.32,405.83,128.48
398.18,68.60,325.41,73.79,328.50,117.06,401.27,111.88
389.74,79.47,315.95,71.57,311.86,109.77,385.65,117.67
378.08,80.88,305.49,67.43,297.84,108.68,370.44,122.14
365.51,79.32,296.83,69.76,290.29,116.79,358.97,126.34
363.53,86.01,300.30,62.53,282.93,109.30,346.16,132.78
359.03,84.66,295.06,59.01,274.78,109.60,338.74,135.25
354.94,94.51,290.00,64.77,267.54,113.83,332.47,143.57
353.21,93.83,289.67,52.45,254.73,106.10,318.27,147.48
351.84,98.72,292.01,45.13,260.07,80.78,319.90,134.37
349.76,100.37,292.47,37.74,254.65,72.34,311.93,134.97
249.78,64.00,285.56,144.88,348.09,117.22,312.30,36.33
246.55,55.40,273.69,140.05,340.54,118.61,313.39,33.97
255.34,42.44,245.60,140.44,326.67,148.50,336.41,50.49
233.48,59.17,316.82,59.17,316.82,142.51,233.48,142.51
217.33,59.90,300.40,59.90,300.40,142.97,217.33,142.97
217.27,59.91,295.70,59.91,295.70,138.33,217.27,138.33
214.53,62.86,292.15,62.86,292.15,140.48,214.53,140.48
222.20,71.60,240.92,150.16,296.14,137.00,277.42,58.44
220.57,82.44,254.50,152.93,304.42,128.90,270.49,58.41
310.55,123.78,258.62,62.18,225.76,89.88,277.68,151.48
313.83,120.79,254.95,66.38,229.49,93.92,288.37,148.33
326.38,120.99,242.27,79.54,221.83,121.01,305.95,162.46
335.17,116.14,243.25,77.25,222.44,126.42,314.36,165.32
333.69,114.37,239.80,79.84,222.08,128.02,315.97,162.55
332.45,116.44,255.49,86.24,236.72,134.07,313.68,164.27
321.90,111.38,250.05,94.68,239.68,139.30,311.53,156.00
321.51,117.27,243.69,95.29,231.55,138.24,309.38,160.23
320.59,122.16,238.88,94.30,224.73,135.81,306.44,163.67
318.55,125.56,237.83,92.10,223.42,126.86,304.14,160.32
303.85,124.15,242.85,86.68,217.66,127.68,278.66,165.15
289.08,117.04,238.51,80.90,212.39,117.44,262.96,153.58
224.62,89.33,275.78,89.33,275.78,140.48,224.62,140.48
266.20,76.78,218.85,115.50,248.35,151.56,295.69,112.84
242.61,80.96,300.32,80.96,300.32,138.67,242.61,138.67
252.67,81.03,313.03,81.03,313.03,141.38,252.67,141.38
340.02,103.06,285.01,71.77,262.58,111.22,317.59,142.50
353.60,101.09,294.60,68.76,270.83,112.15,329.83,144.48
363.70,96.98,301.00,66.37,277.07,115.39,339.77,146.00
293.73,71.84,356.40,71.84,356.40,134.51,293.73,134.51
355.62,62.30,289.81,76.24,300.54,126.90,366.35,112.96
364.51,70.63,301.47,68.13,300.04,104.20,363.08,106.70
354.26,62.96,296.29,75.00,303.08,107.69,361.04,95.64
345.07,67.32,296.31,79.40,304.72,113.33,353.48,101.25
325.21,61.53,279.81,99.92,311.84,137.80,357.24,99.41
340.51,74.30,279.50,88.03,289.92,134.28,350.92,120.54
297.23,92.00,347.68,92.00,347.68,142.45,297.23,142.45
289.73,100.12,346.22,100.12,346.22,156.60,289.73,156.60
285.23,100.81,343.94,100.81,343.94,159.52,285.23,159.52
265.33,88.21,331.19,88.21,331.19,154.07,265.33,154.07
254.91,82.76,328.70,82.76,328.70,156.55,254.91,156.55
252.52,79.32,322.79,79.32,322.79,149.60,252.52,149.60
251.61,59.76,317.90,59.76,317.90,126.05,251.61,126.05
315.13,66.80,229.94,54.29,220.66,117.50,305.86,130.00
307.83,66.77,222.39,51.93,211.46,114.85,296.90,129.70
237.89,49.79,306.53,49.79,306.53,118.43,237.89,118.43
239.45,52.77,301.73,52.77,301.73,115.06,239.45,115.06
235.64,54.92,296.23,54.92,296.23,115.50,235.64,115.50
225.67,53.68,287.15,53.68,287.15,115.16,225.67,115.16
207.61,49.86,285.43,49.86,285.43,127.68,207.61,127.68
222.30,41.26,180.00,113.57,240.03,148.69,282.33,76.37
216.78,46.95,179.25,125.92,233.85,151.87,271.38,72.90
208.49,47.87,183.03,131.35,237.23,147.88,262.69,64.41
214.18,54.24,183.74,126.07,241.08,150.37,271.52,78.54
193.11,66.98,263.51,66.98,263.51,137.38,193.11,137.38
204.42,55.19,183.78,129.47,245.63,146.65,266.27,72.38
187.91,77.72,218.46,153.91,265.87,134.90,235.32,58.70
277.55,123.84,213.55,65.14,185.37,95.87,249.38,154.56
283.61,126.07,209.78,65.46,180.44,101.20,254.26,161.81
287.51,113.19,217.14,77.39,197.18,116.63,267.54,152.43
283.28,106.64,215.95,79.25,198.48,122.18,265.82,149.58
293.30,98.62,217.01,79.88,206.13,124.14,282.43,142.89
300.14,89.29,212.42,78.34,207.27,119.64,294.99,130.58
299.71,86.57,215.54,73.12,209.93,108.22,294.10,121.67
288.63,82.46,221.10,66.78,210.98,110.35,278.51,126.03
296.76,96.15,231.32,60.39,207.31,104.31,272.76,140.08
299.93,103.95,238.61,58.35,212.17,93.91,273.50,139.50
297.47,91.62,229.13,60.11,211.36,98.67,279.70,130.17
303.89,95.47,242.14,50.25,212.19,91.15,273.95,136.36
248.95,52.49,230.21,116.96,283.23,132.37,301.97,67.90
241.91,51.38,230.16,123.09,287.66,132.50,299.40,60.80
235.45,54.84,307.71,54.84,307.71,127.11,235.45,127.11
308.49,118.43,264.83,67.95,231.49,96.79,275.15,147.26
320.56,100.26,257.12,65.49,236.29,103.50,299.73,138.27
231.58,97.45,256.08,165.50,291.03,152.92,266.53,84.87
320.63,154.91,280.80,86.16,239.58,110.03,279.40,178.79
248.28,87.69,311.06,87.69,311.06,150.47,248.28,150.47
231.08,70.14,298.97,70.14,298.97,138.03,231.08,138.03
259.87,58.12,221.71,122.40,261.83,146.21,299.99,81.93
253.85,57.63,223.20,121.68,263.55,140.98,294.19,76.93
248.13,54.78,221.43,121.84,264.11,138.84,290.81,71.78
244.46,59.94,227.11,128.29,272.06,139.71,289.42,71.35
235.20,62.81,229.21,132.99,274.46,136.85,280.45,66.67
237.45,56.18,226.34,136.73,268.91,142.61,280.02,62.05
220.22,52.12,218.51,138.99,260.93,139.83,262.64,52.95
213.94,54.38,205.40,134.00,240.59,137.78,249.13,58.15
197.37,56.84,190.75,138.94,231.52,142.22,238.14,60.13
192.23,63.98,163.32,141.55,203.31,156.46,232.22,78.89
176.20,72.59,153.40,151.31,195.54,163.51,218.33,84.79
170.36,70.86,144.43,154.67,191.17,169.13,217.10,85.32
162.10,72.34,147.99,162.18,200.06,170.36,214.17,80.52
212.04,92.23,162.24,95.23,166.16,160.30,215.96,157.31
160.04,89.89,223.41,89.89,223.41,153.26,160.04,153.26
166.17,85.15,226.55,85.15,226.55,145.53,166.17,145.53
157.00,96.75,183.02,154.04,250.77,123.26,224.74,65.98
181.97,65.97,247.00,65.97,247.00,130.99,181.97,130.99
261.23,76.60,191.68,45.27,167.86,98.13,237.42,129.46
280.21,80.04,224.38,37.77,192.14,80.34,247.98,122.62
288.64,72.66,215.23,39.89,195.99,82.97,269.40,115.75
291.52,59.32,210.65,59.63,210.81,101.64,291.68,101.33
292.14,65.51,232.93,65.63,233.01,103.08,292.21,102.96
292.99,68.23,230.72,72.21,233.02,108.13,295.29,104.15
283.82,64.29,224.12,83.20,233.33,112.28,293.03,93.37
283.81,69.57,217.15,86.04,224.42,115.44,291.08,98.96
267.47,60.79,195.68,82.55,207.21,120.59,279.00,98.82
262.01,64.64,195.22,86.68,207.15,122.83,273.93,100.80
257.85,57.23,190.71,84.72,204.22,117.73,271.36,90.24
247.01,46.17,185.40,82.57,205.33,116.30,266.94,79.90
233.21,36.38,176.22,90.43,204.25,119.99,261.24,65.93
224.67,29.95,174.86,92.71,206.56,117.87,256.37,55.10
216.16,29.69,177.31,107.31,217.65,127.50,256.49,49.87
217.06,31.82,180.43,103.78,226.31,127.13,262.94,55.17
225.97,26.05,184.38,85.35,226.65,115.00,268.24,55.70
243.15,25.17,189.05,76.32,222.08,111.25,276.18,60.10
243.85,26.07,192.50,84.18,228.53,116.02,279.88,57.90
269.97,30.56,198.04,56.18,212.52,96.86,284.46,71.24
2
0
0
0
0
1
213.56,107.99,283.33,107.99,283.33,177.76,213.56,177.76
203.32,109.88,218.22,184.77,279.85,172.51,264.95,97.62
198.67,113.53,216.46,189.42,275.97,175.47,258.18,99.58
285.82,164.82,237.98,94.64,187.32,129.17,235.16,199.35
283.25,167.95,224.12,92.56,178.24,128.55,237.36,203.94
286.58,173.79,228.04,91.23,179.85,125.40,238.38,207.96
196.94,139.61,230.64,207.80,283.90,181.48,250.20,113.29
300.40,160.19,241.40,100.22,200.24,140.72,259.24,200.69
311.37,144.77,241.83,92.86,203.95,143.58,273.49,195.50
319.94,141.90,244.14,88.64,205.05,144.28,280.86,197.53
222.75,99.25,309.14,99.25,309.14,185.65,222.75,185.65
209.40,95.79,305.64,95.79,305.64,192.04,209.40,192.04
209.65,100.12,242.50,193.45,311.03,169.33,278.18,76.00
210.58,77.78,288.78,77.78,288.78,155.98,210.58,155.98
212.33,64.58,195.58,150.37,258.91,162.73,275.66,76.94
221.44,52.16,184.74,144.75,241.93,167.42,278.64,74.83
222.90,47.93,178.80,143.33,230.76,167.35,274.86,71.96
228.62,42.79,177.79,133.76,226.72,161.10,277.56,70.13
201.85,46.98,265.55,46.98,265.55,110.69,201.85,110.69
268.78,44.66,193.93,50.78,198.76,109.86,273.61,103.74
270.24,45.37,194.09,52.49,199.78,113.31,275.92,106.19
261.25,45.50,188.02,66.32,202.95,118.83,276.18,98.01
257.11,39.34,184.41,66.53,204.33,119.80,277.03,92.61
195.16,48.90,265.00,48.90,265.00,118.75,195.16,118.75
191.53,50.71,259.18,50.71,259.18,118.36,191.53,118.36
172.53,51.35,254.07,51.35,254.07,132.90,172.53,132.90
165.98,42.13,238.19,42.13,238.19,114.34,165.98,114.34
231.16,44.00,154.07,47.78,157.28,113.12,234.37,109.33
146.33,47.88,218.15,47.88,218.15,119.71,146.33,119.71
216.35,45.36,138.80,45.72,139.10,110.71,216.66,110.34
206.80,45.46,132.47,56.40,141.34,116.63,215.67,105.68
210.84,44.03,136.64,62.96,150.79,118.42,225.00,99.49
210.33,40.61,143.65,75.08,171.04,128.07,237.72,93.60
222.61,44.66,146.24,64.98,161.39,121.95,237.77,101.63
242.18,40.69,159.92,63.67,176.24,122.07,258.50,99.09
245.92,41.46,187.49,83.83,216.90,124.39,275.33,82.01
272.33,53.10,197.69,92.20,224.37,143.12,299.00,104.02
281.55,53.35,206.92,100.50,243.25,157.99,317.88,110.84
306.34,73.57,233.81,94.39,251.09,154.56,323.62,133.73
310.93,72.51,239.30,93.57,256.56,152.23,328.19,131.17
309.09,66.15,236.54,93.04,257.05,148.38,329.60,121.50
302.17,66.20,231.54,89.70,250.27,145.99,320.90,122.49
288.56,51.68,215.98,85.75,243.50,144.38,316.09,110.31
285.90,49.85,212.64,84.15,240.64,143.94,313.89,109.65
248.94,68.52,304.90,68.52,304.90,124.49,248.94,124.49
264.80,61.53,237.63,123.33,283.10,143.32,310.27,81.52
248.47,58.17,240.59,135.42,295.58,141.02,303.45,63.78
253.67,57.18,231.56,130.67,292.81,149.10,314.92,75.60
254.18,47.95,215.09,126.03,279.24,158.15,318.34,80.07
261.11,41.44,195.58,112.27,249.07,161.76,314.60,90.94
261.67,48.91,185.71,120.54,232.01,169.64,307.97,98.02
245.52,63.73,203.10,135.31,247.21,161.45,289.63,89.88
244.24,67.37,209.75,130.61,256.57,156.14,291.05,92.90
228.19,90.06,290.50,90.06,290.50,152.37,228.19,152.37
233.42,83.26,234.67,149.40,279.15,148.56,277.90,82.42
299.69,131.51,247.57,82.12,212.43,119.20,264.56,168.59
309.00,116.21,237.80,87.21,216.58,139.29,287.79,168.29
313.92,105.05,236.29,84.57,220.78,143.34,298.41,163.83
310.57,102.15,239.09,84.98,224.57,145.44,296.05,162.61
238.03,85.68,303.16,85.68,303.16,150.82,238.03,150.82
286.98,62.14,213.92,94.00,239.31,152.21,312.37,120.34
226.92,72.54,299.22,72.54,299.22,144.84,226.92,144.84
223.21,64.83,293.88,64.83,293.88,135.50,223.21,135.50
270.82,50.84,204.03,72.36,221.08,125.28,287.87,103.77
273.20,78.29,208.75,55.81,191.85,104.25,256.30,126.74
255.29,76.75,192.69,66.96,185.60,112.23,248.21,122.03
254.17,77.78,179.35,76.69,178.83,112.39,253.65,113.48
265.70,72.94,196.27,69.73,194.26,113.23,263.69,116.43
281.08,53.67,211.40,67.90,222.25,121.04,291.93,106.81
245.65,57.15,307.63,57.15,307.63,119.13,245.65,119.13
275.76,71.98,338.65,71.98,338.65,134.87,275.76,134.87
327.36,59.17,278.06,105.87,313.24,143.01,362.54,96.31
319.77,55.48,274.22,102.60,306.61,133.91,352.16,86.79
340.26,65.30,283.61,83.62,297.80,127.48,354.45,109.16
266.97,72.03,326.37,72.03,326.37,131.44,266.97,131.44
296.54,122.39,250.83,78.94,216.14,115.43,261.86,158.88
280.86,114.88,202.36,91.72,186.36,145.95,264.86,169.10
273.67,121.53,188.91,101.63,175.14,160.25,259.90,180.16
174.56,114.04,239.49,114.04,239.49,178.97,174.56,178.97
172.64,109.11,243.71,109.11,243.71,180.17,172.64,180.17
254.16,130.16,180.42,106.53,162.28,163.17,236.02,186.79
254.81,138.59,182.30,107.82,159.55,161.43,232.07,192.20
265.74,142.85,185.00,105.43,159.26,160.98,240.01,198.39
275.08,138.93,183.47,104.62,161.58,163.05,253.20,197.36
276.63,139.93,183.93,103.93,161.19,162.49,253.89,198.49
259.61,123.72,175.94,110.30,166.60,168.49,250.27,181.91
261.74,127.31,176.24,110.45,164.89,168.00,250.39,184.85
261.88,127.49,175.93,112.37,166.04,168.60,251.99,183.72
263.21,122.01,174.29,114.52,169.55,170.79,258.47,178.28
268.92,124.19,174.90,112.44,167.54,171.27,261.56,183.03
2
0
0
0
0
1
246.04,67.50,332.38,67.50,332.38,153.84,246.04,153.84
210.61,58.19,311.60,58.19,311.60,159.18,210.61,159.18
187.57,82.27,267.32,82.27,267.32,162.02,187.57,162.02
163.57,87.08,160.11,156.80,217.37,159.63,220.82,89.92
142.27,95.03,157.88,169.24,209.84,158.31,194.23,84.10
207.23,158.77,171.36,89.32,131.55,109.88,167.42,179.33
207.85,165.23,175.23,94.98,141.35,110.71,173.97,180.96
221.09,105.06,173.94,163.79,206.08,189.59,253.23,130.85
198.61,110.26,205.68,183.77,247.23,179.77,240.17,106.26
199.33,112.72,203.50,187.75,254.79,184.91,250.62,109.87
197.13,110.80,260.54,110.80,260.54,174.22,197.13,174.22
180.99,105.46,198.35,179.85,259.26,165.63,241.90,91.24
174.07,95.00,246.40,95.00,246.40,167.34,174.07,167.34
208.08,73.68,140.81,119.29,176.19,171.47,243.46,125.86
179.16,64.27,128.55,138.12,177.75,171.84,228.36,97.99
151.81,67.02,139.98,148.36,203.39,157.58,215.23,76.25
145.74,79.86,157.61,156.75,218.93,147.29,207.07,70.40
165.49,70.40,155.70,150.79,208.47,157.22,218.26,76.83
172.32,82.45,231.38,82.45,231.38,141.51,172.32,141.51
