1
294.52,304.35,330.22,306.41,340.10,135.43,304.39,133.37
295.49,304.06,331.04,306.13,340.98,135.86,305.42,133.79
297.03,304.01,332.50,306.05,342.30,136.18,306.83,134.14
297.80,304.84,333.58,306.68,342.38,135.37,306.61,133.53
299.46,305.54,335.47,307.08,342.86,134.67,306.86,133.12
299.74,305.47,335.71,307.08,343.38,134.79,307.40,133.19
298.86,302.25,333.78,304.31,343.62,137.06,308.69,135.01
298.44,301.54,333.07,303.77,343.77,137.93,309.14,135.70
297.83,302.42,332.52,304.63,343.13,138.51,308.45,136.30
296.91,302.29,331.60,304.54,342.41,138.39,307.71,136.13
296.16,302.24,330.85,304.31,340.78,138.19,306.09,136.12
294.72,303.21,329.41,305.20,338.96,139.04,304.26,137.05
291.46,301.97,325.83,304.38,337.38,139.76,303.01,137.35
289.07,299.66,323.00,302.39,336.08,139.90,302.15,137.17
290.14,300.68,323.91,301.85,329.52,140.13,295.75,138.96
288.10,300.91,322.06,302.04,327.49,139.41,293.52,138.28
285.12,301.59,318.99,303.00,325.72,140.81,291.85,139.41
282.82,301.18,316.60,302.98,325.22,141.22,291.44,139.42
282.12,301.27,315.84,303.08,324.54,141.61,290.82,139.80
280.15,301.65,313.80,303.43,322.32,142.31,288.67,140.53
278.94,301.73,312.47,303.58,321.35,143.03,287.83,141.18
277.69,301.94,311.17,303.88,320.43,143.55,286.95,141.62
277.40,301.76,310.70,303.95,321.17,144.45,287.86,142.26
276.47,302.38,309.61,304.59,320.19,145.90,287.05,143.69
277.45,302.82,310.34,304.77,319.71,147.28,286.83,145.33
277.15,303.51,309.97,305.32,318.61,148.13,285.79,146.33
275.90,303.15,308.61,305.14,318.18,148.48,285.46,146.48
274.25,303.72,306.86,305.93,317.45,149.76,284.84,147.55
272.15,308.97,306.30,311.04,316.24,147.48,282.08,145.41
270.96,310.81,305.05,312.64,313.85,149.37,279.75,147.53
265.97,305.64,298.72,309.37,316.59,152.52,283.84,148.79
265.21,306.73,297.75,310.39,315.32,154.56,282.78,150.89
263.61,307.26,296.13,311.16,314.81,155.43,282.29,151.53
262.84,307.72,295.16,311.50,313.26,156.73,280.94,152.95
275.06,313.40,308.50,313.30,308.01,153.17,274.57,153.27
272.79,312.81,306.08,312.65,305.28,153.21,271.99,153.38
272.05,312.46,305.32,312.36,304.83,153.06,271.56,153.16
271.55,312.71,304.77,312.41,303.38,153.33,270.16,153.62
268.99,312.29,301.85,312.33,302.05,154.97,269.19,154.93
267.40,312.88,300.39,313.19,301.92,155.22,268.93,154.90
264.42,313.68,297.54,314.70,302.46,156.08,269.34,155.06
263.03,312.12,295.64,313.52,302.38,157.33,269.77,155.92
264.13,307.54,294.85,308.14,297.72,161.04,267.01,160.44
264.44,307.46,295.33,308.35,299.63,160.42,268.74,159.53
264.37,307.18,295.32,308.18,300.13,159.94,269.18,158.94
264.86,307.29,295.81,308.51,301.65,160.27,270.69,159.05
265.51,306.78,296.23,308.17,302.87,161.08,272.16,159.70
265.77,304.29,296.45,305.95,304.41,159.02,273.73,157.36
265.25,304.11,295.96,305.98,304.95,158.91,274.24,157.03
265.38,303.30,296.07,304.95,303.99,157.99,273.30,156.34
263.75,303.00,294.45,304.90,303.54,157.88,272.84,155.98
262.48,302.11,293.28,304.14,303.01,156.67,272.21,154.64
260.36,300.69,291.13,303.07,302.56,155.69,271.78,153.30
260.45,299.40,291.27,301.75,302.52,154.16,271.70,151.81
259.13,299.46,289.96,301.94,301.88,154.31,271.05,151.82
259.31,298.40,289.72,300.54,300.01,154.90,269.59,152.75
257.59,297.59,288.48,299.98,299.93,152.05,269.04,149.66
258.93,297.43,289.88,299.18,298.25,150.94,267.29,149.19
267.95,300.87,298.98,298.88,289.49,150.28,258.46,152.27
273.38,299.14,303.96,295.57,286.85,149.14,256.27,152.71
264.10,298.49,295.01,297.99,292.62,149.94,261.71,150.44
268.69,301.97,301.46,299.58,290.00,142.62,257.22,145.01
266.39,298.92,299.17,297.20,290.94,140.26,258.16,141.98
255.81,295.77,287.74,299.72,306.70,146.82,274.77,142.87
258.68,287.31,288.01,288.59,294.18,148.13,264.85,146.85
258.96,286.41,288.51,287.83,295.31,146.35,265.76,144.93
258.26,286.68,287.99,288.33,295.87,145.92,266.14,144.28
258.50,285.60,288.39,287.53,297.65,144.39,267.76,142.46
258.54,284.63,288.17,286.61,297.69,144.72,268.06,142.73
259.21,284.07,288.83,286.25,299.28,144.37,269.66,142.19
259.82,284.44,289.71,286.58,299.95,143.42,270.05,141.29
260.31,284.03,290.05,286.64,302.55,144.19,272.81,141.58
260.95,283.63,290.59,286.38,303.75,144.43,274.11,141.68
261.12,283.88,290.91,286.61,303.98,143.98,274.19,141.25
260.50,282.91,290.09,285.89,304.36,144.18,274.77,141.21
259.26,283.67,288.90,287.03,304.99,145.09,275.35,141.73
258.87,283.03,288.57,286.40,304.70,144.16,275.00,140.79
258.62,283.43,288.23,286.73,304.06,144.96,274.45,141.65
260.11,282.73,289.46,285.97,304.96,145.39,275.60,142.15
258.69,283.30,288.08,286.58,303.77,145.85,274.38,142.57
259.51,282.50,288.44,285.79,304.17,147.21,275.23,143.93
260.78,282.66,289.65,285.61,303.80,147.35,274.93,144.40
261.89,283.09,290.81,285.77,303.67,147.30,274.75,144.61
264.83,283.66,293.81,285.80,304.08,147.02,275.10,144.88
266.24,284.53,295.13,286.36,303.90,148.01,275.01,146.18
267.86,283.40,296.61,284.82,303.41,147.12,274.65,145.70
268.37,282.83,296.97,284.50,304.95,147.57,276.36,145.90
270.07,282.37,298.67,283.62,304.67,146.63,276.07,145.38
273.51,281.45,301.87,282.05,304.74,146.21,276.38,145.62
275.90,282.08,304.52,282.23,305.23,145.15,276.60,145.00
278.04,281.19,306.70,281.02,305.89,143.79,277.23,143.96
278.99,281.19,307.45,280.79,305.54,144.50,277.08,144.90
279.99,280.33,308.23,279.93,306.33,144.68,278.09,145.08
280.50,281.35,308.73,281.11,307.62,145.96,279.39,146.20
267.79,281.66,296.86,282.34,300.13,143.15,271.06,142.47
269.41,281.33,298.74,281.79,300.97,141.37,271.65,140.90
271.75,281.24,301.00,281.54,302.44,141.49,273.20,141.19
272.15,281.07,301.30,281.50,303.37,141.90,274.22,141.47
273.51,281.18,302.81,281.77,305.66,141.49,276.36,140.90
274.48,282.17,303.88,282.81,306.98,141.99,277.58,141.34
276.44,287.45,307.76,287.58,308.44,137.56,277.11,137.43
279.75,289.14,311.31,288.92,310.27,137.79,278.71,138.01
281.13,290.41,312.71,290.25,311.97,138.97,280.38,139.13
283.41,290.44,315.02,290.17,313.73,138.81,282.12,139.08
289.13,298.15,322.31,296.75,315.63,137.84,282.45,139.24
284.86,308.20,317.55,308.75,320.22,152.20,287.52,151.64
273.06,311.66,305.33,313.72,315.20,159.19,282.93,157.12
276.36,310.30,308.96,312.10,317.54,156.00,284.95,154.21
286.20,310.82,318.87,312.04,324.74,155.62,292.07,154.39
292.04,312.57,324.50,313.72,329.99,158.30,297.54,157.15
299.11,312.59,331.49,314.21,339.27,159.17,306.90,157.54
301.36,327.63,331.91,328.40,335.63,182.09,305.07,181.31
306.71,327.27,336.53,328.06,340.34,185.26,310.52,184.46
316.92,325.50,345.97,326.17,349.16,187.04,320.11,186.38
323.32,325.11,351.98,325.35,353.14,188.07,324.48,187.83
2
0
0
0
0
1
277.57,143.82,287.78,304.15,333.04,301.18,322.82,140.84
277.68,144.17,289.84,304.60,335.12,301.07,322.96,140.65
276.92,143.70,288.57,303.28,333.61,299.89,321.96,140.31
277.89,143.85,291.62,301.61,336.14,297.65,322.42,139.89
276.06,144.54,293.71,304.51,338.86,299.43,321.21,139.46
275.69,144.44,293.84,304.32,338.96,299.10,320.82,139.22
275.28,145.94,295.37,305.30,340.34,299.53,320.25,140.18
273.39,145.75,295.26,306.62,340.66,300.36,318.79,139.48
272.46,145.47,293.68,306.00,338.98,299.92,317.77,139.39
271.70,145.16,294.00,307.43,339.80,301.04,317.49,138.77
270.29,144.98,294.31,308.95,340.59,302.07,316.56,138.10
269.24,144.96,290.56,308.54,336.72,302.42,315.40,138.85
268.42,144.93,289.15,308.43,335.29,302.49,314.57,138.98
268.27,146.20,288.40,309.66,334.54,303.89,314.41,140.42
270.67,145.03,283.76,307.47,329.61,303.68,316.52,141.24
270.91,145.24,284.08,308.03,330.02,304.22,316.85,141.43
271.72,145.13,282.95,307.16,328.68,303.89,317.45,141.87
271.81,145.19,282.97,307.53,328.79,304.29,317.63,141.95
271.58,144.56,281.16,308.31,327.38,305.51,317.80,141.76
270.76,143.79,280.95,307.04,327.03,304.07,316.84,140.82
271.02,143.98,280.59,307.84,326.84,305.05,317.28,141.18
271.31,143.33,280.85,306.14,326.80,303.35,317.26,140.54
271.72,143.09,280.75,305.86,326.69,303.21,317.67,140.45
271.43,142.45,282.13,304.88,327.98,301.77,317.27,139.34
270.87,142.50,283.35,305.46,329.35,301.85,316.87,138.88
271.33,142.45,284.08,305.24,330.03,301.55,317.27,138.76
271.76,142.51,284.31,305.77,330.40,302.13,317.84,138.87
272.54,142.92,286.44,305.94,332.45,301.92,318.55,138.90
269.17,144.43,287.47,308.10,333.66,302.84,315.36,139.17
270.18,145.36,291.11,306.31,336.53,300.31,315.60,139.36
271.40,145.11,292.80,306.57,338.37,300.43,316.96,138.97
271.25,145.13,293.55,308.18,339.57,301.79,317.26,138.74
272.66,145.42,295.42,308.69,341.49,302.17,318.73,138.90
273.13,145.69,296.16,308.98,342.24,302.38,319.21,139.09
272.31,146.50,296.97,310.70,343.31,303.64,318.65,139.45
270.10,147.18,296.69,311.06,342.94,303.46,316.34,139.57
270.28,147.32,297.04,312.34,343.61,304.69,316.85,139.67
269.58,146.78,296.15,313.80,343.28,306.20,316.71,139.18
268.42,146.83,293.97,315.66,341.61,308.35,316.06,139.52
268.87,147.89,295.73,315.97,343.16,308.29,316.30,140.21
269.17,149.05,295.75,317.44,343.27,309.84,316.69,141.45
268.58,150.12,297.50,321.38,345.83,313.12,316.91,141.85
278.52,143.11,307.59,321.22,357.86,312.91,328.78,134.80
277.68,142.50,309.76,322.16,360.46,313.00,328.38,133.34
270.33,147.43,298.00,330.22,349.58,322.31,321.92,139.51
270.74,147.84,299.56,330.72,351.16,322.48,322.35,139.60
271.82,148.54,300.59,331.83,352.32,323.60,323.54,140.31
274.04,148.38,304.19,332.57,356.17,323.95,326.01,139.76
275.72,148.57,305.72,332.18,357.53,323.60,327.53,140.00
277.05,147.95,306.10,331.83,357.99,323.52,328.95,139.64
277.32,148.26,305.93,331.76,357.71,323.58,329.10,140.07
276.03,148.63,307.70,332.73,359.65,323.69,327.98,139.58
277.08,147.76,307.94,331.63,359.83,322.81,328.97,138.94
278.29,147.52,306.59,332.88,358.90,324.78,330.60,139.42
278.30,146.75,306.83,333.33,359.49,325.16,330.95,138.59
277.03,143.04,304.53,333.69,358.34,325.82,330.84,135.16
279.22,142.81,304.23,334.73,358.39,327.56,333.39,135.64
280.76,143.24,304.44,334.65,358.46,327.85,334.78,136.45
282.21,142.70,303.91,334.59,358.06,328.35,336.37,136.47
282.27,142.96,304.47,334.73,358.59,328.35,336.39,136.58
282.74,145.12,306.19,335.60,359.95,328.86,336.50,138.39
282.91,144.26,306.44,335.26,360.34,328.51,336.82,137.51
285.74,145.23,307.44,336.06,361.29,329.83,339.60,139.00
285.39,145.62,307.87,336.01,361.60,329.56,339.12,139.16
285.83,146.74,307.01,336.51,360.57,330.42,339.39,140.65
286.43,147.13,306.90,335.92,360.18,330.03,339.71,141.24
284.82,147.43,307.52,336.32,360.83,329.80,338.13,140.91
284.86,148.26,309.11,336.21,362.15,329.25,337.90,141.31
285.44,148.82,310.61,336.44,363.56,329.22,338.39,141.60
283.82,149.84,311.33,337.42,364.27,329.55,336.76,141.97
281.89,152.25,314.41,339.37,367.22,330.09,334.70,142.96
281.90,151.80,318.05,340.18,371.21,329.87,335.06,141.49
281.03,155.05,321.06,341.76,373.75,330.35,333.71,143.64
280.10,155.38,324.13,341.69,376.70,329.15,332.67,142.84
279.79,155.30,325.07,341.86,377.71,328.97,332.43,142.41
279.98,153.69,325.20,342.11,378.36,329.23,333.15,140.81
279.54,152.37,324.61,341.15,377.87,328.31,332.81,139.54
280.61,153.36,326.26,341.97,379.48,328.97,333.83,140.36
281.53,152.50,327.98,340.79,381.11,327.56,334.65,139.27
283.15,151.82,329.11,341.55,382.64,328.46,336.68,138.74
284.10,151.62,329.09,341.66,382.71,328.85,337.72,138.81
284.78,150.01,329.93,340.28,383.61,327.42,338.47,137.15
286.41,151.13,331.25,341.35,384.92,328.58,340.09,138.36
289.34,149.79,331.85,341.14,385.84,329.03,343.34,137.68
290.05,151.30,333.06,340.45,386.43,328.20,343.42,139.05
292.46,151.25,333.56,340.73,387.03,329.02,345.93,139.53
293.13,151.74,335.09,339.40,388.04,327.44,346.08,139.78
295.02,151.74,336.30,340.05,389.44,328.29,348.16,139.97
295.26,152.86,337.68,339.85,390.44,327.77,348.02,140.78
295.67,153.79,339.29,339.60,391.72,327.17,348.10,141.37
295.65,154.89,341.18,339.51,393.27,326.55,347.75,141.93
295.46,155.95,341.70,339.19,393.40,326.03,347.16,142.79
294.82,157.18,342.38,339.41,393.79,325.88,346.23,143.65
294.47,157.78,342.71,339.42,393.96,325.69,345.72,144.06
291.77,159.22,343.07,339.22,393.85,324.64,342.55,144.63
289.86,161.98,342.31,340.01,392.53,325.10,340.09,147.07
277.15,149.48,326.23,347.17,382.01,333.20,332.92,135.51
274.42,150.27,324.87,347.22,380.44,332.86,329.99,135.91
272.43,150.16,324.64,347.13,380.22,332.28,328.01,135.30
273.80,149.02,321.21,346.24,376.86,332.75,329.45,135.52
271.77,149.68,321.24,346.58,376.80,332.50,327.32,135.60
269.26,150.79,323.45,346.96,378.79,331.55,324.60,135.38
268.19,149.74,320.94,347.49,376.73,332.48,323.98,134.74
268.79,149.88,320.64,347.28,376.34,332.53,324.48,135.12
269.20,149.84,321.11,347.52,376.88,332.75,324.97,135.07
268.93,149.78,322.01,348.97,378.21,333.87,325.13,134.68
270.12,149.09,323.30,349.59,379.87,334.47,326.69,133.96
271.23,148.91,325.69,350.14,382.46,334.65,328.01,133.42
272.56,149.94,327.56,351.52,384.43,335.87,329.43,134.30
274.49,150.31,329.79,351.95,386.68,336.22,331.38,134.59
277.46,150.07,330.20,351.34,386.99,336.34,334.24,135.07
278.11,149.86,332.88,352.34,390.01,336.76,335.23,134.28
280.40,149.69,335.69,352.75,392.98,337.03,337.69,133.97
282.65,150.23,336.91,352.37,393.94,336.93,339.68,134.80
285.88,149.46,338.07,353.57,395.65,338.72,343.47,134.61
287.27,150.55,339.84,354.58,397.41,339.63,344.84,135.59
289.13,151.34,342.14,354.18,399.37,339.10,346.36,136.26
289.84,152.36,344.87,355.57,402.20,339.92,347.17,136.71
291.87,152.92,347.01,355.29,404.10,339.61,348.97,137.24
294.32,154.30,349.03,355.73,405.86,340.17,351.16,138.74
294.78,156.26,352.31,356.95,408.93,340.60,351.40,139.90
295.93,156.53,354.69,357.80,411.47,341.09,352.71,139.83
296.32,156.83,357.27,358.30,414.11,340.98,353.16,139.51
296.74,157.45,359.63,359.80,416.72,341.93,353.83,139.58
296.73,158.21,362.77,360.01,419.70,341.25,353.66,139.45
297.63,156.86,362.47,360.28,419.85,341.85,355.02,138.44
298.97,156.69,365.16,360.11,422.54,341.30,356.36,137.88
298.04,155.47,365.04,360.78,422.97,341.75,355.96,136.43
300.96,153.95,365.35,361.13,423.80,342.83,359.41,135.65
301.18,152.41,365.86,361.76,424.92,343.38,360.24,134.03
304.00,151.88,368.52,361.67,427.70,343.34,363.19,133.54
305.99,153.04,370.75,363.22,430.04,344.82,365.29,134.63
306.16,152.99,374.80,362.52,433.91,343.02,365.26,133.49
310.69,153.24,377.60,362.81,436.72,343.80,369.81,134.23
315.13,152.96,379.98,363.38,439.35,344.95,374.50,134.53
317.68,153.87,383.42,363.37,442.52,344.69,376.78,135.19
321.53,152.99,384.85,363.47,444.23,345.47,380.91,134.99
325.06,151.60,388.26,363.96,448.17,345.99,384.97,133.63
329.65,151.29,391.66,363.60,451.56,345.97,389.55,133.66
333.86,149.09,394.13,364.15,454.80,347.01,394.53,131.95
337.41,148.61,395.81,363.72,456.50,347.11,398.10,132.00
339.19,149.56,399.89,365.09,460.70,347.83,400.00,132.30
340.17,147.57,401.42,365.87,463.01,348.45,401.76,130.15
343.15,146.66,402.64,365.95,464.51,349.03,405.02,129.74
342.91,146.75,405.14,366.34,467.10,348.65,404.87,129.05
343.09,146.65,406.78,366.90,468.92,348.79,405.22,128.54
346.68,144.50,406.07,367.91,469.10,351.02,409.71,127.60
346.51,144.74,408.47,368.40,471.57,350.78,409.62,127.12
345.91,141.43,411.46,369.61,475.84,350.97,410.29,122.79
347.55,141.80,414.73,368.70,478.74,349.61,411.56,122.70
346.16,142.89,419.33,369.48,483.26,348.69,410.08,122.10
346.81,142.04,422.48,368.98,486.50,347.49,410.83,120.54
364.41,125.19,428.04,359.51,494.15,341.41,430.52,107.09
356.40,132.59,445.77,362.77,510.70,337.41,421.32,107.23
360.50,131.04,448.56,362.45,513.83,337.46,425.78,106.04
367.27,129.93,449.57,361.94,515.02,338.57,432.72,106.56
369.45,129.79,454.78,362.55,520.43,338.33,435.11,105.57
373.59,128.77,457.49,360.99,523.00,337.17,439.10,104.95
376.94,126.04,459.20,362.79,525.98,339.43,443.73,102.68
378.55,120.47,462.62,363.72,531.24,339.85,447.17,96.60
383.43,115.89,459.55,365.09,529.85,343.45,453.73,94.25
385.65,112.73,460.29,365.84,531.69,344.62,457.05,91.52
384.87,111.08,460.82,365.20,532.52,343.61,456.57,89.50
386.40,111.08,460.65,365.57,532.44,344.46,458.19,89.97
386.43,109.99,461.75,365.11,533.73,343.69,458.40,88.57
381.52,112.35,464.08,366.74,535.84,343.29,453.29,88.89
380.91,112.21,466.13,367.13,538.05,342.93,452.82,88.00
378.73,112.94,466.49,367.90,538.42,342.98,450.66,88.01
378.99,112.33,464.65,368.64,536.95,344.31,451.29,88.00
377.39,112.39,464.19,369.35,536.68,344.69,449.87,87.74
377.98,112.30,461.44,369.47,533.98,345.76,450.53,88.60
378.46,110.94,459.08,368.07,531.62,345.17,451.00,88.03
376.72,111.50,455.80,370.01,528.73,347.53,449.65,89.02
374.65,108.85,454.32,371.29,528.36,348.65,448.69,86.21
369.36,109.57,453.98,371.73,527.94,347.69,443.31,85.53
367.26,111.03,453.23,372.15,526.89,347.72,440.92,86.61
361.93,110.66,454.37,372.96,528.36,346.71,435.92,84.41
359.62,109.92,451.27,373.06,525.51,347.04,433.85,83.89
357.06,109.55,448.03,372.41,522.18,346.58,431.21,83.72
357.42,109.43,440.50,369.38,513.83,345.78,430.76,85.83
355.58,109.53,437.45,368.34,510.46,345.08,428.59,86.26
352.53,107.89,434.87,367.77,508.18,344.37,425.84,84.50
351.70,107.27,430.24,367.17,503.56,344.85,425.02,84.95
347.83,105.45,429.49,367.81,503.50,344.60,421.85,82.25
342.35,105.23,430.19,369.06,504.61,344.11,416.78,80.29
340.55,105.57,429.66,369.35,504.07,344.04,414.96,80.26
338.60,105.68,429.67,369.05,503.96,343.19,412.89,79.82
338.91,104.80,428.53,368.93,503.04,343.48,413.42,79.35
335.90,105.43,431.30,369.81,505.88,342.72,410.47,78.34
336.19,103.84,431.56,370.82,506.88,343.74,411.50,76.76
339.30,102.27,429.96,369.90,505.46,344.15,414.80,76.52
340.79,103.48,430.33,367.05,504.68,341.62,415.14,78.06
339.52,102.91,431.64,367.15,506.18,340.99,414.06,76.75
339.88,102.88,431.19,366.71,505.61,340.78,414.31,76.95
341.24,100.61,430.57,365.76,505.37,340.38,416.03,75.24
339.16,101.21,433.45,366.84,508.38,340.06,414.09,74.44
339.80,100.67,434.60,366.41,509.56,339.50,414.76,73.76
341.23,100.55,433.87,365.99,508.75,339.68,416.11,74.24
342.80,100.33,432.72,365.47,507.52,339.93,417.59,74.79
342.51,99.39,433.13,366.57,508.51,340.83,417.88,73.65
338.46,100.35,436.31,368.23,511.87,340.45,414.02,72.57
337.78,101.33,437.67,367.85,512.85,339.50,412.96,72.97
332.28,103.51,442.79,369.27,517.75,337.91,407.23,72.15
329.05,101.63,443.61,370.30,519.38,337.81,404.83,69.13
330.91,98.89,444.46,369.50,520.79,337.29,407.24,66.68
336.80,98.54,438.75,365.79,514.13,336.85,412.18,69.60
344.09,94.04,431.93,364.43,508.21,339.47,420.36,69.08
346.65,91.86,432.04,363.20,508.59,338.94,423.20,67.60
345.38,91.81,435.22,364.55,512.16,339.03,422.33,66.29
336.92,95.64,443.62,365.46,519.72,335.18,413.03,65.36
339.53,94.99,444.13,364.81,520.24,335.12,415.63,65.30
335.99,100.64,448.52,365.27,523.16,333.35,410.63,68.72
341.13,98.00,448.20,363.77,523.16,333.39,416.09,67.61
343.52,97.73,447.86,363.31,522.77,333.70,418.43,68.12
343.65,103.30,451.63,361.91,524.57,331.28,416.59,72.67
346.96,95.72,450.82,362.14,525.96,332.66,422.11,66.25
377.30,99.50,425.89,367.18,501.42,353.31,452.83,85.62
376.96,98.78,430.78,365.94,506.16,350.60,452.35,83.43
373.93,94.69,431.50,369.19,508.95,352.78,451.38,78.28
393.71,112.31,426.45,357.45,495.64,348.06,462.89,102.92
394.15,109.95,424.19,356.88,493.88,348.26,463.84,101.33
395.82,108.82,424.49,356.66,494.43,348.42,465.77,100.58
399.90,106.28,423.32,357.28,494.16,350.52,470.74,99.52
398.98,106.05,422.32,357.84,493.38,351.10,470.05,99.32
395.45,110.62,425.61,355.27,494.66,346.61,464.50,101.96
392.77,108.04,424.69,357.39,495.06,348.24,463.14,98.89
390.30,109.45,421.95,356.18,491.58,347.10,459.93,100.37
389.07,115.61,428.01,346.60,493.19,335.47,454.25,104.48
387.95,114.49,425.45,345.96,490.77,335.24,453.26,103.77
384.80,115.49,423.35,344.02,487.84,333.00,449.29,104.47
379.52,112.60,425.40,348.21,491.88,335.12,446.01,99.51
380.39,124.79,414.19,386.69,488.11,377.00,454.30,115.09
376.38,122.64,404.95,387.05,479.58,378.83,451.00,114.42
377.77,120.76,409.40,385.77,484.19,376.68,452.56,111.68
378.25,120.30,402.42,385.49,477.27,378.52,453.10,113.32
376.73,113.46,396.68,386.00,473.60,380.21,453.65,107.67
374.87,112.28,393.44,386.82,470.93,381.42,452.36,106.88
375.13,111.71,389.36,384.15,466.26,379.97,452.03,107.53
371.37,89.07,364.17,355.14,439.28,357.02,446.49,90.94
371.56,87.12,359.55,355.42,435.29,358.66,447.31,90.36
366.06,86.73,360.26,356.60,436.45,358.08,442.24,88.20
360.10,86.17,363.01,356.88,439.43,355.90,436.52,85.19
358.99,85.07,360.93,356.44,437.53,355.74,435.60,84.36
359.81,87.42,358.93,352.13,433.66,352.22,434.54,87.51
355.93,82.99,358.72,354.66,435.41,353.72,432.62,82.04
356.06,82.23,359.28,352.42,435.55,351.35,432.33,81.17
351.50,79.30,360.81,355.32,438.72,352.53,429.41,76.51
353.08,80.04,360.04,350.85,436.48,348.72,429.52,77.92
353.75,78.64,356.70,350.06,433.32,349.07,430.37,77.65
353.35,76.67,355.05,349.56,432.08,348.92,430.38,76.03
352.65,73.42,352.10,350.14,430.21,350.13,430.76,73.41
351.03,72.83,349.89,350.62,428.31,350.78,429.45,72.99
351.26,71.84,347.72,351.87,426.77,352.71,430.31,72.68
350.04,71.84,346.15,351.96,425.22,352.90,429.12,72.78
347.86,70.52,346.26,352.88,425.97,353.17,427.57,70.81
352.26,57.02,323.58,315.70,396.62,323.64,425.30,64.97
349.36,58.66,323.24,314.55,395.49,321.78,421.62,65.88
347.88,60.47,324.19,315.17,396.10,321.71,419.80,67.01
351.12,58.94,319.89,314.41,392.02,323.07,423.25,67.61
349.74,58.26,316.28,314.43,388.62,323.73,422.08,67.56
348.19,58.58,316.22,315.62,388.80,324.49,420.76,67.46
346.70,60.77,317.73,315.40,389.62,323.43,418.60,68.80
344.86,61.17,317.19,316.05,389.16,323.72,416.83,68.83
341.39,63.88,322.02,317.55,393.64,322.88,413.01,69.20
344.75,63.66,315.70,315.66,386.86,323.71,415.91,71.72
346.20,59.71,308.91,319.13,382.17,329.50,419.45,70.08
404.61,39.89,288.36,288.01,358.47,320.68,474.72,72.57
401.53,41.60,285.98,287.35,355.42,319.83,470.97,74.08
399.10,42.98,284.94,287.33,353.99,319.41,468.15,75.06
400.76,47.62,285.07,286.70,352.63,319.22,468.32,80.14
405.41,49.94,280.04,286.72,346.95,321.98,472.32,85.20
405.91,47.67,277.35,287.65,345.17,323.80,473.73,83.82
400.08,39.05,271.38,291.47,342.71,327.65,471.41,75.23
346.12,23.90,281.14,297.09,358.30,315.28,423.28,42.09
305.06,43.76,303.51,305.55,377.41,305.83,378.96,44.05
301.63,41.30,303.40,306.95,378.39,306.30,376.62,40.65
297.56,44.81,301.21,307.57,375.38,306.39,371.74,43.63
305.47,47.51,291.62,304.67,364.22,308.43,378.07,51.27
340.42,62.93,284.63,296.59,350.62,312.21,406.42,78.54
335.28,63.61,283.24,297.79,349.38,312.35,401.42,78.17
336.38,63.05,274.32,300.66,341.43,318.04,403.49,80.43
366.20,77.03,263.15,288.83,323.00,317.80,426.05,106.00
395.46,77.27,296.99,289.34,356.92,317.01,455.38,104.95
402.90,96.35,294.77,319.07,357.71,349.46,465.83,126.75
276.26,86.60,363.83,310.15,426.89,285.30,339.32,61.74
272.16,86.31,360.22,312.01,423.88,287.01,335.82,61.32
269.67,86.47,355.30,311.52,418.77,287.21,333.15,62.17
266.62,86.92,350.47,310.54,413.55,286.74,329.70,63.12
261.60,85.46,348.55,313.10,412.76,288.42,325.81,60.79
260.67,86.41,347.09,313.01,411.01,288.48,324.59,61.88
255.45,93.77,353.42,312.04,414.98,284.26,317.01,65.99
255.52,91.11,356.12,313.97,418.98,285.44,318.37,62.58
288.86,95.86,304.57,343.58,374.49,339.00,358.78,91.28
288.63,92.20,300.01,340.41,370.07,337.05,358.69,88.84
277.39,94.15,295.65,336.60,364.09,331.30,345.82,88.85
276.02,95.67,293.96,335.90,361.77,330.69,343.83,90.47
264.90,95.32,284.85,338.72,353.54,332.95,333.60,89.55
265.77,97.54,270.02,346.03,340.16,344.69,335.91,96.20
257.22,97.93,268.56,347.40,338.98,344.05,327.63,94.58
258.83,97.97,270.42,346.62,340.61,343.21,329.02,94.55
258.33,93.26,271.27,349.37,343.56,345.56,330.62,89.45
255.00,93.88,269.30,350.86,341.84,346.67,327.53,89.69
256.90,94.09,265.81,350.72,338.25,348.06,329.34,91.42
254.51,89.55,263.67,353.40,338.15,350.66,328.99,86.81
251.24,94.90,264.34,354.57,337.64,350.72,324.53,91.04
248.84,96.22,266.01,355.11,339.08,350.12,321.92,91.22
247.72,98.10,263.03,356.09,335.85,351.62,320.54,93.63
242.08,96.74,262.71,359.23,336.80,353.25,316.17,90.76
241.97,96.27,261.39,359.33,335.64,353.69,316.22,90.64
240.82,99.66,255.78,359.86,329.22,355.49,314.26,95.29
238.76,99.45,255.98,360.09,329.54,355.07,312.33,94.44
237.76,99.02,253.45,359.93,327.10,355.35,311.40,94.43
235.84,99.01,252.39,362.57,326.78,357.75,310.23,94.19
234.12,99.62,251.27,363.74,325.81,358.74,308.67,94.63
236.52,103.54,250.64,361.98,323.58,357.84,309.47,99.40
237.05,104.52,249.80,362.77,322.70,359.02,309.95,100.77
231.52,103.12,252.71,367.51,327.34,361.37,306.14,96.99
233.62,102.44,249.75,368.62,324.88,363.91,308.75,97.73
233.97,103.13,251.19,370.14,326.56,365.13,309.34,98.11
235.16,104.51,251.11,372.31,326.70,367.65,310.75,99.85
236.07,107.31,254.98,372.56,329.85,367.07,310.94,101.82
234.39,106.41,260.24,375.26,336.12,367.80,310.27,98.95
237.38,111.40,260.47,374.20,334.65,367.52,311.55,104.73
240.64,112.53,262.15,374.70,336.15,368.47,314.63,106.30
241.51,112.23,264.97,376.04,339.43,369.26,315.96,105.45
245.02,115.24,267.79,376.46,341.52,369.88,318.74,108.66
243.08,111.45,271.24,380.32,347.12,372.22,318.97,103.34
236.23,110.38,279.56,382.77,356.42,370.38,313.09,97.99
234.89,106.76,279.48,385.62,358.17,372.87,313.58,94.01
232.38,108.30,283.67,388.14,362.64,373.50,311.35,93.66
234.32,109.67,282.58,390.04,361.70,376.26,313.44,95.89
228.80,110.02,289.19,392.64,368.93,375.43,308.54,92.81
226.16,110.87,290.82,395.64,371.17,377.22,306.50,92.45
230.92,112.94,285.80,395.42,365.51,379.76,310.63,97.28
221.12,110.77,288.09,400.27,369.77,381.20,302.80,91.70
216.89,113.00,293.90,404.00,376.01,382.09,299.00,91.09
207.54,114.49,299.39,409.53,382.62,383.43,290.78,88.39
215.48,119.27,293.46,408.30,375.01,386.11,297.02,97.08
220.60,124.55,286.75,406.70,366.36,387.86,300.21,105.71
222.98,132.52,285.99,406.72,363.35,388.77,300.35,114.57
227.91,130.21,283.52,407.02,361.63,391.16,306.02,114.35
228.34,135.15,284.40,407.53,361.26,391.55,305.20,119.17
223.95,138.69,286.14,409.28,362.49,391.57,300.30,120.98
248.52,141.64,306.60,408.19,381.81,391.64,323.73,125.09
291.06,134.43,321.36,404.84,397.68,396.12,367.38,125.72
2
0
0
0
0
1
271.31,339.22,327.67,330.43,297.60,137.66,241.25,146.44
270.53,339.55,326.84,331.34,298.77,138.73,242.46,146.93
271.49,339.05,326.67,331.20,299.84,142.45,244.66,150.29
273.12,338.40,326.88,330.37,299.39,146.48,245.63,154.50
274.01,339.52,327.40,331.98,301.61,149.36,248.22,156.89
273.98,341.95,330.23,333.20,300.32,140.79,244.06,149.52
272.12,342.47,328.76,334.71,302.20,140.99,245.56,148.75
272.28,342.51,328.67,335.80,305.74,142.93,249.36,149.63
277.52,345.29,334.91,335.55,301.58,139.24,244.18,148.97
276.30,346.09,334.71,336.10,300.54,136.32,242.13,146.30
276.33,346.95,334.79,336.28,298.30,136.33,239.85,146.98
275.70,346.38,334.44,335.41,296.91,134.51,238.18,145.47
275.35,346.98,334.30,335.51,295.08,133.85,236.12,145.31
274.73,346.36,333.91,334.63,293.77,132.20,234.59,143.92
268.93,340.01,324.13,332.69,299.10,143.88,243.90,151.19
270.45,340.17,324.75,331.47,295.02,145.73,240.71,154.41
271.60,340.15,326.41,329.84,291.17,142.35,236.35,152.64
270.14,338.22,325.14,327.60,288.80,139.48,233.80,150.09
263.81,336.74,319.58,329.06,293.30,138.31,237.54,145.99
261.37,335.44,317.20,327.68,290.65,136.72,234.83,144.47
259.75,334.43,315.56,326.81,289.51,135.94,233.70,143.54
258.09,334.14,314.06,326.58,288.20,135.15,232.23,142.70
257.94,333.88,313.98,325.86,286.55,134.19,230.51,142.20
255.52,332.24,310.94,325.60,288.21,136.05,232.80,142.69
253.17,331.02,308.73,325.08,288.38,135.05,232.83,140.98
258.92,333.54,315.54,324.05,283.08,130.40,226.46,139.88
259.35,332.45,315.66,322.88,282.93,130.29,226.62,139.85
261.71,331.28,317.48,321.20,283.02,130.44,227.25,140.51
261.83,331.47,318.00,321.47,283.82,129.32,227.65,139.31
263.31,331.23,319.26,320.99,284.22,129.62,228.27,139.85
264.43,331.23,320.40,320.79,284.70,129.33,228.72,139.76
266.41,330.66,322.06,320.38,286.90,130.02,231.25,140.29
266.62,330.78,322.66,320.44,287.31,128.74,231.27,139.07
266.55,331.50,322.87,321.50,288.66,128.86,232.34,138.85
266.62,331.10,323.31,321.80,291.48,127.91,234.80,137.20
267.25,331.36,324.33,321.94,292.08,126.72,235.01,136.13
267.20,330.45,323.40,322.76,297.10,130.54,240.90,138.22
265.91,329.90,322.81,322.94,299.01,128.32,242.11,135.27
264.62,330.04,322.33,323.29,299.23,125.88,241.52,132.62
264.77,330.49,322.90,323.75,299.85,124.94,241.73,131.67
264.02,328.82,321.61,323.19,302.33,126.20,244.74,131.83
264.38,299.76,317.07,294.82,300.16,114.60,247.47,119.54
263.86,299.76,316.80,294.57,299.04,113.47,246.10,118.66
269.01,304.55,324.23,295.39,292.90,106.51,237.68,115.66
269.82,304.01,324.99,294.88,293.74,106.16,238.57,115.29
269.67,304.14,325.38,295.67,296.41,105.11,240.70,113.57
264.91,304.49,321.48,297.40,297.22,103.91,240.65,110.99
265.52,301.68,319.92,293.03,290.33,106.95,235.93,115.59
264.14,301.35,318.39,293.22,290.57,107.64,236.32,115.77
271.75,300.30,324.94,292.78,299.21,110.85,246.02,118.36
269.09,300.26,322.30,293.21,298.20,111.20,244.99,118.24
269.62,299.91,322.64,292.69,297.97,111.33,244.94,118.53
263.79,305.22,321.83,295.88,289.90,97.38,231.87,106.70
257.69,303.29,316.24,297.62,296.82,97.36,238.27,103.02
260.06,304.27,318.59,297.51,295.49,97.30,236.96,104.04
258.97,302.31,317.24,295.94,295.44,96.61,237.17,102.98
264.82,303.31,321.06,294.81,291.99,102.44,235.75,110.93
263.28,301.63,319.18,292.85,289.14,101.65,233.24,110.42
259.28,300.80,315.27,293.19,289.21,101.69,233.23,109.29
256.47,297.35,311.26,291.17,290.13,103.76,235.35,109.93
265.44,298.74,319.12,290.67,291.50,107.07,237.82,115.14
267.81,297.75,321.08,291.64,300.19,109.41,246.91,115.51
271.26,301.31,326.30,290.44,289.13,102.17,234.08,113.03
269.11,301.25,324.03,290.28,286.52,102.42,231.60,113.37
269.11,301.67,324.56,290.76,287.26,101.10,231.81,111.99
269.15,299.91,323.33,289.66,288.29,104.34,234.11,114.58
265.92,298.93,320.22,290.21,290.39,104.47,236.09,113.18
267.62,300.74,323.15,290.45,287.95,100.53,232.43,110.81
261.95,299.56,317.60,290.50,286.63,100.14,230.97,109.19
263.64,299.51,319.42,289.43,284.94,98.63,229.16,108.70
261.76,299.77,317.71,289.58,282.85,98.21,226.91,108.39
260.26,300.27,316.45,289.78,280.55,97.57,224.35,108.06
258.73,300.37,315.16,290.30,280.73,97.30,224.30,107.35
257.17,299.76,313.81,289.58,278.97,95.83,222.33,106.01
258.85,300.21,315.43,289.25,277.97,95.71,221.39,106.65
252.39,293.83,309.20,289.94,295.88,95.62,239.07,99.50
250.26,275.58,305.79,265.54,271.46,75.60,215.93,85.63
253.09,274.13,308.38,263.41,271.70,74.26,216.40,84.98
250.82,273.63,305.97,263.72,272.09,75.07,216.94,84.97
247.07,271.71,302.78,263.61,275.06,73.07,219.36,81.17
241.94,270.94,298.22,264.85,277.39,72.33,221.10,78.41
243.36,270.32,299.96,264.04,278.48,70.44,221.88,76.71
240.07,269.58,298.08,264.15,279.48,65.70,221.47,71.13
240.08,264.69,293.06,256.74,265.89,75.54,212.91,83.47
245.65,264.90,299.27,254.99,265.36,71.57,211.74,81.47
243.68,264.05,297.01,254.49,264.31,72.07,210.98,81.62
243.77,262.12,296.11,252.51,263.24,73.51,210.91,83.11
242.81,261.31,295.08,252.26,264.10,73.44,211.82,82.49
244.43,261.58,296.70,251.04,260.66,72.26,208.39,82.79
236.73,265.25,293.89,256.09,262.54,60.60,205.39,69.75
242.79,262.41,296.86,253.24,265.51,68.27,211.43,77.43
243.26,259.98,296.05,251.58,267.32,71.01,214.53,79.40
240.89,259.50,293.58,251.65,266.73,71.45,214.05,79.29
239.11,259.74,291.87,252.30,266.41,71.83,213.65,79.26
238.29,259.36,291.45,251.67,265.15,69.83,211.99,77.51
237.30,259.59,290.28,251.94,264.12,70.73,211.14,78.37
237.87,260.09,290.87,252.14,263.66,70.85,210.66,78.79
235.13,261.74,289.13,254.21,263.39,69.49,209.39,77.00
235.97,260.95,289.42,253.38,263.52,70.55,210.07,78.11
236.42,261.21,289.91,253.28,262.76,70.34,209.27,78.27
236.32,261.90,290.56,253.90,263.19,68.37,208.95,76.36
235.51,262.21,290.05,254.41,263.39,67.84,208.84,75.63
235.11,262.06,289.37,254.32,262.90,68.73,208.64,76.46
232.47,263.03,287.88,256.04,263.97,66.51,208.56,73.49
259.69,262.29,311.72,250.91,272.81,72.97,220.79,84.33
260.33,260.76,311.60,249.58,273.34,74.19,222.07,85.37
262.17,260.43,312.71,247.96,270.05,75.07,219.50,87.54
260.34,258.80,311.18,250.85,284.01,76.93,233.16,84.87
268.32,257.39,316.68,249.59,290.02,84.20,241.66,91.99
279.09,259.48,330.43,248.94,294.36,73.32,243.02,83.86
280.92,261.46,336.40,252.43,305.53,62.66,250.05,71.67
282.26,261.86,337.82,252.92,307.22,62.89,251.66,71.82
284.86,262.17,340.88,253.60,311.58,61.97,255.55,70.53
289.36,260.29,341.89,252.49,315.22,72.81,262.69,80.59
2
0
0
0
0
1
212.59,30.45,224.90,202.19,272.58,198.69,260.27,26.95
213.01,29.93,223.77,202.19,271.59,199.12,260.84,26.86
214.35,28.87,221.05,202.36,269.22,200.42,262.52,26.93
211.45,28.21,227.63,203.42,276.26,198.84,260.08,23.64
210.61,27.87,228.01,204.57,277.06,199.66,259.66,22.96
209.90,24.40,226.54,204.66,276.58,199.95,259.94,19.69
210.20,8.70,218.18,207.67,273.42,205.35,265.44,6.39
210.82,5.83,216.42,208.93,272.80,207.28,267.20,4.18
209.84,5.78,217.03,209.75,273.65,207.66,266.47,3.69
211.05,4.65,216.56,211.95,274.11,210.32,268.60,3.02
210.51,3.92,216.93,213.35,275.08,211.47,268.65,2.04
208.98,6.60,220.43,215.03,278.29,211.75,266.84,3.33
209.08,7.16,221.98,217.52,280.38,213.84,267.48,3.48
209.86,7.50,222.16,217.94,280.58,214.43,268.28,3.99
211.35,9.90,223.29,219.69,281.53,216.27,269.59,6.49
210.86,12.77,223.58,221.62,281.56,217.99,268.84,9.14
213.20,11.61,221.89,223.71,280.77,221.19,272.08,9.10
213.81,16.35,222.28,226.03,280.49,223.58,272.02,13.90
215.22,20.57,223.91,229.68,281.96,227.17,273.27,18.06
214.77,27.39,226.60,234.22,284.01,230.84,272.19,24.01
217.45,30.33,227.73,236.83,285.06,233.88,274.78,27.39
216.84,32.12,229.69,240.37,287.51,236.70,274.65,28.45
217.94,34.92,231.46,243.74,289.43,239.89,275.91,31.07
220.69,38.21,232.79,246.38,290.58,242.93,278.48,34.75
223.96,39.34,233.39,247.88,291.28,245.16,281.86,36.62
225.47,40.44,236.64,250.44,294.94,247.24,283.77,37.24
214.97,53.09,242.45,254.25,298.28,246.52,270.80,45.37
226.43,54.87,242.95,252.58,297.83,247.90,281.31,50.20
228.15,54.85,248.08,254.79,303.58,249.16,283.65,49.23
231.33,55.50,245.88,225.77,293.15,221.65,278.60,51.38
235.13,59.33,247.27,233.53,295.63,230.08,283.49,55.88
234.59,60.10,252.04,234.49,300.45,229.56,283.00,55.18
237.29,58.19,254.87,235.31,304.04,230.34,286.46,53.22
237.95,57.58,255.15,234.82,304.36,229.96,287.15,52.72
241.48,56.67,256.01,236.81,306.01,232.69,291.48,52.56
244.19,55.89,255.78,238.12,306.37,234.82,294.78,52.58
246.65,57.51,257.97,238.88,308.32,235.65,297.00,54.28
248.57,57.60,259.34,240.21,310.04,237.13,299.26,54.52
249.79,61.11,263.36,240.77,313.23,236.92,299.66,57.26
253.10,64.34,264.15,239.98,312.91,236.83,301.86,61.19
248.99,62.44,271.40,243.10,321.55,236.79,299.13,56.13
244.94,63.65,292.24,248.43,343.52,235.21,296.22,50.43
245.48,62.48,292.64,250.04,344.69,236.85,297.53,49.30
240.22,56.63,273.30,250.64,327.15,241.37,294.07,47.36
242.57,55.35,274.00,251.88,328.55,243.06,297.12,46.53
243.99,53.20,273.51,252.64,328.87,244.35,299.35,44.91
246.15,50.51,275.18,253.11,331.41,244.95,302.39,42.36
248.69,47.67,276.27,252.42,333.10,244.66,305.53,39.92
251.48,46.15,275.68,252.12,332.86,245.30,308.66,39.34
252.13,43.59,275.63,251.44,333.32,244.81,309.83,36.97
256.28,39.07,271.86,249.41,330.26,244.98,314.67,34.64
259.49,35.96,270.89,247.93,329.74,244.66,318.33,32.69
261.46,34.28,271.31,247.96,330.63,245.12,320.78,31.44
263.46,31.62,272.07,247.13,331.90,244.63,323.29,29.13
265.07,28.33,274.34,246.29,334.85,243.62,325.58,25.65
267.07,28.57,277.26,245.47,337.47,242.54,327.28,25.64
269.62,27.18,279.47,245.44,340.07,242.59,330.21,24.34
271.59,26.24,280.72,244.15,341.22,241.51,332.09,23.60
274.56,27.83,283.01,242.73,342.67,240.28,334.22,25.38
276.73,27.42,286.19,243.56,346.20,240.83,336.73,24.70
278.94,28.96,289.12,243.35,348.64,240.42,338.45,26.03
280.30,29.62,290.11,243.55,349.50,240.72,339.69,26.80
281.36,33.69,303.88,240.84,361.39,234.49,338.87,27.34
282.11,36.26,307.30,240.08,363.88,232.99,338.69,29.17
283.07,37.08,311.06,241.41,367.77,233.54,339.78,29.22
285.62,36.90,313.18,240.83,369.79,233.08,342.23,29.15
286.30,37.31,314.78,241.17,371.37,233.17,342.89,29.31
287.95,36.32,314.52,240.69,371.24,233.21,344.67,28.85
288.57,37.19,313.60,241.16,370.22,234.11,345.19,30.15
288.12,36.40,314.03,242.03,371.11,234.74,345.20,29.11
290.56,37.10,315.03,241.88,371.88,234.98,347.40,30.21
291.65,35.31,313.36,242.90,370.99,236.77,349.27,29.18
293.84,34.98,311.68,242.18,369.20,237.12,351.36,29.93
295.41,36.25,310.54,241.46,367.51,237.16,352.37,31.95
294.38,36.41,313.82,242.81,371.12,237.32,351.68,30.92
296.37,37.23,315.57,242.90,372.66,237.47,353.46,31.81
297.56,36.95,315.57,242.01,372.50,236.91,354.49,31.85
300.45,36.18,315.31,241.67,372.36,237.45,357.49,31.95
301.65,36.14,316.84,241.89,373.96,237.57,358.77,31.82
302.83,36.37,316.77,240.51,373.44,236.54,359.50,32.40
305.38,35.94,315.10,239.03,371.48,236.23,361.76,33.15
308.08,33.13,311.93,238.80,369.03,237.63,365.18,31.96
310.55,30.89,309.89,238.52,367.53,238.61,368.19,30.97
311.58,30.24,311.22,239.03,369.19,239.03,369.55,30.25
314.90,28.90,309.71,238.55,367.92,239.89,373.11,30.25
316.41,31.18,310.38,237.44,367.65,239.02,373.68,32.76
318.26,26.62,309.53,238.45,368.34,240.77,377.08,28.95
320.78,28.21,306.72,237.97,364.96,241.77,379.02,32.02
319.52,35.06,311.25,237.86,367.56,240.06,375.83,37.26
319.48,37.28,310.43,238.78,366.38,241.19,375.43,39.70
319.89,36.29,308.63,239.76,365.12,242.79,376.38,39.32
317.86,38.14,311.44,240.11,367.52,241.79,373.94,39.83
317.54,38.53,311.19,241.75,367.62,243.41,373.96,40.20
317.72,40.83,311.23,242.53,367.23,244.24,373.73,42.54
317.57,41.57,307.76,241.94,363.39,244.57,373.20,44.20
319.28,46.05,309.71,242.05,364.13,244.61,373.70,48.62
320.53,49.31,311.84,241.79,365.28,244.11,373.97,51.63
319.38,54.52,315.38,242.07,367.45,243.09,371.45,55.55
322.05,57.72,317.19,241.55,368.23,242.81,373.09,58.99
324.62,58.81,319.14,241.17,369.77,242.60,375.25,60.25
328.61,57.93,318.19,240.74,368.95,243.54,379.37,60.74
330.14,55.24,319.32,242.01,371.17,244.92,381.99,58.16
332.50,54.12,319.57,242.07,371.75,245.57,384.68,57.63
337.49,52.51,321.30,240.83,373.59,245.24,389.79,56.92
340.52,50.60,321.12,240.67,373.90,245.97,393.30,55.90
342.60,48.92,321.92,240.56,375.13,246.21,395.81,54.58
343.21,47.46,324.56,240.45,378.15,245.54,396.80,52.55
343.02,44.92,325.54,240.80,379.93,245.56,397.41,49.68
343.81,43.33,325.15,240.86,380.00,245.94,398.66,48.42
343.25,43.01,324.96,241.39,380.05,246.37,398.33,47.99
343.93,42.22,325.01,241.73,380.41,246.88,399.33,47.39
343.92,41.74,323.99,241.76,379.54,247.19,399.46,47.17
343.72,43.56,324.70,241.20,379.58,246.39,398.61,48.75
345.20,43.00,322.48,240.62,377.36,246.83,400.08,49.22
345.69,44.24,322.03,239.07,376.13,245.54,399.79,50.72
346.01,44.78,321.43,239.25,375.44,245.98,400.01,51.51
345.71,46.90,322.17,238.04,375.24,244.49,398.79,53.35
347.24,50.62,323.28,236.29,374.83,242.85,398.80,57.19
349.33,54.38,323.93,234.29,373.89,241.25,399.29,61.35
351.12,54.59,324.06,232.65,373.51,240.08,400.57,62.02
350.87,52.73,324.43,232.30,374.30,239.56,400.74,59.99
351.49,51.38,326.46,230.41,376.18,237.28,401.21,58.24
351.28,52.92,327.28,229.30,376.26,235.88,400.26,59.50
352.34,47.27,328.72,228.17,378.95,234.64,402.57,53.75
351.45,46.08,330.64,227.38,380.99,233.07,401.80,51.77
352.11,42.83,330.71,225.36,381.39,231.21,402.80,48.68
353.20,42.23,331.10,223.79,381.52,229.84,403.61,48.28
2
0
0
0
0
1
358.93,171.17,401.99,171.39,402.76,23.43,359.70,23.21
359.59,170.76,402.41,170.91,402.93,23.80,360.12,23.65
361.26,170.16,404.15,169.84,403.04,22.48,360.16,22.81
361.53,170.45,404.37,169.94,402.61,22.73,359.76,23.24
361.98,169.12,404.40,168.87,403.52,23.12,361.10,23.37
362.50,168.80,404.38,168.40,403.00,24.50,361.12,24.90
361.24,168.27,402.95,168.39,403.36,25.08,361.65,24.96
360.94,167.55,402.33,167.92,403.62,25.70,362.22,25.32
360.89,168.49,402.41,168.65,402.96,25.97,361.43,25.81
361.27,169.12,402.94,169.18,403.12,26.00,361.46,25.95
361.18,168.97,402.52,169.18,403.27,27.16,361.93,26.94
360.83,169.89,402.12,170.32,403.58,28.45,362.29,28.02
361.40,170.37,402.63,170.70,403.79,29.04,362.56,28.71
360.92,170.88,401.96,171.51,404.12,30.50,363.08,29.87
363.61,177.71,407.08,176.58,403.21,27.23,359.74,28.36
365.60,175.13,407.07,173.06,399.93,30.56,358.45,32.64
364.54,175.38,406.16,173.94,401.20,30.91,359.58,32.35
357.05,173.46,397.93,175.14,403.71,34.68,362.83,33.00
355.68,174.91,396.61,177.40,405.16,36.76,364.23,34.28
355.62,175.24,396.68,178.36,407.41,37.26,366.35,34.14
354.91,175.24,395.73,178.77,407.85,38.49,367.02,34.97
354.57,174.75,395.43,178.77,409.26,38.40,368.41,34.37
353.51,175.86,394.94,180.34,410.36,38.00,368.94,33.51
358.43,180.48,400.50,181.32,403.38,36.74,361.30,35.91
358.93,179.23,400.60,180.25,404.13,37.06,362.45,36.04
359.28,178.96,400.76,179.83,403.74,37.29,362.26,36.43
354.22,178.79,396.75,182.33,408.95,36.20,366.42,32.65
360.00,179.51,401.44,180.58,405.12,38.18,363.68,37.11
359.25,179.77,400.40,181.20,405.33,39.84,364.19,38.40
359.32,179.59,400.10,181.17,405.56,41.04,364.77,39.45
364.31,179.56,405.13,179.10,403.54,38.84,362.72,39.30
364.04,177.85,404.09,177.39,402.51,39.77,362.46,40.23
361.43,177.77,401.13,178.07,402.16,41.66,362.46,41.36
360.20,178.16,399.97,178.90,402.50,42.25,362.73,41.52
360.68,177.25,400.44,178.27,403.93,41.66,364.18,40.64
358.26,177.48,397.76,179.15,403.49,43.42,363.99,41.75
358.85,177.17,398.15,179.11,404.82,44.05,365.51,42.11
357.60,177.11,396.81,179.23,404.11,44.51,364.91,42.39
358.56,177.12,397.40,179.36,405.06,45.91,366.23,43.68
359.67,177.29,398.48,179.20,405.04,45.85,366.23,43.94
359.98,177.01,398.50,178.71,404.34,46.33,365.81,44.63
359.26,177.85,397.76,179.91,404.85,47.62,366.35,45.56
358.53,176.48,396.53,178.40,403.12,47.81,365.11,45.90
357.46,176.00,395.01,178.13,402.31,49.13,364.77,47.01
356.27,175.52,393.55,177.86,401.58,49.78,364.30,47.44
354.85,175.10,392.20,177.69,401.10,49.35,363.75,46.76
353.66,175.02,391.09,177.49,399.58,48.86,362.14,46.39
352.11,174.55,389.23,177.30,398.66,49.75,361.54,47.01
349.14,174.11,386.34,177.78,398.93,49.98,361.73,46.32
347.65,173.64,384.67,177.70,398.61,50.50,361.59,46.44
345.89,173.03,383.17,177.49,398.51,49.39,361.23,44.92
343.08,172.43,380.30,178.03,399.54,50.16,362.32,44.56
342.00,172.18,379.26,177.95,399.08,49.95,361.83,44.18
340.72,172.48,378.06,178.48,398.67,50.17,361.33,44.18
337.65,171.69,375.01,178.76,399.28,50.39,361.92,43.33
340.85,172.29,377.98,176.00,390.74,48.41,353.61,44.70
339.41,170.51,376.38,174.31,389.45,47.29,352.48,43.48
337.73,169.82,374.64,174.06,389.20,47.24,352.29,43.00
336.28,169.04,373.16,173.16,387.34,46.45,350.46,42.32
335.67,167.18,372.12,171.02,385.32,45.76,348.86,41.92
335.07,166.91,371.66,170.57,384.22,44.83,347.63,41.17
333.56,166.31,370.16,169.64,381.61,43.87,345.00,40.53
333.04,165.13,369.28,168.32,380.24,43.80,344.00,40.61
331.33,163.67,367.30,166.86,378.25,43.26,342.28,40.07
328.41,163.33,364.33,166.81,376.30,43.41,340.38,39.93
328.89,162.41,364.77,165.85,376.58,42.54,340.69,39.10
325.98,161.23,361.78,164.93,374.49,41.94,338.69,38.24
324.08,161.24,359.76,165.01,372.71,42.41,337.03,38.64
322.41,160.87,358.10,165.17,372.87,42.55,337.18,38.25
320.91,160.42,356.40,164.42,370.16,42.48,334.67,38.47
318.95,160.09,354.20,164.79,370.32,43.67,335.07,38.97
317.16,159.63,352.28,164.81,370.08,44.13,334.96,38.95
315.08,159.80,349.83,165.11,368.09,45.70,333.34,40.39
314.50,159.94,349.46,165.13,367.29,45.02,332.34,39.83
312.17,159.37,346.80,164.93,365.89,45.92,331.25,40.37
310.34,159.88,345.15,165.72,365.21,46.13,330.40,40.30
308.20,159.24,343.26,164.89,362.68,44.42,327.62,38.76
307.26,161.05,342.32,165.53,357.74,45.03,322.67,40.55
306.95,159.10,341.77,163.28,356.14,43.62,321.31,39.44
304.54,160.47,339.46,164.44,353.07,44.47,318.16,40.50
303.93,160.32,338.96,164.30,352.61,43.93,317.58,39.96
301.08,159.89,336.05,164.32,351.29,44.17,316.32,39.73
299.57,161.19,334.59,165.61,349.77,45.27,314.75,40.86
298.73,161.37,334.13,165.79,349.29,44.17,313.90,39.76
296.36,162.87,331.90,167.50,347.79,45.38,312.25,40.76
295.73,163.11,331.27,167.24,345.46,45.12,309.92,40.99
294.94,162.88,330.22,166.76,343.53,45.52,308.24,41.64
293.87,164.14,329.16,167.67,341.28,46.41,305.99,42.88
294.56,162.79,328.98,166.22,340.77,47.95,306.35,44.51
292.79,165.07,327.53,168.42,339.04,49.08,304.31,45.73
290.34,165.35,324.84,169.15,337.88,50.61,303.38,46.81
289.23,166.49,323.96,170.35,337.25,51.01,302.52,47.14
287.47,167.70,322.42,171.52,335.55,51.45,300.60,47.63
287.00,169.13,321.63,172.88,334.53,53.90,299.90,50.14
285.30,169.02,319.75,172.92,333.15,54.55,298.70,50.65
283.65,169.63,317.69,173.53,331.08,56.56,297.04,52.66
282.86,169.34,316.38,173.09,329.28,57.92,295.76,54.16
281.95,168.98,315.04,173.13,329.31,59.46,296.23,55.31
280.65,170.35,313.82,174.77,329.03,60.78,295.86,56.35
279.41,171.08,312.74,175.37,327.49,60.85,294.17,56.56
273.72,178.33,311.96,183.00,328.02,51.58,289.77,46.91
285.95,182.59,324.30,180.78,318.06,48.99,279.71,50.81
286.28,184.87,325.15,182.95,318.57,49.42,279.71,51.33
286.73,185.62,325.88,183.62,319.03,49.09,279.88,51.09
285.12,186.64,324.64,184.90,318.65,49.11,279.14,50.85
280.88,180.11,319.21,184.57,334.53,52.86,296.19,48.40
284.89,186.43,322.46,184.45,315.68,55.37,278.11,57.34
283.21,186.52,320.09,184.73,313.94,58.01,277.06,59.80
283.57,186.62,320.12,184.83,313.99,59.26,277.44,61.04
282.30,186.94,319.12,185.12,312.90,58.62,276.08,60.43
282.83,186.51,319.67,184.95,314.30,58.36,277.46,59.92
281.96,188.53,319.13,187.36,315.12,59.63,277.95,60.80
283.35,188.95,320.91,187.64,316.44,58.59,278.88,59.89
283.31,188.81,321.26,187.89,318.09,57.51,280.15,58.43
284.62,188.72,322.86,187.78,319.62,56.38,281.38,57.32
284.03,187.87,322.35,187.17,319.94,55.49,281.62,56.19
286.03,187.02,324.37,186.04,320.98,54.27,282.64,55.25
285.01,187.87,323.84,187.24,321.68,53.81,282.85,54.43
285.23,188.11,324.81,187.50,322.72,51.51,283.15,52.12
285.44,188.43,325.65,187.89,323.79,49.75,283.59,50.29
284.90,188.78,325.29,188.31,323.67,49.54,283.28,50.02
286.03,188.03,326.66,187.70,325.53,48.10,284.90,48.42
285.92,187.92,326.50,187.78,326.01,48.36,285.43,48.50
287.46,187.18,327.92,186.95,327.13,47.95,286.68,48.18
288.73,186.36,329.14,186.07,328.13,47.24,287.73,47.53
289.16,187.13,329.53,187.36,330.32,48.63,289.95,48.40
291.40,187.53,331.78,187.81,332.73,49.05,292.35,48.78
292.76,187.05,333.12,187.25,333.81,48.57,293.45,48.37
296.10,187.25,336.39,187.46,337.13,49.03,296.84,48.81
296.89,186.82,336.81,187.24,338.27,50.06,298.35,49.64
298.33,186.70,338.29,187.40,340.71,50.09,300.75,49.38
300.21,187.05,340.25,187.91,343.21,50.35,303.17,49.49
301.49,185.72,341.21,186.58,344.17,50.11,304.46,49.25
302.94,185.12,342.44,186.28,346.44,50.56,306.94,49.40
304.92,184.63,344.17,185.85,348.38,50.98,309.13,49.75
304.79,184.06,343.92,186.24,351.40,51.81,312.28,49.63
306.20,184.55,345.44,186.71,352.84,51.89,313.60,49.74
306.73,184.02,345.78,186.78,355.25,52.59,316.19,49.83
308.04,183.80,346.97,186.33,355.67,52.56,316.74,50.03
309.67,183.95,348.25,186.54,357.18,53.99,318.60,51.39
313.07,183.92,351.57,186.26,359.61,53.95,321.10,51.61
314.36,183.58,352.76,185.91,360.76,53.97,322.36,51.65
315.43,184.07,353.84,186.37,361.74,54.40,323.33,52.10
317.29,183.38,355.81,185.85,364.29,53.49,325.78,51.02
317.91,174.93,352.99,177.70,362.51,57.15,327.42,54.38
319.68,176.26,354.76,178.92,363.90,58.37,328.82,55.71
320.41,176.90,355.57,179.64,364.98,58.82,329.82,56.09
320.16,175.69,355.03,179.26,367.33,59.42,332.45,55.85
319.83,174.91,354.37,178.93,368.16,60.22,333.61,56.21
321.26,174.75,355.62,178.46,368.37,60.39,334.01,56.68
319.90,175.00,354.33,179.54,369.92,61.21,335.48,56.68
321.19,174.12,355.25,178.57,370.54,61.54,336.48,57.09
320.71,175.00,354.73,179.71,370.91,62.80,336.89,58.09
321.97,174.08,355.59,178.81,371.84,63.29,338.22,58.56
321.12,174.95,354.69,180.14,372.51,64.79,338.94,59.61
321.57,175.01,355.13,180.47,373.90,65.15,340.34,59.69
340.54,179.14,374.71,177.91,370.47,60.51,336.30,61.74
340.99,180.13,375.26,178.72,370.43,60.97,336.16,62.37
342.39,180.21,376.48,178.29,369.88,61.18,335.79,63.10
334.07,180.89,370.19,182.40,375.36,58.28,339.23,56.77
333.35,182.22,369.60,184.09,376.01,59.52,339.76,57.66
339.79,177.99,374.48,177.96,374.35,58.78,339.67,58.82
341.24,175.10,374.74,178.09,384.99,62.99,351.50,60.01
342.53,174.22,375.77,177.62,387.44,63.42,354.20,60.02
343.21,174.69,376.60,178.31,389.06,63.60,355.68,59.97
344.73,175.24,378.18,178.81,390.43,63.84,356.97,60.28
346.37,175.51,379.70,178.69,390.62,64.19,357.29,61.01
345.07,172.06,376.16,173.89,382.43,67.07,351.34,65.25
343.83,171.82,375.16,174.25,383.50,66.61,352.17,64.19
342.62,171.58,374.13,174.41,383.86,66.14,352.34,63.31
342.03,171.65,373.89,174.86,384.89,65.38,353.03,62.18
340.79,171.09,372.76,175.43,387.66,65.55,355.68,61.22
339.69,171.53,371.89,176.77,389.90,66.13,357.70,60.88
340.19,172.71,372.92,178.34,392.27,65.86,359.54,60.23
339.96,174.49,373.46,180.24,393.20,65.14,359.70,59.39
339.15,175.74,373.03,182.08,394.81,65.66,360.93,59.32
338.47,174.36,372.04,181.55,396.75,66.20,363.18,59.01
337.70,174.94,371.57,182.64,398.01,66.25,364.14,58.56
337.81,174.93,371.88,182.78,398.85,65.68,364.78,57.84
339.18,174.79,373.20,182.62,400.12,65.73,366.10,57.89
337.66,175.03,371.33,183.49,400.39,67.80,366.73,59.34
337.09,174.04,370.86,182.83,401.05,66.79,367.28,58.01
336.79,174.37,370.48,183.30,401.17,67.56,367.48,58.63
336.05,174.67,369.32,184.12,401.80,69.82,368.53,60.36
335.84,174.20,368.82,183.89,402.11,70.55,369.12,60.86
334.47,173.71,367.18,183.71,401.54,71.29,368.82,61.29
333.22,174.52,366.54,184.62,401.27,70.12,367.94,60.02
331.49,173.00,364.73,183.81,401.88,69.60,368.64,58.78
330.48,173.08,363.76,183.60,399.92,69.23,366.64,58.71
2
0
0
0
0
1
393.21,175.87,429.17,177.20,433.31,65.85,397.35,64.51
392.14,176.40,428.21,177.89,432.85,66.21,396.79,64.71
391.97,176.75,428.06,177.83,431.40,66.07,395.32,64.99
389.32,177.34,425.05,179.02,430.28,68.38,394.55,66.70
388.88,177.03,424.39,178.77,429.79,68.77,394.27,67.03
388.30,178.62,423.98,180.09,428.57,69.59,392.88,68.11
382.36,177.12,418.00,181.10,430.34,70.73,394.70,66.75
380.79,180.20,416.99,184.39,430.00,72.28,393.80,68.09
381.28,181.59,417.66,185.60,430.10,72.95,393.72,68.93
380.98,184.04,417.61,187.74,429.07,74.31,392.45,70.61
381.06,185.68,417.63,189.52,429.57,76.27,392.99,72.42
381.00,188.18,417.90,191.99,429.74,77.73,392.84,73.91
381.03,190.27,417.73,194.16,429.81,80.51,393.11,76.61
381.30,191.89,417.80,195.83,430.03,82.79,393.53,78.85
387.26,193.28,422.79,194.40,426.27,84.39,390.75,83.27
386.06,194.21,421.84,195.39,425.52,84.58,389.73,83.40
386.74,195.41,421.63,195.93,423.27,87.89,388.38,87.36
385.80,195.19,420.92,196.12,423.84,87.35,388.72,86.41
384.59,196.92,419.76,198.08,423.37,89.16,388.20,88.00
384.95,197.54,419.79,198.59,423.07,90.71,388.23,89.65
383.66,198.15,418.44,199.81,423.60,92.10,388.82,90.43
386.01,201.68,420.84,202.01,421.88,94.15,387.05,93.82
384.85,203.97,420.57,204.56,422.43,93.92,386.70,93.32
384.15,204.67,419.88,205.12,421.31,94.49,385.59,94.03
383.43,206.28,419.00,206.69,420.29,96.55,384.73,96.14
380.63,209.29,418.01,211.91,426.17,96.14,388.78,93.51
378.91,210.57,416.44,213.32,424.96,97.10,387.43,94.35
378.05,210.29,415.34,213.22,424.44,97.75,387.15,94.81
376.63,209.88,413.93,212.95,423.47,97.43,386.17,94.35
375.83,211.89,413.07,215.19,423.33,99.86,386.09,96.55
376.20,212.26,413.49,215.59,423.83,100.13,386.55,96.79
377.27,213.44,414.14,216.88,424.80,102.69,387.92,99.25
379.46,214.29,416.20,217.41,425.88,103.62,389.14,100.50
379.91,214.10,416.40,217.04,425.54,104.02,389.04,101.07
385.41,215.74,422.18,218.24,429.93,104.37,393.16,101.87
386.05,215.34,422.55,218.15,431.25,105.13,394.76,102.32
389.55,222.73,427.74,223.27,429.45,104.99,391.26,104.44
391.46,224.12,429.70,224.11,429.70,105.68,391.46,105.68
392.33,224.05,430.23,223.56,428.75,106.18,390.84,106.67
392.92,224.72,430.17,223.75,427.21,108.39,389.96,109.35
392.28,224.33,429.44,223.80,427.81,108.71,390.65,109.25
391.78,224.92,428.63,224.25,426.60,110.13,389.75,110.79
392.41,224.69,428.90,223.61,425.57,110.62,389.08,111.70
391.63,227.45,428.41,226.48,425.42,112.60,388.65,113.56
388.89,228.58,425.72,228.30,424.89,114.25,388.07,114.52
387.33,231.17,424.35,231.06,424.05,116.41,387.03,116.51
385.61,232.02,422.15,231.90,421.80,118.75,385.26,118.86
384.71,233.50,420.78,233.46,420.70,121.76,384.63,121.79
383.09,235.11,418.98,235.17,419.19,124.03,383.30,123.97
380.84,237.58,416.48,238.19,418.41,127.82,382.77,127.20
378.81,238.87,413.90,239.86,416.99,131.20,381.91,130.21
377.60,241.73,412.33,243.29,417.18,135.73,382.45,134.17
377.03,243.81,411.62,245.19,415.93,138.05,381.34,136.66
375.84,244.63,409.79,246.40,415.29,141.26,381.34,139.49
374.98,245.57,408.49,247.59,414.79,143.80,381.27,141.77
383.52,249.73,418.92,248.77,415.97,139.15,380.58,140.10
394.76,250.12,428.65,244.68,411.83,139.70,377.93,145.14
393.01,249.30,426.90,244.63,412.44,139.65,378.54,144.32
399.01,248.36,431.98,240.82,408.66,138.72,375.69,146.25
391.52,250.52,425.85,246.17,412.38,139.83,378.05,144.19
390.35,249.56,424.61,245.24,411.25,139.15,377.00,143.47
389.13,248.39,423.45,243.95,409.70,137.67,375.38,142.12
388.38,249.09,422.82,244.32,408.07,137.66,373.63,142.42
386.49,249.52,420.37,244.85,405.93,139.95,372.05,144.62
386.80,250.21,421.00,245.18,405.45,139.29,371.26,144.31
387.34,250.93,421.96,245.80,406.11,138.59,371.49,143.71
386.57,251.64,421.60,246.57,405.94,138.10,370.91,143.16
387.48,252.02,422.64,246.73,406.27,137.85,371.11,143.14
384.30,250.47,419.28,245.75,404.68,137.42,369.70,142.14
384.13,249.83,419.12,245.22,404.85,136.87,369.87,141.48
383.75,250.30,419.15,245.60,404.62,135.98,369.23,140.68
383.20,251.81,419.26,247.07,404.60,135.41,368.54,140.15
386.35,249.82,422.85,244.77,407.25,131.74,370.75,136.78
386.82,250.32,423.80,245.03,407.42,130.50,370.44,135.79
387.20,249.60,424.71,244.51,408.98,128.34,371.46,133.42
387.40,251.14,425.72,245.95,409.68,127.25,371.35,132.44
387.86,252.68,426.41,246.96,408.74,127.57,370.19,133.28
389.41,252.23,428.46,246.44,410.56,125.50,371.51,131.28
389.52,253.72,428.97,247.99,411.26,125.82,371.81,131.55
388.73,255.10,428.51,249.47,411.10,126.28,371.33,131.91
391.16,255.57,431.05,249.78,413.12,126.25,373.24,132.04
393.06,257.37,433.16,251.49,414.97,127.32,374.88,133.19
394.43,259.37,434.92,253.44,416.60,128.04,376.11,133.96
394.21,260.94,435.10,255.17,417.29,128.54,376.40,134.30
395.36,262.25,436.47,256.38,418.33,129.06,377.21,134.93
396.28,264.19,437.97,258.57,420.57,129.47,378.89,135.09
396.78,266.25,438.85,260.45,420.91,130.17,378.84,135.96
398.89,269.31,441.38,263.38,423.07,131.80,380.58,137.71
398.10,271.20,440.80,265.77,424.04,133.52,381.33,138.94
399.56,273.07,442.60,267.73,426.07,134.44,383.03,139.77
399.69,274.66,443.06,269.86,428.22,135.53,384.85,140.32
400.64,275.85,444.06,270.81,428.49,136.36,385.08,141.39
402.08,277.60,445.54,271.98,428.17,137.41,384.71,143.02
404.38,277.47,448.18,271.59,430.02,135.95,386.22,141.82
403.73,278.29,448.03,272.75,430.90,135.55,386.60,141.08
403.26,279.97,448.63,274.35,431.26,133.86,385.89,139.47
403.70,280.07,449.36,274.67,432.65,133.27,386.99,138.67
403.60,281.90,449.61,276.54,433.05,134.03,387.03,139.38
403.62,281.63,449.89,276.35,433.56,133.04,387.29,138.32
403.30,279.42,449.47,274.34,433.76,131.34,387.58,136.41
404.09,278.82,450.75,273.45,434.15,128.96,387.49,134.32
404.13,278.45,450.87,273.03,434.15,128.28,387.40,133.68
404.88,279.12,451.88,273.86,435.63,128.30,388.63,133.55
405.90,280.69,453.01,275.35,436.48,129.46,389.37,134.80
406.80,281.19,454.08,276.12,438.40,129.70,391.12,134.76
386.30,273.26,433.53,276.02,442.11,129.78,394.89,127.01
386.19,274.02,433.46,277.24,443.47,130.86,396.20,127.63
386.27,273.88,434.25,278.23,447.78,129.66,399.80,125.30
387.38,274.57,435.53,278.99,449.24,129.87,401.09,125.45
386.79,273.99,435.35,279.05,451.06,128.65,402.49,123.58
387.70,273.34,437.05,278.32,452.48,125.49,403.13,120.51
388.85,273.66,438.28,278.72,454.00,125.66,404.57,120.59
388.30,274.68,438.11,280.12,455.01,125.87,405.20,120.42
388.62,276.41,438.93,282.37,457.42,126.57,407.11,120.61
388.84,278.12,439.42,284.11,458.02,127.46,407.43,121.46
387.74,279.32,439.07,285.34,457.75,126.36,406.42,120.33
386.66,278.35,438.09,284.68,457.72,125.42,406.29,119.08
385.36,278.45,437.36,284.84,457.20,123.80,405.19,117.40
385.21,277.84,437.77,284.09,457.17,121.30,404.61,115.04
385.44,279.73,438.62,285.37,456.14,120.68,402.96,115.03
383.44,279.03,436.96,285.24,456.23,119.51,402.71,113.30
382.78,279.73,436.61,285.94,455.88,119.23,402.05,113.01
383.13,281.06,438.53,287.08,457.19,115.50,401.78,109.48
381.37,283.44,437.11,289.47,455.82,116.84,400.07,110.81
382.73,283.32,438.79,289.34,457.49,115.73,401.42,109.70
382.92,284.04,439.17,289.93,457.44,115.74,401.19,109.85
381.74,284.74,438.12,290.86,457.14,116.24,400.75,110.11
383.14,283.27,439.63,289.64,459.41,114.72,402.93,108.33
382.06,282.09,438.74,288.72,459.33,113.20,402.65,106.56
384.14,280.60,440.99,287.50,462.37,111.43,405.52,104.53
386.44,279.11,443.18,286.07,464.78,110.34,408.03,103.38
387.26,281.28,444.11,288.75,467.28,112.72,410.44,105.24
387.20,282.79,444.07,290.43,467.75,114.34,410.89,106.69
388.37,285.09,445.69,292.71,469.33,115.21,412.01,107.58
388.83,286.12,446.72,294.44,472.53,115.16,414.64,106.83
389.68,285.95,447.53,294.71,474.70,115.57,416.86,106.80
389.14,286.05,447.02,294.96,474.67,115.72,416.79,106.79
389.05,283.18,446.85,292.29,475.10,113.30,417.30,104.18
390.43,282.88,448.55,291.93,476.63,111.95,418.51,102.89
390.98,282.43,449.15,292.12,479.19,111.97,421.02,102.28
390.47,283.24,449.17,293.10,479.75,111.32,421.05,101.45
391.05,284.98,449.61,295.15,481.12,113.82,422.57,103.64
391.69,287.10,450.68,296.92,481.13,114.25,422.14,104.42
390.44,287.73,449.47,297.58,480.01,114.78,420.99,104.93
391.74,288.39,450.74,298.57,482.29,115.88,423.29,105.69
393.00,289.51,452.22,300.28,485.61,116.90,426.39,106.12
396.98,290.75,455.40,301.81,489.69,120.91,431.28,109.84
398.74,291.07,457.06,302.34,492.00,121.74,433.68,110.46
401.12,290.38,458.87,301.31,492.76,122.46,435.01,111.52
403.30,289.98,461.10,301.34,496.32,122.36,438.52,110.99
405.04,291.86,462.90,302.89,497.12,123.72,439.27,112.68
406.86,294.04,465.00,305.17,499.50,125.15,441.37,114.01
408.67,293.24,466.98,304.24,501.09,123.66,442.77,112.65
411.32,294.95,469.85,305.51,502.58,124.25,444.05,113.69
410.91,294.88,469.57,305.77,503.33,124.11,444.67,113.22
412.55,291.63,471.30,302.83,506.05,120.88,447.30,109.66
414.49,287.50,473.14,298.79,508.14,117.18,449.50,105.89
416.92,283.79,475.91,295.03,510.76,112.36,451.77,101.10
419.40,281.37,477.96,292.45,512.31,111.08,453.74,100.00
421.61,278.73,480.64,289.83,515.06,107.02,456.03,95.91
421.71,278.23,480.38,289.62,515.69,107.94,457.02,96.54
421.67,279.62,480.08,291.30,516.29,110.43,457.88,98.75
424.67,280.69,483.05,292.29,519.01,111.52,460.63,99.91
426.16,282.45,484.55,294.20,520.95,113.39,462.57,101.64
427.66,285.38,485.99,297.37,523.17,116.75,464.85,104.75
426.54,287.11,484.71,299.27,522.42,119.14,464.25,106.97
427.40,289.33,485.57,301.61,523.66,121.48,465.49,109.18
429.52,291.11,487.52,303.47,525.81,123.83,467.81,111.47
430.71,294.85,489.05,307.34,527.78,126.69,469.44,114.19
430.44,297.82,489.72,310.30,528.39,126.72,469.11,114.24
430.51,300.27,490.89,312.79,529.70,125.80,469.32,113.27
430.26,300.19,490.40,312.96,529.99,126.73,469.86,113.95
431.50,301.51,492.01,314.48,532.20,127.08,471.69,114.11
433.09,302.61,493.62,315.41,533.32,127.96,472.79,115.15
435.56,303.38,496.04,315.82,534.62,128.53,474.14,116.08
435.60,304.09,496.57,316.70,535.63,127.89,474.67,115.28
437.74,304.22,498.47,316.85,537.61,128.79,476.88,116.16
439.96,303.69,500.56,316.27,539.55,128.58,478.94,116.00
441.96,303.35,502.66,316.39,543.10,128.43,482.41,115.38
443.38,305.06,505.32,317.99,545.41,126.18,483.47,113.24
444.77,305.29,506.64,318.49,547.57,126.89,485.70,113.68
447.59,303.99,509.34,317.40,550.92,126.20,489.17,112.78
449.91,305.34,512.10,318.24,552.07,125.66,489.89,112.76
453.05,305.31,515.69,317.99,554.99,124.01,492.35,111.33
454.19,305.33,516.60,318.18,556.45,124.92,494.04,112.06
455.98,305.61,518.15,318.71,558.76,126.19,496.59,113.08
456.53,305.24,518.86,318.82,560.93,125.79,498.60,112.21
457.55,306.37,519.92,319.75,561.40,126.60,499.03,113.21
459.82,307.98,522.17,321.19,563.13,128.12,500.79,114.90
461.99,307.61,524.15,320.75,564.89,128.27,502.74,115.12
462.37,308.42,524.50,321.83,566.08,129.44,503.96,116.02
463.64,308.48,525.73,321.88,567.25,129.59,505.16,116.19
463.32,308.12,525.20,321.80,567.60,130.18,505.73,116.49
464.60,308.06,525.95,321.38,567.23,131.40,505.88,118.07
466.01,307.58,527.06,320.92,568.41,131.89,507.36,118.54
466.33,308.04,527.03,321.52,568.81,133.58,508.12,120.09
468.39,307.90,529.39,321.10,570.28,132.19,509.28,118.99
468.36,307.52,529.11,320.83,570.36,132.70,509.61,119.38
470.88,307.16,531.31,320.24,571.88,133.13,511.45,120.03
471.15,306.01,531.44,319.23,572.42,132.53,512.13,119.30
471.52,306.53,531.62,320.13,573.78,134.00,513.68,120.40
472.59,305.11,532.49,318.82,574.97,133.33,515.07,119.61
471.79,306.73,531.96,320.80,575.58,134.50,515.42,120.42
472.78,305.39,532.47,319.30,575.60,134.45,515.91,120.53
472.17,305.84,532.71,319.44,574.86,131.97,514.32,118.36
471.07,307.23,532.77,321.05,575.61,129.97,513.90,116.14
470.57,305.39,532.11,319.51,575.90,128.93,514.36,114.80
468.96,304.88,530.24,318.92,573.75,129.15,512.47,115.10
469.04,302.46,529.97,316.19,572.53,127.51,511.60,113.77
467.24,298.92,527.55,312.76,570.44,125.98,510.13,112.14
465.04,296.80,525.30,310.42,567.52,123.81,507.27,110.18
463.50,294.62,523.78,307.96,565.14,121.30,504.86,107.95
461.40,292.01,521.74,305.42,563.30,118.55,502.96,105.14
460.44,289.16,520.83,302.57,562.41,115.58,502.03,102.15
458.05,285.72,518.30,299.54,561.15,112.96,500.90,99.13
457.72,284.04,518.37,297.89,561.28,110.08,500.64,96.22
457.58,281.88,518.56,295.75,561.54,106.90,500.56,93.02
458.07,279.09,518.92,293.26,562.84,104.83,502.00,90.66
458.72,276.18,520.39,290.75,565.55,99.78,503.88,85.21
458.89,274.85,520.98,289.80,567.33,97.51,505.23,82.56
460.18,271.99,522.46,287.27,569.84,94.41,507.56,79.11
460.50,269.23,522.97,284.75,571.08,91.29,508.61,75.76
460.71,268.54,523.03,284.00,570.94,91.02,508.63,75.56
460.55,267.20,523.67,283.45,574.05,87.98,510.92,71.72
462.17,267.13,525.83,282.53,573.55,85.39,509.89,69.99
461.40,265.17,524.99,281.00,574.07,84.06,510.47,68.22
461.67,264.44,525.55,280.53,575.44,82.74,511.56,66.63
461.17,264.10,525.46,279.67,573.72,80.60,509.43,65.02
461.63,263.56,525.62,278.84,572.98,80.67,508.99,65.39
461.97,262.82,526.13,277.78,572.50,79.08,508.34,64.12
462.01,262.38,526.88,277.08,572.44,76.20,507.58,61.49
460.48,262.70,526.01,277.49,571.86,74.59,506.34,59.79
461.96,260.86,526.62,275.78,572.85,75.55,508.19,60.63
461.94,260.58,526.69,275.54,573.07,75.01,508.31,60.04
461.69,262.10,527.26,277.03,573.52,73.98,507.96,59.05
462.90,260.24,528.19,275.12,574.30,72.92,509.01,58.04
461.33,258.88,526.72,274.52,575.19,72.02,509.80,56.37
462.96,257.57,528.87,273.01,576.74,68.91,510.83,53.46
464.36,257.02,530.28,272.36,577.82,68.23,511.90,52.88
464.70,257.30,530.84,272.82,578.94,68.01,512.80,52.48
466.81,256.90,532.56,272.52,580.95,68.92,515.20,53.29
467.49,257.38,533.10,273.25,582.30,70.08,516.70,54.20
468.80,257.13,534.24,273.02,583.49,70.35,518.05,54.45
470.14,256.63,535.29,272.56,584.65,70.82,519.51,54.89
470.61,256.55,535.57,272.30,584.38,71.12,519.42,55.37
471.71,256.06,536.42,271.95,585.67,71.56,520.96,55.66
472.16,257.27,537.02,273.10,586.08,72.25,521.22,56.42
471.37,258.38,536.16,274.03,584.67,73.40,519.88,57.74
472.61,259.78,537.96,275.08,585.41,72.71,520.06,57.39
473.04,261.21,537.96,276.42,585.10,75.36,520.18,60.14
472.97,263.24,538.13,278.53,585.52,76.75,520.36,61.45
474.51,263.13,539.17,278.20,585.85,77.98,521.20,62.91
474.48,266.76,539.86,281.33,585.03,78.86,519.65,64.28
475.32,267.49,541.15,282.23,586.84,78.38,521.01,63.64
475.18,268.96,541.68,283.65,587.22,77.69,520.72,62.99
475.65,269.76,542.15,284.44,587.66,78.53,521.17,63.84
476.04,270.69,542.25,285.64,588.62,80.61,522.41,65.65
476.53,271.90,542.50,286.72,588.43,82.45,522.47,67.62
476.93,273.75,542.55,288.57,588.48,85.34,522.85,70.51
478.12,276.68,544.13,291.21,589.18,86.82,523.17,72.28
478.34,278.51,543.89,292.99,588.79,89.99,523.24,75.49
477.67,281.25,543.11,296.01,588.85,93.36,523.42,78.59
477.95,283.78,543.05,298.57,588.90,96.97,523.80,82.17
477.36,285.29,541.86,300.16,587.95,100.43,523.45,85.55
477.89,286.86,541.40,301.73,587.50,105.07,523.99,90.19
476.64,288.47,539.91,303.43,586.29,107.49,523.02,92.52
474.89,291.07,537.78,306.09,584.33,111.35,521.45,96.32
474.31,292.22,537.05,307.18,583.42,112.91,520.69,97.94
472.63,293.86,535.17,309.01,582.15,115.36,519.62,100.19
472.96,295.39,534.84,310.61,582.00,118.99,520.13,103.77
472.05,297.90,533.39,313.24,580.94,123.29,519.61,107.94
471.23,300.39,532.18,315.86,580.12,127.14,519.18,111.66
470.95,302.95,531.75,318.67,580.45,130.40,519.66,114.68
470.10,304.89,531.18,320.66,580.06,131.53,518.99,115.75
469.73,305.52,531.06,321.51,580.63,131.57,519.30,115.57
470.20,305.29,531.35,321.10,580.34,131.74,519.20,115.92
469.77,306.00,530.85,322.10,580.75,132.95,519.67,116.84
470.75,305.47,531.49,321.73,581.89,133.65,521.15,117.38
470.79,306.16,531.32,322.52,582.02,135.08,521.49,118.71
472.31,306.21,532.66,322.11,581.93,135.22,521.58,119.31
471.71,306.72,531.69,322.65,581.05,136.90,521.07,120.96
472.75,306.39,532.96,322.23,582.07,135.79,521.87,119.94
2
0
0
0
0
1
414.48,308.89,470.88,309.64,473.37,134.73,416.96,133.98
414.67,309.65,470.98,310.40,473.46,135.78,417.14,135.03
414.62,309.89,471.06,310.67,473.63,135.67,417.18,134.89
414.56,311.00,471.08,311.96,474.20,136.68,417.67,135.72
415.59,308.64,471.54,309.75,475.13,136.25,419.18,135.15
415.92,308.82,472.17,309.29,473.79,134.85,417.52,134.38
417.42,308.36,473.41,308.33,473.46,134.68,417.45,134.72
417.76,307.61,473.80,307.70,474.22,133.92,418.17,133.83
417.12,308.23,473.03,308.67,474.53,135.30,418.61,134.87
417.49,306.77,472.77,307.15,474.11,135.72,418.82,135.33
417.24,304.96,472.56,305.52,474.45,133.98,419.12,133.42
416.69,305.09,471.95,305.63,473.76,134.24,418.49,133.71
417.49,304.93,472.65,305.61,474.90,134.55,419.73,133.87
417.17,305.98,472.67,306.84,475.51,134.74,420.00,133.87
416.54,307.73,473.67,308.24,475.41,131.07,418.27,130.56
416.41,306.96,473.71,307.53,475.63,129.86,418.32,129.29
416.90,306.30,473.92,306.85,475.78,130.06,418.76,129.51
416.39,305.86,473.17,306.76,476.10,130.67,419.30,129.78
415.42,306.68,472.09,307.28,474.12,131.54,417.44,130.94
414.80,307.57,471.51,308.22,473.66,132.35,416.93,131.71
413.09,306.69,469.63,307.87,473.45,132.53,416.90,131.35
412.75,305.55,469.22,306.60,472.63,131.46,416.15,130.41
411.78,307.11,468.58,307.67,470.48,131.52,413.67,130.96
410.64,306.08,467.83,307.20,471.46,129.86,414.26,128.74
408.93,305.09,465.94,306.64,470.90,129.85,413.88,128.31
407.89,304.54,464.18,306.26,469.67,131.69,413.36,129.97
407.75,302.84,463.39,304.74,469.44,132.22,413.80,130.31
405.45,303.55,461.36,306.04,469.24,132.67,413.33,130.18
405.41,303.50,461.24,305.81,468.54,132.70,412.71,130.39
404.77,302.49,460.85,305.08,469.02,131.16,412.93,128.58
409.23,312.27,468.56,310.43,463.00,126.42,403.66,128.27
408.87,312.77,467.87,311.23,463.28,128.25,404.26,129.78
409.54,310.40,468.41,308.78,463.55,126.21,404.66,127.84
407.42,311.25,466.03,309.83,461.78,128.07,403.16,129.49
409.42,310.41,468.19,308.68,462.99,126.44,404.22,128.16
409.26,309.80,467.60,307.88,461.81,126.96,403.46,128.88
408.66,310.76,467.00,309.01,461.76,128.09,403.40,129.83
409.16,311.47,467.57,309.61,461.96,128.46,403.54,130.32
409.59,314.02,468.84,311.46,461.08,127.70,401.82,130.25
408.58,312.73,467.44,311.00,462.25,128.48,403.38,130.20
407.71,314.98,467.12,313.58,462.96,129.33,403.54,130.73
409.13,316.43,469.31,314.20,462.58,127.57,402.39,129.79
409.54,316.29,469.77,314.43,464.17,127.63,403.92,129.49
410.50,316.13,470.72,313.71,463.36,126.93,403.12,129.36
410.30,317.22,470.66,314.86,463.48,127.69,403.12,130.05
408.89,316.27,469.02,314.99,465.22,128.52,405.08,129.79
409.33,316.97,469.89,315.16,464.44,127.36,403.88,129.17
410.83,317.21,471.11,315.01,464.46,128.07,404.17,130.27
410.91,316.49,470.91,314.77,465.73,128.71,405.72,130.43
410.95,317.47,471.30,315.48,465.30,128.35,404.95,130.34
411.34,317.03,471.90,315.04,465.91,127.23,405.33,129.22
412.12,317.49,472.61,315.15,465.51,127.56,405.01,129.90
411.03,316.51,470.96,314.37,464.50,128.52,404.56,130.66
411.23,316.96,471.34,315.04,465.55,128.62,405.43,130.54
410.90,316.98,471.14,314.80,464.54,127.96,404.29,130.15
410.54,318.07,471.37,315.75,464.32,127.12,403.49,129.45
410.42,315.49,469.69,311.33,456.96,127.50,397.68,131.66
411.29,316.99,470.61,312.17,455.81,128.21,396.48,133.03
410.20,316.33,469.43,311.61,454.97,127.90,395.72,132.62
410.45,318.11,469.87,312.98,454.14,128.69,394.71,133.82
410.03,317.24,469.31,311.63,452.08,127.79,392.80,133.40
407.35,318.63,469.41,315.81,460.83,123.35,398.76,126.17
408.77,311.30,464.07,306.93,450.69,135.42,395.37,139.79
407.80,311.76,463.11,307.47,449.96,135.94,394.64,140.23
406.87,310.88,461.86,306.12,447.27,135.58,392.27,140.33
405.34,309.68,460.50,305.24,446.89,134.17,391.72,138.61
403.79,309.84,459.34,305.56,446.22,133.28,390.66,137.56
402.47,311.64,459.12,307.14,445.32,131.46,388.66,135.96
401.36,312.19,458.74,307.40,444.06,129.44,386.67,134.23
400.58,311.68,458.27,306.73,443.10,127.82,385.40,132.77
399.15,311.68,457.16,306.60,441.58,126.71,383.57,131.78
397.95,312.45,456.51,306.37,437.82,124.74,379.25,130.82
395.94,313.04,455.42,306.73,436.01,122.28,376.53,128.59
395.03,312.21,454.54,305.59,434.18,121.01,374.66,127.63
394.25,311.84,453.98,304.82,432.39,119.57,372.65,126.59
393.13,311.95,453.58,304.54,430.76,117.06,370.30,124.48
392.37,311.79,452.93,303.85,428.46,116.04,367.89,123.98
397.49,304.13,455.65,304.14,455.84,123.77,397.66,123.76
395.80,302.74,454.57,302.94,455.37,120.68,396.59,120.48
395.51,302.64,454.70,302.46,454.30,118.89,395.10,119.07
404.58,306.59,464.59,301.10,447.73,115.00,387.71,120.49
402.43,304.21,462.25,299.01,446.28,113.50,386.46,118.70
400.44,303.33,459.99,298.76,446.00,114.09,386.44,118.65
410.27,305.00,469.96,293.65,434.92,108.51,375.22,119.86
402.66,300.30,459.71,292.99,437.18,116.03,380.11,123.35
401.23,299.40,458.50,292.74,438.01,115.12,380.73,121.78
397.57,298.83,455.04,293.03,437.23,114.79,379.75,120.58
395.59,298.22,453.11,292.88,436.71,114.47,379.18,119.81
391.97,296.03,449.67,291.85,436.87,112.90,379.16,117.08
388.50,296.23,446.23,293.16,436.86,114.12,379.12,117.20
387.10,295.23,444.91,292.75,437.38,113.46,379.56,115.95
385.50,296.61,443.36,294.30,436.36,114.83,378.48,117.15
382.61,295.49,440.56,293.73,435.24,114.01,377.28,115.78
380.63,294.74,438.23,292.95,432.85,114.32,375.24,116.11
377.59,294.13,434.91,292.49,429.99,114.72,372.66,116.36
376.97,295.08,434.06,292.58,426.46,115.53,369.36,118.04
373.18,294.81,430.07,292.81,424.04,116.38,367.13,118.38
369.53,295.80,426.34,294.21,421.60,118.04,364.78,119.62
368.63,295.70,424.96,293.83,419.31,119.14,362.97,121.02
363.72,295.98,420.06,295.74,419.47,121.02,363.12,121.26
360.38,296.44,417.28,297.12,419.57,120.66,362.66,119.98
356.60,296.30,413.51,297.74,418.15,121.29,361.24,119.85
355.31,295.03,412.01,296.74,417.46,120.90,360.75,119.20
353.32,294.48,410.52,296.86,418.04,119.49,360.83,117.12
352.09,294.59,409.64,296.66,416.23,118.21,358.67,116.13
351.58,295.57,409.20,297.64,415.77,118.98,358.14,116.92
350.89,296.67,408.75,299.12,416.48,119.71,358.62,117.27
351.88,297.97,409.54,300.22,416.67,121.39,358.99,119.14
353.29,298.64,411.04,301.12,418.89,122.05,361.13,119.57
354.24,299.34,411.72,302.55,421.82,124.29,364.32,121.09
355.58,301.45,413.09,304.81,423.66,126.48,366.14,123.12
357.50,302.15,415.11,306.26,428.02,127.63,370.41,123.51
358.07,303.17,415.52,308.25,431.41,130.09,373.95,125.02
358.95,304.49,416.34,310.02,433.66,132.07,376.25,126.53
359.29,306.31,416.96,312.50,436.32,133.69,378.65,127.49
359.33,307.15,417.02,313.81,437.84,134.95,380.15,128.29
361.37,308.29,418.91,315.07,440.10,136.66,382.55,129.88
362.61,310.96,419.91,317.64,440.79,139.96,383.47,133.27
363.64,312.78,420.89,319.46,441.77,141.95,384.51,135.27
363.49,314.34,420.37,321.36,442.27,145.00,385.39,137.98
363.38,315.71,419.78,323.09,442.84,148.23,386.43,140.84
362.03,316.62,418.74,324.64,443.74,148.82,387.03,140.80
361.80,317.45,418.58,325.72,444.37,149.66,387.58,141.39
361.16,320.71,418.07,329.10,444.25,152.64,387.33,144.25
360.40,320.50,416.87,330.01,446.52,154.94,390.05,145.43
358.17,321.00,414.66,331.57,447.59,156.43,391.10,145.86
356.83,321.62,413.36,333.13,449.20,157.86,392.66,146.35
359.77,322.93,416.34,334.20,451.45,158.81,394.87,147.54
361.71,324.10,418.32,335.44,453.65,159.92,397.03,148.58
364.72,325.36,421.15,336.83,456.87,161.88,400.43,150.41
367.83,326.92,424.07,337.95,458.41,163.57,402.16,152.54
369.34,326.84,424.88,338.31,460.60,166.11,405.05,154.63
370.18,326.56,424.65,339.04,463.50,170.14,409.02,157.66
369.72,326.15,423.19,339.36,464.30,173.61,410.83,160.39
369.69,325.75,421.96,339.73,465.46,177.67,413.18,163.69
400.24,349.46,457.16,344.35,441.47,167.83,384.54,172.94
398.35,347.92,453.54,344.86,444.21,173.72,389.01,176.78
397.18,346.82,452.20,344.23,444.33,173.62,389.31,176.20
396.84,347.88,451.91,344.97,443.05,174.18,387.97,177.09
394.98,347.04,450.28,344.99,444.08,173.50,388.77,175.55
394.67,346.26,450.39,344.29,444.43,171.49,388.70,173.46
394.57,347.16,450.81,345.52,445.87,171.13,389.62,172.77
392.81,345.90,449.04,345.26,447.22,170.90,390.99,171.53
392.55,346.66,448.84,345.80,446.33,171.24,390.03,172.10
391.95,347.35,448.32,347.11,447.73,172.31,391.35,172.55
391.99,347.65,448.33,347.14,446.93,172.42,390.58,172.92
392.37,348.94,449.05,348.33,447.33,172.55,390.63,173.15
393.21,349.39,450.08,348.49,447.45,172.15,390.57,173.05
391.27,349.23,448.37,348.82,447.27,171.73,390.15,172.13
391.67,348.69,448.57,347.81,446.00,171.34,389.08,172.22
392.16,348.92,448.75,347.54,444.63,172.07,388.04,173.45
392.20,348.44,448.43,346.30,441.94,171.90,385.69,174.05
392.49,346.72,448.33,344.26,440.86,171.09,385.02,173.55
394.69,345.77,449.41,342.14,438.31,172.44,383.58,176.07
395.34,345.58,449.95,340.29,433.68,170.93,379.07,176.22
396.69,344.63,451.32,338.03,430.99,168.58,376.35,175.19
395.99,344.34,450.58,336.49,426.39,167.16,371.78,175.01
395.71,342.44,450.14,334.49,425.63,165.67,371.19,173.62
393.56,340.38,447.86,332.22,422.69,163.81,368.38,171.98
393.27,337.59,447.55,329.25,421.83,160.90,367.54,169.24
393.31,334.61,447.24,325.93,420.48,158.67,366.54,167.35
393.29,331.85,447.31,322.65,418.93,155.09,364.90,164.29
392.75,328.83,446.89,319.58,418.35,151.67,364.21,160.92
392.03,326.48,446.47,317.63,419.15,148.78,364.71,157.64
388.86,324.84,443.58,316.65,418.32,146.93,363.59,155.13
387.57,322.58,442.35,314.74,418.16,144.84,363.38,152.69
387.10,319.13,441.82,311.72,419.00,142.01,364.26,149.42
386.60,316.94,441.37,309.95,419.86,140.06,365.07,147.05
385.62,314.98,440.56,308.15,419.55,137.78,364.60,144.60
385.62,311.85,440.54,305.28,420.32,134.93,365.39,141.50
384.53,309.99,439.46,303.71,420.14,133.35,365.20,139.63
384.89,306.50,439.17,300.51,420.72,132.15,366.43,138.15
384.80,304.98,438.85,299.32,421.43,131.66,367.37,137.33
385.69,303.55,439.16,297.70,421.16,131.87,367.68,137.73
387.73,302.04,440.54,295.90,421.63,132.11,368.81,138.25
388.47,300.43,440.35,294.32,421.56,133.42,369.67,139.53
389.09,298.94,440.09,293.09,422.09,134.93,371.09,140.78
390.63,296.69,440.97,290.66,422.40,134.54,372.06,140.57
391.02,295.07,440.36,289.17,422.20,136.15,372.85,142.05
390.08,291.72,438.94,286.88,424.06,135.36,375.20,140.20
388.71,290.57,437.94,286.70,426.06,134.03,376.83,137.90
388.97,290.69,438.04,286.85,426.26,134.66,377.18,138.51
375.77,286.46,427.48,288.03,432.48,127.67,380.76,126.10
373.91,273.01,429.81,275.75,438.46,102.40,382.55,99.66
375.24,272.20,431.58,276.34,444.55,101.63,388.20,97.50
382.41,270.90,437.49,274.32,448.25,103.52,393.16,100.10
379.90,267.92,435.00,274.76,456.37,103.92,401.26,97.08
380.99,265.24,435.32,274.08,462.90,105.63,408.56,96.78
384.50,262.63,438.62,273.59,472.77,105.79,418.64,94.82
386.48,259.19,440.08,272.77,482.35,106.56,428.73,92.98
391.92,256.92,444.81,272.06,491.91,108.06,439.00,92.92
400.90,255.54,453.38,271.22,502.14,108.52,449.65,92.84
417.93,268.38,471.22,265.54,462.56,100.30,409.27,103.14
416.93,266.25,469.97,263.53,461.66,99.03,408.60,101.75
417.13,265.03,470.03,262.32,461.76,98.27,408.85,100.98
417.63,265.32,470.61,262.54,462.14,98.23,409.15,101.02
418.26,264.69,471.61,262.22,464.10,96.78,410.74,99.25
417.68,264.48,471.12,262.33,464.60,96.58,411.14,98.73
418.61,265.93,471.94,263.44,464.34,98.04,411.00,100.54
419.52,265.96,472.72,263.50,465.24,98.53,412.03,100.99
418.37,266.97,471.63,264.96,465.53,99.78,412.26,101.79
417.82,267.63,471.14,266.29,467.12,100.95,413.80,102.29
2
0
0
0
0
1
353.55,268.22,413.80,267.92,413.09,125.13,352.84,125.43
353.37,270.28,413.57,269.55,411.85,126.90,351.65,127.63
352.68,271.80,413.02,271.59,412.51,128.59,352.17,128.81
349.99,276.23,411.96,276.46,412.53,129.60,350.55,129.36
350.32,277.97,412.36,277.96,412.35,130.94,350.31,130.94
348.13,280.00,410.57,281.17,413.32,133.19,350.88,132.03
345.89,286.07,410.89,287.44,414.13,133.41,349.13,132.04
345.13,286.51,410.54,288.36,414.93,133.35,349.52,131.50
346.57,288.55,411.84,288.58,411.91,133.90,346.64,133.87
346.89,291.06,412.28,291.08,412.32,136.12,346.93,136.10
345.77,293.83,411.07,294.36,412.30,139.62,347.01,139.10
345.01,295.74,410.34,296.45,412.02,141.62,346.69,140.91
344.64,296.24,409.69,297.61,412.95,143.45,347.89,142.08
342.66,296.54,407.30,298.48,411.90,145.32,347.26,143.38
344.44,287.62,403.62,291.14,411.98,150.88,352.79,147.36
343.57,288.10,402.44,291.50,410.50,151.98,351.62,148.58
340.91,294.11,403.02,298.04,412.32,150.86,350.21,146.93
342.29,295.59,404.66,298.49,411.52,150.69,349.15,147.80
342.37,297.40,404.77,299.42,409.56,151.55,347.16,149.54
341.64,297.11,403.84,299.32,409.07,151.93,346.88,149.72
341.05,297.82,403.23,300.51,409.59,153.15,347.41,150.46
340.16,299.78,402.29,302.54,408.83,155.32,346.71,152.56
341.55,298.95,402.54,300.96,407.31,156.43,346.32,154.42
340.28,299.17,400.88,301.64,406.73,158.03,346.13,155.56
339.60,299.84,400.35,302.26,406.08,158.28,345.33,155.86
339.41,298.61,399.91,300.91,405.36,157.54,344.86,155.24
337.88,297.58,397.75,299.83,403.08,157.95,343.20,155.70
336.55,297.34,396.16,299.97,402.38,158.71,342.77,156.09
334.82,298.03,394.38,301.63,402.93,160.48,343.36,156.88
333.96,299.62,394.15,303.10,402.38,160.47,342.20,157.00
331.99,301.31,392.82,305.31,402.29,161.16,341.46,157.16
329.49,302.18,390.20,306.94,401.49,163.07,340.78,158.30
327.12,303.59,387.49,309.04,400.40,165.98,340.03,160.53
324.49,304.08,384.59,310.50,399.80,168.09,339.70,161.67
323.29,304.64,383.63,311.31,399.44,168.33,339.11,161.65
320.13,304.28,380.24,311.82,398.11,169.39,338.00,161.85
318.53,304.46,378.80,312.50,397.86,169.69,337.60,161.65
315.65,305.47,375.93,314.20,396.64,171.37,336.36,162.63
314.23,305.27,374.27,314.50,396.14,172.23,336.11,163.00
312.04,303.96,370.91,314.18,395.13,174.67,336.26,164.45
309.89,306.12,368.69,316.63,393.58,177.29,334.79,166.78
308.91,306.68,367.44,317.46,393.00,178.76,334.47,167.97
306.98,307.56,365.27,318.09,390.22,179.96,331.93,169.43
306.28,308.08,364.05,318.68,389.17,181.77,331.40,171.17
302.98,307.17,360.15,319.12,388.45,183.63,331.28,171.69
300.97,306.70,357.82,318.85,386.62,184.11,329.76,171.96
298.44,307.51,355.33,320.15,385.29,185.34,328.40,172.70
296.16,307.60,353.04,320.60,383.84,185.80,326.96,172.81
293.37,308.17,350.06,321.01,380.49,186.65,323.79,173.82
292.32,307.39,348.32,319.73,377.56,187.02,321.56,174.68
290.49,309.27,346.14,321.05,374.05,189.18,318.41,177.40
288.07,309.95,343.50,321.66,371.26,190.29,315.83,178.58
285.39,309.69,341.12,321.82,369.86,189.75,314.13,177.62
283.00,309.35,338.28,321.14,366.20,190.14,310.93,178.35
280.03,309.05,335.53,321.07,364.01,189.56,308.51,177.54
277.14,309.34,332.72,321.44,361.40,189.72,305.81,177.62
275.29,309.12,331.07,321.28,359.90,189.10,304.12,176.94
272.90,310.64,328.68,322.23,356.14,190.06,300.37,178.47
271.46,311.37,327.34,322.12,352.81,189.71,296.93,178.96
267.76,310.36,323.61,322.13,351.51,189.79,295.66,178.01
265.03,311.72,321.13,323.54,349.12,190.59,293.03,178.78
263.17,310.17,318.93,321.94,346.82,189.79,291.06,178.02
261.43,309.83,316.29,321.33,343.54,191.34,288.68,179.84
259.40,309.07,313.71,320.88,341.68,192.18,287.37,180.38
258.27,308.11,311.81,319.54,338.89,192.65,285.34,181.22
255.64,308.84,308.93,320.11,335.64,193.83,282.35,182.56
253.64,309.07,306.27,320.83,334.15,196.09,281.52,184.33
250.57,308.27,302.27,320.72,331.77,198.19,280.07,185.74
248.82,308.31,300.44,320.80,330.04,198.45,278.41,185.96
249.87,319.23,307.31,322.52,315.11,186.40,257.67,183.11
252.01,323.23,310.05,322.82,309.07,185.27,251.02,185.68
249.05,321.89,306.70,322.62,308.43,186.01,250.78,185.28
245.49,322.65,302.75,323.25,304.15,187.57,246.90,186.98
243.58,322.86,300.84,323.63,302.67,187.93,245.41,187.16
232.29,319.18,288.20,326.75,306.14,194.25,250.22,186.68
230.90,319.47,286.77,326.89,304.37,194.51,248.51,187.08
229.76,318.59,284.95,326.11,302.76,195.33,247.57,187.81
226.02,319.06,281.32,327.22,300.65,196.16,245.34,188.00
223.22,318.70,278.50,327.90,300.30,196.90,245.02,187.70
220.29,317.73,275.07,327.40,297.99,197.57,243.20,187.90
217.75,318.26,272.02,327.70,294.38,199.10,240.12,189.67
214.61,318.69,268.95,328.98,293.32,200.20,238.98,189.91
211.99,318.43,266.61,329.18,292.07,199.75,237.45,189.00
