1
311.000000,542.000000,13.000000,49.000000
310.000000,524.000000,13.000000,49.000000
305.000000,535.000000,13.000000,49.000000
329.000000,522.000000,13.000000,49.000000
319.000000,513.000000,13.000000,49.000000
297.000000,494.000000,13.000000,49.000000
291.000000,465.000000,13.000000,49.000000
289.000000,450.000000,13.000000,49.000000
299.000000,442.000000,13.000000,49.000000
311.000000,435.000000,13.000000,49.000000
329.000000,431.000000,13.000000,49.000000
342.000000,429.000000,13.000000,49.000000
343.000000,433.000000,13.000000,49.000000
348.000000,422.000000,13.000000,49.000000
360.000000,428.000000,13.000000,49.000000
381.000000,435.000000,13.000000,49.000000
398.000000,429.000000,13.000000,49.000000
395.000000,411.000000,13.000000,49.000000
377.000000,400.000000,13.000000,49.000000
376.000000,390.000000,13.000000,49.000000
376.000000,389.000000,13.000000,49.000000
376.000000,382.000000,13.000000,49.000000
367.000000,374.000000,13.000000,49.000000
355.000000,370.000000,13.000000,49.000000
347.000000,357.000000,13.000000,49.000000
350.000000,347.000000,13.000000,49.000000
348.000000,322.000000,13.000000,49.000000
348.000000,314.000000,13.000000,49.000000
370.000000,294.000000,13.000000,49.000000
375.000000,279.000000,13.000000,49.000000
373.000000,251.000000,13.000000,49.000000
390.000000,235.000000,13.000000,49.000000
405.000000,235.000000,13.000000,49.000000
416.000000,259.000000,13.000000,49.000000
437.000000,269.000000,13.000000,49.000000
450.000000,283.000000,13.000000,49.000000
457.000000,292.000000,13.000000,49.000000
460.000000,297.000000,13.000000,49.000000
442.000000,312.000000,13.000000,49.000000
440.000000,306.000000,13.000000,49.000000
429.000000,321.000000,13.000000,49.000000
400.000000,320.000000,13.000000,49.000000
371.000000,321.000000,13.000000,49.000000
347.000000,307.000000,13.000000,49.000000
317.000000,307.000000,13.000000,49.000000
296.000000,301.000000,13.000000,49.000000
294.000000,291.000000,13.000000,49.000000
278.000000,292.000000,13.000000,49.000000
268.000000,272.000000,13.000000,49.000000
252.000000,271.000000,13.000000,49.000000
252.000000,259.000000,13.000000,49.000000
277.000000,274.000000,13.000000,49.000000
302.000000,290.000000,13.000000,49.000000
325.000000,309.000000,13.000000,49.000000
347.000000,324.000000,13.000000,49.000000
339.000000,325.000000,13.000000,49.000000
344.000000,314.000000,13.000000,49.000000
356.000000,337.000000,13.000000,49.000000
361.000000,360.000000,13.000000,49.000000
360.000000,389.000000,13.000000,49.000000
353.000000,393.000000,13.000000,49.000000
327.000000,382.000000,13.000000,49.000000
309.000000,367.000000,13.000000,49.000000
299.000000,347.000000,13.000000,49.000000
298.000000,348.000000,13.000000,49.000000
305.000000,345.000000,13.000000,49.000000
299.000000,357.000000,13.000000,49.000000
299.000000,352.000000,13.000000,49.000000
304.000000,348.000000,13.000000,49.000000
301.000000,335.000000,13.000000,49.000000
289.000000,348.000000,13.000000,49.000000
297.000000,353.000000,13.000000,49.000000
319.000000,354.000000,13.000000,49.000000
305.000000,353.000000,13.000000,49.000000
289.000000,340.000000,13.000000,49.000000
290.000000,336.000000,13.000000,49.000000
298.000000,346.000000,13.000000,49.000000
309.000000,348.000000,13.000000,49.000000
305.000000,358.000000,13.000000,49.000000
312.000000,357.000000,13.000000,49.000000
324.000000,363.000000,13.000000,49.000000
328.000000,377.000000,13.000000,49.000000
341.000000,373.000000,13.000000,49.000000
347.000000,370.000000,13.000000,49.000000
345.000000,356.000000,13.000000,49.000000
351.000000,343.000000,13.000000,49.000000
379.000000,344.000000,13.000000,49.000000
403.000000,342.000000,13.000000,49.000000
403.000000,328.000000,13.000000,49.000000
395.000000,328.000000,13.000000,49.000000
398.000000,327.000000,13.000000,49.000000
415.000000,308.000000,13.000000,49.000000
419.000000,319.000000,13.000000,49.000000
443.000000,314.000000,13.000000,49.000000
467.000000,325.000000,13.000000,49.000000
474.000000,332.000000,13.000000,49.000000
481.000000,326.000000,13.000000,49.000000
483.000000,315.000000,13.000000,49.000000
488.000000,316.000000,13.000000,49.000000
498.000000,311.000000,13.000000,49.000000
517.000000,290.000000,13.000000,49.000000
532.000000,290.000000,13.000000,49.000000
548.000000,281.000000,13.000000,49.000000
564.000000,268.000000,13.000000,49.000000
572.000000,260.000000,13.000000,49.000000
581.000000,243.000000,13.000000,49.000000
588.000000,225.000000,13.000000,49.000000
596.000000,219.000000,13.000000,49.000000
609.000000,218.000000,13.000000,49.000000
615.000000,218.000000,13.000000,49.000000
605.000000,211.000000,13.000000,49.000000
584.000000,204.000000,13.000000,49.000000
581.000000,210.000000,13.000000,49.000000
569.000000,196.000000,13.000000,49.000000
542.000000,183.000000,13.000000,49.000000
520.000000,174.000000,13.000000,49.000000
515.000000,166.000000,13.000000,49.000000
504.000000,146.000000,13.000000,49.000000
476.000000,147.000000,13.000000,49.000000
457.000000,156.000000,13.000000,49.000000
463.000000,175.000000,13.000000,49.000000
468.000000,189.000000,13.000000,49.000000
496.000000,197.000000,13.000000,49.000000
502.000000,201.000000,13.000000,49.000000
496.000000,194.000000,13.000000,49.000000
511.000000,186.000000,13.000000,49.000000
527.000000,179.000000,13.000000,49.000000
550.000000,174.000000,13.000000,49.000000
