1
506.000000,193.000000,56.000000,32.000000
499.000000,193.000000,56.000000,32.000000
486.000000,194.000000,56.000000,32.000000
475.000000,193.000000,57.000000,33.000000
474.000000,196.000000,55.000000,32.000000
455.000000,194.000000,57.000000,33.000000
441.000000,190.000000,56.000000,32.000000
426.000000,187.000000,58.000000,33.000000
411.000000,187.000000,58.000000,33.000000
398.000000,185.000000,55.000000,32.000000
394.000000,185.000000,56.000000,32.000000
391.000000,183.000000,59.000000,34.000000
378.000000,179.000000,56.000000,32.000000
371.000000,176.000000,55.000000,32.000000
355.000000,174.000000,56.000000,32.000000
335.000000,169.000000,59.000000,34.000000
337.000000,171.000000,58.000000,33.000000
327.000000,164.000000,54.000000,31.000000
316.000000,156.000000,60.000000,34.000000
311.000000,156.000000,56.000000,32.000000
296.000000,155.000000,54.000000,31.000000
285.000000,156.000000,55.000000,31.000000
284.000000,152.000000,55.000000,31.000000
283.000000,157.000000,59.000000,33.000000
283.000000,160.000000,55.000000,32.000000
279.000000,161.000000,55.000000,32.000000
277.000000,165.000000,55.000000,31.000000
2
0
0
0
0
1
173.000000,166.000000,57.000000,30.000000
167.000000,166.000000,57.000000,30.000000
167.000000,165.000000,57.000000,30.000000
159.000000,176.000000,57.000000,30.000000
144.000000,174.000000,56.000000,29.000000
138.000000,154.000000,55.000000,29.000000
132.000000,157.000000,56.000000,30.000000
134.000000,157.000000,57.000000,30.000000
139.000000,174.000000,55.000000,29.000000
140.000000,176.000000,57.000000,31.000000
153.000000,176.000000,56.000000,29.000000
157.000000,179.000000,57.000000,30.000000
157.000000,183.000000,57.000000,30.000000
125.000000,160.000000,55.000000,29.000000
117.000000,158.000000,57.000000,30.000000
129.000000,159.000000,55.000000,29.000000
129.000000,159.000000,56.000000,30.000000
171.000000,189.000000,56.000000,30.000000
2
0
0
0
0
1
167.000000,180.000000,36.000000,34.000000
168.000000,177.000000,35.000000,33.000000
169.000000,176.000000,38.000000,36.000000
173.000000,179.000000,35.000000,33.000000
179.000000,180.000000,34.000000,32.000000
182.000000,182.000000,35.000000,34.000000
185.000000,185.000000,36.000000,34.000000
188.000000,187.000000,35.000000,33.000000
184.000000,189.000000,37.000000,35.000000
185.000000,186.000000,37.000000,35.000000
190.000000,188.000000,38.000000,36.000000
196.000000,185.000000,36.000000,34.000000
191.000000,190.000000,37.000000,35.000000
198.000000,191.000000,37.000000,35.000000
202.000000,191.000000,37.000000,35.000000
202.000000,199.000000,39.000000,37.000000
202.000000,197.000000,39.000000,37.000000
205.000000,201.000000,37.000000,35.000000
215.000000,204.000000,34.000000,32.000000
218.000000,202.000000,35.000000,33.000000
215.000000,205.000000,37.000000,35.000000
223.000000,207.000000,37.000000,35.000000
223.000000,211.000000,34.000000,32.000000
228.000000,216.000000,36.000000,34.000000
228.000000,220.000000,36.000000,34.000000
236.000000,224.000000,35.000000,33.000000
243.000000,228.000000,36.000000,34.000000
246.000000,227.000000,37.000000,35.000000
246.000000,225.000000,38.000000,36.000000
248.000000,227.000000,38.000000,36.000000
249.000000,228.000000,36.000000,34.000000
253.000000,239.000000,37.000000,35.000000
267.000000,242.000000,36.000000,34.000000
274.000000,247.000000,39.000000,36.000000
281.000000,250.000000,35.000000,33.000000
285.000000,255.000000,35.000000,33.000000
2
0
0
0
0
1
256.000000,245.000000,56.000000,36.000000
255.000000,247.000000,57.000000,37.000000
257.000000,249.000000,56.000000,36.000000
257.000000,253.000000,56.000000,36.000000
259.000000,257.000000,56.000000,36.000000
253.000000,259.000000,57.000000,37.000000
260.000000,260.000000,57.000000,37.000000
261.000000,262.000000,56.000000,36.000000
268.000000,270.000000,58.000000,37.000000
268.000000,269.000000,57.000000,37.000000
280.000000,272.000000,58.000000,37.000000
279.000000,274.000000,58.000000,37.000000
288.000000,271.000000,56.000000,36.000000
290.000000,275.000000,56.000000,36.000000
292.000000,276.000000,56.000000,36.000000
295.000000,278.000000,56.000000,36.000000
296.000000,277.000000,57.000000,36.000000
294.000000,276.000000,57.000000,37.000000
298.000000,273.000000,55.000000,36.000000
299.000000,278.000000,55.000000,35.000000
301.000000,281.000000,54.000000,35.000000
306.000000,284.000000,54.000000,34.000000
305.000000,288.000000,54.000000,35.000000
305.000000,287.000000,58.000000,37.000000
306.000000,293.000000,57.000000,36.000000
310.000000,296.000000,59.000000,38.000000
2
0
0
0
0
1
253.000000,310.000000,54.000000,37.000000
251.000000,312.000000,55.000000,38.000000
254.000000,311.000000,52.000000,36.000000
257.000000,314.000000,53.000000,37.000000
253.000000,319.000000,53.000000,37.000000
258.000000,328.000000,55.000000,38.000000
250.000000,327.000000,54.000000,37.000000
245.000000,337.000000,53.000000,36.000000
245.000000,338.000000,55.000000,38.000000
238.000000,341.000000,55.000000,37.000000
244.000000,346.000000,50.000000,34.000000
229.000000,356.000000,55.000000,38.000000
244.000000,351.000000,55.000000,38.000000
255.000000,340.000000,58.000000,40.000000
236.000000,350.000000,55.000000,38.000000
237.000000,351.000000,54.000000,37.000000
240.000000,350.000000,55.000000,38.000000
258.000000,326.000000,53.000000,37.000000
249.000000,334.000000,57.000000,39.000000
253.000000,351.000000,56.000000,39.000000
256.000000,350.000000,53.000000,37.000000
261.000000,348.000000,54.000000,37.000000
259.000000,349.000000,53.000000,36.000000
259.000000,351.000000,53.000000,36.000000
255.000000,347.000000,52.000000,36.000000
258.000000,348.000000,54.000000,37.000000
