1
506.000000,193.000000,56.000000,32.000000
501.000000,194.000000,57.000000,33.000000
489.000000,193.000000,58.000000,33.000000
476.000000,193.000000,57.000000,33.000000
471.000000,195.000000,57.000000,33.000000
455.000000,194.000000,57.000000,32.000000
444.000000,185.000000,56.000000,32.000000
432.000000,188.000000,58.000000,33.000000
411.000000,184.000000,56.000000,32.000000
411.000000,182.000000,59.000000,34.000000
396.000000,183.000000,57.000000,33.000000
392.000000,184.000000,58.000000,33.000000
378.000000,181.000000,56.000000,32.000000
369.000000,178.000000,56.000000,32.000000
354.000000,177.000000,58.000000,33.000000
343.000000,172.000000,56.000000,32.000000
340.000000,171.000000,56.000000,32.000000
327.000000,164.000000,59.000000,34.000000
316.000000,158.000000,58.000000,33.000000
308.000000,156.000000,58.000000,33.000000
290.000000,156.000000,58.000000,33.000000
285.000000,157.000000,56.000000,32.000000
293.000000,153.000000,56.000000,32.000000
274.000000,158.000000,54.000000,31.000000
282.000000,160.000000,54.000000,31.000000
281.000000,161.000000,54.000000,31.000000
279.000000,159.000000,58.000000,33.000000
2
0
0
0
0
1
170.000000,166.000000,58.000000,31.000000
167.000000,168.000000,57.000000,30.000000
167.000000,171.000000,56.000000,30.000000
162.000000,178.000000,57.000000,30.000000
147.000000,175.000000,58.000000,31.000000
143.000000,163.000000,58.000000,30.000000
136.000000,160.000000,58.000000,30.000000
135.000000,158.000000,57.000000,30.000000
140.000000,174.000000,58.000000,30.000000
143.000000,176.000000,55.000000,29.000000
152.000000,176.000000,55.000000,29.000000
157.000000,181.000000,55.000000,29.000000
134.000000,179.000000,59.000000,31.000000
121.000000,158.000000,60.000000,32.000000
118.000000,156.000000,60.000000,32.000000
125.000000,156.000000,60.000000,31.000000
128.000000,157.000000,60.000000,32.000000
117.000000,158.000000,60.000000,32.000000
2
0
0
0
0
1
167.000000,178.000000,35.000000,33.000000
166.000000,177.000000,35.000000,33.000000
171.000000,178.000000,36.000000,34.000000
172.000000,177.000000,35.000000,33.000000
177.000000,179.000000,35.000000,33.000000
182.000000,184.000000,35.000000,33.000000
185.000000,186.000000,36.000000,34.000000
186.000000,188.000000,36.000000,34.000000
185.000000,192.000000,36.000000,34.000000
191.000000,187.000000,35.000000,33.000000
193.000000,189.000000,36.000000,34.000000
197.000000,185.000000,36.000000,33.000000
193.000000,189.000000,36.000000,34.000000
196.000000,191.000000,37.000000,35.000000
201.000000,192.000000,35.000000,33.000000
206.000000,198.000000,38.000000,36.000000
201.000000,200.000000,36.000000,34.000000
206.000000,200.000000,37.000000,35.000000
211.000000,202.000000,35.000000,33.000000
209.000000,201.000000,36.000000,34.000000
220.000000,206.000000,35.000000,33.000000
225.000000,208.000000,36.000000,34.000000
224.000000,213.000000,34.000000,33.000000
228.000000,218.000000,34.000000,32.000000
229.000000,219.000000,34.000000,32.000000
233.000000,226.000000,35.000000,33.000000
242.000000,229.000000,36.000000,34.000000
246.000000,230.000000,35.000000,33.000000
248.000000,227.000000,36.000000,34.000000
247.000000,228.000000,36.000000,34.000000
246.000000,228.000000,36.000000,34.000000
260.000000,239.000000,36.000000,34.000000
267.000000,243.000000,35.000000,33.000000
262.000000,249.000000,36.000000,34.000000
267.000000,253.000000,35.000000,33.000000
271.000000,254.000000,35.000000,33.000000
278.000000,256.000000,35.000000,33.000000
284.000000,255.000000,35.000000,33.000000
280.000000,262.000000,36.000000,34.000000
300.000000,253.000000,36.000000,34.000000
272.000000,241.000000,35.000000,33.000000
271.000000,240.000000,34.000000,32.000000
270.000000,242.000000,35.000000,33.000000
268.000000,244.000000,36.000000,34.000000
271.000000,247.000000,35.000000,33.000000
268.000000,252.000000,36.000000,34.000000
268.000000,253.000000,36.000000,34.000000
273.000000,251.000000,36.000000,34.000000
273.000000,254.000000,35.000000,33.000000
276.000000,251.000000,36.000000,34.000000
280.000000,254.000000,35.000000,33.000000
282.000000,258.000000,35.000000,33.000000
284.000000,266.000000,38.000000,36.000000
291.000000,262.000000,31.000000,29.000000
290.000000,272.000000,35.000000,33.000000
297.000000,274.000000,34.000000,32.000000
298.000000,273.000000,36.000000,34.000000
302.000000,275.000000,36.000000,34.000000
306.000000,278.000000,33.000000,31.000000
305.000000,276.000000,37.000000,35.000000
306.000000,276.000000,37.000000,34.000000
309.000000,282.000000,36.000000,34.000000
313.000000,290.000000,33.000000,31.000000
318.000000,295.000000,33.000000,31.000000
315.000000,304.000000,33.000000,31.000000
317.000000,304.000000,33.000000,31.000000
2
0
0
0
0
1
250.000000,306.000000,54.000000,41.000000
252.000000,311.000000,54.000000,41.000000
251.000000,309.000000,56.000000,42.000000
250.000000,313.000000,54.000000,41.000000
240.000000,315.000000,55.000000,42.000000
244.000000,319.000000,54.000000,41.000000
247.000000,324.000000,53.000000,40.000000
260.000000,327.000000,54.000000,41.000000
245.000000,326.000000,54.000000,41.000000
247.000000,336.000000,54.000000,41.000000
245.000000,336.000000,56.000000,42.000000
236.000000,347.000000,53.000000,40.000000
236.000000,349.000000,55.000000,42.000000
255.000000,344.000000,55.000000,42.000000
257.000000,341.000000,56.000000,42.000000
252.000000,359.000000,59.000000,45.000000
235.000000,353.000000,56.000000,43.000000
227.000000,344.000000,56.000000,43.000000
225.000000,340.000000,57.000000,43.000000
254.000000,365.000000,56.000000,42.000000
241.000000,367.000000,54.000000,41.000000
243.000000,364.000000,54.000000,41.000000
234.000000,349.000000,56.000000,43.000000
234.000000,347.000000,56.000000,43.000000
231.000000,347.000000,55.000000,42.000000
228.000000,347.000000,55.000000,42.000000
230.000000,347.000000,56.000000,43.000000
224.000000,346.000000,55.000000,42.000000
