1
506.000000,195.000000,57.000000,33.000000
500.000000,197.000000,55.000000,31.000000
486.000000,198.000000,53.000000,31.000000
480.000000,194.000000,55.000000,31.000000
470.000000,193.000000,55.000000,31.000000
458.000000,194.000000,55.000000,31.000000
437.000000,191.000000,57.000000,33.000000
428.000000,190.000000,59.000000,33.000000
423.000000,191.000000,57.000000,33.000000
421.000000,194.000000,59.000000,33.000000
414.000000,200.000000,59.000000,33.000000
397.000000,199.000000,57.000000,33.000000
2
0
0
0
0
1
321.000000,167.000000,43.000000,27.000000
311.000000,164.000000,41.000000,27.000000
294.000000,166.000000,41.000000,27.000000
282.000000,159.000000,41.000000,27.000000
274.000000,149.000000,39.000000,25.000000
278.000000,153.000000,43.000000,29.000000
277.000000,159.000000,45.000000,29.000000
270.000000,160.000000,47.000000,29.000000
263.000000,159.000000,47.000000,29.000000
258.000000,162.000000,49.000000,31.000000
252.000000,163.000000,51.000000,33.000000
256.000000,165.000000,51.000000,33.000000
256.000000,171.000000,49.000000,31.000000
2
0
0
0
0
1
162.000000,154.000000,35.000000,39.000000
156.000000,157.000000,33.000000,37.000000
148.000000,166.000000,33.000000,37.000000
140.000000,173.000000,33.000000,37.000000
134.000000,179.000000,33.000000,37.000000
140.000000,184.000000,33.000000,37.000000
145.000000,180.000000,31.000000,35.000000
147.000000,195.000000,33.000000,37.000000
145.000000,202.000000,33.000000,37.000000
146.000000,203.000000,33.000000,37.000000
145.000000,202.000000,33.000000,37.000000
2
0
0
0
0
1
162.000000,175.000000,35.000000,33.000000
163.000000,175.000000,37.000000,33.000000
164.000000,177.000000,37.000000,33.000000
165.000000,181.000000,37.000000,33.000000
165.000000,179.000000,37.000000,33.000000
169.000000,186.000000,35.000000,33.000000
173.000000,198.000000,35.000000,33.000000
178.000000,201.000000,35.000000,33.000000
179.000000,210.000000,35.000000,31.000000
2
0
0
0
0
1
195.000000,188.000000,35.000000,39.000000
198.000000,192.000000,35.000000,37.000000
202.000000,196.000000,35.000000,37.000000
205.000000,198.000000,35.000000,37.000000
207.000000,199.000000,35.000000,39.000000
211.000000,202.000000,37.000000,39.000000
215.000000,203.000000,37.000000,39.000000
218.000000,206.000000,37.000000,39.000000
220.000000,208.000000,37.000000,39.000000
222.000000,210.000000,37.000000,39.000000
223.000000,210.000000,37.000000,39.000000
225.000000,213.000000,37.000000,39.000000
228.000000,217.000000,37.000000,39.000000
233.000000,218.000000,37.000000,39.000000
240.000000,224.000000,37.000000,39.000000
244.000000,224.000000,37.000000,39.000000
246.000000,224.000000,37.000000,39.000000
251.000000,225.000000,37.000000,39.000000
257.000000,230.000000,37.000000,39.000000
261.000000,234.000000,37.000000,39.000000
268.000000,239.000000,35.000000,37.000000
272.000000,242.000000,37.000000,39.000000
274.000000,244.000000,37.000000,39.000000
280.000000,245.000000,35.000000,37.000000
287.000000,244.000000,35.000000,37.000000
2
0
0
0
0
1
259.000000,248.000000,59.000000,37.000000
260.000000,250.000000,59.000000,37.000000
259.000000,255.000000,59.000000,37.000000
259.000000,258.000000,57.000000,37.000000
260.000000,259.000000,57.000000,35.000000
263.000000,260.000000,57.000000,35.000000
264.000000,268.000000,55.000000,35.000000
264.000000,272.000000,55.000000,33.000000
266.000000,275.000000,55.000000,35.000000
265.000000,277.000000,57.000000,35.000000
268.000000,280.000000,57.000000,35.000000
272.000000,286.000000,57.000000,35.000000
274.000000,292.000000,57.000000,35.000000
277.000000,296.000000,57.000000,35.000000
278.000000,298.000000,57.000000,35.000000
278.000000,296.000000,57.000000,35.000000
281.000000,295.000000,57.000000,35.000000
273.000000,289.000000,57.000000,35.000000
264.000000,287.000000,59.000000,35.000000
262.000000,288.000000,59.000000,35.000000
262.000000,294.000000,59.000000,35.000000
261.000000,295.000000,57.000000,35.000000
259.000000,295.000000,57.000000,35.000000
256.000000,294.000000,57.000000,35.000000
256.000000,291.000000,57.000000,35.000000
257.000000,290.000000,57.000000,35.000000
259.000000,290.000000,61.000000,37.000000
260.000000,294.000000,61.000000,37.000000
259.000000,295.000000,65.000000,39.000000
246.000000,302.000000,65.000000,39.000000
235.000000,294.000000,65.000000,39.000000
236.000000,294.000000,65.000000,39.000000
231.000000,287.000000,63.000000,39.000000
233.000000,290.000000,63.000000,39.000000
235.000000,293.000000,63.000000,39.000000
238.000000,297.000000,63.000000,39.000000
241.000000,299.000000,63.000000,39.000000
241.000000,301.000000,63.000000,39.000000
244.000000,303.000000,63.000000,37.000000
236.000000,307.000000,63.000000,37.000000
2
0
0
0
0
1
231.000000,355.000000,57.000000,31.000000
233.000000,353.000000,59.000000,33.000000
235.000000,349.000000,61.000000,33.000000
239.000000,352.000000,63.000000,33.000000
247.000000,350.000000,63.000000,35.000000
254.000000,349.000000,63.000000,35.000000
251.000000,348.000000,63.000000,35.000000
259.000000,346.000000,63.000000,35.000000
269.000000,342.000000,65.000000,35.000000
273.000000,342.000000,65.000000,35.000000
280.000000,341.000000,65.000000,35.000000
