1
558.500000,257.000000,299.000000,340.000000
580.610901,315.333527,303.484985,345.100006
623.689514,399.331635,308.037262,350.276489
588.864197,447.507965,311.117645,353.779266
603.430420,491.328522,315.784424,359.085968
616.105103,533.577515,315.784424,359.085968
630.230225,573.011475,312.626556,355.495087
2
0
0
0
0
1
633.000000,257.500000,290.000000,335.000000
633.000000,273.500000,290.000000,335.000000
645.000000,297.500000,290.000000,335.000000
653.000000,313.500000,290.000000,335.000000
657.000000,333.500000,290.000000,335.000000
657.000000,349.500000,290.000000,335.000000
653.000000,357.500000,290.000000,335.000000
615.781921,348.194580,285.649994,329.975006
617.924255,354.548004,281.365265,325.025360
651.218140,367.845490,285.585724,329.900757
648.750916,365.599823,282.729858,326.601746
640.960571,365.599823,282.729858,326.601746
640.253784,360.866058,284.143524,328.234772
639.543396,363.979279,285.564240,329.875916
690.255676,386.889771,286.992065,331.525299
688.512939,381.585846,282.687164,326.552429
687.806274,380.769470,284.100616,328.185181
687.806274,380.769470,284.100616,328.185181
689.226746,382.410400,281.259613,324.903351
660.399780,369.034149,284.072205,328.152374
650.184265,366.796295,281.231476,324.870850
647.750427,368.420654,278.419159,321.622131
635.484741,363.760040,279.811249,323.230255
625.551636,357.418579,284.008423,328.078705
576.661255,335.998871,286.848511,331.359497
546.432678,317.469543,291.151245,336.329895
528.026367,303.261536,288.239746,332.966583
510.541016,285.552551,291.122131,336.296265
512.429321,262.671722,295.488953,341.340698
519.878174,245.443192,296.966400,343.047394
522.525757,227.198303,299.936066,346.477875
547.320251,198.271408,299.936066,346.477875
561.784912,176.439651,295.437042,341.280701
572.638794,170.622894,298.391388,344.693512
595.125000,221.803955,293.915527,339.523102
600.605591,243.556747,290.976379,336.127869
617.288879,264.341888,289.521484,334.447235
629.255798,284.286713,289.521484,334.447235
639.283752,290.723358,285.178680,329.430542
629.166992,467.756073,289.456360,334.371979
606.056152,480.509247,288.009064,332.700134
598.875488,453.688568,286.569031,331.036621
593.453674,448.044434,289.434723,334.346985
595.332581,445.536835,293.776245,339.362213
597.535889,476.004791,289.369598,334.271759
596.812500,479.180176,290.816437,335.943115
580.768311,495.224304,290.816437,335.943115
