1
784.000000,266.000000,85.000000,179.000000
784.000000,262.000000,85.000000,179.000000
782.000000,261.000000,85.000000,179.000000
781.000000,259.000000,85.000000,179.000000
780.000000,244.000000,85.000000,179.000000
778.000000,235.000000,85.000000,179.000000
777.000000,233.000000,83.000000,175.000000
777.000000,235.000000,81.000000,173.000000
775.000000,236.000000,81.000000,171.000000
774.000000,231.000000,81.000000,169.000000
773.000000,228.000000,81.000000,171.000000
777.000000,231.000000,79.000000,169.000000
778.000000,230.000000,79.000000,169.000000
778.000000,228.000000,79.000000,171.000000
780.000000,222.000000,81.000000,171.000000
789.000000,212.000000,79.000000,171.000000
792.000000,207.000000,81.000000,173.000000
769.000000,206.000000,79.000000,169.000000
769.000000,201.000000,81.000000,173.000000
764.000000,206.000000,77.000000,163.000000
764.000000,204.000000,73.000000,155.000000
756.000000,168.000000,69.000000,147.000000
763.000000,160.000000,65.000000,141.000000
760.000000,150.000000,65.000000,141.000000
753.000000,138.000000,65.000000,141.000000
748.000000,137.000000,65.000000,141.000000
734.000000,148.000000,67.000000,145.000000
729.000000,155.000000,67.000000,149.000000
729.000000,152.000000,67.000000,149.000000
731.000000,135.000000,67.000000,149.000000
735.000000,144.000000,69.000000,149.000000
764.000000,154.000000,65.000000,143.000000
764.000000,156.000000,65.000000,143.000000
768.000000,135.000000,63.000000,139.000000
772.000000,120.000000,63.000000,141.000000
726.000000,172.000000,63.000000,141.000000
718.000000,158.000000,63.000000,141.000000
735.000000,85.000000,63.000000,141.000000
718.000000,139.000000,65.000000,143.000000
730.000000,81.000000,63.000000,141.000000
2
0
0
0
0
1
617.000000,188.000000,407.000000,215.000000
605.000000,188.000000,407.000000,215.000000
596.000000,190.000000,401.000000,211.000000
589.000000,193.000000,395.000000,209.000000
585.000000,195.000000,387.000000,203.000000
574.000000,200.000000,381.000000,201.000000
566.000000,206.000000,377.000000,197.000000
563.000000,208.000000,373.000000,197.000000
547.000000,207.000000,365.000000,193.000000
532.000000,214.000000,361.000000,189.000000
530.000000,217.000000,353.000000,185.000000
528.000000,221.000000,347.000000,183.000000
530.000000,225.000000,343.000000,181.000000
534.000000,236.000000,333.000000,175.000000
540.000000,244.000000,323.000000,169.000000
544.000000,252.000000,323.000000,169.000000
546.000000,262.000000,311.000000,161.000000
547.000000,265.000000,301.000000,157.000000
547.000000,275.000000,291.000000,151.000000
546.000000,287.000000,283.000000,147.000000
544.000000,300.000000,275.000000,141.000000
543.000000,311.000000,259.000000,133.000000
541.000000,317.000000,253.000000,129.000000
534.000000,325.000000,253.000000,129.000000
530.000000,332.000000,253.000000,129.000000
524.000000,337.000000,255.000000,131.000000
521.000000,338.000000,257.000000,131.000000
521.000000,340.000000,253.000000,129.000000
518.000000,345.000000,251.000000,127.000000
