1
480.000000,494.000000,40.000000,121.000000
483.000000,482.000000,40.000000,121.000000
488.000000,470.000000,40.000000,121.000000
487.000000,454.000000,40.000000,121.000000
484.000000,437.000000,40.000000,121.000000
484.000000,422.000000,40.000000,121.000000
486.000000,409.000000,40.000000,121.000000
484.000000,394.000000,40.000000,121.000000
483.000000,379.000000,40.000000,121.000000
486.000000,367.000000,40.000000,121.000000
487.000000,358.000000,40.000000,121.000000
488.000000,350.000000,40.000000,121.000000
491.000000,340.000000,40.000000,121.000000
493.000000,327.000000,40.000000,121.000000
487.000000,315.000000,40.000000,121.000000
484.000000,307.000000,40.000000,121.000000
485.000000,298.000000,40.000000,121.000000
496.000000,291.000000,40.000000,121.000000
509.000000,291.000000,40.000000,121.000000
519.000000,292.000000,40.000000,121.000000
525.000000,290.000000,40.000000,121.000000
529.000000,286.000000,40.000000,121.000000
516.000000,281.000000,40.000000,121.000000
487.000000,265.000000,40.000000,121.000000
474.000000,262.000000,40.000000,121.000000
473.000000,264.000000,40.000000,121.000000
481.000000,267.000000,40.000000,121.000000
489.000000,269.000000,40.000000,121.000000
500.000000,272.000000,40.000000,121.000000
517.000000,283.000000,40.000000,121.000000
535.000000,296.000000,40.000000,121.000000
549.000000,306.000000,40.000000,121.000000
554.000000,312.000000,40.000000,121.000000
545.000000,314.000000,40.000000,121.000000
540.000000,307.000000,40.000000,121.000000
537.000000,301.000000,40.000000,121.000000
539.000000,296.000000,40.000000,121.000000
543.000000,292.000000,40.000000,121.000000
545.000000,286.000000,40.000000,121.000000
546.000000,279.000000,40.000000,121.000000
548.000000,271.000000,40.000000,121.000000
547.000000,263.000000,40.000000,121.000000
546.000000,258.000000,40.000000,121.000000
546.000000,253.000000,40.000000,121.000000
546.000000,249.000000,40.000000,121.000000
545.000000,245.000000,40.000000,121.000000
542.000000,240.000000,40.000000,121.000000
541.000000,242.000000,40.000000,121.000000
539.000000,242.000000,40.000000,121.000000
535.000000,241.000000,40.000000,121.000000
2
0
0
0
0
1
500.000000,265.000000,38.000000,162.000000
497.000000,268.000000,38.000000,162.000000
494.000000,269.000000,38.000000,162.000000
491.000000,269.000000,38.000000,162.000000
491.000000,263.000000,38.000000,162.000000
494.000000,262.000000,38.000000,162.000000
493.000000,261.000000,38.000000,162.000000
2
0
0
0
0
1
494.000000,241.000000,41.000000,198.000000
491.000000,235.000000,41.000000,198.000000
489.000000,231.000000,41.000000,198.000000
490.000000,229.000000,41.000000,198.000000
488.000000,224.000000,41.000000,198.000000
481.000000,215.000000,41.000000,198.000000
493.000000,227.000000,41.000000,198.000000
491.000000,229.000000,41.000000,198.000000
489.000000,230.000000,41.000000,198.000000
2
0
0
0
0
1
479.000000,223.000000,56.000000,244.000000
480.000000,222.000000,56.000000,244.000000
482.000000,224.000000,56.000000,244.000000
485.000000,226.000000,56.000000,244.000000
489.000000,211.000000,56.000000,244.000000
490.000000,215.000000,56.000000,244.000000
492.000000,219.000000,56.000000,244.000000
492.000000,228.000000,56.000000,244.000000
2
0
0
0
0
1
480.000000,208.000000,70.000000,289.000000
481.000000,206.000000,70.000000,289.000000
482.000000,205.000000,70.000000,289.000000
482.000000,206.000000,70.000000,289.000000
481.000000,203.000000,70.000000,289.000000
2
0
0
0
0
1
494.000000,188.000000,78.000000,347.000000
496.000000,192.000000,78.000000,347.000000
498.000000,197.000000,78.000000,347.000000
499.000000,202.000000,78.000000,347.000000
501.000000,204.000000,78.000000,347.000000
504.000000,207.000000,78.000000,347.000000
502.000000,203.000000,78.000000,347.000000
504.000000,203.000000,78.000000,347.000000
506.000000,205.000000,78.000000,347.000000
509.000000,199.000000,78.000000,347.000000
511.000000,198.000000,78.000000,347.000000
509.000000,199.000000,78.000000,347.000000
508.000000,207.000000,78.000000,347.000000
496.000000,207.000000,78.000000,347.000000
479.000000,210.000000,78.000000,347.000000
457.000000,215.000000,78.000000,347.000000
414.000000,215.000000,78.000000,347.000000
350.000000,175.000000,78.000000,347.000000
279.000000,196.000000,78.000000,347.000000
213.000000,256.000000,78.000000,347.000000
152.000000,333.000000,78.000000,347.000000
