1
265.000000,126.000000,103.000000,70.000000
264.000000,127.000000,103.000000,70.000000
264.000000,129.000000,103.000000,70.000000
263.000000,130.000000,103.000000,70.000000
262.000000,131.000000,103.000000,70.000000
261.000000,131.000000,103.000000,70.000000
259.000000,132.000000,103.000000,70.000000
259.000000,132.000000,103.000000,70.000000
258.000000,131.000000,103.000000,70.000000
257.000000,131.000000,103.000000,70.000000
257.000000,131.000000,103.000000,70.000000
257.000000,131.000000,103.000000,70.000000
257.000000,132.000000,103.000000,70.000000
257.000000,131.000000,103.000000,70.000000
257.000000,132.000000,103.000000,70.000000
257.000000,132.000000,103.000000,70.000000
257.000000,132.000000,103.000000,70.000000
257.000000,132.000000,103.000000,70.000000
257.000000,132.000000,103.000000,70.000000
257.000000,132.000000,103.000000,70.000000
257.000000,132.000000,103.000000,70.000000
256.000000,131.000000,103.000000,70.000000
256.000000,131.000000,103.000000,70.000000
257.000000,131.000000,103.000000,70.000000
254.000000,130.000000,103.000000,70.000000
252.000000,131.000000,103.000000,70.000000
250.000000,131.000000,103.000000,70.000000
248.000000,130.000000,103.000000,70.000000
246.000000,128.000000,103.000000,70.000000
2
0
0
0
0
1
346.000000,137.000000,111.000000,87.000000
345.000000,136.000000,111.000000,87.000000
343.000000,134.000000,111.000000,87.000000
342.000000,133.000000,111.000000,87.000000
339.000000,132.000000,111.000000,87.000000
337.000000,131.000000,111.000000,87.000000
335.000000,130.000000,111.000000,87.000000
334.000000,130.000000,111.000000,87.000000
333.000000,131.000000,111.000000,87.000000
333.000000,131.000000,111.000000,87.000000
332.000000,131.000000,111.000000,87.000000
330.000000,131.000000,111.000000,87.000000
329.000000,131.000000,111.000000,87.000000
327.000000,131.000000,111.000000,87.000000
325.000000,131.000000,111.000000,87.000000
324.000000,130.000000,111.000000,87.000000
323.000000,131.000000,111.000000,87.000000
322.000000,131.000000,111.000000,87.000000
321.000000,130.000000,111.000000,87.000000
318.000000,129.000000,111.000000,87.000000
316.000000,128.000000,111.000000,87.000000
313.000000,126.000000,111.000000,87.000000
309.000000,124.000000,111.000000,87.000000
306.000000,121.000000,111.000000,87.000000
302.000000,118.000000,111.000000,87.000000
298.000000,114.000000,111.000000,87.000000
294.000000,111.000000,111.000000,87.000000
290.000000,108.000000,111.000000,87.000000
285.000000,104.000000,111.000000,87.000000
280.000000,101.000000,111.000000,87.000000
276.000000,98.000000,111.000000,87.000000
272.000000,95.000000,111.000000,87.000000
268.000000,92.000000,111.000000,87.000000
264.000000,91.000000,111.000000,87.000000
2
0
0
0
0
1
367.000000,153.000000,32.000000,34.000000
364.000000,152.000000,32.000000,34.000000
361.000000,154.000000,32.000000,34.000000
359.000000,154.000000,32.000000,34.000000
357.000000,154.000000,32.000000,34.000000
355.000000,153.000000,32.000000,34.000000
353.000000,153.000000,32.000000,34.000000
351.000000,151.000000,32.000000,34.000000
347.000000,140.000000,32.000000,34.000000
346.000000,138.000000,32.000000,34.000000
345.000000,134.000000,32.000000,34.000000
344.000000,134.000000,32.000000,34.000000
343.000000,134.000000,32.000000,34.000000
343.000000,133.000000,32.000000,34.000000
342.000000,131.000000,32.000000,34.000000
342.000000,130.000000,32.000000,34.000000
341.000000,131.000000,32.000000,34.000000
341.000000,130.000000,32.000000,34.000000
341.000000,130.000000,32.000000,34.000000
340.000000,130.000000,32.000000,34.000000
339.000000,133.000000,32.000000,34.000000
338.000000,134.000000,32.000000,34.000000
338.000000,135.000000,32.000000,34.000000
337.000000,135.000000,32.000000,34.000000
337.000000,135.000000,32.000000,34.000000
336.000000,136.000000,32.000000,34.000000
336.000000,137.000000,32.000000,34.000000
335.000000,138.000000,32.000000,34.000000
336.000000,137.000000,32.000000,34.000000
335.000000,138.000000,32.000000,34.000000
334.000000,139.000000,32.000000,34.000000
334.000000,140.000000,32.000000,34.000000
334.000000,141.000000,32.000000,34.000000
332.000000,141.000000,32.000000,34.000000
331.000000,142.000000,32.000000,34.000000
329.000000,142.000000,32.000000,34.000000
327.000000,141.000000,32.000000,34.000000
326.000000,141.000000,32.000000,34.000000
326.000000,141.000000,32.000000,34.000000
326.000000,140.000000,32.000000,34.000000
326.000000,140.000000,32.000000,34.000000
326.000000,138.000000,32.000000,34.000000
326.000000,138.000000,32.000000,34.000000
326.000000,138.000000,32.000000,34.000000
326.000000,138.000000,32.000000,34.000000
326.000000,138.000000,32.000000,34.000000
327.000000,139.000000,32.000000,34.000000
327.000000,140.000000,32.000000,34.000000
327.000000,140.000000,32.000000,34.000000
328.000000,141.000000,32.000000,34.000000
326.000000,144.000000,32.000000,34.000000
323.000000,144.000000,32.000000,34.000000
321.000000,145.000000,32.000000,34.000000
319.000000,144.000000,32.000000,34.000000
314.000000,151.000000,32.000000,34.000000
312.000000,152.000000,32.000000,34.000000
311.000000,153.000000,32.000000,34.000000
310.000000,154.000000,32.000000,34.000000
310.000000,155.000000,32.000000,34.000000
308.000000,157.000000,32.000000,34.000000
308.000000,157.000000,32.000000,34.000000
309.000000,157.000000,32.000000,34.000000
309.000000,158.000000,32.000000,34.000000
308.000000,158.000000,32.000000,34.000000
306.000000,159.000000,32.000000,34.000000
305.000000,159.000000,32.000000,34.000000
302.000000,160.000000,32.000000,34.000000
301.000000,161.000000,32.000000,34.000000
299.000000,162.000000,32.000000,34.000000
297.000000,162.000000,32.000000,34.000000
295.000000,163.000000,32.000000,34.000000
294.000000,163.000000,32.000000,34.000000
292.000000,164.000000,32.000000,34.000000
2
0
0
0
0
1
308.000000,139.000000,62.000000,29.000000
307.000000,140.000000,62.000000,29.000000
306.000000,141.000000,62.000000,29.000000
305.000000,143.000000,62.000000,29.000000
305.000000,143.000000,62.000000,29.000000
305.000000,143.000000,62.000000,29.000000
305.000000,143.000000,62.000000,29.000000
306.000000,143.000000,62.000000,29.000000
305.000000,142.000000,62.000000,29.000000
305.000000,142.000000,62.000000,29.000000
306.000000,140.000000,62.000000,29.000000
304.000000,137.000000,62.000000,29.000000
305.000000,137.000000,62.000000,29.000000
305.000000,136.000000,62.000000,29.000000
308.000000,135.000000,62.000000,29.000000
309.000000,135.000000,62.000000,29.000000
309.000000,134.000000,62.000000,29.000000
308.000000,133.000000,62.000000,29.000000
305.000000,131.000000,62.000000,29.000000
305.000000,130.000000,62.000000,29.000000
306.000000,130.000000,62.000000,29.000000
307.000000,132.000000,62.000000,29.000000
307.000000,133.000000,62.000000,29.000000
308.000000,134.000000,62.000000,29.000000
308.000000,134.000000,62.000000,29.000000
308.000000,134.000000,62.000000,29.000000
308.000000,134.000000,62.000000,29.000000
307.000000,134.000000,62.000000,29.000000
2
0
0
0
0
1
379.000000,109.000000,71.000000,23.000000
380.000000,107.000000,71.000000,23.000000
381.000000,106.000000,71.000000,23.000000
382.000000,105.000000,71.000000,23.000000
384.000000,103.000000,71.000000,23.000000
385.000000,102.000000,71.000000,23.000000
387.000000,101.000000,71.000000,23.000000
392.000000,100.000000,71.000000,23.000000
395.000000,98.000000,71.000000,23.000000
398.000000,97.000000,71.000000,23.000000
397.000000,96.000000,71.000000,23.000000
395.000000,97.000000,71.000000,23.000000
395.000000,101.000000,71.000000,23.000000
392.000000,102.000000,71.000000,23.000000
389.000000,103.000000,71.000000,23.000000
383.000000,105.000000,71.000000,23.000000
392.000000,109.000000,71.000000,23.000000
389.000000,109.000000,71.000000,23.000000
386.000000,109.000000,71.000000,23.000000
383.000000,109.000000,71.000000,23.000000
381.000000,110.000000,71.000000,23.000000
378.000000,110.000000,71.000000,23.000000
377.000000,109.000000,71.000000,23.000000
377.000000,109.000000,71.000000,23.000000
376.000000,110.000000,71.000000,23.000000
376.000000,111.000000,71.000000,23.000000
388.000000,116.000000,71.000000,23.000000
387.000000,117.000000,71.000000,23.000000
386.000000,118.000000,71.000000,23.000000
391.000000,120.000000,71.000000,23.000000
391.000000,122.000000,71.000000,23.000000
391.000000,123.000000,71.000000,23.000000
391.000000,123.000000,71.000000,23.000000
389.000000,124.000000,71.000000,23.000000
390.000000,125.000000,71.000000,23.000000
392.000000,126.000000,71.000000,23.000000
392.000000,127.000000,71.000000,23.000000
402.000000,127.000000,71.000000,23.000000
404.000000,128.000000,71.000000,23.000000
409.000000,129.000000,71.000000,23.000000
406.000000,128.000000,71.000000,23.000000
406.000000,128.000000,71.000000,23.000000
406.000000,128.000000,71.000000,23.000000
406.000000,127.000000,71.000000,23.000000
405.000000,126.000000,71.000000,23.000000
406.000000,126.000000,71.000000,23.000000
405.000000,125.000000,71.000000,23.000000
409.000000,126.000000,71.000000,23.000000
409.000000,127.000000,71.000000,23.000000
411.000000,130.000000,71.000000,23.000000
415.000000,133.000000,71.000000,23.000000
415.000000,135.000000,71.000000,23.000000
413.000000,137.000000,71.000000,23.000000
412.000000,140.000000,71.000000,23.000000
412.000000,141.000000,71.000000,23.000000
411.000000,144.000000,71.000000,23.000000
409.000000,147.000000,71.000000,23.000000
407.000000,150.000000,71.000000,23.000000
404.000000,152.000000,71.000000,23.000000
402.000000,153.000000,71.000000,23.000000
401.000000,155.000000,71.000000,23.000000
401.000000,156.000000,71.000000,23.000000
400.000000,158.000000,71.000000,23.000000
400.000000,159.000000,71.000000,23.000000
398.000000,160.000000,71.000000,23.000000
396.000000,161.000000,71.000000,23.000000
395.000000,162.000000,71.000000,23.000000
393.000000,163.000000,71.000000,23.000000
392.000000,163.000000,71.000000,23.000000
391.000000,163.000000,71.000000,23.000000
389.000000,163.000000,71.000000,23.000000
389.000000,164.000000,71.000000,23.000000
389.000000,164.000000,71.000000,23.000000
389.000000,164.000000,71.000000,23.000000
390.000000,164.000000,71.000000,23.000000
390.000000,164.000000,71.000000,23.000000
390.000000,164.000000,71.000000,23.000000
389.000000,164.000000,71.000000,23.000000
389.000000,163.000000,71.000000,23.000000
388.000000,162.000000,71.000000,23.000000
386.000000,161.000000,71.000000,23.000000
385.000000,160.000000,71.000000,23.000000
386.000000,158.000000,71.000000,23.000000
387.000000,156.000000,71.000000,23.000000
387.000000,156.000000,71.000000,23.000000
371.000000,176.000000,71.000000,23.000000
369.000000,176.000000,71.000000,23.000000
370.000000,174.000000,71.000000,23.000000
370.000000,173.000000,71.000000,23.000000
370.000000,173.000000,71.000000,23.000000
370.000000,172.000000,71.000000,23.000000
369.000000,172.000000,71.000000,23.000000
368.000000,172.000000,71.000000,23.000000
368.000000,171.000000,71.000000,23.000000
368.000000,171.000000,71.000000,23.000000
368.000000,171.000000,71.000000,23.000000
371.000000,170.000000,71.000000,23.000000
371.000000,170.000000,71.000000,23.000000
369.000000,171.000000,71.000000,23.000000
371.000000,171.000000,71.000000,23.000000
382.000000,166.000000,71.000000,23.000000
382.000000,166.000000,71.000000,23.000000
372.000000,169.000000,71.000000,23.000000
370.000000,168.000000,71.000000,23.000000
368.000000,169.000000,71.000000,23.000000
368.000000,171.000000,71.000000,23.000000
368.000000,171.000000,71.000000,23.000000
368.000000,171.000000,71.000000,23.000000
367.000000,171.000000,71.000000,23.000000
367.000000,171.000000,71.000000,23.000000
367.000000,171.000000,71.000000,23.000000
368.000000,170.000000,71.000000,23.000000
369.000000,169.000000,71.000000,23.000000
371.000000,168.000000,71.000000,23.000000
372.000000,167.000000,71.000000,23.000000
373.000000,165.000000,71.000000,23.000000
2
0
0
0
0
