1
529.000000,59.000000,17.000000,21.000000
527.000000,66.000000,18.000000,28.000000
521.000000,75.000000,23.000000,30.000000
525.000000,83.000000,20.000000,25.000000
525.000000,90.000000,13.000000,20.000000
2
0
0
0
0
1
540.000000,176.000000,10.000000,10.000000
2
0
0
0
0
1
602.000000,243.000000,11.000000,12.000000
608.000000,246.000000,12.000000,19.000000
2
0
0
0
0
1
631.000000,266.000000,10.000000,10.000000
633.000000,267.000000,10.000000,9.000000
635.000000,269.000000,10.000000,9.000000
636.000000,271.000000,10.000000,9.000000
642.000000,270.000000,11.000000,10.000000
645.000000,269.000000,10.000000,9.000000
648.000000,270.000000,10.000000,9.000000
648.000000,269.000000,10.000000,9.000000
649.000000,271.000000,10.000000,9.000000
650.000000,275.000000,10.000000,10.000000
649.000000,280.000000,10.000000,9.000000
652.000000,279.000000,12.000000,10.000000
656.000000,280.000000,13.000000,12.000000
658.000000,277.000000,11.000000,12.000000
