1
172.316833,63.341099,82.820000,63.630001
160.789459,99.483635,81.991798,62.993698
141.794647,119.565849,80.761925,62.048794
118.581917,127.525848,80.358116,61.738552
111.256882,131.697952,79.554535,61.121166
111.853539,147.375870,78.361214,60.204346
112.245346,158.974457,77.577599,59.602303
108.886894,166.765152,76.801826,59.006283
112.096245,154.966507,77.953850,59.891376
138.418900,158.361221,79.123161,60.789745
180.668182,147.250534,78.331932,60.181847
218.714844,139.072342,79.506912,61.084576
241.650238,142.536163,80.699509,62.000843
253.416092,142.536163,80.699509,62.000843
284.700409,138.265182,81.506508,62.620853
300.167145,133.776016,82.729103,63.560165
308.038391,129.578094,83.142754,63.877968
303.317261,137.294128,84.389893,64.836136
298.969696,145.405212,84.811844,65.160316
344.474731,149.398407,85.235901,65.486122
360.829041,149.070969,86.088257,66.140984
373.101044,169.910995,86.949142,66.802391
373.101044,174.145142,86.949142,66.802391
365.401947,166.294952,85.644905,65.800354
356.291321,165.801437,86.929581,66.787361
344.416443,153.775513,85.625633,65.785545
331.344421,136.588058,86.481888,66.443405
306.056610,132.373413,86.481888,66.443405
264.321594,140.929779,86.049484,66.111191
260.126465,132.539536,86.049484,66.111191
256.420135,141.143250,85.188988,65.450073
240.164825,145.423950,84.763039,65.122826
215.462387,153.658096,84.763039,65.122826
214.826660,144.779434,86.034485,66.099670
186.300735,140.973343,85.174141,65.438667
182.861496,137.386093,83.896530,64.457092
171.432175,137.869522,82.638084,63.490234
175.451691,141.889023,82.638084,63.490234
175.451691,141.889023,82.638084,63.490234
175.658279,134.047760,82.224892,63.172783
180.030380,118.519714,81.402641,62.541054
183.439377,130.109192,82.623680,63.479172
183.232819,142.067566,83.036804,63.796566
215.648010,122.386551,82.206436,63.158600
232.030411,138.626099,80.973335,62.211224
243.423111,138.159515,82.187935,63.144390
259.677948,138.475235,81.366058,62.512947
275.772583,138.787796,80.552399,61.887817
283.454132,134.691620,80.955162,62.197258
279.734558,146.612961,80.550385,61.886269
287.253754,130.459625,81.355888,62.505131
294.846985,126.147102,82.169449,63.130184
298.475159,125.831451,82.991142,63.761486
330.890106,126.150261,82.161232,63.123871
330.890106,130.150253,82.161232,63.123871
338.557373,125.795616,82.982841,63.755108
342.220490,129.554886,83.812668,64.392662
342.220490,129.554886,83.812668,64.392662
342.639557,125.837830,82.974541,63.748734
346.490662,125.678459,83.389412,64.067474
342.660095,121.799599,82.972466,63.747139
342.245239,121.480865,83.802193,64.384613
342.245239,125.558914,83.802193,64.384613
341.826233,125.236992,84.640213,65.028458
342.249420,125.562134,83.793816,64.378174
342.668396,125.884026,82.955872,63.734390
343.083191,126.202698,82.126320,63.097046
342.467224,129.788010,83.358208,64.043503
341.842041,125.190605,84.608582,65.004158
345.383087,128.878677,85.877716,65.979218
344.953705,128.548782,86.736488,66.639008
344.520020,128.215591,87.603851,67.305397
344.082001,123.566872,88.479897,67.978455
347.990814,123.226974,89.364693,68.658241
347.544006,122.883690,90.258339,69.344818
352.552643,123.403770,88.904465,68.304649
352.997162,123.745293,88.015419,67.621605
353.437256,124.083405,87.135262,66.945389
2
0
0
0
0
1
237.828094,161.701904,42.419998,52.520000
245.768372,161.439301,42.844200,53.045200
245.661270,165.382889,43.058422,53.310425
249.737457,169.459076,43.058422,53.310425
2
0
0
0
0
1
348.000000,154.500000,60.000000,49.000000
352.369995,158.787506,59.099998,48.264999
359.873413,162.398849,59.986500,48.988976
372.083313,166.686264,59.086704,48.254139
383.707886,174.391663,59.677570,48.736683
383.558685,174.269821,59.975956,48.980366
383.408752,166.147369,60.275837,49.225266
387.807495,154.676559,59.371700,48.486889
2
0
0
0
0
1
170.637619,189.281189,42.419998,59.590000
170.319473,196.986649,43.056301,60.483849
174.148926,200.685394,43.702145,61.391109
182.311371,204.568924,44.139168,62.005020
190.513657,216.903885,44.801254,62.935093
211.846985,221.170547,44.801254,62.935093
233.034790,237.917587,45.473270,63.879120
2
0
0
0
0
1
346.025726,214.410004,27.719999,81.180000
345.817810,213.801147,28.135799,82.397697
345.888153,186.407150,27.995121,81.985710
346.098114,171.479187,27.575193,80.755928
342.212402,175.364899,27.575193,80.755928
342.005585,178.702087,27.988823,81.967262
342.215515,179.316833,27.568991,80.737755
338.467621,179.720520,27.293301,79.930382
334.320068,187.006760,27.702700,81.129333
334.250824,210.461075,27.841213,81.534981
334.320435,210.664917,27.702007,81.127304
338.263275,210.664917,27.702007,81.127304
342.136871,206.519241,27.840517,81.532944
333.997681,210.111572,28.118921,82.348274
333.997681,198.111572,28.118921,82.348274
333.997681,202.111572,28.118921,82.348274
329.729645,205.551117,28.540707,83.583496
325.943695,202.177979,28.112595,82.329742
322.141418,194.703918,27.831469,81.506447
318.464417,187.543793,27.413998,80.283852
318.395905,175.685944,27.551067,80.685265
326.074982,182.966507,27.964333,81.895546
2
0
0
0
0
1
287.500000,162.000000,41.000000,50.000000
283.500000,162.000000,41.000000,50.000000
275.500000,162.000000,41.000000,50.000000
275.192505,161.625000,41.615002,50.750000
287.323761,153.341263,41.823074,51.003750
291.166931,152.958740,42.450420,51.768806
2
0
0
0
0
1
381.859985,166.382507,56.279999,47.235001
374.396393,186.451050,55.435799,46.526474
374.119202,182.246994,55.990158,46.991741
377.756409,177.837402,56.830009,47.696617
374.211212,174.223709,55.977562,46.981167
366.268372,174.223709,55.977562,46.981167
374.211212,174.223709,55.977562,46.981167
382.071289,178.106247,56.257446,47.216072
385.959198,173.959641,56.538734,47.452152
378.299042,174.196899,55.973347,46.977631
374.467560,178.285767,55.693481,46.742744
367.056671,190.379196,54.858078,46.041603
363.308105,206.037155,54.583790,45.811394
