1
239.56,26.09,192.13,13.52,181.94,51.99,229.36,64.56
240.60,28.20,192.88,13.77,181.27,52.15,228.99,66.58
242.46,30.61,195.06,13.86,180.87,54.03,228.26,70.78
241.21,30.79,191.02,20.75,183.52,58.26,233.70,68.30
185.17,24.09,230.69,24.09,230.69,69.61,185.17,69.61
237.72,31.66,188.95,23.48,182.69,60.81,231.46,68.99
234.21,31.38,184.71,28.42,182.47,65.88,231.97,68.84
229.87,27.64,179.32,32.65,183.05,70.28,233.59,65.27
221.76,22.50,174.96,43.22,190.26,77.79,237.07,57.08
220.07,20.42,173.46,47.88,193.77,82.36,240.39,54.89
216.53,21.23,173.29,53.46,196.83,85.05,240.07,52.81
218.00,21.47,173.39,54.21,197.20,86.64,241.80,53.89
218.70,22.36,179.62,51.25,202.34,81.99,241.42,53.10
225.20,25.81,178.86,46.38,194.55,81.71,240.88,61.14
230.10,26.66,176.27,42.84,188.24,82.67,242.07,66.50
231.54,27.37,177.28,44.84,189.92,84.11,244.18,66.64
229.90,25.51,176.11,51.17,193.38,87.39,247.18,61.73
231.03,25.77,176.51,55.15,196.99,93.14,251.51,63.76
225.83,29.15,175.36,59.35,198.13,97.39,248.60,67.19
222.59,27.90,178.50,65.86,203.17,94.50,247.26,56.53
221.91,28.23,175.58,69.77,202.09,99.34,248.42,57.79
220.06,31.65,175.38,69.52,199.65,98.15,244.33,60.28
215.13,34.25,174.84,71.44,202.52,101.41,242.80,64.22
221.28,36.27,172.29,68.00,191.26,97.29,240.25,65.56
225.18,40.27,172.22,68.48,188.27,98.61,241.23,70.40
227.75,39.48,172.86,69.68,189.06,99.12,243.95,68.92
218.18,45.19,170.82,66.33,185.39,98.97,232.75,77.84
219.95,45.47,171.97,67.80,186.62,99.27,234.60,76.94
222.17,47.83,172.87,63.50,184.23,99.26,233.53,83.59
217.00,49.29,174.49,73.93,191.31,102.95,233.82,78.31
219.26,49.15,174.87,74.44,192.07,104.64,236.46,79.36
216.77,46.58,175.17,75.56,195.31,104.46,236.90,75.48
219.19,45.21,174.91,73.53,194.69,104.45,238.96,76.12
219.61,42.61,173.91,73.48,196.27,106.59,241.98,75.72
229.05,58.49,178.44,56.70,177.17,92.30,227.78,94.09
225.86,54.59,176.93,58.82,180.12,95.78,229.05,91.56
229.91,55.13,181.93,50.02,177.63,90.39,225.60,95.50
238.12,60.48,188.65,44.51,175.70,84.62,225.16,100.60
234.81,54.77,183.16,48.30,178.08,88.84,229.73,95.31
226.02,51.26,178.86,55.61,182.29,92.76,229.44,88.41
225.09,50.71,178.44,56.50,182.91,92.45,229.56,86.66
228.93,49.94,178.82,55.67,183.06,92.76,233.18,87.03
230.74,48.17,180.27,52.27,183.53,92.45,234.01,88.35
232.13,47.63,180.77,52.29,184.44,92.71,235.80,88.04
184.49,47.08,229.52,47.08,229.52,92.10,184.49,92.10
234.12,59.04,184.73,58.10,184.10,91.25,233.49,92.19
235.07,60.52,188.05,54.09,183.26,89.13,230.29,95.55
235.94,62.84,190.12,53.85,183.28,88.68,229.10,97.68
237.72,61.82,191.17,53.05,184.57,88.07,231.12,96.84
239.16,57.80,190.87,51.76,186.20,89.08,234.49,95.12
239.33,57.74,191.33,52.70,187.48,89.28,235.49,94.32
240.79,57.36,192.86,51.63,188.40,88.87,236.34,94.61
238.49,55.83,191.70,55.70,191.60,90.09,238.39,90.23
240.60,56.01,194.64,52.64,192.03,88.26,237.99,91.63
242.79,59.22,199.16,49.55,191.32,84.94,234.96,94.60
199.90,51.26,239.93,51.26,239.93,91.29,199.90,91.29
199.39,52.91,240.62,52.91,240.62,94.14,199.39,94.14
200.96,51.49,242.34,51.49,242.34,92.87,200.96,92.87
235.57,42.47,196.10,65.86,213.86,95.81,253.32,72.43
249.42,45.84,199.59,51.87,204.08,88.99,253.91,82.95
252.52,42.17,199.10,47.98,203.33,86.82,256.75,81.00
250.04,39.35,198.96,51.06,207.33,87.61,258.42,75.90
241.94,36.47,197.77,60.06,214.65,91.66,258.81,68.07
247.27,36.92,199.15,57.32,213.32,90.73,261.44,70.32
257.89,41.27,205.38,41.99,205.95,83.72,258.45,83.01
208.70,41.64,257.10,41.64,257.10,90.03,208.70,90.03
210.39,43.49,257.69,43.49,257.69,90.80,210.39,90.80
251.20,37.81,202.13,54.68,216.34,96.00,265.41,79.13
253.45,37.07,202.62,54.64,216.13,93.72,266.96,76.15
255.19,39.84,202.54,56.60,214.37,93.76,267.02,77.00
254.07,36.17,202.62,54.30,216.61,93.99,268.06,75.85
254.38,34.08,202.36,57.05,219.70,96.32,271.71,73.35
254.48,36.53,204.65,54.90,219.29,94.64,269.12,76.27
257.55,39.37,206.68,54.56,217.82,91.88,268.70,76.68
255.07,37.29,205.51,56.89,220.70,95.31,270.26,75.71
258.14,38.43,207.11,55.63,219.50,92.40,270.53,75.20
259.15,37.97,207.65,55.37,220.02,92.00,271.52,74.60
257.37,37.68,208.19,56.82,222.55,93.70,271.72,74.56
260.00,39.27,209.14,55.57,221.31,93.53,272.17,77.22
258.13,39.51,210.74,54.49,223.05,93.41,270.44,78.43
261.80,40.14,212.97,50.10,220.87,88.83,269.70,78.87
264.29,41.83,214.85,50.92,222.26,91.19,271.70,82.10
269.30,57.86,223.93,43.63,212.55,79.93,257.92,94.16
270.69,67.55,231.30,42.16,210.97,73.69,250.35,99.08
272.22,71.09,235.29,42.06,212.41,71.17,249.33,100.20
274.06,70.45,236.12,41.33,213.50,70.80,251.45,99.92
224.23,46.99,261.79,46.99,261.79,84.55,224.23,84.55
222.84,44.25,265.57,44.25,265.57,86.98,222.84,86.98
223.24,44.38,264.04,44.38,264.04,85.18,223.24,85.18
223.35,42.44,265.83,42.44,265.83,84.91,223.35,84.91
220.82,39.36,267.19,39.36,267.19,85.73,220.82,85.73
221.18,38.30,267.13,38.30,267.13,84.25,221.18,84.25
221.66,37.08,268.63,37.08,268.63,84.05,221.66,84.05
222.06,35.58,268.72,35.58,268.72,82.24,222.06,82.24
220.08,32.53,271.29,32.53,271.29,83.73,220.08,83.73
220.63,39.81,264.54,39.81,264.54,83.72,220.63,83.72
220.67,38.22,263.92,38.22,263.92,81.48,220.67,81.48
241.34,24.43,205.77,68.12,240.09,96.05,275.65,52.36
239.93,23.28,205.44,67.46,240.67,94.97,275.16,50.79
229.14,24.70,205.15,74.62,245.28,93.91,269.27,43.98
230.59,21.97,203.73,71.95,243.40,93.27,270.26,43.28
227.42,20.91,203.74,73.23,240.95,90.07,264.63,37.75
229.16,17.90,200.31,68.49,235.45,88.53,264.30,37.94
222.36,20.02,200.93,71.05,235.79,85.69,257.22,34.66
226.09,16.06,198.13,61.67,231.66,82.22,259.62,36.60
221.30,15.38,199.06,65.17,231.81,79.80,254.05,30.01
213.97,14.50,199.47,70.51,232.51,79.06,247.01,23.06
212.38,12.20,198.92,68.98,236.20,77.81,249.65,21.03
207.25,10.84,200.06,69.25,236.26,73.71,243.45,15.29
203.64,13.16,192.25,64.07,229.16,72.32,240.54,21.42
203.87,13.02,189.81,63.25,225.31,73.18,239.37,22.95
197.76,15.34,192.90,67.32,234.11,71.18,238.97,19.19
201.28,12.35,192.82,60.63,231.28,67.37,239.74,19.09
197.15,17.07,239.70,17.07,239.70,59.62,197.15,59.62
195.36,17.46,239.17,17.46,239.17,61.28,195.36,61.28
211.87,7.50,191.93,46.46,223.47,62.60,243.41,23.64
189.89,12.32,237.84,12.32,237.84,60.26,189.89,60.26
191.96,9.16,236.94,9.16,236.94,54.13,191.96,54.13
191.10,9.10,238.91,9.10,238.91,56.91,191.10,56.91
190.72,8.20,239.08,8.20,239.08,56.56,190.72,56.56
196.90,5.94,242.65,5.94,242.65,51.68,196.90,51.68
194.89,6.00,239.52,6.00,239.52,50.64,194.89,50.64
197.04,4.35,239.86,4.35,239.86,47.18,197.04,47.18
197.19,3.38,242.28,3.38,242.28,48.47,197.19,48.47
196.62,2.72,241.44,2.72,241.44,47.55,196.62,47.55
191.35,16.08,218.20,54.82,249.26,33.30,222.41,-5.45
193.74,14.57,221.10,52.29,249.35,31.81,221.98,-5.92
202.05,0.90,243.74,0.90,243.74,42.59,202.05,42.59
202.97,0.73,244.77,0.73,244.77,42.53,202.97,42.53
202.56,1.80,246.70,1.80,246.70,45.93,202.56,45.93
197.32,14.38,216.45,55.43,250.48,39.57,231.35,-1.48
252.91,31.03,225.85,-7.47,196.55,13.13,223.60,51.62
255.23,32.53,226.22,-7.94,194.57,14.75,223.59,55.22
255.33,25.70,217.46,-8.58,192.07,19.46,229.94,53.74
255.52,23.37,215.22,-8.30,192.29,20.87,232.58,52.55
258.54,33.58,221.61,-8.24,195.72,14.62,232.65,56.44
256.82,33.05,221.33,-8.35,195.36,13.91,230.85,55.32
258.52,31.26,224.41,-9.67,197.36,12.87,231.48,53.80
199.72,8.86,232.17,58.76,261.12,39.93,228.66,-9.97
203.55,5.52,229.31,58.95,257.46,45.38,231.70,-8.05
258.31,45.43,229.48,-5.98,200.46,10.29,229.29,61.71
259.43,42.75,229.72,-5.42,202.33,11.48,232.04,59.65
207.94,11.14,230.54,62.62,262.01,48.81,239.41,-2.67
267.06,38.47,226.20,-3.69,202.70,19.07,243.57,61.24
208.40,10.26,232.90,59.52,263.23,44.43,238.73,-4.83
265.92,39.29,230.71,-2.48,207.67,16.95,242.88,58.71
265.42,34.79,231.05,-3.44,208.50,16.84,242.86,55.07
266.50,33.85,232.38,-2.96,210.08,17.70,244.20,54.52
270.70,38.49,235.38,-5.14,211.11,14.51,246.43,58.14
272.75,40.53,235.23,-4.48,211.57,15.24,249.10,60.25
2
0
0
0
0
1
244.11,87.57,248.24,143.31,265.79,142.01,261.66,86.27
243.60,88.87,248.38,145.69,266.55,144.16,261.77,87.34
245.31,87.16,247.18,147.70,263.54,147.19,261.67,86.65
244.35,92.42,250.20,150.29,266.73,148.62,260.89,90.75
245.40,90.46,245.93,153.87,263.96,153.71,263.43,90.31
244.30,89.21,244.92,160.02,263.30,159.86,262.69,89.05
243.26,104.04,242.93,159.30,260.18,159.40,260.52,104.14
242.94,104.22,240.14,160.16,260.98,161.21,263.79,105.26
244.28,104.12,236.70,161.18,258.44,164.07,266.02,107.01
239.39,112.10,233.52,160.23,257.64,163.17,263.51,115.04
237.04,114.82,233.39,168.05,258.33,169.75,261.97,116.53
233.87,114.91,230.33,168.02,257.21,169.81,260.74,116.70
232.37,115.59,234.58,170.98,259.37,169.99,257.16,114.60
231.50,116.36,233.94,172.99,257.17,171.99,254.73,115.36
229.47,116.28,231.27,172.83,255.33,172.07,253.53,115.51
226.27,117.55,233.05,175.15,257.20,172.31,250.43,114.71
225.40,117.99,229.62,168.89,254.23,166.85,250.02,115.95
222.73,119.04,229.91,170.96,254.22,167.60,247.04,115.68
220.36,119.19,228.90,172.79,253.33,168.90,244.79,115.30
218.81,120.67,228.66,174.34,253.17,169.84,243.32,116.17
216.10,121.83,227.60,174.54,253.36,168.92,241.86,116.21
217.14,120.81,222.59,165.66,248.44,162.52,242.99,117.67
211.07,124.44,224.39,168.06,248.68,160.64,235.37,117.02
209.94,125.24,222.56,170.07,247.91,162.93,235.29,118.10
206.52,126.55,219.27,172.54,247.14,164.81,234.38,118.83
205.12,127.63,216.82,173.66,245.38,166.40,233.67,120.37
204.36,129.17,217.71,180.09,246.20,172.62,232.85,121.70
202.36,131.34,217.73,183.19,246.52,174.66,231.15,122.81
201.53,132.91,215.98,184.77,244.39,176.85,229.94,125.00
199.28,135.64,214.75,184.71,243.99,175.49,228.53,126.42
198.84,135.18,211.66,190.32,241.91,183.29,229.09,128.14
197.83,138.07,213.35,193.40,242.49,185.23,226.97,129.90
195.92,143.00,213.27,186.52,241.18,175.39,223.83,131.87
195.22,144.72,213.39,191.04,241.83,179.88,223.66,133.56
194.96,145.49,213.95,194.94,242.89,183.82,223.90,134.37
247.93,181.63,216.50,131.37,189.86,148.03,221.29,198.29
192.27,143.22,207.36,185.72,241.64,173.55,226.55,131.05
192.55,142.35,204.86,185.91,240.10,175.95,227.79,132.40
2
0
0
0
0
1
180.16,178.90,241.43,178.90,241.43,240.17,180.16,240.17
174.22,176.05,242.30,176.05,242.30,244.12,174.22,244.12
176.09,180.26,236.55,180.26,236.55,240.72,176.09,240.72
175.19,186.00,233.40,186.00,233.40,244.21,175.19,244.21
172.35,186.54,232.09,186.54,232.09,246.28,172.35,246.28
169.51,186.77,229.02,186.77,229.02,246.28,169.51,246.28
166.27,188.99,226.89,188.99,226.89,249.61,166.27,249.61
226.56,193.96,161.18,193.75,161.00,248.86,226.39,249.07
159.93,192.58,221.39,192.58,221.39,254.04,159.93,254.04
221.90,196.06,153.53,198.09,155.23,255.55,223.61,253.52
220.19,197.08,152.10,199.26,153.94,256.72,222.03,254.54
218.01,198.92,146.17,200.97,147.83,259.15,219.67,257.10
215.13,199.30,142.34,204.30,146.22,260.79,219.01,255.79
147.98,198.71,210.36,198.71,210.36,261.10,147.98,261.10
146.47,201.49,207.37,201.49,207.37,262.39,146.47,262.39
144.15,202.90,205.76,202.90,205.76,264.51,144.15,264.51
205.35,206.01,138.40,209.89,141.62,265.50,208.57,261.62
139.48,204.89,202.19,204.89,202.19,267.60,139.48,267.60
136.47,205.80,199.47,205.80,199.47,268.80,136.47,268.80
133.92,202.43,198.70,202.43,198.70,267.20,133.92,267.20
134.35,207.85,193.75,207.85,193.75,267.24,134.35,267.24
133.46,208.89,192.65,208.89,192.65,268.08,133.46,268.08
132.29,208.52,192.08,208.52,192.08,268.31,132.29,268.31
131.07,211.57,189.57,211.57,189.57,270.07,131.07,270.07
132.42,216.68,192.91,216.68,192.91,277.17,132.42,277.17
160.31,200.91,117.22,252.87,159.94,288.29,203.03,236.34
169.32,205.20,117.93,244.43,150.50,287.09,201.89,247.86
149.48,208.53,114.47,267.69,164.46,297.27,199.47,238.11
154.21,207.04,110.26,259.55,154.37,296.47,198.32,243.96
159.42,208.69,108.26,251.24,143.45,293.55,194.61,251.00
115.31,226.93,180.24,226.93,180.24,291.86,115.31,291.86
110.09,225.03,178.12,225.03,178.12,293.07,110.09,293.07
106.46,225.80,175.27,225.80,175.27,294.61,106.46,294.61
101.29,226.19,172.26,226.19,172.26,297.15,101.29,297.15
132.95,219.21,95.25,281.94,144.18,311.35,181.89,248.62
116.54,223.36,99.44,294.31,157.75,308.37,174.85,237.42
130.31,220.14,92.77,285.21,141.02,313.05,178.56,247.99
106.84,231.25,165.76,231.25,165.76,290.16,106.84,290.16
135.71,220.31,91.05,267.32,128.26,302.66,172.92,255.66
134.03,219.69,90.04,267.86,128.31,302.81,172.30,254.64
133.29,220.45,89.44,269.92,127.76,303.88,171.61,254.42
134.63,216.32,88.09,274.79,128.68,307.11,175.22,248.64
132.83,216.02,86.26,275.02,127.01,307.19,173.58,248.19
124.93,213.28,86.72,278.26,133.59,305.83,171.80,240.85
117.99,216.53,88.66,276.90,138.56,301.15,167.90,240.78
114.71,216.14,89.78,280.52,142.19,300.82,167.12,236.44
113.82,215.16,90.28,281.30,142.72,299.96,166.26,233.83
115.81,213.35,90.61,278.22,141.76,298.10,166.97,233.23
120.32,206.27,79.14,267.95,127.65,300.34,168.84,238.66
90.52,220.17,154.84,220.17,154.84,284.49,90.52,284.49
83.25,221.26,148.11,221.26,148.11,286.12,83.25,286.12
82.43,224.19,141.17,224.19,141.17,282.93,82.43,282.93
78.15,223.05,139.78,223.05,139.78,284.68,78.15,284.68
76.14,222.95,137.42,222.95,137.42,284.23,76.14,284.23
75.61,225.86,133.55,225.86,133.55,283.80,75.61,283.80
72.71,226.35,130.28,226.35,130.28,283.92,72.71,283.92
72.61,223.61,73.82,289.21,127.66,288.22,126.46,222.62
66.70,229.84,77.84,291.31,126.47,282.50,115.33,221.03
70.06,224.43,68.31,286.84,118.47,288.25,120.22,225.84
70.46,223.08,67.87,286.58,115.38,288.52,117.97,225.01
76.89,219.84,69.49,287.53,116.48,292.67,123.88,224.98
76.73,227.03,77.45,292.04,122.02,291.55,121.30,226.55
81.66,224.85,74.48,294.23,122.13,299.16,129.31,229.78
81.77,228.79,83.01,294.71,127.13,293.88,125.88,227.96
81.84,228.99,84.43,297.38,131.67,295.59,129.08,227.21
88.91,227.37,88.00,296.48,131.34,297.05,132.25,227.94
84.79,237.37,99.45,300.92,145.79,290.23,131.13,226.68
106.04,224.14,95.49,291.85,136.69,298.27,147.24,230.56
98.53,230.64,104.89,295.24,145.24,291.26,138.88,226.67
108.28,219.48,100.90,292.02,149.01,296.92,156.39,224.38
107.49,214.71,101.50,299.79,153.64,303.46,159.63,218.38
110.61,225.42,105.92,300.02,160.64,303.47,165.34,228.87
101.70,243.73,118.26,311.55,166.60,299.75,150.05,231.93
99.72,248.78,125.74,316.04,175.32,296.86,149.30,229.60
101.14,246.94,128.15,315.51,176.76,296.37,149.76,227.79
103.39,244.17,126.85,313.56,174.60,297.42,151.14,228.02
112.46,233.05,121.06,305.61,168.78,299.95,160.18,227.39
112.84,239.65,123.18,305.48,168.93,298.30,158.59,232.47
110.33,235.32,119.07,304.44,165.98,298.51,157.24,229.39
107.32,237.02,121.49,308.52,166.65,299.57,152.48,228.07
106.85,233.33,123.88,305.81,166.16,295.88,149.13,223.40
110.24,240.14,120.01,303.42,164.83,296.49,155.06,233.22
111.24,237.64,119.28,301.64,163.68,296.07,155.64,232.07
107.24,241.85,122.50,302.86,163.88,292.51,148.62,231.50
106.74,230.97,111.49,296.53,161.76,292.88,157.01,227.33
104.88,227.64,107.31,301.50,159.12,299.79,156.68,225.93
2
0
0
0
0
1
233.21,216.58,164.79,194.06,147.94,245.26,216.35,267.78
233.47,215.90,163.49,194.47,148.02,244.98,218.00,266.41
237.70,216.14,162.65,193.25,146.91,244.87,221.95,267.76
240.91,218.65,164.10,188.66,144.35,239.27,221.16,269.25
240.35,216.05,161.76,190.18,145.14,240.68,223.72,266.55
233.19,205.29,158.90,205.18,158.83,255.28,233.12,255.39
234.05,203.83,158.36,206.67,160.28,257.64,235.96,254.80
238.31,205.42,159.00,205.53,159.07,255.95,238.38,255.84
241.40,204.01,159.32,202.22,158.18,254.10,240.27,255.89
244.24,201.27,161.08,197.58,158.58,253.87,241.74,257.56
245.28,201.50,160.26,197.98,157.90,255.13,242.91,258.65
249.68,203.37,166.14,192.91,158.87,250.96,242.41,261.41
250.94,202.79,160.31,196.38,156.04,256.77,246.67,263.18
257.26,214.77,182.88,184.76,161.11,238.72,235.49,268.74
257.86,209.36,177.95,193.02,165.50,253.90,245.41,270.24
259.99,209.83,182.46,191.92,168.12,254.01,245.64,271.93
260.42,203.47,177.51,201.39,176.03,260.56,258.94,262.64
246.88,186.24,174.76,214.46,195.09,266.42,267.21,238.21
249.87,186.23,174.63,213.48,193.01,264.21,268.24,236.96
252.06,184.27,174.30,208.04,191.49,264.28,269.25,240.50
259.37,188.50,173.77,204.00,184.31,262.22,269.92,246.71
199.00,182.40,263.64,182.40,263.64,247.04,199.00,247.04
203.00,180.66,268.80,180.66,268.80,246.46,203.00,246.46
244.22,166.28,188.35,214.91,227.08,259.41,282.95,210.78
252.46,168.06,191.17,208.35,224.77,259.47,286.07,219.18
254.05,168.45,193.51,208.04,226.44,258.40,286.99,218.81
288.08,192.73,208.40,186.48,204.33,238.48,284.00,244.72
285.23,185.50,206.83,188.47,208.91,243.39,287.30,240.43
286.70,183.88,207.52,197.67,216.34,248.31,295.52,234.52
291.29,184.83,210.25,195.47,217.16,248.11,298.20,237.47
297.08,184.62,211.06,198.26,219.41,250.91,305.43,237.27
298.90,180.05,209.79,200.41,222.06,254.12,311.17,233.76
292.89,179.00,210.41,201.80,225.80,257.46,308.28,234.67
290.60,174.26,216.65,208.08,240.06,259.27,314.01,225.45
290.08,175.09,218.85,210.88,241.49,255.94,312.72,220.16
292.95,175.02,218.10,209.18,240.35,257.94,315.20,223.78
295.93,177.81,217.26,207.16,236.78,259.48,315.45,230.13
294.52,169.65,218.46,213.23,246.10,261.46,322.16,217.88
297.25,161.26,218.26,214.11,249.64,261.02,328.64,208.16
299.13,159.36,220.56,213.31,251.79,258.79,330.36,204.84
298.82,166.91,224.44,202.33,250.04,256.09,324.42,220.68
305.06,165.97,226.33,197.72,249.23,254.52,327.96,222.78
312.22,166.42,228.52,195.95,248.39,252.25,332.09,222.72
311.99,167.01,233.29,198.67,253.71,249.40,332.40,217.73
322.88,168.80,237.94,190.78,252.12,245.55,337.05,223.57
327.74,159.89,241.64,187.59,259.52,243.17,345.62,215.47
310.52,150.66,244.43,194.52,277.29,244.03,343.38,200.18
325.31,153.49,249.56,191.61,276.05,244.24,351.79,206.12
328.52,153.88,253.22,186.95,273.98,234.22,349.28,201.15
342.70,153.88,258.74,174.17,272.27,230.18,356.23,209.90
327.26,154.82,259.48,175.77,276.52,230.92,344.31,209.97
331.05,151.11,262.88,179.13,284.55,231.85,352.72,203.82
2
0
0
0
0
1
434.63,125.09,356.21,132.06,361.14,187.57,439.56,180.61
435.17,123.66,355.89,134.46,363.16,187.82,442.44,177.02
432.81,118.23,356.47,128.43,364.62,189.43,440.96,179.23
432.01,117.56,357.55,127.66,365.93,189.45,440.39,179.36
363.15,115.01,433.17,115.01,433.17,185.03,363.15,185.03
363.46,115.82,435.16,115.82,435.16,187.52,363.46,187.52
364.02,119.84,433.11,119.84,433.11,188.93,364.02,188.93
420.51,113.57,346.19,151.98,372.96,203.77,447.27,165.36
395.55,98.05,350.16,188.79,402.33,214.88,447.71,124.14
394.70,98.70,348.90,200.03,397.79,222.12,443.59,120.80
410.78,100.48,352.36,157.29,396.26,202.43,454.67,145.62
407.01,105.28,352.32,157.24,395.72,202.91,450.40,150.94
364.87,120.77,435.28,120.77,435.28,191.18,364.87,191.18
364.89,121.73,434.92,121.73,434.92,191.76,364.89,191.76
366.01,117.88,435.72,117.88,435.72,187.59,366.01,187.59
