1
519.000000,72.000000,66.000000,40.000000
517.000000,74.000000,66.000000,40.000000
512.000000,76.000000,65.000000,40.000000
506.000000,76.000000,65.000000,40.000000
501.000000,79.000000,66.000000,40.000000
497.000000,82.000000,68.000000,41.000000
492.000000,82.000000,68.000000,41.000000
490.000000,84.000000,67.000000,41.000000
486.000000,82.000000,67.000000,41.000000
481.000000,85.000000,68.000000,41.000000
477.000000,88.000000,65.000000,40.000000
472.000000,89.000000,68.000000,41.000000
468.000000,94.000000,65.000000,39.000000
460.000000,95.000000,67.000000,41.000000
457.000000,94.000000,69.000000,42.000000
453.000000,95.000000,68.000000,41.000000
453.000000,97.000000,68.000000,41.000000
448.000000,100.000000,68.000000,42.000000
451.000000,99.000000,67.000000,41.000000
447.000000,101.000000,66.000000,40.000000
444.000000,103.000000,66.000000,40.000000
439.000000,106.000000,66.000000,40.000000
425.000000,114.000000,71.000000,43.000000
428.000000,115.000000,70.000000,42.000000
436.000000,115.000000,67.000000,41.000000
433.000000,117.000000,69.000000,42.000000
435.000000,119.000000,68.000000,41.000000
434.000000,124.000000,66.000000,40.000000
429.000000,122.000000,70.000000,42.000000
435.000000,125.000000,66.000000,40.000000
433.000000,129.000000,67.000000,40.000000
439.000000,136.000000,64.000000,39.000000
440.000000,135.000000,65.000000,39.000000
439.000000,137.000000,67.000000,41.000000
447.000000,135.000000,67.000000,41.000000
429.000000,148.000000,67.000000,40.000000
435.000000,141.000000,69.000000,42.000000
432.000000,161.000000,66.000000,41.000000
433.000000,161.000000,66.000000,40.000000
432.000000,154.000000,66.000000,40.000000
433.000000,165.000000,68.000000,42.000000
420.000000,173.000000,69.000000,41.000000
425.000000,172.000000,66.000000,40.000000
412.000000,184.000000,66.000000,40.000000
412.000000,186.000000,70.000000,43.000000
421.000000,187.000000,65.000000,39.000000
416.000000,196.000000,71.000000,43.000000
417.000000,201.000000,66.000000,40.000000
414.000000,202.000000,69.000000,42.000000
422.000000,198.000000,71.000000,43.000000
410.000000,212.000000,68.000000,41.000000
413.000000,210.000000,70.000000,43.000000
404.000000,213.000000,69.000000,42.000000
401.000000,219.000000,71.000000,43.000000
398.000000,221.000000,71.000000,43.000000
395.000000,222.000000,69.000000,42.000000
390.000000,224.000000,72.000000,44.000000
387.000000,225.000000,72.000000,43.000000
383.000000,231.000000,72.000000,43.000000
380.000000,235.000000,72.000000,44.000000
383.000000,235.000000,73.000000,44.000000
380.000000,241.000000,73.000000,44.000000
380.000000,244.000000,68.000000,41.000000
371.000000,247.000000,72.000000,43.000000
368.000000,250.000000,74.000000,46.000000
366.000000,252.000000,73.000000,44.000000
363.000000,253.000000,75.000000,46.000000
372.000000,255.000000,67.000000,41.000000
366.000000,253.000000,72.000000,43.000000
362.000000,256.000000,70.000000,43.000000
362.000000,256.000000,66.000000,41.000000
352.000000,257.000000,73.000000,44.000000
345.000000,256.000000,75.000000,46.000000
346.000000,256.000000,74.000000,45.000000
340.000000,256.000000,74.000000,45.000000
331.000000,255.000000,75.000000,46.000000
326.000000,253.000000,73.000000,44.000000
325.000000,254.000000,70.000000,42.000000
316.000000,254.000000,69.000000,42.000000
310.000000,255.000000,70.000000,42.000000
311.000000,250.000000,69.000000,42.000000
300.000000,251.000000,69.000000,43.000000
298.000000,250.000000,71.000000,43.000000
297.000000,247.000000,70.000000,42.000000
295.000000,247.000000,71.000000,43.000000
300.000000,240.000000,71.000000,43.000000
292.000000,241.000000,70.000000,42.000000
289.000000,239.000000,69.000000,42.000000
286.000000,238.000000,69.000000,42.000000
282.000000,238.000000,70.000000,42.000000
271.000000,235.000000,71.000000,43.000000
269.000000,240.000000,71.000000,43.000000
261.000000,240.000000,71.000000,43.000000
258.000000,236.000000,71.000000,43.000000
273.000000,234.000000,71.000000,43.000000
279.000000,231.000000,70.000000,43.000000
281.000000,225.000000,71.000000,43.000000
276.000000,226.000000,69.000000,42.000000
275.000000,224.000000,70.000000,43.000000
282.000000,224.000000,70.000000,42.000000
285.000000,227.000000,71.000000,43.000000
289.000000,220.000000,69.000000,41.000000
287.000000,219.000000,69.000000,42.000000
290.000000,219.000000,74.000000,45.000000
292.000000,219.000000,78.000000,47.000000
295.000000,221.000000,77.000000,47.000000
292.000000,216.000000,78.000000,48.000000
296.000000,214.000000,77.000000,47.000000
298.000000,210.000000,76.000000,46.000000
295.000000,210.000000,78.000000,48.000000
298.000000,205.000000,78.000000,48.000000
308.000000,205.000000,74.000000,45.000000
309.000000,206.000000,71.000000,44.000000
314.000000,203.000000,75.000000,46.000000
316.000000,199.000000,74.000000,45.000000
320.000000,199.000000,72.000000,44.000000
319.000000,198.000000,72.000000,43.000000
328.000000,194.000000,72.000000,44.000000
289.000000,193.000000,76.000000,46.000000
291.000000,190.000000,76.000000,46.000000
297.000000,188.000000,76.000000,47.000000
298.000000,186.000000,76.000000,46.000000
304.000000,185.000000,76.000000,47.000000
305.000000,184.000000,75.000000,46.000000
305.000000,182.000000,77.000000,47.000000
312.000000,182.000000,75.000000,46.000000
313.000000,181.000000,75.000000,45.000000
316.000000,179.000000,76.000000,46.000000
316.000000,179.000000,75.000000,45.000000
320.000000,180.000000,73.000000,44.000000
322.000000,177.000000,72.000000,44.000000
325.000000,177.000000,73.000000,45.000000
327.000000,178.000000,72.000000,44.000000
326.000000,177.000000,71.000000,44.000000
326.000000,176.000000,72.000000,44.000000
332.000000,176.000000,72.000000,44.000000
335.000000,177.000000,72.000000,44.000000
337.000000,176.000000,71.000000,44.000000
340.000000,173.000000,71.000000,43.000000
340.000000,176.000000,71.000000,43.000000
341.000000,175.000000,70.000000,43.000000
342.000000,174.000000,70.000000,43.000000
342.000000,175.000000,71.000000,43.000000
350.000000,174.000000,70.000000,43.000000
350.000000,171.000000,73.000000,44.000000
361.000000,170.000000,71.000000,43.000000
353.000000,171.000000,69.000000,42.000000
361.000000,168.000000,73.000000,44.000000
364.000000,166.000000,72.000000,44.000000
362.000000,164.000000,72.000000,44.000000
362.000000,168.000000,69.000000,42.000000
351.000000,167.000000,70.000000,43.000000
359.000000,165.000000,68.000000,42.000000
359.000000,165.000000,68.000000,41.000000
358.000000,164.000000,68.000000,41.000000
