1
615.000000,277.000000,167.000000,249.000000
630.000000,282.000000,165.000000,249.000000
675.000000,300.000000,163.000000,243.000000
680.000000,286.000000,159.000000,237.000000
698.000000,293.000000,155.000000,233.000000
723.000000,319.000000,153.000000,229.000000
743.000000,310.000000,147.000000,221.000000
713.000000,322.000000,141.000000,215.000000
710.000000,324.000000,145.000000,221.000000
705.000000,322.000000,141.000000,215.000000
705.000000,322.000000,141.000000,213.000000
703.000000,318.000000,147.000000,223.000000
700.000000,321.000000,147.000000,223.000000
700.000000,326.000000,143.000000,215.000000
695.000000,327.000000,143.000000,217.000000
698.000000,322.000000,141.000000,213.000000
696.000000,313.000000,139.000000,211.000000
693.000000,307.000000,139.000000,211.000000
705.000000,282.000000,143.000000,219.000000
705.000000,271.000000,145.000000,223.000000
713.000000,241.000000,145.000000,221.000000
717.000000,263.000000,145.000000,221.000000
667.000000,292.000000,143.000000,219.000000
660.000000,322.000000,143.000000,219.000000
672.000000,277.000000,145.000000,223.000000
664.000000,237.000000,145.000000,223.000000
685.000000,198.000000,143.000000,223.000000
742.000000,211.000000,145.000000,223.000000
758.000000,210.000000,147.000000,229.000000
757.000000,213.000000,147.000000,229.000000
757.000000,220.000000,145.000000,227.000000
751.000000,232.000000,147.000000,229.000000
743.000000,259.000000,141.000000,219.000000
724.000000,278.000000,129.000000,203.000000
710.000000,287.000000,127.000000,199.000000
699.000000,299.000000,125.000000,195.000000
682.000000,327.000000,125.000000,197.000000
666.000000,355.000000,131.000000,203.000000
627.000000,326.000000,125.000000,195.000000
592.000000,297.000000,121.000000,189.000000
544.000000,303.000000,125.000000,199.000000
513.000000,304.000000,121.000000,191.000000
532.000000,284.000000,117.000000,185.000000
553.000000,282.000000,117.000000,185.000000
605.000000,244.000000,121.000000,193.000000
564.000000,244.000000,119.000000,191.000000
574.000000,251.000000,123.000000,197.000000
609.000000,248.000000,123.000000,195.000000
628.000000,275.000000,129.000000,205.000000
644.000000,319.000000,127.000000,203.000000
654.000000,350.000000,123.000000,197.000000
671.000000,389.000000,123.000000,197.000000
676.000000,408.000000,129.000000,207.000000
685.000000,431.000000,129.000000,205.000000
678.000000,495.000000,123.000000,199.000000
681.000000,532.000000,117.000000,189.000000
671.000000,537.000000,119.000000,193.000000
682.000000,576.000000,115.000000,185.000000
684.000000,587.000000,115.000000,183.000000
674.000000,557.000000,109.000000,175.000000
