1
38.67,62.92,105.99,62.92,105.99,140.14,38.67,140.14
42.47,67.99,109.79,67.99,109.79,145.21,42.47,145.21
45.97,72.72,113.97,72.72,113.97,150.71,45.97,150.71
55.43,78.52,122.06,78.52,122.06,154.95,55.43,154.95
64.45,81.38,130.42,81.38,130.42,157.05,64.45,157.05
78.30,84.22,143.61,84.22,143.61,159.13,78.30,159.13
87.38,87.37,151.38,87.37,151.38,160.79,87.38,160.79
93.27,89.61,157.59,89.61,157.59,163.39,93.27,163.39
103.95,94.13,168.92,94.13,168.92,168.65,103.95,168.65
112.99,94.88,176.65,94.88,176.65,167.90,112.99,167.90
121.37,92.48,185.04,92.48,185.04,165.51,121.37,165.51
129.64,92.30,193.62,92.30,193.62,165.69,129.64,165.69
133.82,88.31,196.52,88.31,196.52,160.24,133.82,160.24
139.59,85.76,202.61,85.76,202.61,158.05,139.59,158.05
143.01,83.20,206.34,83.20,206.34,155.84,143.01,155.84
149.22,81.20,211.92,81.20,211.92,153.12,149.22,153.12
157.60,76.69,219.98,76.69,219.98,148.25,157.60,148.25
166.27,75.10,227.41,75.10,227.41,145.23,166.27,145.23
179.29,73.55,239.20,73.55,239.20,142.27,179.29,142.27
196.46,74.24,255.17,74.24,255.17,141.59,196.46,141.59
215.35,74.57,273.48,74.57,273.48,141.25,215.35,141.25
231.69,74.41,290.11,74.41,290.11,141.42,231.69,141.42
248.11,74.24,306.83,74.24,306.83,141.58,248.11,141.58
262.47,74.24,321.19,74.24,321.19,141.58,262.47,141.58
276.99,74.57,335.11,74.57,335.11,141.25,276.99,141.25
286.64,74.24,345.34,74.24,345.34,141.58,286.64,141.58
296.19,71.31,356.07,71.31,356.07,140.00,296.19,140.00
296.74,68.33,357.82,68.33,357.82,138.39,296.74,138.39
296.22,66.78,356.08,66.78,356.08,135.44,296.22,135.44
290.95,69.35,350.21,69.35,350.21,137.32,290.95,137.32
278.89,69.52,337.86,69.52,337.86,137.15,278.89,137.15
264.25,69.35,323.51,69.35,323.51,137.32,264.25,137.32
249.76,67.12,309.01,67.12,309.01,135.09,249.76,135.09
235.70,65.25,294.37,65.25,294.37,132.54,235.70,132.54
220.06,68.09,277.56,68.09,277.56,134.04,220.06,134.04
204.74,70.87,261.08,70.87,261.08,135.50,204.74,135.50
188.62,74.97,245.24,74.97,245.24,139.92,188.62,139.92
176.90,79.23,233.52,79.23,233.52,144.18,176.90,144.18
166.93,81.06,224.12,81.06,224.12,146.66,166.93,146.66
163.07,84.79,221.40,84.79,221.40,151.70,163.07,151.70
155.20,86.83,213.82,86.83,213.82,154.08,155.20,154.08
144.49,88.41,204.28,88.41,204.28,157.00,144.49,157.00
136.61,90.66,196.41,90.66,196.41,159.25,136.61,159.25
128.54,88.23,188.64,88.23,188.64,157.16,128.54,157.16
123.07,92.90,182.87,92.90,182.87,161.49,123.07,161.49
119.03,92.21,180.02,92.21,180.02,162.17,119.03,162.17
115.76,92.39,176.44,92.39,176.44,162.00,115.76,162.00
113.98,89.36,175.88,89.36,175.88,160.37,113.98,160.37
108.53,89.72,169.81,89.72,169.81,160.01,108.53,160.01
107.69,90.07,168.36,90.07,168.36,159.66,107.69,159.66
110.98,89.90,171.96,89.90,171.96,159.83,110.98,159.83
118.79,89.55,180.37,89.55,180.37,160.18,118.79,160.18
134.01,89.90,194.98,89.90,194.98,159.83,134.01,159.83
153.51,87.60,214.48,87.60,214.48,157.54,153.51,157.54
173.07,87.78,233.73,87.78,233.73,157.36,173.07,157.36
192.47,85.50,253.13,85.50,253.13,155.08,192.47,155.08
211.87,83.21,272.53,83.21,272.53,152.80,211.87,152.80
229.26,83.91,288.71,83.91,288.71,152.10,229.26,152.10
248.38,82.04,307.23,82.04,307.23,149.54,248.38,149.54
262.85,82.20,321.41,82.20,321.41,149.37,262.85,149.37
277.17,80.00,335.73,80.00,335.73,147.17,277.17,147.17
291.65,78.16,349.62,78.16,349.62,144.65,291.65,144.65
301.37,71.41,359.63,71.41,359.63,138.24,301.37,138.24
308.83,68.86,367.67,68.86,367.67,136.36,308.83,136.36
314.13,66.29,373.56,66.29,373.56,134.46,314.13,134.46
314.67,63.33,375.29,63.33,375.29,132.86,314.67,132.86
308.79,63.15,369.71,63.15,369.71,133.04,308.79,133.04
297.66,64.79,359.80,64.79,359.80,136.07,297.66,136.07
281.53,71.23,344.92,71.23,344.92,143.94,281.53,143.94
263.64,78.39,327.03,78.39,327.03,151.10,263.64,151.10
242.32,84.96,306.98,84.96,306.98,159.13,242.32,159.13
223.07,89.18,289.01,89.18,289.01,164.83,223.07,164.83
200.05,92.02,265.34,92.02,265.34,166.91,200.05,166.91
173.09,93.78,239.68,93.78,239.68,170.16,173.09,170.16
148.71,93.40,215.97,93.40,215.97,170.55,148.71,170.55
128.67,87.46,197.28,87.46,197.28,166.15,128.67,166.15
106.45,82.07,175.40,82.07,175.40,161.16,106.45,161.16
85.91,75.99,156.24,75.99,156.24,156.66,85.91,156.66
62.84,70.24,133.87,70.24,133.87,151.72,62.84,151.72
44.41,66.70,116.86,66.70,116.86,149.81,44.41,149.81
23.67,69.23,96.49,69.23,96.49,152.75,23.67,152.75
1.98,73.99,76.25,73.99,76.25,159.18,1.98,159.18
5.52,73.13,81.27,73.13,81.27,160.03,5.52,160.03
1.24,73.13,77.00,73.13,77.00,160.03,1.24,160.03
5.52,73.13,81.27,73.13,81.27,160.03,5.52,160.03
1.03,72.92,77.16,72.92,77.16,160.25,1.03,160.25
4.65,69.12,82.31,69.12,82.31,158.20,4.65,158.20
1.13,72.88,77.24,72.88,77.24,160.17,1.13,160.17
5.26,69.78,81.74,69.78,81.74,157.51,5.26,157.51
3.82,69.78,80.31,69.78,80.31,157.51,3.82,157.51
8.48,70.22,84.20,70.22,84.20,157.07,8.48,157.07
3.36,72.26,80.60,72.26,80.60,160.85,3.36,160.85
8.41,73.14,84.10,73.14,84.10,159.96,8.41,159.96
10.19,73.58,85.13,73.58,85.13,159.53,10.19,159.53
19.79,75.99,95.47,75.99,95.47,162.81,19.79,162.81
29.62,81.50,105.68,81.50,105.68,168.75,29.62,168.75
39.77,81.72,115.45,81.72,115.45,168.53,39.77,168.53
49.74,87.42,125.42,87.42,125.42,174.23,49.74,174.23
62.43,90.06,138.49,90.06,138.49,177.30,62.43,177.30
77.95,92.52,154.77,92.52,154.77,180.63,77.95,180.63
93.74,92.30,170.94,92.30,170.94,180.85,93.74,180.85
112.43,94.79,190.40,94.79,190.40,184.23,112.43,184.23
131.40,97.51,209.76,97.51,209.76,187.40,131.40,187.40
153.43,100.25,232.19,100.25,232.19,190.59,153.43,190.59
173.10,101.15,250.28,101.15,250.28,189.69,173.10,189.69
197.72,106.77,275.28,106.77,275.28,195.75,197.72,195.75
219.78,110.11,296.57,110.11,296.57,198.19,219.78,198.19
247.45,110.99,322.70,110.99,322.70,197.31,247.45,197.31
274.57,111.85,348.32,111.85,348.32,196.45,274.57,196.45
298.16,111.85,371.91,111.85,371.91,196.45,298.16,196.45
316.57,109.98,388.85,109.98,388.85,192.88,316.57,192.88
334.62,108.14,405.45,108.14,405.45,189.39,334.62,189.39
347.08,106.34,416.50,106.34,416.50,185.96,347.08,185.96
353.47,100.89,423.23,100.89,423.23,180.91,353.47,180.91
354.11,94.74,425.27,94.74,425.27,176.36,354.11,176.36
355.45,92.06,426.61,92.06,426.61,173.68,355.45,173.68
346.08,86.70,417.24,86.70,417.24,168.32,346.08,168.32
334.27,78.91,405.07,78.91,405.07,160.13,334.27,160.13
318.62,75.38,390.83,75.38,390.83,158.22,318.62,158.22
303.67,72.67,375.88,72.67,375.88,155.50,303.67,155.50
288.98,72.87,360.83,72.87,360.83,155.29,288.98,155.29
275.85,72.05,349.14,72.05,349.14,156.12,275.85,156.12
280.31,67.01,352.87,67.01,352.87,150.24,280.31,150.24
282.02,72.83,353.86,72.83,353.86,155.23,282.02,155.23
274.84,72.42,347.39,72.42,347.39,155.64,274.84,155.64
268.01,75.15,340.57,75.15,340.57,158.37,268.01,158.37
251.97,88.24,325.97,88.24,325.97,173.13,251.97,173.13
247.38,90.63,322.13,90.63,322.13,176.36,247.38,176.36
232.97,85.97,306.22,85.97,306.22,169.99,232.97,169.99
222.40,82.32,297.11,82.32,297.11,168.02,222.40,168.02
197.27,78.60,273.48,78.60,273.48,166.01,197.27,166.01
180.42,71.87,258.15,71.87,258.15,161.04,180.42,161.04
169.20,70.98,248.49,70.98,248.49,161.93,169.20,161.93
161.98,71.21,240.87,71.21,240.87,161.70,161.98,161.70
166.08,73.75,245.76,73.75,245.76,165.15,166.08,165.15
173.26,79.35,253.73,79.35,253.73,171.66,173.26,171.66
196.32,80.28,275.18,80.28,275.18,170.74,196.32,170.74
215.61,83.25,294.48,83.25,294.48,173.71,215.61,173.71
232.05,92.33,310.52,92.33,310.52,182.34,232.05,182.34
245.86,96.12,322.76,96.12,322.76,184.34,245.86,184.34
250.54,96.57,326.67,96.57,326.67,183.89,250.54,183.89
252.70,97.44,327.31,97.44,327.31,183.02,252.70,183.02
254.82,98.29,327.94,98.29,327.94,182.17,254.82,182.17
251.10,98.71,323.49,98.71,323.49,181.75,251.10,181.75
243.43,103.44,317.27,103.44,317.27,188.13,243.43,188.13
237.37,104.29,309.72,104.29,309.72,187.29,237.37,187.29
233.08,104.08,305.80,104.08,305.80,187.49,233.08,187.49
227.10,104.91,298.37,104.91,298.37,186.66,227.10,186.66
220.82,94.70,291.37,94.70,291.37,175.63,220.82,175.63
220.23,87.71,289.37,87.71,289.37,167.02,220.23,167.02
229.84,88.50,297.60,88.50,297.60,166.22,229.84,166.22
244.26,86.78,310.67,86.78,310.67,162.95,244.26,162.95
260.84,85.09,325.92,85.09,325.92,159.74,260.84,159.74
279.49,85.84,343.27,85.84,343.27,158.99,279.49,158.99
295.42,84.22,357.92,84.22,357.92,155.91,295.42,155.91
304.11,80.32,365.36,80.32,365.36,150.58,304.11,150.58
307.70,71.33,368.65,71.33,368.65,141.23,307.70,141.23
313.56,60.09,374.20,60.09,374.20,129.65,313.56,129.65
312.26,57.62,373.20,57.62,373.20,127.53,312.26,127.53
311.27,57.80,371.91,57.80,371.91,127.35,311.27,127.35
307.68,59.92,368.62,59.92,368.62,129.82,307.68,129.82
297.77,69.35,358.10,69.35,358.10,138.55,297.77,138.55
287.15,85.05,348.08,85.05,348.08,154.95,287.15,154.95
285.69,98.60,347.23,98.60,347.23,169.19,285.69,169.19
272.08,107.34,334.85,107.34,334.85,179.35,272.08,179.35
267.84,109.03,331.87,109.03,331.87,182.48,267.84,182.48
263.87,103.80,328.54,103.80,328.54,177.98,263.87,177.98
252.70,96.28,317.69,96.28,317.69,170.83,252.70,170.83
245.81,85.55,312.11,85.55,312.11,161.59,245.81,161.59
234.14,80.13,301.10,80.13,301.10,156.93,234.14,156.93
217.27,74.66,284.89,74.66,284.89,152.23,217.27,152.23
207.93,71.70,276.24,71.70,276.24,150.05,207.93,150.05
211.18,70.92,280.85,70.92,280.85,150.83,211.18,150.83
212.16,70.52,282.52,70.52,282.52,151.23,212.16,151.23
210.65,72.98,281.37,72.98,281.37,154.09,210.65,154.09
195.52,75.26,266.94,75.26,266.94,157.18,195.52,157.18
171.50,79.92,244.35,79.92,244.35,163.49,171.50,163.49
167.39,82.66,240.24,82.66,240.24,166.23,167.39,166.23
160.10,93.32,233.68,93.32,233.68,177.72,160.10,177.72
161.13,95.70,235.45,95.70,235.45,180.94,161.13,180.94
165.49,95.91,239.44,95.91,239.44,180.73,165.49,180.73
167.06,90.58,240.64,90.58,240.64,174.98,167.06,174.98
168.09,90.16,242.40,90.16,242.40,175.40,168.09,175.40
183.91,93.76,256.73,93.76,256.73,177.29,183.91,177.29
196.48,91.46,268.58,91.46,268.58,174.16,196.48,174.16
203.85,89.63,274.50,89.63,274.50,170.67,203.85,170.67
203.25,87.83,272.49,87.83,272.49,167.26,203.25,167.26
209.20,79.07,279.83,79.07,279.83,160.08,209.20,160.08
218.38,70.85,289.35,70.85,289.35,152.27,218.38,152.27
223.01,66.43,292.57,66.43,292.57,146.22,223.01,146.22
219.09,61.19,288.64,61.19,288.64,140.98,219.09,140.98
218.50,61.99,286.67,61.99,286.67,140.18,218.50,140.18
220.44,70.32,287.24,70.32,287.24,146.94,220.44,146.94
218.83,69.93,286.31,69.93,286.31,147.33,218.83,147.33
225.04,69.74,292.85,69.74,292.85,147.52,225.04,147.52
221.59,75.18,288.73,75.18,288.73,152.18,221.59,152.18
223.18,78.07,289.64,78.07,289.64,154.30,223.18,154.30
222.62,78.83,287.75,78.83,287.75,153.54,222.62,153.54
226.15,78.64,291.61,78.64,291.61,153.72,226.15,153.72
229.27,77.89,296.03,77.89,296.03,154.48,229.27,154.48
242.69,79.69,310.79,79.69,310.79,157.80,242.69,157.80
253.77,81.52,323.24,81.52,323.24,161.20,253.77,161.20
270.41,78.06,341.26,78.06,341.26,159.33,270.41,159.33
276.50,77.24,348.77,77.24,348.77,160.14,276.50,160.14
266.07,73.64,339.78,73.64,339.78,158.20,266.07,158.20
255.43,72.80,330.62,72.80,330.62,159.04,255.43,159.04
238.80,71.93,315.50,71.93,315.50,159.91,238.80,159.91
231.36,80.42,308.44,80.42,308.44,168.83,231.36,168.83
235.54,83.11,313.00,83.11,313.00,171.96,235.54,171.96
239.74,85.82,317.59,85.82,317.59,175.11,239.74,175.11
240.83,88.33,319.46,88.33,319.46,178.52,240.83,178.52
227.25,79.18,306.27,79.18,306.27,169.82,227.25,169.82
210.62,81.94,290.03,81.94,290.03,173.04,210.62,173.04
185.54,85.15,264.56,85.15,264.56,175.79,185.54,175.79
169.19,88.12,248.21,88.12,248.21,178.76,169.19,178.76
156.86,94.85,234.30,94.85,234.30,183.68,156.86,183.68
146.91,100.88,223.96,100.88,223.96,189.26,146.91,189.26
145.46,109.57,222.51,109.57,222.51,197.96,145.46,197.96
155.89,104.27,232.17,104.27,232.17,191.77,155.89,191.77
163.07,101.40,239.35,101.40,239.35,188.90,163.07,188.90
173.68,93.84,248.43,93.84,248.43,179.59,173.68,179.59
181.32,83.67,254.58,83.67,254.58,167.70,181.32,167.70
188.06,77.92,261.69,77.92,261.69,162.37,188.06,162.37
198.30,70.62,270.45,70.62,270.45,153.38,198.30,153.38
213.34,62.72,285.13,62.72,285.13,145.07,213.34,145.07
228.41,57.78,299.48,57.78,299.48,139.31,228.41,139.31
235.24,57.99,305.96,57.99,305.96,139.10,235.24,139.10
242.04,58.19,312.40,58.19,312.40,138.90,242.04,138.90
243.53,63.66,313.54,63.66,313.54,143.97,243.53,143.97
237.36,66.67,306.67,66.67,306.67,146.18,237.36,146.18
230.01,71.20,300.71,71.20,300.71,152.29,230.01,152.29
215.38,76.52,286.08,76.52,286.08,157.61,215.38,157.61
200.75,89.82,271.45,89.82,271.45,170.92,200.75,170.92
183.72,97.96,254.06,97.96,254.06,178.66,183.72,178.66
176.26,105.26,248.02,105.26,248.02,187.56,176.26,187.56
178.30,106.08,248.62,106.08,248.62,186.74,178.30,186.74
181.65,105.27,253.38,105.27,253.38,187.55,181.65,187.55
186.02,100.34,257.02,100.34,257.02,181.79,186.02,181.79
197.92,92.08,269.29,92.08,269.29,173.94,197.92,173.94
210.01,84.02,281.37,84.02,281.37,165.88,210.01,165.88
221.62,83.21,294.41,83.21,294.41,166.70,221.62,166.70
225.89,72.51,298.32,72.51,298.32,155.59,225.89,155.59
229.82,75.04,302.61,75.04,302.61,158.54,229.82,158.54
230.49,82.59,304.73,82.59,304.73,167.75,230.49,167.75
234.84,88.36,308.72,88.36,308.72,173.10,234.84,173.10
241.19,96.02,316.54,96.02,316.54,182.45,241.19,182.45
239.39,95.59,315.49,95.59,315.49,182.89,239.39,182.89
234.88,92.49,311.36,92.49,311.36,180.23,234.88,180.23
222.95,93.37,297.90,93.37,297.90,179.35,222.95,179.35
212.13,89.63,288.58,89.63,288.58,177.33,212.13,177.33
207.81,92.51,284.27,92.51,284.27,180.21,207.81,180.21
200.62,98.27,277.08,98.27,277.08,185.96,200.62,185.96
198.99,106.72,275.82,106.72,275.82,194.86,198.99,194.86
194.86,112.70,271.31,112.70,271.31,200.39,194.86,200.39
197.04,116.39,271.96,116.39,271.96,202.33,197.04,202.33
200.60,115.53,277.02,115.53,277.02,203.19,200.60,203.19
207.64,109.53,284.44,109.53,284.44,197.63,207.64,197.63
217.47,106.17,295.04,106.17,295.04,195.15,217.47,195.15
227.40,102.78,305.75,102.78,305.75,192.65,227.40,192.65
228.50,99.35,307.63,99.35,307.63,190.12,228.50,190.12
223.15,92.37,303.86,92.37,303.86,184.95,223.15,184.95
217.69,94.54,300.02,94.54,300.02,188.98,217.69,188.98
200.66,91.44,282.98,91.44,282.98,185.88,200.66,185.88
188.77,90.50,272.75,90.50,272.75,186.82,188.77,186.82
179.87,86.31,265.53,86.31,265.53,184.56,179.87,184.56
178.26,79.87,263.92,79.87,263.92,178.12,178.26,178.12
188.91,69.02,276.28,69.02,276.28,169.24,188.91,169.24
194.23,59.76,280.72,59.76,280.72,158.97,194.23,158.97
199.88,54.37,284.64,54.37,284.64,151.60,199.88,151.60
205.42,55.34,288.49,55.34,288.49,150.63,205.42,150.63
200.96,55.58,283.61,55.58,283.61,150.39,200.96,150.39
197.21,53.48,278.21,53.48,278.21,146.39,197.21,146.39
188.63,55.66,271.25,55.66,271.25,150.43,188.63,150.43
176.71,54.71,260.98,54.71,260.98,151.38,176.71,151.38
169.78,52.57,252.37,52.57,252.37,147.30,169.78,147.30
157.86,57.96,242.10,57.96,242.10,154.59,157.86,154.59
143.59,61.13,227.83,61.13,227.83,157.76,143.59,157.76
131.97,63.85,217.05,63.85,217.05,161.45,131.97,161.45
124.21,70.47,208.87,70.47,208.87,167.57,124.21,167.57
119.20,67.02,204.28,67.02,204.28,164.61,119.20,164.61
127.20,60.62,212.28,60.62,212.28,158.21,127.20,158.21
138.72,57.94,222.95,57.94,222.95,154.55,138.72,154.55
162.86,52.69,245.41,52.69,245.41,147.37,162.86,147.37
183.47,50.60,264.37,50.60,264.37,143.38,183.47,143.38
203.16,62.60,284.45,62.60,284.45,155.85,203.16,155.85
223.15,71.97,304.04,71.97,304.04,164.75,223.15,164.75
248.88,83.80,330.57,83.80,330.57,177.51,248.88,177.51
262.17,86.00,345.50,86.00,345.50,181.59,262.17,181.59
269.84,82.61,353.59,82.61,353.59,178.67,269.84,178.67
264.18,78.43,349.61,78.43,349.61,176.42,264.18,176.42
256.40,72.28,341.40,72.28,341.40,169.78,256.40,169.78
247.39,74.57,334.09,74.57,334.09,174.02,247.39,174.02
242.50,74.57,329.20,74.57,329.20,174.02,242.50,174.02
243.71,70.78,331.28,70.78,331.28,171.22,243.71,171.22
235.21,73.84,323.22,73.84,323.22,174.78,235.21,174.78
233.33,70.26,321.77,70.26,321.77,171.70,233.33,171.70
225.54,74.06,313.09,74.06,313.09,174.49,225.54,174.49
221.57,71.83,307.37,71.83,307.37,170.26,221.57,170.26
207.61,69.13,292.56,69.13,292.56,166.57,207.61,166.57
200.63,73.24,283.88,73.24,283.88,168.73,200.63,168.73
195.93,79.50,279.18,79.50,279.18,174.99,195.93,174.99
200.81,82.86,283.65,82.86,283.65,177.87,200.81,177.87
214.29,88.27,298.78,88.27,298.78,185.18,214.29,185.18
231.78,94.63,316.27,94.63,316.27,191.54,231.78,191.54
239.39,97.35,324.72,97.35,324.72,195.24,239.39,195.24
247.76,94.66,332.24,94.66,332.24,191.57,247.76,191.57
245.73,90.97,331.06,90.97,331.06,188.84,245.73,188.84
240.44,87.23,326.62,87.23,326.62,186.09,240.44,186.09
237.93,82.94,325.83,82.94,325.83,183.77,237.93,183.77
240.42,83.95,326.57,83.95,326.57,182.76,240.42,182.76
237.91,79.65,325.78,79.65,325.78,180.44,237.91,180.44
226.89,73.61,313.88,73.61,313.88,173.39,226.89,173.39
190.96,69.27,279.69,69.27,279.69,171.05,190.96,171.05
162.58,69.27,251.31,69.27,251.31,171.05,162.58,171.05
150.33,72.14,239.95,72.14,239.95,174.93,150.33,174.93
152.02,68.76,241.64,68.76,241.64,171.56,152.02,171.56
167.79,66.49,255.61,66.49,255.61,167.23,167.79,167.23
195.96,70.03,283.35,70.03,283.35,170.26,195.96,170.26
233.66,58.96,322.79,58.96,322.79,161.20,233.66,161.20
272.29,66.11,360.53,66.11,360.53,167.33,272.29,167.33
297.39,56.76,384.75,56.76,384.75,156.96,297.39,156.96
292.46,53.47,379.82,53.47,379.82,153.68,292.46,153.68
261.60,50.45,348.52,50.45,348.52,150.15,261.60,150.15
232.02,54.65,317.20,54.65,317.20,152.36,232.02,152.36
188.74,67.47,273.93,67.47,273.93,165.19,188.74,165.19
168.22,86.86,252.98,86.86,252.98,184.08,168.22,184.08
157.60,99.97,241.51,99.97,241.51,196.22,157.60,196.22
168.34,102.68,253.09,102.68,253.09,199.89,168.34,199.89
182.83,102.92,267.16,102.92,267.16,199.65,182.83,199.65
203.89,97.67,286.53,97.67,286.53,192.46,203.89,192.46
224.52,80.33,305.51,80.33,305.51,173.23,224.52,173.23
238.77,69.32,318.14,69.32,318.14,160.35,238.77,160.35
236.87,68.86,317.03,68.86,317.03,160.81,236.87,160.81
221.41,66.82,299.97,66.82,299.97,156.93,221.41,156.93
200.47,85.11,277.45,85.11,277.45,173.41,200.47,173.41
187.95,94.15,264.16,94.15,264.16,181.58,187.95,181.58
189.20,99.70,265.79,99.70,265.79,187.56,189.20,187.56
210.90,108.52,287.11,108.52,287.11,195.95,210.90,195.95
241.17,117.83,315.86,117.83,315.86,203.50,241.17,203.50
268.09,113.18,341.28,113.18,341.28,197.14,268.09,197.14
299.86,105.92,371.59,105.92,371.59,188.20,299.86,188.20
330.81,88.58,403.98,88.58,403.98,172.50,330.81,172.50
337.84,72.35,410.64,72.35,410.64,155.86,337.84,155.86
307.77,63.13,382.03,63.13,382.03,148.31,307.77,148.31
278.76,71.68,352.65,71.68,352.65,156.44,278.76,156.44
245.41,73.67,320.77,73.67,320.77,160.12,245.41,160.12
217.82,70.38,293.94,70.38,293.94,157.69,217.82,157.69
177.62,72.42,255.26,72.42,255.26,161.48,177.62,161.48
148.33,81.90,224.42,81.90,224.42,169.18,148.33,169.18
130.28,88.01,205.61,88.01,205.61,174.41,130.28,174.41
126.24,96.69,201.19,96.69,201.19,182.66,126.24,182.66
133.90,105.84,207.35,105.84,207.35,190.09,133.90,190.09
160.21,119.80,233.30,119.80,233.30,203.63,160.21,203.63
180.84,125.30,253.92,125.30,253.92,209.13,180.84,209.13
198.53,119.33,272.34,119.33,272.34,204.00,198.53,204.00
206.07,106.56,278.41,106.56,278.41,189.54,206.07,189.54
187.84,92.40,260.90,92.40,260.90,176.21,187.84,176.21
164.17,89.43,237.60,89.43,237.60,173.65,164.17,173.65
142.87,86.22,217.03,86.22,217.03,171.28,142.87,171.28
129.32,88.21,204.97,88.21,204.97,174.98,129.32,174.98
118.40,90.25,195.56,90.25,195.56,178.75,118.40,178.75
126.29,91.13,201.90,91.13,201.90,177.87,126.29,177.87
139.22,85.69,214.45,85.69,214.45,171.99,139.22,171.99
160.37,76.94,235.98,76.94,235.98,163.67,160.37,163.67
