1
219.000000,143.000000,82.000000,49.000000
217.009781,144.000000,82.000000,49.000000
216.505615,143.835327,82.000000,49.000000
213.379181,144.297348,82.000000,49.000000
212.253815,145.259262,82.000000,49.000000
210.359558,146.374802,82.000000,49.000000
210.465302,147.490326,71.000000,50.000000
207.074829,147.107071,71.000000,50.000000
203.686859,147.723816,71.000000,50.000000
203.299454,148.840271,71.000000,50.000000
200.912491,149.122192,71.000000,50.000000
199.271576,150.155075,71.000000,50.000000
197.142365,151.187958,65.000000,51.000000
195.511383,152.220840,65.000000,51.000000
194.657516,152.812576,65.000000,51.000000
194.795303,154.404312,65.000000,51.000000
193.430344,154.394165,65.000000,51.000000
192.843170,155.826660,65.000000,51.000000
192.259186,156.259171,61.000000,52.000000
189.678467,156.691681,61.000000,52.000000
189.955338,160.552185,61.000000,52.000000
188.236694,162.412689,61.000000,52.000000
185.271790,163.520187,61.000000,52.000000
184.023361,163.199966,61.000000,52.000000
181.382675,164.478302,59.000000,53.000000
179.239822,164.756653,59.000000,53.000000
177.897324,165.434067,59.000000,53.000000
175.551132,166.111481,59.000000,53.000000
174.199280,166.788910,59.000000,53.000000
171.452988,168.065399,59.000000,53.000000
169.706711,167.341888,57.000000,54.000000
165.468979,167.618378,57.000000,54.000000
162.839020,168.491150,57.000000,54.000000
160.876175,169.530502,57.000000,54.000000
160.912125,169.068451,57.000000,54.000000
160.133408,169.695801,57.000000,54.000000
161.603836,171.075195,57.000000,55.000000
160.384888,172.148117,57.000000,55.000000
158.501450,170.551682,57.000000,55.000000
158.368164,169.204102,57.000000,55.000000
159.731689,167.357925,57.000000,55.000000
158.490891,165.913879,57.000000,55.000000
160.250107,165.469818,57.000000,56.000000
160.459229,165.027374,57.000000,56.000000
156.669312,163.832016,57.000000,56.000000
157.875168,164.137360,57.000000,56.000000
158.334518,165.194885,57.000000,56.000000
158.131683,165.581665,57.000000,56.000000
159.592987,165.296799,58.000000,57.000000
161.807739,166.010544,58.000000,57.000000
159.018219,165.474976,58.000000,57.000000
159.723984,165.939392,58.000000,57.000000
160.923080,166.403824,58.000000,57.000000
160.623016,165.868256,58.000000,57.000000
162.991135,166.001297,59.000000,58.000000
164.134521,166.133652,59.000000,58.000000
163.674698,166.467926,59.000000,58.000000
163.550827,166.137192,59.000000,58.000000
164.426956,165.806442,59.000000,58.000000
165.303085,166.475693,59.000000,58.000000
165.683578,166.144958,60.000000,59.000000
166.062271,166.312393,60.000000,59.000000
166.442368,166.978943,60.000000,59.000000
166.327087,166.645508,60.000000,59.000000
167.705322,166.818573,60.000000,59.000000
167.578033,166.497147,60.000000,59.000000
167.450729,166.175735,61.000000,60.000000
167.323441,164.854309,61.000000,60.000000
166.196136,165.039734,61.000000,60.000000
166.068848,165.225159,61.000000,60.000000
164.444473,165.410583,61.000000,60.000000
162.820099,164.596008,61.000000,60.000000
162.195724,164.781433,62.000000,61.000000
161.069901,164.966843,62.000000,61.000000
160.440109,165.152267,62.000000,61.000000
158.315613,165.337692,62.000000,61.000000
157.528305,164.857239,62.000000,61.000000
155.744385,165.876038,62.000000,61.000000
154.463287,164.894836,63.000000,62.000000
152.682816,164.913635,63.000000,62.000000
150.571671,164.600616,63.000000,62.000000
149.965759,164.287613,63.000000,62.000000
148.859940,164.471405,63.000000,62.000000
146.953690,164.255386,63.000000,62.000000
146.047455,165.039368,64.000000,63.000000
145.141205,164.823364,64.000000,63.000000
144.234955,164.607346,64.000000,63.000000
142.995377,166.061737,64.000000,63.000000
140.262650,165.516113,64.000000,63.000000
139.023636,165.970490,64.000000,63.000000
138.117783,167.095322,65.000000,64.000000
136.712524,166.719711,65.000000,64.000000
133.811432,167.344101,65.000000,64.000000
131.905624,166.968491,65.000000,64.000000
130.999542,166.592896,65.000000,64.000000
130.593689,166.885117,65.000000,64.000000
130.855759,167.508820,66.000000,65.000000
131.447800,167.794952,66.000000,65.000000
132.643539,167.878067,66.000000,65.000000
133.591995,167.707428,66.000000,65.000000
134.137817,167.332230,66.000000,65.000000
136.188339,167.455139,66.000000,65.000000
138.841660,167.383438,67.000000,66.000000
140.698776,168.612274,67.000000,66.000000
141.192581,168.296768,67.000000,66.000000
143.100662,168.864929,67.000000,66.000000
145.509567,168.938309,67.000000,66.000000
146.043381,168.885925,67.000000,66.000000
145.577194,168.334381,68.000000,67.000000
146.111008,168.284348,68.000000,67.000000
145.644821,168.239761,68.000000,67.000000
146.178619,168.691223,68.000000,67.000000
145.712433,168.147430,68.000000,67.000000
145.493881,168.093094,68.000000,67.000000
145.275330,167.539154,69.000000,68.000000
144.652771,167.780685,69.000000,68.000000
144.864899,167.861176,69.000000,68.000000
144.912292,167.785629,69.000000,68.000000
144.959671,168.211365,69.000000,68.000000
145.406357,169.333069,69.000000,68.000000
145.853027,169.955795,70.000000,69.000000
147.297058,169.580505,70.000000,69.000000
146.313660,171.059448,70.000000,69.000000
146.932510,169.942551,70.000000,69.000000
146.054535,169.832291,70.000000,69.000000
147.602386,169.858704,70.000000,69.000000
147.646423,169.885132,71.000000,70.000000
147.938126,169.907791,71.000000,70.000000
148.830002,169.329865,71.000000,70.000000
148.721878,168.754364,71.000000,70.000000
149.010696,169.776550,71.000000,70.000000
149.966736,169.629822,71.000000,70.000000
149.922775,170.978531,72.000000,71.000000
150.279480,170.523193,72.000000,71.000000
151.636185,170.065170,72.000000,71.000000
152.992889,169.108093,72.000000,71.000000
154.349594,169.646912,72.000000,71.000000
154.706299,168.687592,72.000000,71.000000
157.063004,167.728256,73.000000,72.000000
159.419708,167.768936,73.000000,72.000000
160.776413,167.809616,73.000000,72.000000
163.629059,168.349152,73.000000,72.000000
165.987091,167.888702,73.000000,72.000000
167.849152,168.428253,73.000000,72.000000
168.711212,167.967789,74.000000,73.000000
170.573288,168.002930,74.000000,73.000000
172.936691,168.534271,74.000000,73.000000
173.803619,168.563187,74.000000,73.000000
174.166809,168.091995,74.000000,73.000000
175.194641,167.948929,74.000000,73.000000
177.222458,167.805878,75.000000,74.000000
178.250290,167.662811,75.000000,74.000000
178.278107,167.519760,75.000000,74.000000
178.305939,168.376694,75.000000,74.000000
178.826965,168.726852,75.000000,74.000000
178.348007,168.076996,75.000000,74.000000
177.869034,168.427139,76.000000,75.000000
178.390060,167.777283,76.000000,75.000000
177.911102,168.127426,76.000000,75.000000
178.432129,168.477570,76.000000,75.000000
177.953156,167.827728,76.000000,75.000000
178.474182,168.177872,76.000000,75.000000
179.995224,167.528015,77.000000,76.000000
181.014664,167.878159,77.000000,76.000000
183.633667,168.030777,77.000000,76.000000
186.690887,168.183517,77.000000,76.000000
188.676498,168.408127,77.000000,76.000000
191.540009,167.260208,77.000000,76.000000
193.898819,168.112289,78.000000,77.000000
195.457382,167.367294,78.000000,77.000000
196.517212,168.622299,78.000000,77.000000
198.070801,170.877304,78.000000,77.000000
199.118286,173.132294,78.000000,77.000000
200.162964,174.885117,78.000000,77.000000
200.873474,174.972046,79.000000,78.000000
200.088791,177.058975,79.000000,78.000000
200.969772,178.479538,79.000000,78.000000
200.188660,179.568787,79.000000,78.000000
200.911743,180.658020,79.000000,78.000000
200.303741,182.078735,79.000000,78.000000
199.695755,184.499451,80.000000,79.000000
200.087753,184.920166,80.000000,79.000000
199.985504,186.340881,80.000000,79.000000
199.384308,186.761581,80.000000,79.000000
199.279968,188.182297,80.000000,79.000000
199.678345,188.603012,80.000000,79.000000
200.569855,189.023727,81.000000,80.000000
200.461380,189.942932,81.000000,80.000000
200.858429,188.862122,81.000000,80.000000
201.255493,188.781326,81.000000,80.000000
200.985550,188.369339,81.000000,80.000000
201.216324,188.957367,81.000000,80.000000
200.950684,188.545380,82.000000,81.000000
200.685043,189.133392,82.000000,81.000000
201.419403,188.721420,82.000000,81.000000
200.657593,189.309433,82.000000,81.000000
200.895798,188.897446,82.000000,81.000000
201.134003,189.485474,82.000000,81.000000
201.372208,189.073486,83.000000,82.000000
200.610413,188.661499,83.000000,82.000000
201.185226,189.920624,83.000000,82.000000
201.422516,190.508133,83.000000,82.000000
201.166443,190.095642,83.000000,82.000000
201.910355,189.683167,83.000000,82.000000
201.654282,190.270676,84.000000,83.000000
202.897125,190.360062,84.000000,83.000000
202.634247,190.449432,84.000000,83.000000
202.869431,190.538818,84.000000,83.000000
202.601562,190.628204,84.000000,83.000000
202.827957,190.717575,84.000000,83.000000
202.054352,190.806961,85.000000,85.000000
202.280746,190.896347,85.000000,85.000000
201.507141,190.985718,85.000000,85.000000
201.733536,192.075104,85.000000,85.000000
201.959930,192.164490,85.000000,85.000000
202.186325,192.253860,85.000000,85.000000
202.412720,192.343246,86.000000,86.000000
201.639114,192.432632,86.000000,86.000000
202.364929,191.522003,86.000000,86.000000
202.586288,191.611389,86.000000,86.000000
202.301971,191.700760,86.000000,86.000000
202.017670,192.293747,86.000000,86.000000
201.733353,193.380966,87.000000,87.000000
202.449051,194.468185,87.000000,87.000000
202.164734,193.555389,87.000000,87.000000
201.880417,194.148224,87.000000,87.000000
201.596115,194.741043,87.000000,87.000000
201.812729,195.834991,87.000000,87.000000
201.029343,194.928925,88.000000,88.000000
201.245956,195.022858,88.000000,88.000000
200.963638,195.116791,88.000000,88.000000
200.185196,195.210724,88.000000,88.000000
200.906860,195.304657,88.000000,88.000000
199.964539,195.066467,88.000000,88.000000
200.022232,194.828262,89.000000,89.000000
200.079926,195.096512,89.000000,89.000000
200.137619,195.364777,89.000000,89.000000
200.195297,194.633026,89.000000,89.000000
199.757385,194.901291,89.000000,89.000000
200.319473,195.169540,89.000000,89.000000
199.881561,195.437805,90.000000,90.000000
199.949081,194.706055,90.000000,90.000000
199.515732,194.476501,90.000000,90.000000
200.082397,195.246933,90.000000,90.000000
199.311996,194.347290,90.000000,90.000000
198.876022,195.115280,90.000000,90.000000
200.440048,194.883270,91.000000,91.000000
202.004074,194.651260,91.000000,91.000000
204.072159,195.419235,91.000000,91.000000
207.140244,195.187225,91.000000,91.000000
208.704697,194.955215,91.000000,91.000000
210.269165,194.723190,91.000000,91.000000
211.328766,194.992386,92.000000,92.000000
213.388351,195.261581,92.000000,92.000000
214.447952,193.530762,92.000000,92.000000
214.011261,194.300491,92.000000,92.000000
214.574585,194.573822,92.000000,92.000000
215.137894,194.343658,92.000000,92.000000
214.701202,194.113510,93.000000,93.000000
215.264526,193.883347,93.000000,93.000000
214.827835,193.653198,93.000000,93.000000
215.391144,194.423050,93.000000,93.000000
214.954468,193.192886,93.000000,93.000000
214.517776,191.962738,93.000000,93.000000
215.081085,190.732590,94.000000,94.000000
214.644409,190.502426,94.000000,94.000000
215.207718,191.272278,94.000000,94.000000
214.771027,191.042114,94.000000,94.000000
215.334351,189.811966,94.000000,94.000000
214.395905,189.581818,94.000000,94.000000
214.457458,190.351654,95.000000,95.000000
214.181229,190.451828,95.000000,95.000000
214.567307,189.882156,95.000000,95.000000
213.953400,190.312485,95.000000,95.000000
214.836899,189.742813,95.000000,95.000000
213.720398,190.173141,95.000000,95.000000
213.603882,189.603470,96.000000,96.000000
214.487381,190.033798,96.000000,96.000000
214.370880,190.464127,96.000000,96.000000
214.254379,189.894455,96.000000,96.000000
214.137878,190.324783,96.000000,96.000000
214.021362,189.755112,96.000000,96.000000
214.409744,190.185440,97.000000,97.000000
214.302444,189.615768,97.000000,97.000000
214.195160,190.046097,97.000000,97.000000
214.583191,190.476425,97.000000,97.000000
214.472122,189.906754,97.000000,97.000000
214.861221,189.837891,97.000000,97.000000
214.748550,188.769028,98.000000,98.000000
213.635880,188.700165,98.000000,98.000000
213.523209,188.631302,98.000000,98.000000
214.410538,188.562439,98.000000,98.000000
214.297867,189.493576,98.000000,98.000000
214.683426,189.424713,98.000000,98.000000
214.564316,189.355850,99.000000,99.000000
214.781479,187.959473,99.000000,99.000000
214.500565,186.563095,99.000000,99.000000
214.885315,185.501923,99.000000,99.000000
215.270065,185.440750,99.000000,99.000000
213.158752,184.379578,99.000000,99.000000
211.717789,182.650253,100.000000,100.000000
210.769928,180.920929,100.000000,100.000000
209.318054,180.687592,100.000000,100.000000
208.361099,179.454269,100.000000,100.000000
208.404144,178.220932,100.000000,100.000000
207.447189,176.987610,100.000000,100.000000
206.490234,175.754272,101.000000,101.000000
204.533279,174.520950,101.000000,101.000000
203.576324,174.287628,101.000000,101.000000
204.118729,174.054291,101.000000,101.000000
204.162811,173.820969,101.000000,101.000000
203.206894,173.587631,101.000000,101.000000
202.746811,174.354309,102.000000,102.000000
201.286728,174.120972,102.000000,102.000000
199.331360,173.887650,102.000000,102.000000
198.375977,173.654312,102.000000,102.000000
197.420593,174.420990,102.000000,102.000000
195.465210,173.187653,102.000000,102.000000
193.007462,171.954330,103.000000,103.000000
191.549698,171.720993,103.000000,103.000000
190.591354,171.487671,103.000000,103.000000
189.632996,170.254349,103.000000,103.000000
188.173599,170.021011,103.000000,103.000000
186.714188,168.787689,103.000000,103.000000
186.254791,168.051468,104.000000,104.000000
184.795380,168.315247,104.000000,104.000000
2
0
0
0
0
1
302.503265,206.000000,75.000000,39.000000
304.669800,205.329651,75.000000,39.000000
305.342529,203.659302,75.000000,39.000000
307.014252,200.988953,75.000000,39.000000
308.020691,198.983902,75.000000,39.000000
309.033356,196.482269,75.000000,39.000000
310.643250,194.380219,61.000000,40.000000
312.678619,192.849594,61.000000,40.000000
313.608948,190.876541,61.000000,40.000000
315.674774,189.330307,61.000000,40.000000
317.484222,189.155334,61.000000,40.000000
319.904816,188.749207,61.000000,40.000000
321.036285,187.915939,55.000000,41.000000
322.667084,186.082672,55.000000,41.000000
324.800323,185.249390,55.000000,41.000000
325.796326,183.990601,55.000000,41.000000
327.366241,182.448700,55.000000,41.000000
327.937225,182.409332,55.000000,41.000000
328.371704,181.944031,51.000000,42.000000
330.807312,182.478729,51.000000,42.000000
331.750305,182.013428,51.000000,42.000000
332.693695,181.048233,51.000000,42.000000
333.634979,181.584366,51.000000,42.000000
333.715759,181.545776,51.000000,42.000000
334.295288,180.507187,49.000000,43.000000
335.375519,181.468582,49.000000,43.000000
336.948120,181.429993,49.000000,43.000000
336.518890,181.638397,49.000000,43.000000
336.948700,180.562973,49.000000,43.000000
336.879059,180.987427,49.000000,43.000000
336.810883,180.411880,47.000000,44.000000
337.235413,179.836349,47.000000,44.000000
337.159393,180.260803,47.000000,44.000000
335.943939,180.258316,47.000000,44.000000
335.395355,181.091522,47.000000,44.000000
334.520355,180.760513,47.000000,44.000000
333.146484,181.429520,47.000000,45.000000
333.276642,181.098511,47.000000,45.000000
335.398926,180.767502,47.000000,45.000000
334.518127,181.436493,47.000000,45.000000
334.636475,181.105499,47.000000,45.000000
334.926056,180.104050,47.000000,45.000000
334.221954,180.102600,47.000000,46.000000
334.515839,180.101151,47.000000,46.000000
335.097870,179.527054,47.000000,46.000000
335.306793,179.325806,47.000000,46.000000
334.917816,179.322266,47.000000,46.000000
334.026459,179.318726,47.000000,46.000000
332.334656,178.512619,48.000000,47.000000
333.782867,177.422836,48.000000,47.000000
335.727417,177.833405,48.000000,47.000000
335.673065,177.744476,48.000000,47.000000
337.611328,177.655533,48.000000,47.000000
340.550171,177.566605,48.000000,47.000000
341.482697,178.641922,49.000000,48.000000
342.916626,177.717239,49.000000,48.000000
344.848206,178.293472,49.000000,48.000000
345.176941,178.670700,49.000000,48.000000
346.001343,179.379074,49.000000,48.000000
345.328705,179.587631,49.000000,48.000000
345.228607,180.224823,50.000000,49.000000
348.124390,181.359833,50.000000,49.000000
349.525513,182.494858,50.000000,49.000000
351.332886,182.233994,50.000000,49.000000
353.633820,182.973114,50.000000,49.000000
355.935638,183.712250,50.000000,49.000000
355.237457,184.451370,51.000000,50.000000
360.037567,184.690933,51.000000,50.000000
363.335205,184.429428,51.000000,50.000000
366.813080,184.622009,51.000000,50.000000
370.285736,184.313263,51.000000,50.000000
371.754181,184.250931,51.000000,50.000000
375.225159,184.188599,52.000000,51.000000
378.302551,183.529510,52.000000,51.000000
383.382935,183.373001,52.000000,51.000000
387.464600,184.216492,52.000000,51.000000
387.885498,183.618240,52.000000,51.000000
390.648438,183.578583,52.000000,51.000000
391.845520,182.316467,53.000000,52.000000
394.374847,182.608154,53.000000,52.000000
395.997589,181.990417,53.000000,52.000000
397.060394,182.212936,53.000000,52.000000
401.810944,181.894135,53.000000,52.000000
401.491119,181.001968,53.000000,52.000000
400.672485,181.109802,54.000000,53.000000
400.352600,180.217636,54.000000,53.000000
401.095093,180.264252,54.000000,53.000000
400.204254,179.873245,54.000000,53.000000
401.454865,179.949585,54.000000,53.000000
400.178589,180.026932,54.000000,53.000000
398.899628,179.104279,55.000000,54.000000
397.125122,179.181625,55.000000,54.000000
396.850800,179.258972,55.000000,54.000000
395.072510,179.336319,55.000000,54.000000
393.138947,179.082687,55.000000,54.000000
394.703400,179.159958,55.000000,54.000000
393.266663,179.237244,56.000000,55.000000
392.332001,179.314514,56.000000,55.000000
393.395294,179.391785,56.000000,55.000000
393.263000,179.073929,56.000000,55.000000
393.139954,178.756058,56.000000,55.000000
394.522766,179.438187,56.000000,55.000000
395.620728,178.688095,57.000000,56.000000
397.994324,178.405380,57.000000,56.000000
403.376770,178.122650,57.000000,56.000000
405.263855,177.338837,57.000000,56.000000
408.158691,176.555023,57.000000,56.000000
411.056152,176.771210,57.000000,56.000000
412.285217,176.657486,58.000000,57.000000
413.683899,176.044601,58.000000,57.000000
418.088684,176.928085,58.000000,57.000000
421.498047,176.059189,58.000000,57.000000
422.108002,175.792831,58.000000,57.000000
423.119873,174.724457,58.000000,57.000000
422.131744,174.161423,59.000000,58.000000
421.890564,173.600693,59.000000,58.000000
418.649384,175.535797,59.000000,58.000000
418.119965,175.468735,59.000000,58.000000
423.153809,171.775421,59.000000,58.000000
423.578491,170.861130,59.000000,58.000000
421.797485,170.544998,60.000000,59.000000
420.014465,170.088104,60.000000,59.000000
419.083191,169.701538,60.000000,59.000000
416.050201,170.013809,60.000000,59.000000
412.900360,169.994705,60.000000,59.000000
409.750519,169.978592,60.000000,59.000000
407.270355,169.626541,61.000000,60.000000
405.288940,169.274139,61.000000,60.000000
403.307526,168.423569,61.000000,60.000000
401.077942,168.570145,61.000000,60.000000
398.848389,169.717178,61.000000,60.000000
396.288361,170.366913,61.000000,60.000000
393.728333,172.016647,62.000000,61.000000
392.168304,173.159653,62.000000,61.000000
389.359344,173.308258,62.000000,61.000000
387.299713,173.461029,62.000000,61.000000
386.240051,172.613464,62.000000,61.000000
384.180420,172.273895,62.000000,61.000000
383.120789,171.934311,63.000000,62.000000
381.560913,171.095444,63.000000,62.000000
380.001068,171.256577,63.000000,62.000000
379.441193,170.923981,63.000000,62.000000
377.881317,170.591370,63.000000,62.000000
378.072723,171.009186,63.000000,62.000000
376.264160,171.427002,64.000000,63.000000
376.455566,170.341507,64.000000,63.000000
376.148804,170.262695,64.000000,63.000000
375.842010,169.687683,64.000000,63.000000
375.863983,170.107910,64.000000,63.000000
376.387787,169.526688,64.000000,63.000000
376.581207,168.283951,65.000000,64.000000
376.774628,169.041214,65.000000,64.000000
376.469574,167.800903,65.000000,64.000000
377.164551,168.062592,65.000000,64.000000
376.529785,168.326660,65.000000,64.000000
377.144867,167.841003,65.000000,64.000000
376.759949,168.355347,66.000000,65.000000
377.375000,167.869675,66.000000,65.000000
376.990082,168.384018,66.000000,65.000000
376.605164,167.397720,66.000000,65.000000
377.548645,168.075348,66.000000,65.000000
378.093475,167.555115,66.000000,65.000000
377.638306,167.529861,67.000000,66.000000
378.183167,166.504608,67.000000,66.000000
377.727997,167.479355,67.000000,66.000000
377.777527,167.454117,67.000000,66.000000
375.827057,167.428864,67.000000,66.000000
375.370941,166.903992,67.000000,66.000000
373.914795,167.379120,68.000000,67.000000
374.788025,166.519775,68.000000,67.000000
373.661255,166.660446,68.000000,67.000000
373.867981,166.471390,68.000000,67.000000
374.077881,166.785461,68.000000,67.000000
374.494537,166.500229,68.000000,67.000000
373.911163,166.215012,69.000000,68.000000
374.327820,165.929779,69.000000,68.000000
374.072693,165.979614,69.000000,68.000000
374.314117,166.529785,69.000000,68.000000
373.555511,166.079956,69.000000,68.000000
372.796967,165.345306,69.000000,68.000000
373.038391,165.610657,70.000000,69.000000
372.279846,165.876007,70.000000,69.000000
369.026001,165.646072,70.000000,69.000000
368.775635,165.588837,70.000000,69.000000
368.195923,164.870148,70.000000,69.000000
367.950195,164.933395,70.000000,69.000000
