1
326.53,456.01,326.47,420.01,339.47,419.99,339.53,455.99
325.53,456.01,325.47,420.01,338.47,419.99,338.53,455.99
325.57,456.03,325.43,420.03,338.43,419.97,338.57,455.97
324.64,455.05,324.36,419.05,337.36,418.95,337.64,454.95
324.72,456.08,324.28,420.08,337.28,419.92,337.72,455.92
323.73,458.08,323.27,422.09,336.27,421.92,336.73,457.91
321.80,459.11,321.20,423.11,334.20,422.89,334.80,458.89
319.87,459.13,319.13,423.14,332.13,422.87,332.87,458.86
318.87,459.13,318.14,423.14,331.13,422.87,331.86,458.86
318.86,457.63,318.14,422.64,331.14,422.37,331.86,457.36
316.75,457.59,316.25,422.59,329.25,422.41,329.75,457.41
315.78,460.10,315.22,424.10,328.22,423.90,328.78,459.90
315.78,460.10,315.22,424.10,328.22,423.90,328.78,459.90
315.82,460.11,315.19,424.12,328.18,423.89,328.81,459.88
315.84,460.12,315.16,424.13,328.16,423.88,328.84,459.87
316.83,461.12,316.17,425.12,329.17,424.88,329.83,460.88
316.95,461.16,316.05,425.17,329.05,424.84,329.95,460.83
317.03,461.18,315.97,425.20,328.97,424.82,330.03,460.80
318.09,462.20,316.91,426.22,329.91,425.80,331.09,461.78
317.11,462.21,315.90,426.23,328.89,425.79,330.10,461.77
316.05,463.19,314.96,427.21,327.95,426.81,329.04,462.79
318.06,461.19,316.94,425.21,329.94,424.81,331.06,460.79
319.02,461.18,317.99,425.19,330.98,424.82,332.01,460.81
319.01,462.18,318.00,426.19,330.99,425.82,332.00,461.81
319.02,463.18,317.99,427.19,330.98,426.82,332.01,462.81
320.01,464.18,318.99,428.19,331.99,427.82,333.01,463.81
323.11,467.21,321.90,431.23,334.89,430.79,336.10,466.77
325.62,470.72,324.39,433.74,338.38,433.28,339.61,470.26
323.60,471.72,322.40,434.74,336.40,434.28,337.60,471.26
322.66,470.74,321.35,433.76,335.34,433.26,336.65,470.24
321.68,468.74,320.33,431.77,334.32,431.26,335.67,468.23
321.67,467.74,320.34,430.76,334.33,430.26,335.66,467.24
321.72,466.76,320.29,429.79,334.28,429.24,335.71,466.21
320.73,465.76,319.28,428.79,333.27,428.24,334.72,465.21
319.78,466.78,318.23,429.81,332.22,429.22,333.77,466.19
316.79,466.78,315.22,429.81,329.21,429.22,330.78,466.19
315.77,469.77,314.24,432.80,328.23,432.23,329.76,469.20
314.81,471.79,313.20,434.82,327.19,434.21,328.80,471.18
313.80,475.78,312.22,438.82,326.20,438.22,327.78,475.18
312.77,477.77,311.24,440.80,325.23,440.23,326.76,477.20
312.76,479.77,311.26,442.80,325.24,442.23,326.74,479.20
310.69,478.75,309.32,441.77,323.31,441.25,324.68,478.23
308.69,474.75,307.32,437.77,321.31,437.25,322.68,474.23
310.71,472.25,309.30,434.27,323.29,433.75,324.70,471.73
308.77,468.27,307.24,430.30,321.23,429.73,322.76,467.70
305.77,464.27,304.24,426.30,318.23,425.73,319.76,463.70
301.84,460.29,300.18,422.32,314.16,421.71,315.82,459.68
301.90,462.31,300.11,424.35,314.10,423.69,315.89,461.65
299.88,462.30,298.13,424.34,312.12,423.70,313.87,461.66
299.88,463.30,298.14,425.34,312.12,424.70,313.86,462.66
301.86,467.29,300.16,429.33,314.14,428.71,315.84,466.67
301.84,466.29,300.17,428.33,314.16,427.71,315.83,465.67
301.85,465.29,300.17,427.33,314.15,426.71,315.83,464.67
299.89,464.30,298.13,426.34,312.11,425.70,313.87,463.66
299.89,463.30,298.12,425.35,312.11,424.70,313.88,462.65
297.91,464.31,296.10,426.36,310.09,425.69,311.90,463.64
295.94,463.32,294.08,425.37,308.06,424.68,309.92,462.63
293.94,462.81,292.08,423.86,306.06,423.19,307.92,462.14
292.95,462.82,291.07,423.86,305.05,423.18,306.93,462.14
291.96,461.82,290.06,422.87,304.04,422.18,305.94,461.13
287.92,458.81,286.09,419.85,300.08,419.19,301.91,458.15
286.91,457.80,285.11,418.84,299.09,418.20,300.89,457.16
286.92,456.80,285.10,417.85,299.08,417.20,300.90,456.15
285.94,457.81,284.08,418.86,298.06,418.19,299.92,457.14
285.95,458.32,284.07,420.37,298.05,419.68,299.93,457.63
286.92,459.31,285.09,421.36,299.08,420.69,300.91,458.64
288.97,461.33,287.04,423.38,301.03,422.67,302.96,460.62
289.00,461.34,287.01,423.39,301.00,422.66,302.99,460.61
290.03,461.35,287.99,423.40,301.97,422.65,304.01,460.60
289.98,460.33,288.04,422.38,302.02,421.67,303.96,459.62
289.95,460.32,288.07,422.37,302.05,421.68,303.93,459.63
288.92,460.32,287.09,422.36,301.08,421.68,302.91,459.64
287.91,459.31,286.10,421.35,300.09,420.69,301.90,458.65
287.92,456.31,286.10,418.36,300.08,417.69,301.90,455.64
287.92,454.31,286.10,416.36,300.08,415.69,301.90,453.64
286.98,452.33,285.04,414.38,299.02,413.67,300.96,451.62
287.04,450.35,284.98,412.41,298.96,411.65,301.02,449.59
286.05,448.35,283.97,410.41,297.95,409.65,300.03,447.59
285.05,445.36,282.97,407.41,296.95,406.64,299.03,444.59
284.01,442.34,282.00,404.40,295.99,403.66,298.00,441.60
282.99,438.34,281.03,400.39,295.01,399.66,296.97,437.61
282.91,434.31,281.11,396.35,295.09,395.69,296.89,433.65
282.90,428.82,281.11,391.86,295.10,391.18,296.89,428.14
281.89,424.81,280.13,387.85,294.11,387.19,295.87,424.15
279.90,422.82,278.12,385.86,292.10,385.18,293.88,422.14
279.90,421.81,278.12,384.86,292.10,384.19,293.88,421.14
279.87,420.81,278.14,383.85,292.13,383.19,293.86,420.15
278.87,418.30,277.14,380.34,291.13,379.70,292.86,417.66
278.89,416.31,277.12,378.35,291.11,377.69,292.88,415.65
278.88,416.30,277.13,378.34,291.12,377.70,292.87,415.66
278.87,416.30,277.15,378.34,291.13,377.70,292.85,415.66
280.88,415.30,279.13,377.34,293.12,376.70,294.87,414.66
280.81,415.28,279.20,377.31,293.19,376.72,294.80,414.69
280.84,416.29,279.18,378.32,293.16,377.71,294.82,415.68
280.84,417.29,279.17,379.32,293.16,378.71,294.83,416.68
280.88,419.30,279.14,381.34,293.12,380.70,294.86,418.66
280.90,420.31,279.12,382.35,293.10,381.69,294.88,419.65
280.88,423.30,279.14,385.34,293.12,384.70,294.86,422.66
280.91,424.31,279.11,386.35,293.09,385.69,294.89,423.65
280.94,424.32,279.08,386.36,293.06,385.68,294.92,423.64
280.94,424.32,279.07,386.37,293.06,385.68,294.93,423.63
279.93,424.32,278.08,386.36,292.07,385.68,293.92,423.64
278.99,423.34,277.02,385.39,291.01,384.66,292.98,422.61
278.02,424.34,276.00,386.40,289.98,385.66,292.00,423.60
276.06,424.36,273.96,386.42,287.94,385.64,290.04,423.58
274.10,424.37,271.92,386.43,285.90,385.63,288.08,423.57
271.08,423.85,268.94,384.91,282.92,384.15,285.06,423.09
268.11,423.86,265.91,384.92,279.89,384.14,282.09,423.08
267.11,422.86,264.91,383.93,278.89,383.14,281.09,422.07
265.06,422.36,262.96,384.42,276.94,383.64,279.04,421.58
265.05,423.35,262.97,385.41,276.95,384.65,279.03,422.59
263.97,424.33,262.05,386.38,276.03,385.67,277.95,423.62
264.01,425.34,262.01,387.39,275.99,386.66,277.99,424.61
263.06,425.36,260.96,387.42,274.94,386.64,277.04,424.58
264.06,425.36,261.96,387.42,275.94,386.64,278.04,424.58
263.11,425.37,260.92,387.43,274.89,386.63,277.08,424.57
263.09,425.37,260.93,387.43,274.91,386.63,277.07,424.57
262.06,425.36,259.96,387.41,273.94,386.64,276.04,424.59
262.02,425.34,260.00,387.40,273.98,386.66,276.00,424.60
262.02,424.34,260.00,386.40,273.98,385.66,276.00,423.60
261.95,425.32,260.07,387.37,274.05,386.68,275.93,424.63
260.87,425.30,259.14,387.34,273.13,386.70,274.86,424.66
260.82,426.28,259.19,388.32,273.18,387.72,274.81,425.68
260.86,427.29,259.16,389.33,273.14,388.71,274.84,426.67
262.85,430.29,261.16,392.33,275.15,391.71,276.84,429.67
262.82,433.28,261.19,395.32,275.18,394.72,276.81,432.68
263.89,434.80,262.12,395.84,276.11,395.20,277.88,434.16
263.90,435.80,262.11,396.84,276.10,396.20,277.89,435.16
263.89,436.80,262.13,397.84,276.11,397.20,277.87,436.16
264.85,436.79,263.16,397.82,277.15,397.21,278.84,436.18
264.84,436.78,263.17,397.82,277.16,397.22,278.83,436.18
264.82,435.78,263.19,396.81,277.18,396.22,278.81,435.19
264.87,434.79,263.14,395.83,277.13,395.21,278.86,434.17
264.84,434.78,263.18,395.82,277.16,395.22,278.82,434.18
265.85,433.79,264.16,394.82,278.15,394.21,279.84,433.18
264.85,432.79,263.16,393.82,277.15,393.21,278.84,432.18
265.87,432.79,264.15,393.83,278.13,393.21,279.85,432.17
264.91,432.80,263.10,393.85,277.09,393.20,278.90,432.15
263.89,433.80,262.12,394.84,276.11,394.20,277.88,433.16
262.78,434.76,261.23,395.79,275.22,395.24,276.77,434.21
262.85,434.79,261.16,395.82,275.15,395.21,276.84,434.18
261.87,434.79,260.14,395.83,274.13,395.21,275.86,434.17
261.93,434.81,260.09,395.85,274.07,395.19,275.91,434.15
260.99,434.83,259.03,395.88,273.01,395.17,274.97,434.12
260.99,433.83,259.03,394.88,273.01,394.17,274.97,433.12
261.03,432.84,258.99,393.89,272.97,393.16,275.01,432.11
260.10,431.86,257.92,392.92,271.90,392.14,274.08,431.08
258.07,430.85,255.96,391.91,269.93,391.15,272.04,430.09
257.01,429.83,255.01,390.89,268.99,390.17,270.99,429.11
254.96,427.82,253.06,388.87,267.04,388.18,268.94,427.13
252.97,426.82,251.05,387.87,265.03,387.18,266.95,426.13
251.94,425.81,250.08,386.86,264.06,386.19,265.92,425.14
249.87,423.79,248.14,384.83,262.13,384.21,263.86,423.17
245.84,420.78,244.17,381.82,258.16,381.22,259.83,420.18
242.82,417.78,241.19,378.81,255.18,378.22,256.81,417.19
240.85,415.78,239.16,376.82,253.15,376.22,254.84,415.18
238.87,417.79,237.14,378.83,251.13,378.21,252.86,417.17
238.39,423.82,236.63,384.86,251.61,384.18,253.37,423.14
236.40,426.82,234.61,387.86,249.60,387.18,251.39,426.14
235.38,428.82,233.64,389.85,248.62,389.18,250.36,428.15
238.32,432.80,236.70,393.83,251.68,393.20,253.30,432.17
245.39,436.82,243.63,397.86,258.61,397.18,260.37,436.14
252.45,437.84,250.57,398.88,265.55,398.16,267.43,437.12
259.43,435.83,257.58,396.88,272.57,396.17,274.42,435.12
269.46,435.33,267.56,395.38,282.54,394.67,284.44,434.62
276.51,436.35,274.51,396.40,289.49,395.65,291.49,435.60
280.57,437.37,278.45,397.43,293.43,396.63,295.55,436.57
279.51,435.35,277.51,395.40,292.49,394.65,294.49,434.60
277.46,429.34,275.55,389.38,290.54,388.66,292.45,428.62
278.52,423.35,276.50,383.40,291.48,382.65,293.50,422.60
277.59,421.38,275.43,381.44,290.41,380.62,292.57,420.56
272.61,424.38,270.41,384.44,285.39,383.62,287.59,423.56
264.62,429.90,262.40,390.96,277.38,390.10,279.60,429.04
253.62,432.89,251.41,393.96,266.38,393.11,268.59,432.04
244.62,433.38,242.40,393.45,257.38,392.62,259.60,432.55
239.64,429.39,237.38,389.46,252.36,388.61,254.62,428.54
236.68,423.40,234.35,383.47,249.32,382.60,251.65,422.53
230.69,419.41,228.34,379.48,243.31,378.59,245.66,418.52
224.66,419.40,222.36,379.46,237.34,378.60,239.64,418.54
219.71,423.41,217.32,383.48,232.29,382.59,234.68,422.52
216.69,425.41,214.34,385.47,229.31,384.59,231.66,424.53
211.65,426.39,209.38,386.46,224.35,385.61,226.62,425.54
207.66,427.40,205.36,387.46,220.34,386.60,222.64,426.54
202.65,430.39,200.37,390.46,215.35,389.61,217.63,429.54
198.57,433.37,196.45,393.43,211.43,392.63,213.55,432.57
195.57,434.37,193.46,394.42,208.43,393.63,210.54,433.58
192.61,433.38,190.41,393.44,205.39,392.62,207.59,432.56
191.69,435.41,189.33,395.48,204.31,394.59,206.67,434.52
188.79,437.44,186.24,397.52,201.21,396.56,203.76,436.48
187.89,440.47,185.15,400.56,200.11,399.53,202.85,439.44
186.95,441.48,184.09,401.59,199.05,400.52,201.91,440.41
187.01,439.50,184.03,399.61,198.99,398.50,201.97,438.39
188.10,439.53,184.95,399.65,199.90,398.47,203.05,438.35
189.14,439.54,185.91,399.67,200.86,398.46,204.09,438.33
191.26,440.57,187.80,400.72,202.74,399.43,206.20,439.28
195.38,440.61,191.68,400.78,206.62,399.39,210.32,439.22
198.44,437.62,194.62,397.81,209.56,396.38,213.38,436.19
202.51,433.64,198.56,393.84,213.49,392.36,217.44,432.16
204.56,430.66,200.51,390.86,215.44,389.34,219.49,429.14
206.64,428.68,202.44,388.90,217.36,387.32,221.56,427.10
208.67,427.69,204.41,387.91,219.33,386.31,223.59,426.09
209.72,429.70,205.37,389.93,220.28,388.30,224.63,428.07
212.75,432.70,208.34,392.95,223.25,391.30,227.66,431.05
216.82,435.72,212.27,395.98,227.18,394.28,231.73,434.02
219.87,436.74,215.23,397.01,230.13,395.26,234.77,434.99
220.97,435.76,216.14,396.05,231.03,394.24,235.86,433.95
223.05,434.78,218.07,395.09,232.95,393.22,237.93,432.91
222.03,433.77,217.09,394.08,231.97,392.23,236.91,431.92
217.03,433.77,212.09,394.08,226.97,392.23,231.91,431.92
212.06,436.78,207.05,397.10,221.94,395.22,226.95,434.90
210.10,438.79,205.02,399.12,219.90,397.21,224.98,436.88
209.06,440.78,204.06,401.09,218.94,399.22,223.94,438.91
208.05,442.78,203.06,403.09,217.95,401.22,222.94,440.91
207.02,443.77,202.09,404.08,216.98,402.23,221.91,441.92
206.04,444.78,201.08,405.09,215.96,403.22,220.92,442.91
207.02,445.77,202.10,406.08,216.98,404.23,221.90,443.92
208.02,446.77,203.09,407.08,217.98,405.23,222.91,444.92
206.13,445.80,201.00,406.13,215.87,404.20,221.00,443.87
208.19,445.81,202.94,406.16,217.81,404.19,223.06,443.84
211.31,447.84,205.83,408.21,220.69,406.16,226.17,445.79
212.41,444.86,206.74,405.26,221.59,403.14,227.26,442.74
213.53,444.37,207.62,403.79,222.47,401.63,228.38,442.21
213.59,444.38,207.57,403.82,222.41,401.62,228.43,442.18
215.57,445.38,209.59,404.81,224.43,402.62,230.41,443.19
218.24,445.96,211.94,404.44,227.76,402.04,234.06,443.56
218.33,445.98,211.86,404.48,227.67,402.02,234.14,443.52
219.36,447.99,212.84,406.50,228.64,404.01,235.16,445.50
221.48,450.49,214.72,408.03,230.52,405.51,237.28,447.97
220.56,453.98,213.64,410.53,229.44,408.02,236.36,451.47
220.09,457.55,213.12,413.09,229.91,410.45,236.88,454.91
222.04,460.53,215.16,416.06,231.96,413.47,238.84,457.94
221.10,465.03,214.10,419.56,230.90,416.97,237.90,462.44
218.12,467.51,211.07,421.04,227.88,418.49,234.93,464.96
216.76,471.09,209.45,423.65,227.24,420.91,234.55,468.35
213.83,473.58,206.38,425.15,224.17,422.42,231.62,470.85
212.60,478.67,204.64,428.29,223.40,425.33,231.36,475.71
211.60,477.67,203.64,427.30,222.40,424.33,230.36,474.70
208.59,474.67,200.64,424.29,219.41,421.33,227.36,471.71
210.67,475.16,202.56,423.80,221.33,420.84,229.44,472.20
211.17,473.72,203.07,421.34,222.83,418.28,230.93,470.66
210.07,470.70,202.15,418.29,221.93,415.30,229.85,467.71
211.08,472.18,203.14,418.76,222.92,415.82,230.86,469.24
210.19,469.68,202.03,415.29,221.81,412.32,229.97,466.71
210.72,471.24,202.51,415.84,223.28,412.76,231.49,468.16
209.67,469.23,201.55,413.82,222.33,410.77,230.45,466.18
209.92,469.05,203.23,413.45,224.08,410.95,230.77,466.55
209.93,471.54,203.21,414.94,224.07,412.46,230.79,469.06
210.87,472.52,204.27,415.91,225.13,413.48,231.73,470.09
213.43,476.08,206.72,418.47,228.57,415.92,235.28,473.53
215.48,478.09,208.67,420.49,230.52,417.91,237.33,475.51
216.58,482.08,209.57,422.49,231.42,419.92,238.43,479.51
219.14,481.63,212.02,421.05,234.86,418.37,241.98,478.95
221.89,486.20,214.28,422.65,238.11,419.80,245.72,483.35
221.82,486.18,214.35,422.62,238.18,419.82,245.65,483.38
223.40,489.22,215.77,423.66,240.60,420.78,248.23,486.34
224.48,495.21,216.69,427.66,241.52,424.79,249.31,492.34
224.15,498.27,216.02,428.75,241.85,425.73,249.98,495.25
222.19,499.28,213.99,429.76,239.81,426.72,248.01,496.24
220.32,500.80,211.86,430.30,237.68,427.20,246.14,497.70
217.95,504.37,209.24,432.90,236.05,429.63,244.76,501.10
215.50,508.40,206.70,434.93,234.50,431.60,243.30,505.07
211.54,509.89,202.65,435.42,230.46,432.11,239.35,506.58
212.21,511.48,203.01,436.03,231.79,432.52,240.99,507.97
214.32,513.47,204.89,436.04,233.68,432.53,243.11,509.96
213.11,515.56,203.13,436.18,232.89,432.44,242.87,511.82
211.38,518.10,200.87,437.79,230.62,433.90,241.13,514.21
207.65,519.16,196.63,438.92,226.35,434.84,237.37,515.08
207.92,521.22,196.39,441.05,226.08,436.78,237.61,516.95
208.12,519.26,196.21,439.14,225.88,434.74,237.79,514.86
208.06,514.25,196.26,434.12,225.94,429.75,237.74,509.88
205.94,508.75,194.38,429.59,224.06,425.25,235.62,504.41
202.86,503.73,191.45,424.55,221.14,420.27,232.55,499.45
200.91,498.74,189.40,419.58,219.09,415.26,230.60,494.42
198.84,494.73,187.47,415.54,217.16,411.27,228.53,490.46
196.81,489.72,185.50,410.52,215.19,406.28,226.50,485.48
196.87,488.73,185.44,409.55,215.13,405.27,226.56,484.45
197.88,487.73,186.43,408.56,216.12,404.27,227.57,483.44
199.91,488.74,188.40,409.57,218.09,405.26,229.60,484.43
202.04,489.77,190.28,410.64,219.96,406.23,231.72,485.36
205.18,488.80,193.16,409.71,222.82,405.20,234.84,484.29
206.28,488.82,194.07,409.76,223.72,405.18,235.93,484.24
207.31,489.83,195.04,410.77,224.69,406.17,236.96,485.23
205.52,489.35,192.85,409.34,222.48,404.65,235.15,484.66
204.25,490.95,191.15,410.00,221.75,405.05,234.85,486.00
203.25,489.43,190.14,407.47,220.75,402.57,233.86,484.53
202.39,487.46,189.02,405.54,219.61,400.54,232.98,482.46
195.36,489.45,182.04,407.53,212.64,402.55,225.96,484.47
183.01,492.04,169.41,409.14,200.99,403.96,214.59,486.86
180.11,497.06,166.32,414.20,197.89,408.94,211.68,491.80
173.18,497.07,159.26,414.23,190.82,408.93,204.74,491.77
170.41,499.07,156.04,414.28,187.59,408.93,201.96,493.72
164.25,501.56,150.19,417.73,181.75,412.44,195.81,496.27
155.35,502.06,141.09,417.25,172.65,411.94,186.91,496.75
152.23,505.03,138.20,420.18,169.77,414.97,183.80,499.82
152.27,508.04,138.16,423.21,169.73,417.96,183.84,502.79
154.43,511.07,140.02,426.29,171.57,420.93,185.98,505.71
156.64,513.11,141.84,428.39,173.36,422.89,188.16,507.61
155.55,515.62,140.93,431.88,172.45,426.38,187.07,510.12
159.93,517.04,145.53,434.28,176.07,428.96,190.47,511.72
165.00,518.05,150.47,435.31,181.00,429.95,195.53,512.69
170.79,518.01,156.65,435.21,187.21,429.99,201.35,512.79
171.63,516.98,157.79,434.13,188.37,429.02,202.21,511.87
175.43,517.94,161.97,435.03,192.57,430.06,206.03,512.97
178.20,521.90,165.17,438.91,195.80,434.10,208.83,517.09
179.13,524.88,166.24,441.88,196.87,437.12,209.76,520.12
179.99,527.85,167.36,444.81,198.01,440.15,210.64,523.19
179.82,527.82,167.52,444.72,198.18,440.18,210.48,523.28
178.80,527.81,166.53,444.71,197.20,440.19,209.47,523.29
181.68,528.79,169.64,445.66,200.32,441.21,212.36,524.34
180.65,525.78,168.67,442.64,199.35,438.22,211.33,521.36
179.27,521.36,167.06,437.24,198.73,432.64,210.94,516.76
176.24,516.35,164.09,432.22,195.76,427.65,207.91,511.78
169.20,506.34,157.13,422.20,188.80,417.66,200.87,501.80
166.26,501.83,154.06,416.70,185.74,412.17,197.94,497.30
167.17,498.82,155.14,413.66,186.83,409.18,198.86,494.34
167.16,493.81,155.15,408.66,186.84,404.19,198.85,489.34
176.33,495.85,164.00,410.74,195.67,406.15,208.00,491.26
184.46,500.88,171.89,415.80,203.54,411.12,216.11,496.20
194.50,504.89,181.85,419.82,213.50,415.11,226.15,500.18
201.47,502.88,188.87,417.81,220.53,413.12,233.13,498.19
211.96,506.43,199.39,420.34,232.04,415.57,244.61,501.66
219.92,513.42,207.42,427.32,240.08,422.58,252.58,508.68
224.95,516.42,212.40,430.33,245.05,425.58,257.60,511.67
231.91,520.42,219.43,434.32,252.09,429.58,264.57,515.68
236.85,523.40,224.48,437.29,257.15,432.60,269.52,518.71
243.97,520.43,231.38,434.34,264.03,429.57,276.62,515.66
249.21,518.48,236.16,432.47,268.79,427.52,281.84,513.53
253.37,514.52,240.02,428.55,272.63,423.48,285.98,509.45
255.80,508.95,242.58,423.97,274.20,419.05,287.42,504.03
257.55,505.90,244.80,420.85,276.45,416.10,289.20,501.15
261.30,502.84,249.03,417.72,280.70,413.16,292.97,498.28
263.18,499.82,251.13,414.67,282.82,410.18,294.87,495.33
262.94,498.76,251.36,413.55,283.06,409.24,294.64,494.45
262.79,497.73,251.49,412.48,283.21,408.27,294.51,493.52
262.63,499.69,251.63,414.40,283.37,410.31,294.37,495.60
264.77,502.72,253.51,417.46,285.23,413.28,296.49,498.54
263.73,503.72,252.55,418.45,284.27,414.28,295.45,499.55
260.64,502.70,249.62,417.40,281.36,413.30,292.38,498.60
259.61,502.69,248.65,417.39,280.39,413.31,291.35,498.61
256.38,499.63,245.86,414.28,277.62,410.37,288.14,495.72
255.37,498.63,244.87,413.27,276.63,409.37,287.13,494.73
256.17,496.58,246.05,411.18,277.83,407.42,287.95,492.82
259.07,492.56,249.14,407.13,280.93,403.44,290.86,488.87
262.97,492.53,253.24,407.09,285.03,403.47,294.76,488.91
259.79,492.49,250.40,407.00,282.21,403.51,291.60,489.00
257.70,493.47,248.49,407.96,280.30,404.53,289.51,490.04
257.72,493.47,248.47,407.97,280.28,404.53,289.53,490.03
255.83,489.50,246.36,404.02,278.17,400.50,287.64,485.98
255.91,485.52,246.29,400.06,278.09,396.48,287.71,481.94
255.94,480.53,246.26,395.07,278.06,391.47,287.74,476.93
253.95,476.53,244.26,391.08,276.05,387.47,285.74,472.92
253.83,477.50,244.37,392.02,276.17,388.50,285.63,473.98
252.22,476.01,242.96,389.50,275.78,385.99,285.04,472.50
254.44,473.03,244.76,384.56,277.56,380.97,287.24,469.44
256.50,466.05,246.70,377.59,279.50,373.95,289.30,462.41
261.78,463.12,251.44,374.72,284.22,370.88,294.56,459.28
264.00,462.17,253.24,373.82,286.00,369.83,296.76,458.18
264.17,461.21,253.08,372.90,285.83,368.79,296.92,457.10
263.43,460.27,251.85,372.02,284.57,367.73,296.15,455.98
264.15,457.24,253.11,370.95,285.85,366.76,296.89,453.05
267.18,459.25,256.09,372.96,288.82,368.75,299.91,455.04
268.13,461.24,257.14,374.93,289.87,370.76,300.86,457.07
268.95,463.19,258.30,376.85,291.05,372.81,301.70,459.15
268.78,464.15,258.45,377.77,291.22,373.85,301.55,460.23
268.55,466.09,258.67,379.66,291.45,375.91,301.33,462.34
266.57,473.10,256.64,386.67,289.43,382.90,299.36,469.33
265.49,480.08,255.71,393.63,288.51,389.92,298.29,476.37
262.32,484.03,252.88,397.55,285.68,393.97,295.12,480.45
260.79,490.53,251.40,401.02,285.21,397.47,294.60,486.98
258.77,494.49,249.41,402.97,283.23,399.51,292.59,491.03
257.56,494.44,248.60,402.87,282.44,399.56,291.40,491.13
258.37,495.39,249.78,403.79,283.63,400.61,292.22,492.21
262.18,497.34,253.96,405.70,287.82,402.66,296.04,494.30
261.68,498.35,253.45,404.71,288.32,401.65,296.55,495.29
261.15,497.36,252.99,401.70,288.85,398.64,297.01,494.30
263.29,498.40,254.85,402.77,290.71,399.60,299.15,495.23
264.04,499.48,255.11,401.89,291.96,398.52,300.89,496.11
266.81,495.57,257.36,396.02,295.19,392.43,304.64,491.98
270.10,494.65,260.09,395.15,297.90,391.35,307.91,490.85
269.25,499.17,258.95,398.70,296.75,394.83,307.05,495.30
267.92,503.24,257.29,400.79,296.08,396.76,306.71,499.21
268.15,504.26,257.07,399.85,295.85,395.74,306.93,500.15
267.69,503.81,256.54,398.40,296.31,394.19,307.46,499.60
261.50,504.91,249.74,397.55,290.50,393.09,302.26,500.45
261.91,505.98,249.36,396.70,290.09,392.02,302.64,501.30
263.63,509.06,250.65,397.81,292.37,392.94,305.35,504.19
261.62,509.05,248.66,397.80,290.38,392.95,303.34,504.20
260.44,512.15,246.87,398.96,289.56,393.85,303.13,507.04
260.90,515.17,247.40,399.95,291.10,394.83,304.60,510.05
257.80,515.11,244.49,397.86,288.20,392.89,301.51,510.14
256.31,515.13,242.97,395.87,287.69,390.87,301.03,510.13
255.65,519.11,242.61,397.81,288.35,392.89,301.39,514.19
253.52,518.08,240.73,396.75,286.48,391.92,299.27,513.25
253.04,523.10,240.21,399.76,286.96,394.90,299.79,518.24
257.09,533.08,244.16,407.75,290.91,402.92,303.84,528.25
258.62,543.11,245.62,415.77,293.38,410.89,306.38,538.23
256.93,546.19,243.34,418.91,291.07,413.81,304.66,541.09
258.10,550.23,244.19,422.99,291.90,417.77,305.81,545.01
258.11,560.23,244.18,432.99,291.89,427.77,305.82,555.01
258.99,569.20,245.28,441.94,293.01,436.80,306.72,564.06
258.88,571.17,245.39,443.89,293.12,438.83,306.61,566.11
254.87,568.17,241.39,440.88,289.13,435.83,302.61,563.12
250.69,563.12,237.56,435.80,285.31,430.88,298.44,558.20
246.84,557.16,233.42,429.87,281.16,424.84,294.58,552.13
241.96,555.19,228.32,427.92,276.04,422.81,289.68,550.08
236.11,545.23,222.18,417.99,269.89,412.77,283.82,540.01
231.23,530.26,217.07,403.05,264.77,397.74,278.93,524.95
228.16,517.25,214.13,390.02,261.84,384.75,275.87,511.98
231.23,510.26,217.07,383.05,264.77,377.74,278.93,504.95
232.20,513.26,218.09,386.04,265.80,380.74,279.91,507.96
232.08,513.22,218.20,385.98,265.92,380.78,279.80,508.02
236.97,515.20,223.30,387.93,271.03,382.80,284.70,510.07
235.97,516.20,222.30,388.93,270.03,383.80,283.70,511.07
235.87,521.17,222.40,393.88,270.13,388.83,283.60,516.12
239.00,523.21,225.27,395.94,273.00,390.79,286.73,518.06
239.86,522.17,226.41,394.88,274.14,389.83,287.59,517.12
241.00,521.20,227.28,393.94,275.00,388.80,288.72,516.06
240.98,519.20,227.29,391.93,275.02,386.80,288.71,514.07
241.00,517.20,227.28,389.94,275.00,384.80,288.72,512.06
239.97,516.20,226.30,388.93,274.03,383.80,287.70,511.07
238.92,514.18,225.35,386.91,273.08,381.82,286.65,509.09
240.89,514.18,227.37,386.89,275.11,381.82,288.63,509.11
242.88,516.17,229.38,388.89,277.12,383.83,290.62,511.11
249.23,525.26,235.06,398.05,282.77,392.74,296.94,519.95
253.37,538.30,238.93,411.12,286.63,405.70,301.07,532.88
252.41,553.31,237.90,426.13,285.59,420.69,300.10,547.87
255.56,556.34,240.76,429.20,288.44,423.66,303.24,550.80
254.67,551.37,239.66,424.26,287.33,418.63,302.34,545.74
257.64,555.36,242.69,428.24,290.36,422.64,305.31,549.76
254.63,551.36,239.70,424.24,287.37,418.64,302.30,545.76
248.49,548.33,233.83,421.17,281.51,415.67,296.17,542.83
238.24,547.26,224.06,420.05,271.76,414.74,285.94,541.95
233.02,539.21,219.26,411.95,266.98,406.79,280.74,534.05
231.06,529.22,217.22,401.97,264.94,396.78,278.78,524.03
232.11,525.23,218.17,397.99,265.89,392.77,279.83,520.01
232.50,522.18,218.78,396.93,265.50,391.82,279.22,517.07
230.53,521.19,216.75,395.95,263.47,390.81,277.25,516.05
231.35,519.18,217.92,395.91,264.65,390.82,278.08,514.09
232.49,522.22,218.79,398.98,265.51,393.78,279.21,517.02
233.77,523.14,220.51,401.86,266.23,396.86,279.49,518.14
235.61,531.10,222.65,409.79,268.39,404.90,281.35,526.21
236.59,533.09,223.67,411.78,269.41,406.91,282.33,528.22
238.86,532.01,226.39,412.66,271.14,407.99,283.61,527.34
245.77,531.99,233.47,412.62,278.23,408.01,290.53,527.38
247.74,532.98,235.50,413.61,280.26,409.02,292.50,528.39
249.81,535.00,237.43,415.64,282.19,411.00,294.57,530.36
247.95,534.04,235.30,414.71,280.05,409.96,292.70,529.29
244.97,527.56,232.29,409.23,277.03,404.44,289.71,522.77
242.98,521.56,230.28,403.24,275.02,398.44,287.72,516.76
241.89,519.54,229.36,401.20,274.11,396.46,286.64,514.80
238.91,515.54,226.35,397.21,271.09,392.46,283.65,510.79
235.77,511.51,223.47,393.14,268.23,388.49,280.53,506.86
232.08,514.59,219.18,396.29,263.92,391.41,276.82,509.71
228.58,511.57,215.69,395.28,259.42,390.43,272.31,506.72
223.67,510.11,210.61,394.85,254.33,389.89,267.39,505.15
221.87,512.16,208.43,396.94,252.13,391.84,265.57,507.06
220.94,514.18,207.37,398.97,251.06,393.82,264.63,509.03
219.46,513.16,205.85,399.98,248.54,394.84,262.15,508.02
218.41,513.15,204.89,399.95,247.59,394.85,261.11,508.05
218.81,511.10,205.49,399.89,247.19,394.90,260.51,506.11
216.61,508.05,203.67,396.80,245.39,391.95,258.33,503.20
217.98,503.00,205.29,393.73,246.02,389.00,258.71,498.27
218.29,498.93,205.97,391.63,245.71,387.07,258.03,494.37
218.31,498.93,205.95,391.64,245.69,387.07,258.05,494.36
219.33,498.94,206.93,391.65,246.67,387.06,259.07,494.35
220.15,499.93,208.11,394.61,247.85,390.07,259.89,495.39
218.54,497.88,206.72,394.55,245.46,390.12,257.28,493.45
221.51,495.39,209.74,393.07,248.49,388.61,260.26,490.93
222.88,495.34,211.37,395.00,249.12,390.66,260.63,491.00
225.33,494.79,213.91,395.44,250.67,391.21,262.09,490.56
228.25,496.76,216.99,397.40,253.75,393.24,265.01,492.60
228.04,495.75,217.18,398.35,253.96,394.25,264.82,491.65
230.47,493.19,219.75,396.79,255.53,392.81,266.25,489.21
233.49,495.20,222.73,398.80,258.51,394.80,269.27,491.20
236.47,497.19,225.75,400.79,261.53,396.81,272.25,493.21
242.55,499.73,231.68,404.35,267.45,400.27,278.32,495.65
245.74,503.78,234.51,408.43,270.26,404.22,281.49,499.57
247.66,504.27,236.59,409.92,272.34,405.73,283.41,500.08
247.99,502.21,237.25,409.83,272.01,405.79,282.75,498.17
250.04,506.22,239.20,413.86,273.96,409.78,284.80,502.14
251.07,508.23,240.17,415.87,274.93,411.77,285.83,504.13
251.99,509.21,241.24,416.84,276.01,412.79,286.76,505.16
251.06,510.23,240.18,417.87,274.94,413.77,285.82,506.13
252.11,513.24,241.13,420.89,275.89,416.76,286.87,509.11
253.28,516.28,241.98,423.97,276.72,419.72,288.02,512.03
253.29,518.28,241.97,425.98,276.71,421.72,288.03,514.02
254.35,520.30,242.92,428.00,277.65,423.70,289.08,516.00
255.52,523.34,243.76,431.09,278.48,426.66,290.24,518.91
255.62,524.36,243.67,432.14,278.38,427.64,290.33,519.86
254.80,526.37,242.50,432.17,277.20,427.63,289.50,521.83
254.77,529.36,242.52,435.15,277.23,430.64,289.48,524.85
252.58,531.32,240.70,437.06,275.42,432.68,287.30,526.94
254.42,530.28,242.84,435.99,277.58,431.72,289.16,526.01
254.33,528.26,242.93,433.94,277.67,429.74,289.07,524.06
254.06,525.19,243.17,430.82,277.94,426.81,288.83,521.18
254.94,522.16,244.28,427.76,279.06,423.84,289.72,518.24
254.00,515.18,243.22,420.79,278.00,416.82,288.78,511.21
251.82,510.13,241.39,415.71,276.18,411.87,286.61,506.29
254.72,511.11,244.49,416.66,279.28,412.89,289.51,507.34
254.57,509.07,244.62,414.59,279.43,410.93,289.38,505.41
255.47,508.05,245.71,413.55,280.53,409.95,290.29,504.45
256.42,507.03,246.76,412.53,281.58,408.97,291.24,503.47
259.04,508.60,249.15,413.11,284.96,409.40,294.85,504.89
261.39,508.69,250.83,413.27,286.61,409.31,297.17,504.73
262.68,506.76,251.56,411.41,287.32,407.24,298.44,502.59
264.05,504.85,252.22,409.58,287.95,405.15,299.78,500.42
265.30,504.91,253.00,409.70,288.70,405.09,301.00,500.30
265.25,505.90,253.04,410.68,288.75,406.10,300.96,501.32
265.12,506.87,253.16,411.61,288.88,407.13,300.84,502.39
266.03,507.33,254.24,411.05,289.97,406.67,301.76,502.95
264.83,508.28,253.42,411.95,289.17,407.72,300.58,504.05
264.84,510.28,253.41,413.96,289.16,409.72,300.59,506.04
263.66,513.24,252.57,416.88,288.34,412.76,299.43,509.12
260.79,517.27,249.45,420.94,285.21,416.73,296.55,513.06
259.91,522.30,248.34,425.99,284.09,421.70,295.66,518.01
257.04,527.33,245.23,431.05,280.96,426.67,292.77,522.95
251.05,531.33,239.22,435.06,274.95,430.67,286.78,526.94
245.16,534.36,233.12,438.11,268.84,433.64,280.88,529.89
240.12,537.35,228.16,441.09,263.88,436.65,275.84,532.91
237.11,540.35,225.17,444.08,260.89,439.65,272.83,535.92
233.96,543.31,222.30,447.01,258.04,442.69,269.70,538.99
230.85,544.29,219.40,447.96,255.15,443.71,266.60,540.04
230.71,546.25,219.53,449.90,255.29,445.75,266.47,542.10
228.47,547.19,217.75,450.79,253.53,446.81,264.25,543.21
226.34,547.16,215.87,450.73,251.66,446.84,262.13,543.27
227.27,548.14,216.94,451.69,252.73,447.86,263.06,544.31
227.17,548.12,217.03,451.65,252.83,447.88,262.97,544.35
227.15,548.11,217.05,451.64,252.85,447.89,262.95,544.36
228.07,550.09,218.12,453.60,253.93,449.91,263.88,546.40
226.95,550.06,217.23,453.55,253.05,449.94,262.77,546.45
225.32,552.56,215.85,455.02,252.68,451.44,262.15,548.98
226.11,553.50,217.05,455.92,253.89,452.50,262.95,550.08
227.22,554.50,217.94,454.93,254.78,451.50,264.06,551.07
228.86,553.07,219.31,452.52,257.14,448.93,266.69,549.48
230.02,554.60,220.16,453.08,257.98,449.40,267.84,550.92
232.23,555.65,221.96,454.17,259.77,450.35,270.04,551.83
232.15,554.63,222.03,453.14,259.85,449.37,269.97,550.86
232.99,554.59,223.18,453.06,261.01,449.41,270.82,550.94
233.73,556.52,224.43,454.95,262.27,451.48,271.57,553.05
232.61,556.49,223.54,454.89,261.39,451.51,270.46,553.11
233.53,556.47,224.62,454.86,262.47,451.53,271.38,553.14
233.42,555.43,224.72,453.81,262.58,450.57,271.28,552.19
233.48,556.45,224.66,454.83,262.52,451.55,271.34,553.17
234.54,558.47,225.61,456.86,263.46,453.53,272.39,555.14
235.66,557.50,226.50,455.91,264.34,452.50,273.50,554.09
237.66,557.50,228.50,455.91,266.34,452.50,275.50,554.09
239.62,558.49,230.53,456.90,268.38,453.51,277.47,555.10
240.59,559.48,231.56,457.88,269.41,454.52,278.44,556.12
241.48,559.45,232.66,457.83,270.52,454.55,279.34,556.17
238.19,558.37,229.94,456.70,267.81,453.63,276.06,555.30
231.06,557.33,223.05,455.65,260.94,452.67,268.95,554.35
227.92,554.29,220.19,452.58,258.08,449.71,265.81,551.42
234.71,551.23,227.39,449.50,265.29,446.77,272.61,548.50
241.63,546.21,234.46,444.46,272.37,441.79,279.54,543.54
244.67,542.22,237.42,440.48,275.33,437.78,282.58,539.52
243.47,543.16,236.62,441.39,274.53,438.84,281.38,540.61
242.48,547.16,235.61,445.40,273.52,442.84,280.39,544.60
244.36,551.13,237.72,449.35,275.64,446.87,282.28,548.65
242.27,553.10,235.81,451.31,273.73,448.90,280.19,550.69
241.10,554.05,234.97,452.23,272.90,449.95,279.03,551.77
240.10,554.05,233.97,452.24,271.90,449.95,278.03,551.76
239.11,549.05,232.96,447.24,270.89,444.95,277.04,546.76
244.32,545.12,237.76,443.33,275.68,440.88,282.24,542.67
246.65,544.21,239.45,442.47,277.35,439.79,284.55,541.53
249.89,542.28,242.22,440.57,280.11,437.72,287.78,539.43
251.16,539.36,242.97,437.69,280.84,434.64,289.03,536.31
254.22,538.38,245.91,436.72,283.78,433.62,292.09,535.28
256.26,536.39,247.87,434.73,285.74,431.61,294.13,533.27
259.19,534.37,250.94,432.70,288.81,429.63,297.06,531.30
260.05,534.33,252.07,432.64,289.95,429.67,297.93,531.36
260.07,534.34,252.05,432.65,289.93,429.66,297.95,531.35
259.91,532.29,252.20,430.58,290.09,427.71,297.80,529.42
259.71,531.23,252.39,429.50,290.29,426.77,297.61,528.50
261.80,530.26,254.31,428.53,292.20,425.74,299.69,527.47
263.81,530.26,256.29,428.54,294.19,425.74,301.71,527.46
264.72,531.23,257.38,429.50,295.28,426.77,302.62,528.50
263.73,533.24,256.37,431.50,294.27,428.76,301.63,530.50
262.31,537.27,254.79,433.55,293.69,430.73,301.21,534.45
261.35,540.29,253.75,436.57,292.65,433.71,300.25,537.43
260.21,541.24,252.88,437.50,291.79,434.76,299.12,538.50
258.01,540.18,251.08,436.42,289.99,433.82,296.92,537.58
253.84,541.13,247.24,437.34,286.16,434.87,292.76,538.66
248.80,541.12,242.27,437.33,281.20,434.88,287.73,538.67
244.71,538.09,238.36,434.29,277.29,431.91,283.64,535.71
240.72,537.10,234.35,433.29,273.28,430.90,279.65,534.71
236.71,536.09,230.36,432.29,269.29,429.91,275.64,533.71
234.69,536.09,228.38,432.28,267.31,429.91,273.62,533.72
233.71,535.09,227.36,431.29,266.29,428.91,272.64,532.71
233.65,535.07,227.42,431.26,266.35,428.93,272.58,532.74
233.50,536.03,227.56,432.20,266.50,429.97,272.44,533.80
234.29,534.96,228.77,431.11,267.71,429.04,273.23,532.89
236.23,532.94,230.82,429.09,269.77,427.06,275.18,530.91
238.22,534.94,232.83,431.08,271.78,429.06,277.17,532.92
241.29,534.96,235.76,431.11,274.71,429.04,280.24,532.89
242.42,535.00,236.64,431.17,275.58,429.00,281.36,532.83
243.41,537.00,237.65,433.16,276.59,431.00,282.35,534.84
243.23,537.94,237.83,434.08,276.77,432.06,282.17,535.92
242.05,537.89,237.00,434.01,275.95,432.11,281.00,535.99
240.92,539.84,236.13,435.95,275.08,434.16,279.87,538.05
239.82,542.81,235.22,438.91,274.18,437.19,278.78,541.09
239.81,545.81,235.23,441.91,274.19,440.19,278.77,544.09
239.73,548.78,235.30,444.88,274.27,443.22,278.70,547.12
238.65,551.76,234.38,447.84,273.35,446.24,277.62,550.16
236.63,555.75,232.40,451.84,271.37,450.25,275.60,554.16
235.51,559.71,231.52,455.78,270.49,454.29,274.48,558.22
236.53,562.72,232.50,458.79,271.47,457.28,275.50,561.21
237.46,564.69,233.57,460.77,272.54,459.31,276.43,563.23
237.59,565.74,233.44,461.82,272.41,460.26,276.56,564.18
237.56,567.73,233.47,463.81,272.44,462.27,276.53,566.19
237.45,566.69,233.57,462.76,272.55,461.31,276.43,565.24
238.24,566.62,234.78,462.68,273.76,461.38,277.22,565.32
239.08,565.56,235.94,461.61,274.92,460.44,278.06,564.39
241.89,567.50,239.12,463.54,278.11,462.50,280.88,566.46
241.75,568.45,239.26,464.48,278.25,463.55,280.74,567.52
239.62,570.40,237.39,466.43,276.38,465.60,278.61,569.57
239.56,572.38,237.45,468.41,276.44,467.62,278.55,571.59
240.61,574.40,238.40,470.43,277.39,469.60,279.60,573.57
240.43,577.34,238.57,473.36,277.57,472.66,279.43,576.64
240.14,581.24,238.86,477.24,277.86,476.76,279.14,580.76
238.98,584.18,238.02,480.18,277.02,479.82,277.98,583.82
239.08,587.21,237.93,483.22,276.92,482.79,278.07,586.78
239.16,590.24,237.85,486.25,276.84,485.76,278.15,589.75
240.41,593.33,238.60,489.35,277.59,488.67,279.40,592.65
240.61,596.40,238.40,492.43,277.39,491.60,279.60,595.57
240.77,599.46,238.24,495.49,277.23,494.54,279.76,598.51
240.76,601.45,238.25,497.48,277.24,496.55,279.75,600.52
240.82,602.48,238.19,498.51,277.18,497.52,279.81,601.49
240.75,604.45,238.26,500.48,277.25,499.55,279.74,603.52
240.68,604.43,238.33,500.45,277.32,499.57,279.67,603.55
238.68,602.43,236.33,498.46,275.32,497.57,277.67,601.54
234.75,603.45,232.26,499.48,271.25,498.55,273.74,602.52
231.81,602.47,229.20,498.51,268.19,497.53,270.80,601.49
229.94,599.52,227.07,495.56,266.06,494.48,268.93,598.44
230.06,597.56,226.96,493.60,265.94,492.44,269.04,596.40
231.14,594.58,227.88,490.64,266.86,489.42,270.12,593.36
234.35,593.66,230.68,489.72,269.65,488.34,273.32,592.28
236.42,592.68,232.60,488.75,271.58,487.32,275.40,591.25
238.56,592.73,234.47,488.81,273.44,487.27,277.53,591.19
239.50,591.71,235.53,487.78,274.50,486.29,278.47,590.22
239.37,593.66,235.65,489.73,274.63,488.34,278.35,592.27
240.24,595.62,236.78,491.68,275.76,490.38,279.22,594.32
239.10,596.57,235.92,492.62,274.90,491.43,278.08,595.38
238.95,597.52,236.06,493.56,275.05,492.48,277.94,596.44
237.82,598.48,235.19,494.51,274.18,493.52,276.81,597.49
237.71,600.44,235.30,496.46,274.29,495.56,276.70,599.54
237.67,602.42,235.34,498.45,274.33,497.58,276.66,601.55
238.67,604.43,236.34,500.45,275.33,499.57,277.66,603.55
237.53,605.38,235.47,501.40,274.47,500.62,276.53,604.60
238.35,606.31,236.66,502.32,275.65,501.69,277.34,605.68
239.26,609.78,237.75,504.79,276.74,504.22,278.25,609.21
238.19,614.75,236.81,509.76,275.81,509.25,277.19,614.24
238.36,616.81,236.64,511.83,275.64,511.19,277.36,616.17
239.49,618.86,237.52,513.88,276.51,513.14,278.48,618.12
239.63,620.91,237.38,515.93,276.37,515.09,278.62,620.07
238.81,620.97,236.20,516.00,275.19,515.03,277.80,620.00
239.83,620.97,237.18,516.01,276.17,515.03,278.82,619.99
239.80,619.97,237.21,515.00,276.20,514.03,278.79,619.00
240.78,619.96,238.23,514.99,277.22,514.04,279.77,619.01
240.71,619.93,238.30,514.96,277.29,514.07,279.70,619.04
240.65,618.91,238.36,513.94,277.35,513.09,279.64,618.06
241.59,616.89,239.41,511.92,278.41,511.11,280.59,616.08
242.56,615.88,240.45,510.90,279.44,510.12,281.55,615.10
242.58,614.89,240.43,509.91,279.42,509.11,281.57,614.09
242.77,615.95,240.24,510.98,279.23,510.05,281.76,615.02
242.73,616.94,240.28,511.97,279.27,511.06,281.72,616.03
241.82,616.97,239.19,512.01,278.18,511.03,280.81,615.99
242.67,614.92,240.34,509.94,279.33,509.08,281.66,614.06
243.50,613.86,241.51,508.88,280.50,508.14,282.49,613.12
242.27,610.78,240.74,505.79,279.73,505.22,281.26,610.21
241.99,605.68,241.01,500.68,280.01,500.32,280.99,605.32
242.92,601.65,242.08,496.66,281.08,496.35,281.92,601.34
241.73,598.58,241.27,493.58,280.27,493.42,280.73,598.42
240.49,593.50,240.51,488.50,279.51,488.50,279.49,593.50
239.32,588.43,239.68,483.43,278.68,483.57,278.32,588.57
239.32,587.43,239.68,482.43,278.68,482.57,278.32,587.57
238.28,585.42,238.72,480.42,277.72,480.58,277.28,585.58
240.15,584.37,240.85,479.37,279.85,479.63,279.15,584.63
243.95,583.29,245.05,478.30,284.05,478.71,282.95,583.70
246.92,582.28,248.09,477.29,287.08,477.72,285.91,582.71
249.92,582.28,251.09,477.29,290.08,477.72,288.91,582.71
251.87,583.26,253.13,478.27,292.13,478.74,290.87,583.73
254.04,585.33,254.96,480.33,293.96,480.67,293.04,585.67
255.26,586.41,255.74,481.41,294.74,481.59,294.26,586.59
257.50,587.50,257.50,482.50,296.50,482.50,296.50,587.50
259.60,588.54,259.40,483.54,298.40,483.46,298.60,588.46
258.55,588.52,258.45,483.52,297.45,483.48,297.55,588.48
261.45,587.48,261.55,482.48,300.55,482.52,300.45,587.52
262.35,585.44,262.65,480.45,301.65,480.56,301.35,585.55
264.30,585.43,264.70,480.43,303.70,480.57,303.30,585.57
264.33,586.44,264.67,481.44,303.67,481.56,303.33,586.56
264.34,586.44,264.66,481.44,303.66,481.56,303.34,586.56
264.52,589.51,264.48,484.51,303.48,484.49,303.52,589.49
264.80,592.61,264.20,487.61,303.20,487.39,303.80,592.39
264.03,594.70,262.97,489.70,301.97,489.30,303.03,594.30
264.19,597.75,262.81,492.76,301.81,492.25,303.19,597.24
264.34,599.80,262.67,494.82,301.66,494.20,303.33,599.18
263.32,601.80,261.68,496.81,300.68,496.20,302.32,601.19
261.10,601.72,259.90,496.73,298.90,496.28,300.10,601.27
259.82,602.62,259.18,497.62,298.18,497.38,298.82,602.38
257.54,602.51,257.46,497.51,296.46,497.49,296.54,602.49
256.33,601.44,256.67,496.44,295.67,496.56,295.33,601.56
255.14,599.36,255.87,494.37,294.86,494.64,294.13,599.63
253.89,597.27,255.12,492.28,294.11,492.73,292.88,597.72
253.76,595.22,255.25,490.23,294.24,490.78,292.75,595.77
253.63,595.17,255.37,490.18,294.37,490.83,292.63,595.82
253.62,594.16,255.39,489.18,294.38,489.84,292.61,594.82
253.55,594.14,255.45,489.16,294.45,489.86,292.55,594.84
254.38,596.07,256.63,491.09,295.62,491.93,293.37,596.91
253.19,598.99,255.82,494.03,294.81,495.01,292.18,599.97
249.02,604.92,252.00,499.97,290.98,501.08,288.00,606.03
246.98,609.91,250.04,504.95,289.02,506.09,285.96,611.05
246.45,613.89,249.57,506.94,289.55,508.11,286.43,615.06
