1
517.343750,69.852707,66.639999,40.285000
514.373596,71.931808,66.639999,40.285000
510.215424,74.604935,66.639999,40.285000
505.760193,75.495972,66.639999,40.285000
500.116943,79.060143,66.639999,40.285000
495.958740,79.060143,66.639999,40.285000
490.315491,80.545212,66.639999,40.285000
485.266235,81.733261,66.639999,40.285000
480.811035,83.515350,66.639999,40.285000
477.246887,85.594444,66.639999,40.285000
473.385681,87.970558,66.639999,40.285000
468.633484,90.049652,66.639999,40.285000
463.584229,91.534721,66.639999,40.285000
458.237976,93.019791,66.639999,40.285000
453.485779,94.207848,66.639999,40.285000
450.515625,95.989929,66.639999,40.285000
445.763397,98.366043,66.639999,40.285000
442.199249,99.851112,66.639999,40.285000
438.635071,103.118263,66.639999,40.285000
436.258972,104.603333,66.639999,40.285000
433.585846,105.494377,66.639999,40.285000
427.348541,109.652573,66.639999,40.285000
423.190338,113.513748,66.639999,40.285000
423.487366,114.998817,66.639999,40.285000
419.032166,118.265968,66.639999,40.285000
417.250061,121.830139,66.639999,40.285000
414.873962,124.800278,66.639999,40.285000
414.279938,125.097290,66.639999,40.285000
414.576935,127.770416,66.639999,40.285000
414.576935,131.037567,66.639999,40.285000
414.279938,134.601730,66.639999,40.285000
413.388885,138.462921,66.639999,40.285000
413.388885,140.542007,66.639999,40.285000
412.794861,142.324097,66.639999,40.285000
413.982910,142.621109,66.639999,40.285000
409.824707,150.640488,66.639999,40.285000
412.794861,152.719589,66.639999,40.285000
415.170959,155.095688,66.639999,40.285000
415.467987,158.659866,66.639999,40.285000
416.359039,161.332993,66.639999,40.285000
417.547089,164.897156,66.639999,40.285000
415.765015,168.461319,66.639999,40.285000
415.467987,172.619507,66.639999,40.285000
416.062012,176.777710,66.639999,40.285000
417.250061,180.044861,66.639999,40.285000
417.844086,183.609024,66.639999,40.285000
416.656036,188.955276,66.639999,40.285000
415.765015,192.222427,66.639999,40.285000
414.873962,196.083618,66.639999,40.285000
411.309784,201.429855,66.639999,40.285000
409.230682,203.508957,66.639999,40.285000
406.557556,206.182083,66.639999,40.285000
402.696381,211.528336,66.639999,40.285000
400.617279,213.607437,66.639999,40.285000
397.944153,215.686523,66.639999,40.285000
395.568054,218.062637,66.639999,40.285000
392.894928,221.626801,66.639999,40.285000
389.627777,225.785004,66.639999,40.285000
386.657654,229.052155,66.639999,40.285000
383.984528,231.725281,66.639999,40.285000
380.420349,235.289444,66.639999,40.285000
377.153198,238.853607,66.639999,40.285000
373.589020,241.229721,66.639999,40.285000
370.915894,244.199860,66.639999,40.285000
367.351746,246.872986,66.639999,40.285000
364.975616,249.546112,66.639999,40.285000
362.599518,251.625214,66.639999,40.285000
359.332367,253.407288,66.639999,40.285000
355.471191,255.189377,66.639999,40.285000
351.312988,256.674438,66.639999,40.285000
347.154785,257.862488,66.639999,40.285000
342.402557,258.456543,66.639999,40.285000
338.541382,259.050568,66.639999,40.285000
334.383209,259.644592,66.639999,40.285000
328.739929,259.644592,66.639999,40.285000
322.799652,259.644592,66.639999,40.285000
316.562347,258.753540,66.639999,40.285000
311.216125,258.456543,66.639999,40.285000
307.057922,257.268463,66.639999,40.285000
302.008667,256.377441,66.639999,40.285000
297.850494,255.486389,66.639999,40.285000
292.504242,254.892365,66.639999,40.285000
287.752014,253.110275,66.639999,40.285000
282.999786,252.219238,66.639999,40.285000
278.247559,250.437149,66.639999,40.285000
273.495361,249.843124,66.639999,40.285000
269.634155,248.655075,66.639999,40.285000
263.990906,247.764023,66.639999,40.285000
261.317780,246.575974,66.639999,40.285000
256.862579,245.090897,66.639999,40.285000
253.298401,244.199860,66.639999,40.285000
250.031250,243.011810,66.639999,40.285000
247.358124,241.823746,66.639999,40.285000
243.793961,239.744659,66.639999,40.285000
241.120834,238.259583,66.639999,40.285000
239.932785,235.289444,66.639999,40.285000
238.447708,232.913330,66.639999,40.285000
237.556671,230.537216,66.639999,40.285000
237.259659,227.567078,66.639999,40.285000
237.259659,225.487991,66.639999,40.285000
237.853683,223.408890,66.639999,40.285000
239.338745,220.735764,66.639999,40.285000
240.823822,218.359650,66.639999,40.285000
242.011871,215.686523,66.639999,40.285000
243.793961,212.716385,66.639999,40.285000
245.279022,211.231323,66.639999,40.285000
248.249161,208.558197,66.639999,40.285000
251.516312,206.479095,66.639999,40.285000
254.189438,204.697021,66.639999,40.285000
257.159576,202.617920,66.639999,40.285000
260.129730,200.241806,66.639999,40.285000
263.396881,197.568680,66.639999,40.285000
266.664032,195.786591,66.639999,40.285000
269.931183,194.004517,66.639999,40.285000
273.198334,191.925415,66.639999,40.285000
275.574432,190.440353,66.639999,40.285000
278.544586,188.955276,66.639999,40.285000
281.514709,187.767227,66.639999,40.285000
284.781860,186.579163,66.639999,40.285000
288.346039,183.609024,66.639999,40.285000
292.207214,183.014999,66.639999,40.285000
295.474365,182.123962,66.639999,40.285000
298.444519,181.529938,66.639999,40.285000
300.820618,179.747849,66.639999,40.285000
304.384796,178.262772,66.639999,40.285000
307.948944,177.371735,66.639999,40.285000
310.028046,176.183685,66.639999,40.285000
311.810150,174.995621,66.639999,40.285000
314.186249,173.807571,66.639999,40.285000
317.156403,173.510559,66.639999,40.285000
319.235474,172.916534,66.639999,40.285000
321.017578,172.619507,66.639999,40.285000
321.611603,172.619507,66.639999,40.285000
323.690704,172.322495,66.639999,40.285000
325.175751,172.619507,66.639999,40.285000
326.957855,172.322495,66.639999,40.285000
328.739929,172.322495,66.639999,40.285000
331.710083,171.728470,66.639999,40.285000
332.601105,171.134445,66.639999,40.285000
333.492157,171.134445,66.639999,40.285000
334.680206,171.728470,66.639999,40.285000
334.977234,172.619507,66.639999,40.285000
334.680206,174.104584,66.639999,40.285000
335.571259,174.401596,66.639999,40.285000
335.868256,174.104584,66.639999,40.285000
335.571259,174.104584,66.639999,40.285000
336.462280,173.510559,66.639999,40.285000
335.571259,173.510559,66.639999,40.285000
336.165283,174.104584,66.639999,40.285000
335.274231,174.104584,66.639999,40.285000
334.977234,173.510559,66.639999,40.285000
334.680206,172.916534,66.639999,40.285000
333.789154,171.431458,66.639999,40.285000
333.195129,168.164307,66.639999,40.285000
331.116028,167.867294,66.639999,40.285000
