1
787.236145,249.646149,85.527733,178.707703
788.168091,245.848541,87.663803,180.302917
788.782654,242.186615,90.434692,181.626785
788.526306,239.189392,92.947411,183.621201
789.748169,235.095306,96.503601,187.809402
791.802368,228.818542,100.395287,192.362915
792.393005,224.545532,105.214020,196.908951
802.931152,222.078232,104.137657,201.843536
806.289551,221.289551,103.420959,205.420898
813.214966,219.429718,103.570076,209.140549
816.027405,215.639359,105.945160,214.721283
827.409302,212.169815,109.181381,219.660370
840.718872,204.906158,108.562317,224.187698
844.375916,200.808319,107.248169,228.383347
858.849792,199.538452,104.300423,230.923080
868.155884,199.177338,103.688286,233.645340
875.998047,195.553925,104.003891,234.892136
886.508118,192.314545,104.983719,235.370895
887.486816,189.958252,105.026367,236.083496
889.091736,183.811676,105.816574,238.376648
877.832764,226.989166,102.334465,238.021683
886.946228,200.869385,98.107536,234.261215
894.412842,200.778152,97.174255,234.443695
892.902710,204.440979,94.194580,233.118042
896.536133,199.265259,98.927711,231.469482
893.487549,195.337662,101.024895,227.324677
891.507690,196.019562,104.984612,225.960876
899.658325,193.918701,106.683327,230.162613
897.903687,190.215271,108.192596,233.569443
897.866577,190.325684,108.266800,235.348633
897.922485,180.852570,110.155090,238.294846
892.465576,181.169373,113.068802,239.661240
890.292847,181.479797,117.414246,243.040390
888.557922,180.206360,120.884201,245.587296
879.845032,181.433502,124.309906,247.132996
871.919495,189.144501,122.161026,249.710983
868.841370,183.893005,120.317238,252.213989
866.901184,180.795242,118.197594,254.409515
863.329529,183.998108,123.340965,256.003784
849.880798,183.481522,128.238403,257.036957
836.300049,183.959991,133.399872,258.080017
826.973816,185.109131,136.052383,257.781738
816.848145,186.439774,140.303772,257.120453
808.219727,191.944351,141.560547,258.111298
797.964783,193.017487,144.070435,257.965027
794.990479,193.860840,142.019073,258.278320
784.935974,193.447083,142.128067,259.105835
782.936462,194.692596,142.127029,258.614807
776.522583,195.169327,144.954819,257.661346
766.749451,200.562408,144.501099,256.875183
751.425354,206.532654,145.149323,256.934692
740.132751,216.399582,145.734497,257.200836
738.282776,214.331161,149.434402,263.337677
720.001892,225.560104,151.996216,266.879791
705.022339,223.113312,155.955261,273.773376
694.751526,229.267609,160.496948,281.464783
675.244141,222.571548,163.511780,284.856903
662.785950,225.160583,166.428101,289.678833
659.140320,219.668152,167.719315,292.663696
632.485107,239.475967,169.029770,291.048065
594.347900,246.807114,171.304260,288.385773
586.185120,259.658386,173.629791,284.683258
586.001160,265.843842,173.997681,280.312317
578.044312,266.829651,175.911362,280.340698
571.969238,271.582367,178.061584,278.835266
559.302673,280.368469,177.394653,277.263031
557.218506,277.139313,177.562988,275.721375
556.254150,281.638641,177.491730,274.722717
557.206421,279.442017,177.587097,275.115936
556.721191,280.392822,180.557632,273.214386
550.128723,282.808105,183.742584,272.383759
540.820618,280.901917,188.358780,274.196167
537.684387,282.805878,192.631180,276.388245
535.633789,286.006439,196.732468,275.987122
525.938477,290.259064,202.123093,275.481873
