1
330.66,123.27,340.85,146.84,359.94,138.59,349.75,115.02
325.53,116.81,351.30,116.81,351.30,142.59,325.53,142.59
321.55,120.39,343.25,120.39,343.25,142.08,321.55,142.08
341.37,120.71,316.88,121.14,317.24,141.80,341.73,141.37
338.92,121.79,310.76,121.49,310.54,142.22,338.70,142.52
333.97,122.82,307.66,117.91,303.71,139.08,330.02,143.99
329.52,122.94,300.87,117.69,297.02,138.70,325.67,143.95
320.22,118.60,296.31,122.85,299.79,142.41,323.69,138.16
300.53,120.66,319.15,120.66,319.15,139.29,300.53,139.29
297.92,119.97,316.18,119.97,316.18,138.23,297.92,138.23
293.67,118.75,312.26,118.75,312.26,137.34,293.67,137.34
291.16,119.03,309.45,119.03,309.45,137.32,291.16,137.32
287.59,118.14,306.84,118.14,306.84,137.39,287.59,137.39
283.49,117.54,302.30,117.54,302.30,136.35,283.49,136.35
280.89,117.65,299.16,117.65,299.16,135.92,280.89,135.92
294.56,115.72,273.66,122.64,279.06,138.96,299.96,132.04
295.26,117.45,271.00,119.54,272.55,137.53,296.81,135.44
294.89,118.41,268.21,117.73,267.78,134.83,294.46,135.51
272.48,117.58,291.41,117.58,291.41,136.51,272.48,136.51
270.02,112.71,262.94,130.13,285.32,139.22,292.40,121.80
263.56,116.25,261.67,134.75,284.29,137.05,286.17,118.55
261.66,115.72,282.94,115.72,282.94,137.00,261.66,137.00
257.92,116.30,279.85,116.30,279.85,138.23,257.92,138.23
266.26,112.08,250.02,128.32,262.14,140.44,278.38,124.20
248.97,117.39,270.98,117.39,270.98,139.40,248.97,139.40
267.32,115.77,243.13,120.53,246.79,139.11,270.98,134.35
238.83,115.94,261.72,115.94,261.72,138.83,238.83,138.83
234.54,115.10,257.71,115.10,257.71,138.27,234.54,138.27
228.21,115.01,251.93,115.01,251.93,138.73,228.21,138.73
245.12,113.76,217.74,119.15,221.83,139.92,249.21,134.53
240.38,114.82,215.70,118.20,218.55,139.05,243.24,135.67
233.80,114.51,209.13,119.24,213.02,139.53,237.69,134.80
206.73,114.18,229.77,114.18,229.77,137.22,206.73,137.22
199.07,118.06,201.20,139.15,227.04,136.53,224.91,115.45
197.93,112.42,191.71,132.08,217.06,140.10,223.28,120.44
194.79,115.27,217.12,115.27,217.12,137.60,194.79,137.60
189.48,116.06,212.33,116.06,212.33,138.91,189.48,138.91
184.83,117.47,207.16,117.47,207.16,139.80,184.83,139.80
202.31,119.39,177.24,119.28,177.15,138.83,202.22,138.94
173.55,116.15,198.19,116.15,198.19,140.79,173.55,140.79
170.65,118.72,195.11,118.72,195.11,143.18,170.65,143.18
184.78,112.46,160.25,127.29,172.39,147.36,196.92,132.53
163.46,117.09,187.28,117.09,187.28,140.91,163.46,140.91
182.15,122.63,158.60,120.66,157.17,137.72,180.72,139.69
180.75,128.27,155.81,115.93,147.42,132.91,172.36,145.25
176.66,125.17,151.29,115.59,144.26,134.23,169.62,143.80
174.28,128.06,150.39,116.00,141.67,133.27,165.57,145.33
169.50,123.98,144.45,117.38,139.69,135.47,164.74,142.06
145.69,122.37,167.97,122.37,167.97,144.64,145.69,144.64
141.84,122.39,164.89,122.39,164.89,145.43,141.84,145.43
141.84,124.14,164.49,124.14,164.49,146.79,141.84,146.79
162.40,123.58,138.41,128.78,142.53,147.78,166.52,142.59
143.73,126.98,165.08,126.98,165.08,148.33,143.73,148.33
143.87,127.38,165.99,127.38,165.99,149.50,143.87,149.50
160.12,121.84,139.03,136.74,149.21,151.15,170.30,136.24
164.12,124.86,142.64,133.24,148.78,148.98,170.26,140.59
144.21,127.32,164.73,127.32,164.73,147.84,144.21,147.84
147.85,125.36,167.25,125.36,167.25,144.75,147.85,144.75
146.15,126.53,169.24,126.53,169.24,149.61,146.15,149.61
146.35,126.35,170.42,126.35,170.42,150.43,146.35,150.43
160.22,124.25,141.39,137.54,150.67,150.70,169.50,137.42
161.54,124.20,141.17,137.42,148.26,148.34,168.63,135.12
2
0
0
0
0
1
182.54,137.89,203.00,137.89,203.00,158.35,182.54,158.35
186.13,140.33,191.71,162.68,207.60,158.71,202.02,136.36
187.83,146.86,200.23,166.47,216.27,156.32,203.87,136.72
195.36,140.12,214.07,140.12,214.07,158.83,195.36,158.83
199.62,140.99,219.30,140.99,219.30,160.67,199.62,160.67
206.25,141.92,224.64,141.92,224.64,160.30,206.25,160.30
211.19,143.47,229.39,143.47,229.39,161.67,211.19,161.67
223.10,139.90,212.92,158.17,228.26,166.71,238.43,148.44
221.46,145.06,240.73,145.06,240.73,164.34,221.46,164.34
236.89,139.26,219.47,153.75,231.73,168.49,249.14,154.01
225.01,149.08,231.73,167.58,254.71,159.23,247.99,140.73
235.75,143.24,257.51,143.24,257.51,165.00,235.75,165.00
241.35,144.50,262.91,144.50,262.91,166.06,241.35,166.06
248.06,144.77,267.56,144.77,267.56,164.27,248.06,164.27
252.70,145.12,273.01,145.12,273.01,165.44,252.70,165.44
257.69,146.07,277.51,146.07,277.51,165.89,257.69,165.89
262.29,145.21,282.50,145.21,282.50,165.42,262.29,165.42
268.03,145.22,288.05,145.22,288.05,165.24,268.03,165.24
280.36,143.84,271.50,160.28,285.12,167.62,293.98,151.17
284.37,143.63,275.93,161.09,290.35,168.05,298.78,150.59
281.58,147.83,299.97,147.83,299.97,166.22,281.58,166.22
285.16,146.71,304.08,146.71,304.08,165.62,285.16,165.62
287.94,146.44,307.26,146.44,307.26,165.76,287.94,165.76
291.29,144.50,290.08,164.65,306.69,165.65,307.90,145.50
292.47,144.78,292.41,165.27,308.53,165.32,308.59,144.83
293.78,142.53,291.68,163.74,308.44,165.40,310.55,144.19
292.28,144.13,311.37,144.13,311.37,163.23,292.28,163.23
292.84,143.48,312.34,143.48,312.34,162.98,292.84,162.98
292.22,143.34,313.17,143.34,313.17,164.29,292.22,164.29
292.68,142.46,313.26,142.46,313.26,163.04,292.68,163.04
293.89,143.54,314.18,143.54,314.18,163.83,293.89,163.83
294.28,142.69,314.56,142.69,314.56,162.97,294.28,162.97
294.97,142.75,315.50,142.75,315.50,163.28,294.97,163.28
295.15,141.92,315.96,141.92,315.96,162.72,295.15,162.72
295.55,142.15,316.06,142.15,316.06,162.66,295.55,162.66
294.88,140.20,297.40,163.41,315.57,161.44,313.05,138.23
297.78,138.86,297.70,162.01,314.65,162.07,314.72,138.92
297.21,141.60,316.44,141.60,316.44,160.84,297.21,160.84
298.19,141.69,317.05,141.69,317.05,160.56,298.19,160.56
298.54,142.08,302.40,162.31,318.57,159.22,314.71,138.99
296.12,144.57,305.49,164.28,320.94,156.93,311.57,137.22
298.90,142.15,305.05,163.02,320.78,158.38,314.63,137.52
300.14,141.62,304.98,163.38,321.28,159.75,316.44,138.00
299.67,141.80,305.69,163.19,322.63,158.43,316.62,137.03
300.76,141.71,305.38,163.66,322.86,159.98,318.24,138.03
303.47,141.40,305.55,161.97,322.67,160.24,320.59,139.67
303.48,142.43,307.06,163.10,323.72,160.22,320.14,139.55
303.97,141.70,307.81,162.59,324.73,159.48,320.89,138.59
304.67,139.27,307.56,162.71,323.27,160.77,320.39,137.34
303.83,141.55,307.20,161.71,323.18,159.04,319.81,138.88
304.76,141.75,309.03,162.77,324.77,159.57,320.50,138.55
305.21,138.56,306.02,160.89,323.34,160.26,322.52,137.93
309.04,137.69,305.14,158.72,320.93,161.66,324.84,140.63
306.55,136.81,307.21,160.01,324.05,159.53,323.39,136.33
313.11,135.56,304.63,155.03,318.51,161.07,326.98,141.60
313.16,134.12,305.47,154.11,319.31,159.43,327.00,139.44
310.84,134.36,306.84,155.98,322.31,158.84,326.31,137.22
311.14,135.39,308.72,156.75,324.12,158.50,326.55,137.14
313.25,133.27,307.77,156.64,322.58,160.11,328.06,136.74
310.59,136.24,310.18,158.35,325.81,158.64,326.22,136.53
309.97,135.50,310.93,159.23,326.67,158.58,325.71,134.86
310.35,136.35,311.65,158.62,327.30,157.71,326.01,135.44
313.73,134.19,310.13,156.16,323.99,158.43,327.58,136.45
313.78,134.34,310.20,156.67,325.17,159.07,328.75,136.74
311.85,134.23,313.01,156.71,327.60,155.96,326.44,133.48
314.51,134.33,313.41,157.05,327.79,157.74,328.89,135.03
314.99,133.37,314.32,156.08,328.28,156.49,328.95,133.78
316.88,133.60,314.09,156.46,327.91,158.15,330.70,135.29
317.04,133.81,314.41,155.69,328.43,157.38,331.06,135.50
317.77,133.44,314.47,156.31,328.68,158.36,331.98,135.49
315.91,133.27,314.07,154.82,328.42,156.05,330.26,134.50
315.32,133.73,314.44,155.83,328.93,156.40,329.80,134.30
314.15,133.47,315.24,155.54,330.70,154.79,329.62,132.71
315.42,133.15,313.44,155.33,330.64,156.86,332.62,134.68
314.70,132.55,314.05,154.72,331.46,155.23,332.10,133.05
314.15,133.50,315.90,157.03,333.23,155.74,331.48,132.21
312.82,134.88,321.27,156.17,335.40,150.57,326.95,129.27
312.65,134.79,319.49,155.66,334.42,150.77,327.58,129.90
313.10,132.44,317.68,154.77,334.13,151.40,329.55,129.07
317.16,130.10,318.36,154.44,332.97,153.72,331.77,129.38
318.72,127.29,317.01,152.46,331.89,153.47,333.59,128.30
316.97,130.95,317.95,153.18,332.86,152.52,331.89,130.30
317.54,129.65,317.37,152.45,332.35,152.56,332.53,129.76
318.96,129.50,315.28,151.12,330.91,153.79,334.60,132.16
318.87,128.59,314.32,150.26,330.95,153.76,335.51,132.08
318.28,128.93,315.01,151.29,331.59,153.71,334.86,131.35
318.97,127.91,315.37,150.19,331.21,152.75,334.81,130.47
320.93,128.62,316.69,150.67,330.58,153.33,334.81,131.28
320.19,128.08,316.69,150.37,331.11,152.64,334.61,130.35
320.20,128.27,315.69,150.85,330.30,153.76,334.80,131.19
320.09,126.82,313.69,149.29,328.94,153.62,335.33,131.16
319.87,128.07,315.28,149.52,330.13,152.70,334.72,131.25
317.95,127.31,313.09,148.02,328.72,151.69,333.59,130.99
317.49,127.84,314.47,150.95,328.42,152.77,331.44,129.66
315.30,126.66,312.63,149.48,327.43,151.21,330.10,128.40
314.45,126.73,309.78,150.09,326.25,153.38,330.91,130.01
312.15,127.29,310.92,150.37,328.52,151.31,329.75,128.23
314.33,126.85,310.73,149.79,327.29,152.39,330.89,129.45
313.49,126.93,313.13,149.95,329.17,150.20,329.53,127.18
314.22,127.37,313.13,150.26,328.82,151.00,329.91,128.11
315.18,126.17,312.14,149.19,328.00,151.29,331.04,128.27
315.63,126.83,311.98,150.57,327.54,152.97,331.19,129.22
313.08,126.77,312.28,150.42,329.00,150.98,329.80,127.33
313.01,127.59,312.36,150.67,329.27,151.15,329.93,128.07
313.92,126.26,311.57,150.40,328.30,152.03,330.65,127.89
314.48,126.78,311.12,149.65,327.48,152.06,330.85,129.19
315.46,125.32,310.87,148.07,329.63,151.86,334.22,129.10
312.27,128.19,332.59,128.19,332.59,148.50,312.27,148.50
312.56,127.40,333.01,127.40,333.01,147.85,312.56,147.85
316.75,124.73,309.31,144.81,323.70,150.14,331.14,130.06
316.03,124.09,309.55,144.32,323.92,148.93,330.41,128.70
316.28,124.05,308.64,144.62,322.77,149.87,330.41,129.30
314.41,123.41,311.57,146.82,325.28,148.49,328.12,125.07
313.47,123.60,311.81,147.29,327.56,148.40,329.23,124.71
309.42,122.28,311.19,146.38,329.53,145.03,327.75,120.93
310.61,122.57,310.05,145.97,327.52,146.39,328.08,123.00
307.69,122.47,309.77,147.73,329.45,146.10,327.37,120.84
308.77,120.57,309.13,145.01,329.26,144.72,328.91,120.28
314.24,121.79,307.45,139.94,322.29,145.49,329.07,127.34
308.36,124.03,328.83,124.03,328.83,144.50,308.36,144.50
308.99,124.13,329.59,124.13,329.59,144.73,308.99,144.73
309.79,123.41,329.83,123.41,329.83,143.45,309.79,143.45
310.27,123.38,330.01,123.38,330.01,143.11,310.27,143.11
309.91,122.52,329.87,122.52,329.87,142.48,309.91,142.48
310.32,124.12,312.97,144.82,328.01,142.89,325.36,122.20
311.17,122.33,311.56,144.24,326.56,143.98,326.17,122.07
309.88,123.43,314.82,145.51,329.44,142.25,324.51,120.17
311.60,121.17,313.18,143.09,327.87,142.04,326.29,120.11
310.04,122.15,318.16,145.70,330.85,141.32,322.74,117.78
310.32,120.04,315.79,144.55,329.62,141.46,324.15,116.96
311.70,120.82,315.59,144.28,328.94,142.07,325.06,118.61
312.42,119.63,318.12,143.73,329.74,140.98,324.04,116.88
312.70,120.85,321.44,142.96,331.20,139.10,322.45,117.00
331.05,139.17,322.05,115.69,313.11,119.12,322.11,142.59
312.82,119.30,322.25,142.00,330.79,138.46,321.36,115.75
313.31,118.05,322.20,140.11,330.54,136.75,321.65,114.69
331.27,134.58,320.67,115.52,312.77,119.92,323.36,138.97
331.47,134.91,320.23,113.99,311.53,118.66,322.78,139.58
332.48,132.85,321.43,113.79,312.11,119.19,323.16,138.25
332.81,131.22,320.64,112.38,312.29,117.78,324.46,136.61
334.34,130.17,319.35,113.04,312.21,119.29,327.20,136.42
334.47,130.11,319.83,112.12,312.90,117.76,327.54,135.75
333.52,127.23,318.39,111.65,310.78,119.04,325.91,134.62
334.51,126.85,318.30,109.26,311.08,115.92,327.29,133.50
336.46,128.60,317.99,109.28,311.61,115.38,330.08,134.70
330.27,121.97,318.37,108.79,311.19,115.28,323.09,128.46
331.81,121.83,318.51,107.82,310.23,115.68,323.54,129.69
331.39,122.07,319.39,107.63,309.41,115.92,321.41,130.36
308.47,116.05,318.55,131.04,330.85,122.77,320.77,107.78
332.66,120.30,318.09,106.71,307.28,118.30,321.85,131.89
311.83,109.49,328.03,109.49,328.03,125.69,311.83,125.69
311.56,110.09,328.14,110.09,328.14,126.67,311.56,126.67
309.27,109.77,328.59,109.77,328.59,129.09,309.27,129.09
308.54,109.09,326.88,109.09,326.88,127.44,308.54,127.44
308.43,108.88,327.35,108.88,327.35,127.80,308.43,127.80
306.16,109.40,310.27,129.58,322.67,127.05,318.57,106.88
305.74,109.64,309.22,130.05,321.80,127.91,318.32,107.50
302.44,111.13,308.30,131.52,322.73,127.37,316.86,106.98
301.13,111.94,309.43,133.12,323.38,127.65,315.07,106.47
300.66,114.02,310.33,132.58,322.58,126.20,312.91,107.64
301.08,112.18,306.13,132.38,317.70,129.49,312.65,109.29
298.92,111.22,305.83,131.91,316.78,128.26,309.87,107.57
297.94,112.30,304.72,132.74,316.10,128.96,309.32,108.53
296.04,112.11,303.24,133.23,314.98,129.22,307.78,108.10
316.40,127.73,304.40,107.65,293.34,114.25,305.34,134.33
315.35,126.73,303.30,107.54,291.84,114.73,303.89,133.92
315.50,124.79,301.01,107.23,288.86,117.26,303.36,134.81
289.13,116.36,298.96,132.39,311.42,124.75,301.58,108.72
288.64,116.02,296.82,133.58,310.01,127.43,301.84,109.88
288.30,114.38,296.34,132.90,309.25,127.29,301.22,108.78
286.37,115.71,295.63,134.30,308.34,127.96,299.08,109.38
307.44,127.16,296.61,109.02,283.68,116.74,294.51,134.89
306.36,125.35,291.95,109.93,281.48,119.71,295.89,135.13
305.12,126.02,291.89,109.41,280.43,118.55,293.66,135.15
281.91,113.70,298.97,113.70,298.97,130.75,281.91,130.75
281.04,112.98,298.56,112.98,298.56,130.51,281.04,130.51
278.88,114.35,296.89,114.35,296.89,132.37,278.88,132.37
273.99,115.95,281.98,135.94,297.91,129.58,289.91,109.58
292.19,108.20,273.09,111.63,277.13,134.16,296.23,130.73
275.25,112.98,293.56,112.98,293.56,131.28,275.25,131.28
270.58,109.48,292.76,109.48,292.76,131.66,270.58,131.66
291.11,113.29,270.60,114.22,271.39,131.62,291.90,130.69
290.61,115.48,270.70,113.95,269.48,129.86,289.38,131.39
269.47,112.48,289.26,112.48,289.26,132.27,269.47,132.27
268.15,112.64,288.35,112.64,288.35,132.85,268.15,132.85
265.29,111.19,287.07,111.19,287.07,132.96,265.29,132.96
264.56,114.12,282.43,114.12,282.43,131.99,264.56,131.99
263.32,111.44,282.58,111.44,282.58,130.70,263.32,130.70
260.21,111.05,281.09,111.05,281.09,131.93,260.21,131.93
258.69,111.28,280.16,111.28,280.16,132.76,258.69,132.76
258.65,111.77,279.64,111.77,279.64,132.77,258.65,132.77
257.39,111.55,278.68,111.55,278.68,132.85,257.39,132.85
256.30,113.64,277.09,113.64,277.09,134.43,256.30,134.43
256.11,113.93,276.47,113.93,276.47,134.28,256.11,134.28
254.83,114.88,275.64,114.88,275.64,135.69,254.83,135.69
254.29,114.57,274.33,114.57,274.33,134.62,254.29,134.62
253.51,115.61,272.90,115.61,272.90,135.01,253.51,135.01
250.60,113.93,271.21,113.93,271.21,134.55,250.60,134.55
252.44,113.55,249.00,133.96,266.18,136.85,269.62,116.44
252.30,112.25,248.21,132.49,265.01,135.89,269.11,115.65
252.38,112.28,245.80,132.83,262.24,138.09,268.82,117.55
249.06,113.07,247.76,134.11,264.22,135.13,265.52,114.09
249.50,111.87,245.23,132.69,262.47,136.22,266.73,115.40
245.77,112.43,264.98,112.43,264.98,131.64,245.77,131.64
244.26,112.85,263.63,112.85,263.63,132.22,244.26,132.22
244.86,112.95,262.99,112.95,262.99,131.08,244.86,131.08
242.83,116.92,250.94,135.03,265.75,128.40,257.63,110.29
244.78,113.67,263.12,113.67,263.12,132.01,244.78,132.01
243.86,113.73,262.68,113.73,262.68,132.54,243.86,132.54
243.92,113.16,262.75,113.16,262.75,131.99,243.92,131.99
244.09,114.25,261.98,114.25,261.98,132.14,244.09,132.14
243.70,112.80,261.53,112.80,261.53,130.63,243.70,130.63
242.59,113.13,261.69,113.13,261.69,132.24,242.59,132.24
243.01,112.92,261.77,112.92,261.77,131.68,243.01,131.68
242.15,113.37,262.05,113.37,262.05,133.27,242.15,133.27
240.91,112.84,261.75,112.84,261.75,133.67,240.91,133.67
240.28,113.72,261.47,113.72,261.47,134.91,240.28,134.91
240.45,111.11,260.97,111.11,260.97,131.63,240.45,131.63
240.14,111.89,261.03,111.89,261.03,132.78,240.14,132.78
237.33,112.93,255.51,112.93,255.51,131.11,237.33,131.11
256.16,114.47,236.59,114.81,236.86,130.74,256.44,130.40
257.77,115.73,234.22,114.16,233.19,129.56,256.74,131.14
254.96,110.79,229.95,118.79,235.14,135.01,260.15,127.01
232.86,113.21,250.53,113.21,250.53,130.89,232.86,130.89
232.39,113.36,250.28,113.36,250.28,131.25,232.39,131.25
229.34,112.96,248.63,112.96,248.63,132.25,229.34,132.25
231.23,115.55,249.63,115.55,249.63,133.94,231.23,133.94
252.15,117.62,232.78,109.42,226.12,125.15,245.49,133.35
230.90,116.45,248.12,116.45,248.12,133.66,230.90,133.66
230.00,112.20,247.71,112.20,247.71,129.91,230.00,129.91
230.43,113.10,247.58,113.10,247.58,130.25,230.43,130.25
228.97,115.87,235.07,133.52,249.91,128.39,243.80,110.74
229.76,113.17,246.79,113.17,246.79,130.20,229.76,130.20
228.63,113.13,245.15,113.13,245.15,129.65,228.63,129.65
228.58,113.69,245.08,113.69,245.08,130.20,228.58,130.20
247.44,119.51,235.75,109.49,222.94,124.44,234.64,134.45
225.51,113.33,242.97,113.33,242.97,130.79,225.51,130.79
225.52,112.18,227.82,133.54,241.73,132.04,239.43,110.68
223.14,114.93,232.30,129.40,243.64,122.22,234.48,107.75
223.79,112.56,229.83,128.42,241.33,124.03,235.28,108.17
223.60,112.03,225.12,128.09,236.93,126.97,235.41,110.91
220.14,110.16,236.91,110.16,236.91,126.93,220.14,126.93
218.46,110.92,236.14,110.92,236.14,128.60,218.46,128.60
219.76,109.91,216.65,128.58,231.68,131.08,234.78,112.41
217.62,109.84,216.51,129.62,228.90,130.32,230.02,110.54
216.29,108.99,212.09,129.05,225.28,131.81,229.49,111.75
215.27,108.31,208.56,128.65,222.51,133.25,229.22,112.91
211.57,108.49,207.68,131.02,221.81,133.46,225.70,110.93
208.21,109.39,205.98,132.75,221.23,134.21,223.46,110.84
204.07,109.83,203.14,130.62,219.85,131.36,220.77,110.57
202.77,109.23,198.58,130.62,215.59,133.95,219.77,112.56
198.74,109.05,195.54,131.68,212.85,134.13,216.04,111.50
195.19,109.13,191.42,131.84,208.67,134.71,212.44,112.00
189.02,110.55,209.22,110.55,209.22,130.75,189.02,130.75
185.67,110.40,203.55,110.40,203.55,128.28,185.67,128.28
182.91,108.22,202.11,108.22,202.11,127.42,182.91,127.42
179.02,108.84,197.50,108.84,197.50,127.32,179.02,127.32
174.74,108.82,195.45,108.82,195.45,129.53,174.74,129.53
193.42,109.39,171.44,109.96,171.89,127.54,193.87,126.97
183.02,103.38,165.99,114.98,174.97,128.17,192.00,116.57
176.24,103.00,162.75,120.47,175.75,130.49,189.23,113.02
174.97,103.66,159.46,117.93,170.34,129.75,185.85,115.48
174.89,103.94,155.88,117.92,166.11,131.84,185.13,117.86
173.15,103.57,154.70,116.32,164.82,130.98,183.28,118.23
156.61,108.47,175.79,108.47,175.79,127.66,156.61,127.66
155.35,107.37,175.65,107.37,175.65,127.67,155.35,127.67
153.04,107.30,173.56,107.30,173.56,127.82,153.04,127.82
170.72,108.25,145.68,108.94,146.17,126.87,171.21,126.18
168.91,113.05,146.46,107.70,142.78,123.17,165.23,128.51
166.36,111.73,143.70,109.91,142.48,125.17,165.13,126.98
165.77,113.12,143.72,106.16,138.64,122.25,160.69,129.21
163.40,112.22,137.09,109.84,135.59,126.45,161.90,128.83
155.99,111.14,133.12,111.49,133.39,128.50,156.25,128.15
153.03,113.37,132.00,113.69,132.24,129.32,153.27,129.00
152.39,113.07,129.18,113.51,129.49,129.92,152.70,129.48
150.43,113.78,126.11,113.05,125.61,129.53,149.93,130.26
147.10,112.68,125.57,114.26,126.73,130.09,148.26,128.51
144.85,114.73,122.13,113.28,121.15,128.58,143.87,130.04
137.38,108.49,119.64,117.79,125.99,129.92,143.74,120.61
135.26,109.87,116.47,117.12,121.34,129.76,140.14,122.52
133.83,111.24,113.76,113.96,115.53,126.96,135.59,124.23
128.67,111.94,109.27,114.99,111.11,126.67,130.51,123.62
124.43,110.67,103.60,114.47,105.58,125.32,126.40,121.52
119.65,111.21,98.98,115.87,101.14,125.42,121.81,120.76
115.41,110.49,93.80,116.43,96.40,125.87,118.01,119.93
112.23,110.10,89.80,115.35,92.27,125.88,114.69,120.64
108.27,109.53,84.75,115.20,87.31,125.80,110.83,120.13
104.91,108.93,80.30,115.99,84.00,128.88,108.61,121.82
98.14,109.06,76.38,114.71,80.00,128.62,101.75,122.96
91.65,106.32,70.55,117.47,77.86,131.32,98.97,120.16
89.37,108.56,66.87,116.06,71.58,130.18,94.08,122.68
87.92,112.34,63.83,115.80,65.77,129.30,89.86,125.84
83.20,112.79,59.37,116.10,61.45,131.04,85.28,127.73
79.65,114.71,55.40,116.88,56.68,131.11,80.92,128.93
75.79,114.67,51.54,113.94,51.07,129.75,75.32,130.48
70.76,114.88,47.51,112.84,46.06,129.34,69.31,131.38
65.86,113.60,42.09,111.47,40.52,128.96,64.29,131.10
62.78,115.43,38.26,111.25,35.27,128.81,59.79,132.99
57.72,116.77,35.74,114.00,33.79,129.47,55.77,132.24
53.63,119.77,30.18,113.64,26.29,128.53,49.74,134.66
49.02,119.07,27.93,113.74,24.14,128.73,45.23,134.06
43.23,119.52,21.60,115.08,18.67,129.32,40.31,133.77
39.65,118.17,14.75,115.06,12.90,129.90,37.80,133.01
35.47,118.56,10.16,115.82,8.46,131.49,33.77,134.23
32.85,128.00,18.26,112.10,6.57,122.83,21.16,138.73
30.36,127.11,11.37,113.74,2.78,125.95,21.76,139.32
25.71,124.50,8.01,113.81,-0.30,127.55,17.40,138.25
20.84,120.93,2.76,118.17,0.52,132.82,18.60,135.58
