1
266.819916,127.290009,101.973595,69.559273
266.651123,127.601997,102.433693,69.904343
268.715118,130.847565,102.125000,69.695381
269.317047,131.904633,102.007980,69.337242
273.004303,135.416367,102.195892,69.310715
270.709564,133.481522,102.046432,69.285912
270.029877,135.919647,102.027855,69.158852
272.570709,134.870132,102.292191,69.294006
275.863403,135.248306,101.897728,69.046150
275.608490,136.412720,101.829475,68.983978
279.301971,137.929993,101.886940,68.936226
283.373627,137.327850,101.806198,68.830185
283.170807,137.697327,101.973030,68.923103
286.593475,138.971313,101.760811,68.820312
289.479431,138.825104,101.690834,68.630913
295.209839,141.401855,101.824211,68.783890
300.718658,143.240326,101.394829,68.535248
299.366119,142.145248,101.106468,68.325668
305.407410,144.684052,101.278603,68.358498
307.113251,145.149948,100.452805,67.674248
309.194214,145.356781,100.787964,67.714668
315.839813,147.668274,100.382858,67.438332
319.464874,146.893234,100.805779,67.633369
326.553101,150.033676,100.896889,67.767204
325.300934,151.191406,100.231781,67.208313
326.429443,151.403320,100.235367,67.219933
324.688232,153.392731,100.396301,67.369720
324.886414,152.190125,100.640106,67.594147
321.866791,149.506927,100.508331,67.446068
279.891083,151.680176,100.541550,67.535370
263.254761,131.451843,99.908150,67.052292
263.801575,135.543167,100.411652,67.457382
285.546112,148.140121,100.477486,67.359009
343.976990,152.380157,100.469261,67.400543
342.340973,147.575256,100.303894,67.416466
342.697266,143.862900,100.199768,67.379883
345.225281,143.044174,100.185165,67.247665
344.645142,146.436172,100.291443,67.262085
342.142487,143.149261,100.187325,66.983086
339.411285,142.763397,100.117676,66.767982
336.101562,141.320877,100.446243,66.982468
335.855042,139.647858,100.667732,67.199020
337.781555,140.731766,100.320580,67.014496
339.805176,146.330521,101.082108,67.242134
340.466644,150.399918,101.631271,67.494225
353.449738,162.947388,101.717819,67.545563
353.990845,161.011795,101.186279,67.044281
356.154022,165.448685,101.422920,67.118851
357.088409,169.052750,100.608063,66.319801
358.718475,173.187134,100.182976,66.050171
358.532043,173.283249,100.236061,66.091331
360.836578,173.140625,100.927475,66.673233
358.343689,174.804123,100.700897,66.322235
359.388062,173.058426,100.613457,66.347107
371.531036,179.214523,100.502815,66.289993
362.708679,174.446426,100.786888,66.583038
355.659851,167.038193,101.342842,66.958557
365.793579,171.587463,101.194496,66.935966
363.810852,171.393723,101.128548,66.957924
359.428986,162.946091,100.922813,66.867973
354.450623,159.464966,100.983803,66.877815
351.421356,157.132462,100.697372,66.760712
350.590118,156.145233,100.273109,66.355690
344.423553,153.596359,100.266266,66.415878
344.703857,150.971146,100.325546,66.569389
342.067963,149.548920,100.495804,66.644859
338.771545,148.370712,101.351494,66.888206
339.957184,147.075104,102.440086,68.005013
344.362396,153.393433,102.103333,67.861969
368.100006,154.912537,102.061592,67.887428
357.304047,154.573456,101.994347,67.993454
309.632599,137.204254,102.141602,68.002441
305.458435,137.494446,101.912552,67.753098
302.656372,137.319595,101.812820,67.702873
299.747253,138.122910,102.054482,67.947266
294.924103,139.850403,101.724373,67.703903
277.723633,132.726013,101.721542,67.551727
279.903198,135.230911,100.926880,66.876427
282.731384,139.961578,100.840988,66.800018
282.522675,140.027496,100.999176,66.859642
2
0
0
0
0
1
343.878967,128.509232,24.535694,41.542950
342.998840,127.248428,24.625278,41.677582
342.046539,126.222336,24.504967,41.493011
341.780609,127.203911,24.308474,41.162544
341.257751,125.097534,24.498621,41.486980
340.258118,124.664505,24.233585,41.046749
339.681763,124.524094,24.478683,41.469120
338.729462,123.543953,24.149937,40.917542
339.128418,123.961731,24.426279,41.382042
339.111755,125.292282,24.143322,40.910168
338.602417,126.774345,23.949209,40.594990
338.368347,127.844124,23.681545,40.119576
336.843231,128.231857,24.405235,41.403492
335.970337,128.327499,24.705795,41.931091
335.314728,129.725464,24.381628,41.368645
335.165894,130.742447,24.536283,41.618473
333.939362,130.465149,24.602217,41.702507
333.226654,131.282333,24.309883,41.212452
332.400299,130.221497,24.055721,40.768734
331.024292,133.112091,23.972591,40.647598
331.206970,132.718628,23.801670,40.346161
332.684967,133.604065,23.408619,39.693321
333.108643,134.181534,23.776751,40.384701
330.277130,134.969528,23.574472,40.031269
328.905762,136.364746,23.805058,40.407684
328.465668,137.967651,23.578558,40.014683
329.311340,138.533066,23.775053,40.366051
330.275757,139.536758,24.001831,40.736717
329.850586,137.991730,24.054567,40.850338
329.822571,134.299545,23.880596,40.579151
330.305603,134.659836,24.457163,41.551174
330.889191,133.323013,23.674026,40.253422
331.131439,133.485565,23.420368,39.829411
331.893158,134.069092,23.686380,40.281410
331.942444,134.582123,23.938011,40.702869
330.858063,136.054459,24.231934,41.190536
331.633209,136.880234,24.503391,41.642570
332.618622,138.700378,24.017221,40.783909
323.262695,134.513397,24.078325,40.860794
320.026581,137.338562,24.187386,41.049374
335.316162,128.404053,23.417397,39.763168
327.806122,139.734238,22.792696,38.651489
329.557495,137.846191,22.679592,38.457119
326.267914,140.625366,22.717876,38.560295
322.076294,142.335098,22.457428,38.142967
326.341125,141.133942,22.059437,37.484642
336.635162,144.622162,21.863379,37.152138
338.511261,138.027481,21.979902,37.344261
343.062378,141.074570,21.635983,36.776108
352.743195,141.430588,21.849852,37.153530
355.185150,137.533707,21.743254,36.960022
356.161194,137.772873,21.641014,36.819344
353.360107,137.417587,22.513416,38.299435
352.741333,136.575195,22.613995,38.450382
363.879089,129.909927,22.542086,38.336544
353.575500,133.076508,22.925364,39.030384
356.606323,131.398727,23.163883,39.426899
348.218903,130.498734,22.909746,38.986172
346.343536,132.624557,23.061115,39.248062
334.946838,140.455200,22.757730,38.749573
344.670898,134.362152,22.936892,39.084621
335.996674,139.590546,22.702108,38.694656
349.480377,134.054016,22.180161,37.780170
340.424133,134.430634,21.901278,37.291939
346.467529,132.373001,21.315149,36.299366
344.075928,135.350494,21.348911,36.330070
346.033997,135.236649,21.525854,36.641140
344.009064,139.498871,21.986216,37.438019
346.502411,136.566910,21.479128,36.561272
343.622314,142.124649,21.737364,36.995747
343.222046,142.486176,21.590117,36.803112
344.701141,141.762482,21.412043,36.502975
344.399353,142.194885,21.443777,36.535999
341.850433,140.518082,21.974972,37.448719
339.843201,140.585663,21.936157,37.369011
337.760468,141.277222,21.686161,36.970497
340.782227,138.439178,21.937290,37.418297
340.582947,138.288651,21.516956,36.657364
340.648712,138.867096,21.534618,36.689522
348.517365,134.676117,20.990913,35.755234
345.716736,135.543045,20.943432,35.658588
345.945099,135.506851,20.117910,34.273819
342.185852,135.545410,19.942015,33.959194
337.729614,134.553070,19.946512,33.964119
337.007172,133.365616,19.867142,33.827026
337.616058,136.803635,19.870897,33.821468
337.756714,154.568939,19.816183,33.735359
338.980957,153.999680,20.126493,34.267834
2
0
0
0
0
1
357.200195,119.953682,65.084412,28.959259
355.915588,120.508095,65.070824,28.897295
356.015411,120.165131,65.138054,28.956354
357.286346,119.789909,64.549545,28.613396
357.913879,118.502281,64.495880,28.643349
355.737976,118.475525,64.148636,28.520891
356.087006,118.709679,64.060143,28.435385
355.320770,119.331505,63.449455,28.234911
353.074554,118.865807,63.565002,28.219404
354.573212,119.393372,63.369518,28.107943
354.804352,119.241463,63.425560,28.098682
355.627289,118.758675,63.024910,27.907278
353.350433,118.505554,63.089638,27.858782
352.860992,118.719299,63.541576,28.075314
353.529968,118.880348,63.635406,28.099186
352.963104,117.983803,63.928246,28.149508
351.461090,118.595222,63.613663,28.089037
350.688812,117.793282,63.448204,28.035124
348.085999,119.373833,63.385380,28.025764
2
0
0
0
0
1
393.343750,90.514740,79.618233,52.752815
390.319000,89.581276,79.606247,52.598194
388.432678,89.150841,80.122849,52.838352
388.823395,90.763832,80.369751,53.061241
386.161011,93.043274,80.159821,52.817684
387.258850,93.463005,80.424042,53.113655
387.549866,93.717751,80.048950,52.865715
388.660309,94.963860,79.890572,52.770725
387.981812,95.760475,79.970741,52.934650
387.333893,97.017853,80.575455,53.378517
390.913605,99.894539,81.018539,53.682430
387.690491,100.719086,81.327919,53.903717
386.578430,102.883980,81.443054,54.019844
385.784943,105.239586,81.402458,54.012287
382.010040,106.970795,81.634834,54.025833
382.067474,107.173599,81.638855,53.990513
380.590424,109.004601,81.103951,53.709839
381.684296,111.632401,81.485970,53.973091
380.979187,114.425507,81.574867,54.047241
381.108734,114.922318,81.658180,54.291321
381.205627,115.582611,81.775276,54.406567
379.059265,116.986412,81.630432,54.301159
378.815674,117.762779,81.625168,54.274849
379.303192,118.514397,81.452354,54.225407
379.639099,119.612602,81.766884,54.465885
378.920349,120.033844,81.809151,54.478455
375.104370,119.394936,81.256950,54.096172
372.309601,118.769295,81.033836,53.892063
370.051025,119.715607,80.704414,53.717609
368.512085,120.668762,80.485825,53.555290
370.007111,121.135590,80.170540,53.393032
367.234741,124.477776,79.589577,53.013195
367.419037,126.570625,79.880592,53.206844
2
0
0
0
0
1
438.473938,128.753723,59.732826,57.381130
435.757751,131.256165,59.358524,56.997601
433.151947,132.810852,59.337368,56.980610
431.629730,135.288773,59.468380,57.176361
427.829407,137.324326,59.761971,57.564217
428.898865,138.977814,59.918797,57.731720
428.896362,139.869461,59.753391,57.536945
427.594635,140.365433,60.339005,58.056469
426.035004,140.649689,60.335747,58.033302
425.334778,139.109604,60.364037,58.015671
423.365356,140.335068,60.344807,57.985714
421.164917,141.701477,60.702820,58.341072
419.941040,143.663864,60.854309,58.559395
417.728882,140.784378,60.406010,58.158760
416.310516,143.411850,60.402733,58.136055
415.392914,140.472427,60.341160,58.141373
417.235504,141.420639,60.503307,58.345478
414.999725,141.069962,60.519859,58.404942
416.839386,140.357605,60.855129,58.713539
416.336090,142.981201,61.159241,59.065590
416.665863,142.385284,60.416248,58.310566
416.208282,142.299026,60.347282,58.239799
414.138947,140.320969,59.964096,57.835606
414.919617,142.985611,59.655621,57.564548
415.742706,141.785904,59.194160,57.144791
415.235077,141.380463,58.842152,56.838280
414.243530,141.120361,59.418930,57.348240
413.925568,140.945282,59.453903,57.358746
414.273376,141.418045,59.751392,57.701958
412.759033,141.199020,59.584476,57.533474
412.612152,139.822906,59.356873,57.296253
409.169342,141.218887,59.497066,57.408909
411.462585,141.385712,59.248497,57.160519
412.035614,140.591751,59.047440,56.925301
414.110718,140.066483,58.200989,56.121983
412.266968,142.102295,58.304691,56.205402
412.208740,141.457611,57.845894,55.765938
412.580658,141.799164,58.064560,55.927139
411.904083,142.485107,57.626007,55.488846
414.235199,143.489670,57.807693,55.700161
412.800110,143.983322,58.076065,55.992405
412.879639,143.524277,57.887741,55.853588
414.536896,141.578751,58.135670,56.036266
413.726593,143.902954,58.369499,56.240456
415.597412,140.925308,58.382107,56.280598
414.933685,140.643524,58.344673,56.304043
415.652069,141.215027,58.594322,56.533772
413.806427,140.295242,58.399605,56.375416
416.067657,141.935089,57.885536,55.900932
414.086121,140.079041,58.374138,56.280403
416.523651,141.180832,58.400703,56.367836
414.168243,141.130234,58.168331,56.164829
415.652679,142.571823,57.940594,55.847908
414.882050,143.203995,58.173672,56.075558
414.131195,142.424881,58.445457,56.289459
415.662018,141.257904,58.370480,56.179085
417.248596,138.391800,58.246983,56.028549
421.108917,139.604813,57.634472,55.439537
420.823792,137.778625,57.545620,55.441143
422.070312,138.336029,57.615788,55.518646
2
0
0
0
0
