1
274.00,67.00,298.00,67.00,298.00,135.00,274.00,135.00
274.00,67.00,298.00,67.00,298.00,135.00,274.00,135.00
274.00,67.00,298.00,67.00,298.00,135.00,274.00,135.00
274.00,68.00,298.00,68.00,298.00,136.00,274.00,136.00
274.00,68.00,298.00,68.00,298.00,136.00,274.00,136.00
274.00,68.00,298.00,68.00,298.00,136.00,274.00,136.00
274.00,67.00,298.00,67.00,298.00,135.00,274.00,135.00
274.00,67.00,298.00,67.00,298.00,135.00,274.00,135.00
274.00,67.00,298.00,67.00,298.00,135.00,274.00,135.00
274.00,68.00,298.00,68.00,298.00,136.00,274.00,136.00
274.00,68.00,298.00,68.00,298.00,136.00,274.00,136.00
275.00,67.00,299.00,67.00,299.00,135.00,275.00,135.00
275.00,67.00,299.00,67.00,299.00,135.00,275.00,135.00
275.00,67.00,299.00,67.00,299.00,135.00,275.00,135.00
275.00,67.00,299.00,67.00,299.00,135.00,275.00,135.00
275.00,68.00,299.00,68.00,299.00,136.00,275.00,136.00
275.00,68.00,299.00,68.00,299.00,136.00,275.00,136.00
275.00,68.00,299.00,68.00,299.00,136.00,275.00,136.00
274.00,68.00,298.00,68.00,298.00,136.00,274.00,136.00
274.00,68.00,298.00,68.00,298.00,136.00,274.00,136.00
274.00,69.00,298.00,69.00,298.00,137.00,274.00,137.00
274.00,69.00,298.00,69.00,298.00,137.00,274.00,137.00
274.00,69.00,298.00,69.00,298.00,137.00,274.00,137.00
275.00,68.00,299.00,68.00,299.00,136.00,275.00,136.00
275.00,67.00,299.00,67.00,299.00,135.00,275.00,135.00
275.00,67.00,299.00,67.00,299.00,135.00,275.00,135.00
275.00,68.00,299.00,68.00,299.00,136.00,275.00,136.00
275.00,69.00,299.00,69.00,299.00,137.00,275.00,137.00
275.00,69.00,299.00,69.00,299.00,137.00,275.00,137.00
275.00,68.00,299.00,68.00,299.00,136.00,275.00,136.00
275.00,68.00,299.00,68.00,299.00,136.00,275.00,136.00
275.00,68.00,299.00,68.00,299.00,136.00,275.00,136.00
275.00,69.00,299.00,69.00,299.00,137.00,275.00,137.00
275.00,69.00,299.00,69.00,299.00,137.00,275.00,137.00
275.00,69.00,299.00,69.00,299.00,137.00,275.00,137.00
275.00,69.00,299.00,69.00,299.00,137.00,275.00,137.00
275.00,69.00,299.00,69.00,299.00,137.00,275.00,137.00
275.00,69.00,299.00,69.00,299.00,137.00,275.00,137.00
275.00,70.00,299.00,70.00,299.00,138.00,275.00,138.00
275.00,70.00,299.00,70.00,299.00,138.00,275.00,138.00
275.00,70.00,299.00,70.00,299.00,138.00,275.00,138.00
275.00,70.00,299.00,70.00,299.00,138.00,275.00,138.00
275.00,70.00,299.00,70.00,299.00,138.00,275.00,138.00
275.00,70.00,299.00,70.00,299.00,138.00,275.00,138.00
275.00,70.00,299.00,70.00,299.00,138.00,275.00,138.00
275.00,70.00,299.00,70.00,299.00,138.00,275.00,138.00
275.00,70.00,299.00,70.00,299.00,138.00,275.00,138.00
275.00,70.00,299.00,70.00,299.00,138.00,275.00,138.00
275.00,70.00,299.00,70.00,299.00,138.00,275.00,138.00
275.00,70.00,299.00,70.00,299.00,138.00,275.00,138.00
275.00,70.00,299.00,70.00,299.00,138.00,275.00,138.00
275.00,70.00,299.00,70.00,299.00,138.00,275.00,138.00
275.00,70.00,299.00,70.00,299.00,138.00,275.00,138.00
275.00,70.00,299.00,70.00,299.00,138.00,275.00,138.00
275.00,70.00,299.00,70.00,299.00,138.00,275.00,138.00
275.00,70.00,299.00,70.00,299.00,138.00,275.00,138.00
275.00,71.00,299.00,71.00,299.00,139.00,275.00,139.00
275.00,71.00,299.00,71.00,299.00,139.00,275.00,139.00
275.00,71.00,299.00,71.00,299.00,139.00,275.00,139.00
276.00,71.00,300.00,71.00,300.00,139.00,276.00,139.00
276.00,71.00,300.00,71.00,300.00,139.00,276.00,139.00
276.00,71.00,300.00,71.00,300.00,139.00,276.00,139.00
276.00,72.00,300.00,72.00,300.00,140.00,276.00,140.00
276.00,72.00,300.00,72.00,300.00,140.00,276.00,140.00
275.00,72.00,299.00,72.00,299.00,140.00,275.00,140.00
274.00,71.00,298.00,71.00,298.00,139.00,274.00,139.00
273.00,71.00,297.00,71.00,297.00,139.00,273.00,139.00
273.00,71.00,297.00,71.00,297.00,139.00,273.00,139.00
273.00,72.00,297.00,72.00,297.00,140.00,273.00,140.00
273.00,72.00,297.00,72.00,297.00,140.00,273.00,140.00
273.00,71.00,297.00,71.00,297.00,139.00,273.00,139.00
273.00,70.00,297.00,70.00,297.00,138.00,273.00,138.00
273.00,70.00,297.00,70.00,297.00,138.00,273.00,138.00
273.00,70.00,297.00,70.00,297.00,138.00,273.00,138.00
273.00,71.00,297.00,71.00,297.00,139.00,273.00,139.00
273.00,71.00,297.00,71.00,297.00,139.00,273.00,139.00
273.00,71.00,297.00,71.00,297.00,139.00,273.00,139.00
272.00,70.00,296.00,70.00,296.00,138.00,272.00,138.00
271.00,70.00,295.00,70.00,295.00,138.00,271.00,138.00
270.00,70.00,294.00,70.00,294.00,138.00,270.00,138.00
270.00,70.00,294.00,70.00,294.00,138.00,270.00,138.00
270.00,70.00,294.00,70.00,294.00,138.00,270.00,138.00
270.00,69.00,294.00,69.00,294.00,137.00,270.00,137.00
270.00,68.00,294.00,68.00,294.00,136.00,270.00,136.00
270.00,68.00,294.00,68.00,294.00,136.00,270.00,136.00
270.00,68.00,294.00,68.00,294.00,136.00,270.00,136.00
270.00,69.00,294.00,69.00,294.00,137.00,270.00,137.00
270.00,69.00,294.00,69.00,294.00,137.00,270.00,137.00
269.00,69.00,293.00,69.00,293.00,137.00,269.00,137.00
269.00,69.00,293.00,69.00,293.00,137.00,269.00,137.00
269.00,69.00,293.00,69.00,293.00,137.00,269.00,137.00
269.00,70.00,293.00,70.00,293.00,138.00,269.00,138.00
269.00,70.00,293.00,70.00,293.00,138.00,269.00,138.00
270.00,71.00,294.00,71.00,294.00,139.00,270.00,139.00
271.00,73.00,295.00,73.00,295.00,141.00,271.00,141.00
272.00,73.00,296.00,73.00,296.00,141.00,272.00,141.00
273.00,73.00,297.00,73.00,297.00,141.00,273.00,141.00
274.00,74.00,298.00,74.00,298.00,142.00,274.00,142.00
274.00,74.00,298.00,74.00,298.00,142.00,274.00,142.00
274.00,74.00,298.00,74.00,298.00,142.00,274.00,142.00
272.00,74.00,296.00,74.00,296.00,142.00,272.00,142.00
271.00,74.00,295.00,74.00,295.00,142.00,271.00,142.00
270.00,74.00,294.00,74.00,294.00,142.00,270.00,142.00
270.00,74.00,294.00,74.00,294.00,142.00,270.00,142.00
270.00,74.00,294.00,74.00,294.00,142.00,270.00,142.00
270.00,73.00,294.00,73.00,294.00,141.00,270.00,141.00
270.00,71.00,294.00,71.00,294.00,139.00,270.00,139.00
270.00,70.00,294.00,70.00,294.00,138.00,270.00,138.00
270.00,70.00,294.00,70.00,294.00,138.00,270.00,138.00
270.00,70.00,294.00,70.00,294.00,138.00,270.00,138.00
270.00,70.00,294.00,70.00,294.00,138.00,270.00,138.00
270.00,70.00,294.00,70.00,294.00,138.00,270.00,138.00
269.00,70.00,293.00,70.00,293.00,138.00,269.00,138.00
269.00,70.00,293.00,70.00,293.00,138.00,269.00,138.00
270.00,71.00,294.00,71.00,294.00,139.00,270.00,139.00
271.00,72.00,295.00,72.00,295.00,140.00,271.00,140.00
272.00,72.00,296.00,72.00,296.00,140.00,272.00,140.00
274.00,71.00,298.00,71.00,298.00,139.00,274.00,139.00
276.00,69.00,300.00,69.00,300.00,137.00,276.00,137.00
278.00,69.00,302.00,69.00,302.00,137.00,278.00,137.00
280.00,69.00,304.00,69.00,304.00,137.00,280.00,137.00
281.00,70.00,305.00,70.00,305.00,138.00,281.00,138.00
282.00,71.00,306.00,71.00,306.00,139.00,282.00,139.00
282.00,71.00,306.00,71.00,306.00,139.00,282.00,139.00
282.00,70.00,306.00,70.00,306.00,138.00,282.00,138.00
282.00,70.00,306.00,70.00,306.00,138.00,282.00,138.00
282.00,71.00,306.00,71.00,306.00,139.00,282.00,139.00
283.00,72.00,307.00,72.00,307.00,140.00,283.00,140.00
283.00,72.00,307.00,72.00,307.00,140.00,283.00,140.00
284.00,71.00,308.00,71.00,308.00,139.00,284.00,139.00
285.00,70.00,309.00,70.00,309.00,138.00,285.00,138.00
286.00,70.00,310.00,70.00,310.00,138.00,286.00,138.00
287.00,71.00,311.00,71.00,311.00,139.00,287.00,139.00
287.00,72.00,311.00,72.00,311.00,140.00,287.00,140.00
287.00,72.00,311.00,72.00,311.00,140.00,287.00,140.00
286.00,70.00,310.00,70.00,310.00,138.00,286.00,138.00
286.00,69.00,310.00,69.00,310.00,137.00,286.00,137.00
286.00,69.00,310.00,69.00,310.00,137.00,286.00,137.00
286.00,70.00,310.00,70.00,310.00,138.00,286.00,138.00
287.00,70.00,311.00,70.00,311.00,138.00,287.00,138.00
288.00,69.00,312.00,69.00,312.00,137.00,288.00,137.00
290.00,68.00,314.00,68.00,314.00,136.00,290.00,136.00
291.00,67.00,315.00,67.00,315.00,135.00,291.00,135.00
291.00,67.00,315.00,67.00,315.00,135.00,291.00,135.00
291.00,68.00,315.00,68.00,315.00,136.00,291.00,136.00
291.00,70.00,315.00,70.00,315.00,138.00,291.00,138.00
291.00,70.00,315.00,70.00,315.00,138.00,291.00,138.00
291.00,70.00,315.00,70.00,315.00,138.00,291.00,138.00
291.00,70.00,315.00,70.00,315.00,138.00,291.00,138.00
291.00,71.00,315.00,71.00,315.00,139.00,291.00,139.00
291.00,71.00,315.00,71.00,315.00,139.00,291.00,139.00
292.00,71.00,316.00,71.00,316.00,139.00,292.00,139.00
293.00,69.00,317.00,69.00,317.00,137.00,293.00,137.00
294.00,68.00,318.00,68.00,318.00,136.00,294.00,136.00
294.00,68.00,318.00,68.00,318.00,136.00,294.00,136.00
295.00,69.00,319.00,69.00,319.00,137.00,295.00,137.00
295.00,69.00,319.00,69.00,319.00,137.00,295.00,137.00
295.00,68.00,319.00,68.00,319.00,136.00,295.00,136.00
294.00,66.00,318.00,66.00,318.00,134.00,294.00,134.00
294.00,64.00,318.00,64.00,318.00,132.00,294.00,132.00
294.00,63.00,318.00,63.00,318.00,131.00,294.00,131.00
294.00,63.00,318.00,63.00,318.00,131.00,294.00,131.00
294.00,63.00,318.00,63.00,318.00,131.00,294.00,131.00
295.00,62.00,319.00,62.00,319.00,130.00,295.00,130.00
296.00,60.00,320.00,60.00,320.00,128.00,296.00,128.00
297.00,59.00,321.00,59.00,321.00,127.00,297.00,127.00
297.00,59.00,321.00,59.00,321.00,127.00,297.00,127.00
297.00,60.00,321.00,60.00,321.00,128.00,297.00,128.00
297.00,62.00,321.00,62.00,321.00,130.00,297.00,130.00
297.00,62.00,321.00,62.00,321.00,130.00,297.00,130.00
297.00,61.00,321.00,61.00,321.00,129.00,297.00,129.00
297.00,61.00,321.00,61.00,321.00,129.00,297.00,129.00
297.00,61.00,321.00,61.00,321.00,129.00,297.00,129.00
297.00,62.00,321.00,62.00,321.00,130.00,297.00,130.00
297.00,62.00,321.00,62.00,321.00,130.00,297.00,130.00
298.00,61.00,322.00,61.00,322.00,129.00,298.00,129.00
298.00,60.00,322.00,60.00,322.00,128.00,298.00,128.00
298.00,60.00,322.00,60.00,322.00,128.00,298.00,128.00
298.00,60.00,322.00,60.00,322.00,128.00,298.00,128.00
299.00,61.00,323.00,61.00,323.00,129.00,299.00,129.00
299.00,62.00,323.00,62.00,323.00,130.00,299.00,130.00
299.00,62.00,323.00,62.00,323.00,130.00,299.00,130.00
298.00,60.00,322.00,60.00,322.00,128.00,298.00,128.00
298.00,59.00,322.00,59.00,322.00,127.00,298.00,127.00
298.00,59.00,322.00,59.00,322.00,127.00,298.00,127.00
298.00,60.00,322.00,60.00,322.00,128.00,298.00,128.00
298.00,61.00,322.00,61.00,322.00,129.00,298.00,129.00
299.00,61.00,323.00,61.00,323.00,129.00,299.00,129.00
300.00,60.00,324.00,60.00,324.00,128.00,300.00,128.00
301.00,60.00,325.00,60.00,325.00,128.00,301.00,128.00
302.00,61.00,326.00,61.00,326.00,129.00,302.00,129.00
302.00,63.00,326.00,63.00,326.00,131.00,302.00,131.00
302.00,65.00,326.00,65.00,326.00,133.00,302.00,133.00
302.00,65.00,326.00,65.00,326.00,133.00,302.00,133.00
301.00,63.00,325.00,63.00,325.00,131.00,301.00,131.00
300.00,62.00,324.00,62.00,324.00,130.00,300.00,130.00
300.00,62.00,324.00,62.00,324.00,130.00,300.00,130.00
300.00,64.00,324.00,64.00,324.00,132.00,300.00,132.00
300.00,66.00,324.00,66.00,324.00,134.00,300.00,134.00
300.00,66.00,324.00,66.00,324.00,134.00,300.00,134.00
301.00,64.00,325.00,64.00,325.00,132.00,301.00,132.00
302.00,63.00,326.00,63.00,326.00,131.00,302.00,131.00
303.00,63.00,327.00,63.00,327.00,131.00,303.00,131.00
303.00,64.00,327.00,64.00,327.00,132.00,303.00,132.00
303.00,66.00,327.00,66.00,327.00,134.00,303.00,134.00
303.00,66.00,327.00,66.00,327.00,134.00,303.00,134.00
302.00,64.00,326.00,64.00,326.00,132.00,302.00,132.00
301.00,63.00,325.00,63.00,325.00,131.00,301.00,131.00
300.00,63.00,324.00,63.00,324.00,131.00,300.00,131.00
300.00,64.00,324.00,64.00,324.00,132.00,300.00,132.00
301.00,66.00,325.00,66.00,325.00,134.00,301.00,134.00
301.00,67.00,325.00,67.00,325.00,135.00,301.00,135.00
302.00,66.00,326.00,66.00,326.00,134.00,302.00,134.00
304.00,65.00,328.00,65.00,328.00,133.00,304.00,133.00
305.00,65.00,329.00,65.00,329.00,133.00,305.00,133.00
305.00,67.00,329.00,67.00,329.00,135.00,305.00,135.00
305.00,69.00,329.00,69.00,329.00,137.00,305.00,137.00
305.00,69.00,329.00,69.00,329.00,137.00,305.00,137.00
304.00,67.00,328.00,67.00,328.00,135.00,304.00,135.00
303.00,66.00,327.00,66.00,327.00,134.00,303.00,134.00
303.00,66.00,327.00,66.00,327.00,134.00,303.00,134.00
303.00,67.00,327.00,67.00,327.00,135.00,303.00,135.00
304.00,69.00,328.00,69.00,328.00,137.00,304.00,137.00
305.00,69.00,329.00,69.00,329.00,137.00,305.00,137.00
307.00,67.00,331.00,67.00,331.00,135.00,307.00,135.00
308.00,66.00,332.00,66.00,332.00,134.00,308.00,134.00
309.00,66.00,333.00,66.00,333.00,134.00,309.00,134.00
309.00,68.00,333.00,68.00,333.00,136.00,309.00,136.00
309.00,70.00,333.00,70.00,333.00,138.00,309.00,138.00
309.00,70.00,333.00,70.00,333.00,138.00,309.00,138.00
308.00,68.00,332.00,68.00,332.00,136.00,308.00,136.00
307.00,67.00,331.00,67.00,331.00,135.00,307.00,135.00
307.00,67.00,331.00,67.00,331.00,135.00,307.00,135.00
307.00,69.00,331.00,69.00,331.00,137.00,307.00,137.00
307.00,71.00,331.00,71.00,331.00,139.00,307.00,139.00
308.00,71.00,332.00,71.00,332.00,139.00,308.00,139.00
309.00,69.00,333.00,69.00,333.00,137.00,309.00,137.00
310.00,68.00,334.00,68.00,334.00,136.00,310.00,136.00
311.00,68.00,335.00,68.00,335.00,136.00,311.00,136.00
312.00,69.00,336.00,69.00,336.00,137.00,312.00,137.00
312.00,71.00,336.00,71.00,336.00,139.00,312.00,139.00
312.00,71.00,336.00,71.00,336.00,139.00,312.00,139.00
311.00,69.00,335.00,69.00,335.00,137.00,311.00,137.00
311.00,69.00,335.00,69.00,335.00,137.00,311.00,137.00
311.00,69.00,335.00,69.00,335.00,137.00,311.00,137.00
311.00,70.00,335.00,70.00,335.00,138.00,311.00,138.00
311.00,72.00,335.00,72.00,335.00,140.00,311.00,140.00
311.00,72.00,335.00,72.00,335.00,140.00,311.00,140.00
311.00,71.00,335.00,71.00,335.00,139.00,311.00,139.00
311.00,70.00,335.00,70.00,335.00,138.00,311.00,138.00
311.00,70.00,335.00,70.00,335.00,138.00,311.00,138.00
311.00,72.00,335.00,72.00,335.00,140.00,311.00,140.00
311.00,73.00,335.00,73.00,335.00,141.00,311.00,141.00
311.00,73.00,335.00,73.00,335.00,141.00,311.00,141.00
311.00,73.00,335.00,73.00,335.00,141.00,311.00,141.00
311.00,72.00,335.00,72.00,335.00,140.00,311.00,140.00
311.00,72.00,335.00,72.00,335.00,140.00,311.00,140.00
311.00,74.00,335.00,74.00,335.00,142.00,311.00,142.00
311.00,76.00,335.00,76.00,335.00,144.00,311.00,144.00
311.00,76.00,335.00,76.00,335.00,144.00,311.00,144.00
311.00,74.00,335.00,74.00,335.00,142.00,311.00,142.00
312.00,72.00,336.00,72.00,336.00,140.00,312.00,140.00
312.00,72.00,336.00,72.00,336.00,140.00,312.00,140.00
312.00,74.00,336.00,74.00,336.00,142.00,312.00,142.00
312.00,76.00,336.00,76.00,336.00,144.00,312.00,144.00
312.00,75.00,336.00,75.00,336.00,143.00,312.00,143.00
312.00,74.00,336.00,74.00,336.00,142.00,312.00,142.00
312.00,74.00,336.00,74.00,336.00,142.00,312.00,142.00
312.00,74.00,336.00,74.00,336.00,142.00,312.00,142.00
312.00,75.00,336.00,75.00,336.00,143.00,312.00,143.00
312.00,76.00,336.00,76.00,336.00,144.00,312.00,144.00
312.00,74.00,336.00,74.00,336.00,142.00,312.00,142.00
312.00,72.00,336.00,72.00,336.00,140.00,312.00,140.00
312.00,72.00,336.00,72.00,336.00,140.00,312.00,140.00
312.00,72.00,336.00,72.00,336.00,140.00,312.00,140.00
312.00,74.00,336.00,74.00,336.00,142.00,312.00,142.00
312.00,76.00,336.00,76.00,336.00,144.00,312.00,144.00
312.00,76.00,336.00,76.00,336.00,144.00,312.00,144.00
312.00,76.00,336.00,76.00,336.00,144.00,312.00,144.00
312.00,76.00,336.00,76.00,336.00,144.00,312.00,144.00
312.00,78.00,336.00,78.00,336.00,146.00,312.00,146.00
312.00,80.00,336.00,80.00,336.00,148.00,312.00,148.00
312.00,80.00,336.00,80.00,336.00,148.00,312.00,148.00
312.00,79.00,336.00,79.00,336.00,147.00,312.00,147.00
312.00,77.00,336.00,77.00,336.00,145.00,312.00,145.00
312.00,76.00,336.00,76.00,336.00,144.00,312.00,144.00
312.00,76.00,336.00,76.00,336.00,144.00,312.00,144.00
312.00,78.00,336.00,78.00,336.00,146.00,312.00,146.00
312.00,80.00,336.00,80.00,336.00,148.00,312.00,148.00
312.00,80.00,336.00,80.00,336.00,148.00,312.00,148.00
312.00,80.00,336.00,80.00,336.00,148.00,312.00,148.00
312.00,80.00,336.00,80.00,336.00,148.00,312.00,148.00
312.00,80.00,336.00,80.00,336.00,148.00,312.00,148.00
312.00,80.00,336.00,80.00,336.00,148.00,312.00,148.00
312.00,80.00,336.00,80.00,336.00,148.00,312.00,148.00
312.00,79.00,336.00,79.00,336.00,147.00,312.00,147.00
312.00,77.00,336.00,77.00,336.00,145.00,312.00,145.00
312.00,77.00,336.00,77.00,336.00,145.00,312.00,145.00
312.00,77.00,336.00,77.00,336.00,145.00,312.00,145.00
312.00,80.00,336.00,80.00,336.00,148.00,312.00,148.00
312.00,82.00,336.00,82.00,336.00,150.00,312.00,150.00
311.00,81.00,335.00,81.00,335.00,149.00,311.00,149.00
309.00,79.00,333.00,79.00,333.00,147.00,309.00,147.00
307.00,79.00,331.00,79.00,331.00,147.00,307.00,147.00
305.00,80.00,329.00,80.00,329.00,148.00,305.00,148.00
304.00,82.00,328.00,82.00,328.00,150.00,304.00,150.00
303.00,83.00,327.00,83.00,327.00,151.00,303.00,151.00
303.00,82.00,327.00,82.00,327.00,150.00,303.00,150.00
304.00,79.00,328.00,79.00,328.00,147.00,304.00,147.00
304.00,79.00,328.00,79.00,328.00,147.00,304.00,147.00
304.00,79.00,328.00,79.00,328.00,147.00,304.00,147.00
303.00,81.00,327.00,81.00,327.00,149.00,303.00,149.00
302.00,84.00,326.00,84.00,326.00,152.00,302.00,152.00
300.00,85.00,324.00,85.00,324.00,153.00,300.00,153.00
295.00,83.00,319.00,83.00,319.00,151.00,295.00,151.00
293.00,83.00,317.00,83.00,317.00,151.00,293.00,151.00
292.00,85.00,316.00,85.00,316.00,153.00,292.00,153.00
291.00,88.00,315.00,88.00,315.00,156.00,291.00,156.00
290.00,90.00,314.00,90.00,314.00,158.00,290.00,158.00
290.00,89.00,314.00,89.00,314.00,157.00,290.00,157.00
291.00,86.00,315.00,86.00,315.00,154.00,291.00,154.00
293.00,84.00,317.00,84.00,317.00,152.00,293.00,152.00
294.00,84.00,318.00,84.00,318.00,152.00,294.00,152.00
295.00,85.00,319.00,85.00,319.00,153.00,295.00,153.00
294.00,88.00,318.00,88.00,318.00,156.00,294.00,156.00
291.00,88.00,315.00,88.00,315.00,156.00,291.00,156.00
287.00,83.00,311.00,83.00,311.00,151.00,287.00,151.00
285.00,80.00,309.00,80.00,309.00,148.00,285.00,148.00
284.00,79.00,308.00,79.00,308.00,147.00,284.00,147.00
283.00,79.00,307.00,79.00,307.00,147.00,283.00,147.00
283.00,81.00,307.00,81.00,307.00,149.00,283.00,149.00
283.00,84.00,307.00,84.00,307.00,152.00,283.00,152.00
283.00,84.00,307.00,84.00,307.00,152.00,283.00,152.00
284.00,83.00,308.00,83.00,308.00,151.00,284.00,151.00
284.00,83.00,308.00,83.00,308.00,151.00,284.00,151.00
284.00,85.00,308.00,85.00,308.00,153.00,284.00,153.00
283.00,88.00,307.00,88.00,307.00,156.00,283.00,156.00
282.00,89.00,306.00,89.00,306.00,157.00,282.00,157.00
279.00,85.00,303.00,85.00,303.00,153.00,279.00,153.00
277.00,81.00,301.00,81.00,301.00,149.00,277.00,149.00
276.00,79.00,300.00,79.00,300.00,147.00,276.00,147.00
276.00,79.00,300.00,79.00,300.00,147.00,276.00,147.00
277.00,80.00,301.00,80.00,301.00,148.00,277.00,148.00
277.00,82.00,301.00,82.00,301.00,150.00,277.00,150.00
278.00,82.00,302.00,82.00,302.00,150.00,278.00,150.00
280.00,79.00,304.00,79.00,304.00,147.00,280.00,147.00
281.00,78.00,305.00,78.00,305.00,146.00,281.00,146.00
282.00,79.00,306.00,79.00,306.00,147.00,282.00,147.00
282.00,82.00,306.00,82.00,306.00,150.00,282.00,150.00
282.00,86.00,306.00,86.00,306.00,154.00,282.00,154.00
281.00,85.00,305.00,85.00,305.00,153.00,281.00,153.00
279.00,81.00,303.00,81.00,303.00,149.00,279.00,149.00
278.00,79.00,302.00,79.00,302.00,147.00,278.00,147.00
278.00,79.00,302.00,79.00,302.00,147.00,278.00,147.00
279.00,81.00,303.00,81.00,303.00,149.00,279.00,149.00
279.00,84.00,303.00,84.00,303.00,152.00,279.00,152.00
280.00,84.00,304.00,84.00,304.00,152.00,280.00,152.00
283.00,81.00,307.00,81.00,307.00,149.00,283.00,149.00
285.00,79.00,309.00,79.00,309.00,147.00,285.00,147.00
286.00,79.00,310.00,79.00,310.00,147.00,286.00,147.00
287.00,81.00,311.00,81.00,311.00,149.00,287.00,149.00
287.00,85.00,311.00,85.00,311.00,153.00,287.00,153.00
287.00,87.00,311.00,87.00,311.00,155.00,287.00,155.00
286.00,85.00,310.00,85.00,310.00,153.00,286.00,153.00
284.00,81.00,308.00,81.00,308.00,149.00,284.00,149.00
284.00,81.00,308.00,81.00,308.00,149.00,284.00,149.00
285.00,82.00,309.00,82.00,309.00,150.00,285.00,150.00
286.00,85.00,310.00,85.00,310.00,153.00,286.00,153.00
286.00,87.00,310.00,87.00,310.00,155.00,286.00,155.00
289.00,85.00,313.00,85.00,313.00,153.00,289.00,153.00
293.00,81.00,317.00,81.00,317.00,149.00,293.00,149.00
295.00,80.00,319.00,80.00,319.00,148.00,295.00,148.00
296.00,81.00,320.00,81.00,320.00,149.00,296.00,149.00
296.00,84.00,320.00,84.00,320.00,152.00,296.00,152.00
297.00,88.00,321.00,88.00,321.00,156.00,297.00,156.00
297.00,87.00,321.00,87.00,321.00,155.00,297.00,155.00
294.00,83.00,318.00,83.00,318.00,151.00,294.00,151.00
293.00,81.00,317.00,81.00,317.00,149.00,293.00,149.00
293.00,81.00,317.00,81.00,317.00,149.00,293.00,149.00
295.00,84.00,319.00,84.00,319.00,152.00,295.00,152.00
296.00,87.00,320.00,87.00,320.00,155.00,296.00,155.00
298.00,87.00,322.00,87.00,322.00,155.00,298.00,155.00
302.00,83.00,326.00,83.00,326.00,151.00,302.00,151.00
305.00,82.00,329.00,82.00,329.00,150.00,305.00,150.00
307.00,82.00,331.00,82.00,331.00,150.00,307.00,150.00
308.00,84.00,332.00,84.00,332.00,152.00,308.00,152.00
309.00,87.00,333.00,87.00,333.00,155.00,309.00,155.00
309.00,89.00,333.00,89.00,333.00,157.00,309.00,157.00
307.00,85.00,331.00,85.00,331.00,153.00,307.00,153.00
304.00,81.00,328.00,81.00,328.00,149.00,304.00,149.00
304.00,80.00,328.00,80.00,328.00,148.00,304.00,148.00
305.00,80.00,329.00,80.00,329.00,148.00,305.00,148.00
307.00,82.00,331.00,82.00,331.00,150.00,307.00,150.00
308.00,84.00,332.00,84.00,332.00,152.00,308.00,152.00
310.00,82.00,334.00,82.00,334.00,150.00,310.00,150.00
315.00,78.00,339.00,78.00,339.00,146.00,315.00,146.00
318.00,77.00,342.00,77.00,342.00,145.00,318.00,145.00
319.00,78.00,343.00,78.00,343.00,146.00,319.00,146.00
319.00,81.00,343.00,81.00,343.00,149.00,319.00,149.00
320.00,85.00,344.00,85.00,344.00,153.00,320.00,153.00
320.00,87.00,344.00,87.00,344.00,155.00,320.00,155.00
317.00,84.00,341.00,84.00,341.00,152.00,317.00,152.00
315.00,81.00,339.00,81.00,339.00,149.00,315.00,149.00
314.00,81.00,338.00,81.00,338.00,149.00,314.00,149.00
314.00,82.00,338.00,82.00,338.00,150.00,314.00,150.00
314.00,85.00,338.00,85.00,338.00,153.00,314.00,153.00
313.00,86.00,337.00,86.00,337.00,154.00,313.00,154.00
314.00,83.00,338.00,83.00,338.00,151.00,314.00,151.00
316.00,79.00,340.00,79.00,340.00,147.00,316.00,147.00
318.00,77.00,342.00,77.00,342.00,145.00,318.00,145.00
319.00,77.00,343.00,77.00,343.00,145.00,319.00,145.00
318.00,81.00,342.00,81.00,342.00,149.00,318.00,149.00
317.00,85.00,341.00,85.00,341.00,153.00,317.00,153.00
314.00,86.00,338.00,86.00,338.00,154.00,314.00,154.00
309.00,82.00,333.00,82.00,333.00,150.00,309.00,150.00
306.00,80.00,330.00,80.00,330.00,148.00,306.00,148.00
306.00,80.00,330.00,80.00,330.00,148.00,306.00,148.00
307.00,82.00,331.00,82.00,331.00,150.00,307.00,150.00
308.00,86.00,332.00,86.00,332.00,154.00,308.00,154.00
309.00,87.00,333.00,87.00,333.00,155.00,309.00,155.00
312.00,84.00,336.00,84.00,336.00,152.00,312.00,152.00
316.00,80.00,340.00,80.00,340.00,148.00,316.00,148.00
318.00,80.00,342.00,80.00,342.00,148.00,318.00,148.00
319.00,81.00,343.00,81.00,343.00,149.00,319.00,149.00
319.00,85.00,343.00,85.00,343.00,153.00,319.00,153.00
319.00,88.00,343.00,88.00,343.00,156.00,319.00,156.00
317.00,85.00,341.00,85.00,341.00,153.00,317.00,153.00
313.00,80.00,337.00,80.00,337.00,148.00,313.00,148.00
312.00,78.00,336.00,78.00,336.00,146.00,312.00,146.00
312.00,79.00,336.00,79.00,336.00,147.00,312.00,147.00
313.00,81.00,337.00,81.00,337.00,149.00,313.00,149.00
315.00,85.00,339.00,85.00,339.00,153.00,315.00,153.00
316.00,86.00,340.00,86.00,340.00,154.00,316.00,154.00
320.00,82.00,344.00,82.00,344.00,150.00,320.00,150.00
324.00,80.00,348.00,80.00,348.00,148.00,324.00,148.00
326.00,81.00,350.00,81.00,350.00,149.00,326.00,149.00
327.00,85.00,351.00,85.00,351.00,153.00,327.00,153.00
328.00,91.00,352.00,91.00,352.00,159.00,328.00,159.00
328.00,94.00,352.00,94.00,352.00,162.00,328.00,162.00
326.00,90.00,350.00,90.00,350.00,158.00,326.00,158.00
323.00,84.00,347.00,84.00,347.00,152.00,323.00,152.00
322.00,82.00,346.00,82.00,346.00,150.00,322.00,150.00
322.00,82.00,346.00,82.00,346.00,150.00,322.00,150.00
323.00,85.00,347.00,85.00,347.00,153.00,323.00,153.00
325.00,90.00,349.00,90.00,349.00,158.00,325.00,158.00
326.00,91.00,350.00,91.00,350.00,159.00,326.00,159.00
330.00,85.00,354.00,85.00,354.00,153.00,330.00,153.00
334.00,81.00,358.00,81.00,358.00,149.00,334.00,149.00
337.00,80.00,361.00,80.00,361.00,148.00,337.00,148.00
339.00,82.00,363.00,82.00,363.00,150.00,339.00,150.00
340.00,87.00,364.00,87.00,364.00,155.00,340.00,155.00
341.00,93.00,365.00,93.00,365.00,161.00,341.00,161.00
340.00,91.00,364.00,91.00,364.00,159.00,340.00,159.00
337.00,84.00,361.00,84.00,361.00,152.00,337.00,152.00
334.00,84.00,358.00,84.00,358.00,152.00,334.00,152.00
333.00,84.00,357.00,84.00,357.00,152.00,333.00,152.00
334.00,88.00,358.00,88.00,358.00,156.00,334.00,156.00
337.00,95.00,361.00,95.00,361.00,163.00,337.00,163.00
340.00,100.00,364.00,100.00,364.00,168.00,340.00,168.00
344.00,96.00,368.00,96.00,368.00,164.00,344.00,164.00
348.00,91.00,372.00,91.00,372.00,159.00,348.00,159.00
350.00,90.00,374.00,90.00,374.00,158.00,350.00,158.00
351.00,91.00,375.00,91.00,375.00,159.00,351.00,159.00
351.00,96.00,375.00,96.00,375.00,164.00,351.00,164.00
351.00,102.00,375.00,102.00,375.00,170.00,351.00,170.00
348.00,100.00,372.00,100.00,372.00,168.00,348.00,168.00
342.00,92.00,366.00,92.00,366.00,160.00,342.00,160.00
339.00,89.00,363.00,89.00,363.00,157.00,339.00,157.00
337.00,89.00,361.00,89.00,361.00,157.00,337.00,157.00
336.00,92.00,360.00,92.00,360.00,160.00,336.00,160.00
336.00,99.00,360.00,99.00,360.00,167.00,336.00,167.00
335.00,104.00,359.00,104.00,359.00,172.00,335.00,172.00
336.00,101.00,360.00,101.00,360.00,169.00,336.00,169.00
338.00,97.00,362.00,97.00,362.00,165.00,338.00,165.00
338.00,97.00,362.00,97.00,362.00,165.00,338.00,165.00
337.00,100.00,361.00,100.00,361.00,168.00,337.00,168.00
334.00,106.00,358.00,106.00,358.00,174.00,334.00,174.00
332.00,111.00,356.00,111.00,356.00,179.00,332.00,179.00
329.00,108.00,353.00,108.00,353.00,176.00,329.00,176.00
322.00,102.00,346.00,102.00,346.00,170.00,322.00,170.00
319.00,100.00,343.00,100.00,343.00,168.00,319.00,168.00
318.00,102.00,342.00,102.00,342.00,170.00,318.00,170.00
318.00,107.00,342.00,107.00,342.00,175.00,318.00,175.00
321.00,114.00,345.00,114.00,345.00,182.00,321.00,182.00
322.00,115.00,346.00,115.00,346.00,183.00,322.00,183.00
327.00,109.00,351.00,109.00,351.00,177.00,327.00,177.00
331.00,104.00,355.00,104.00,355.00,172.00,331.00,172.00
333.00,102.00,357.00,102.00,357.00,170.00,333.00,170.00
333.00,103.00,357.00,103.00,357.00,171.00,333.00,171.00
333.00,108.00,357.00,108.00,357.00,176.00,333.00,176.00
334.00,114.00,358.00,114.00,358.00,182.00,334.00,182.00
333.00,114.00,357.00,114.00,357.00,182.00,333.00,182.00
328.00,106.00,352.00,106.00,352.00,174.00,328.00,174.00
327.00,101.00,351.00,101.00,351.00,169.00,327.00,169.00
326.00,101.00,350.00,101.00,350.00,169.00,326.00,169.00
326.00,103.00,350.00,103.00,350.00,171.00,326.00,171.00
327.00,110.00,351.00,110.00,351.00,178.00,327.00,178.00
326.00,118.00,350.00,118.00,350.00,186.00,326.00,186.00
322.00,115.00,346.00,115.00,346.00,183.00,322.00,183.00
325.00,107.00,349.00,107.00,349.00,175.00,325.00,175.00
326.00,99.00,350.00,99.00,350.00,167.00,326.00,167.00
326.00,98.00,350.00,98.00,350.00,166.00,326.00,166.00
326.00,100.00,350.00,100.00,350.00,168.00,326.00,168.00
325.00,107.00,349.00,107.00,349.00,175.00,325.00,175.00
324.00,113.00,348.00,113.00,348.00,181.00,324.00,181.00
318.00,109.00,342.00,109.00,342.00,177.00,318.00,177.00
309.00,107.00,333.00,107.00,333.00,175.00,309.00,175.00
306.00,107.00,330.00,107.00,330.00,175.00,306.00,175.00
307.00,109.00,331.00,109.00,331.00,177.00,307.00,177.00
310.00,114.00,334.00,114.00,334.00,182.00,310.00,182.00
312.00,121.00,336.00,121.00,336.00,189.00,312.00,189.00
312.00,121.00,336.00,121.00,336.00,189.00,312.00,189.00
313.00,114.00,337.00,114.00,337.00,182.00,313.00,182.00
314.00,108.00,338.00,108.00,338.00,176.00,314.00,176.00
313.00,106.00,337.00,106.00,337.00,174.00,313.00,174.00
311.00,109.00,335.00,109.00,335.00,177.00,311.00,177.00
306.00,117.00,330.00,117.00,330.00,185.00,306.00,185.00
299.00,128.00,323.00,128.00,323.00,196.00,299.00,196.00
289.00,138.00,313.00,138.00,313.00,206.00,289.00,206.00
272.00,137.00,296.00,137.00,296.00,205.00,272.00,205.00
254.00,135.00,278.00,135.00,278.00,203.00,254.00,203.00
255.00,141.00,279.00,141.00,279.00,209.00,255.00,209.00
255.00,141.00,279.00,141.00,279.00,209.00,255.00,209.00
257.00,149.00,281.00,149.00,281.00,217.00,257.00,217.00
258.00,149.00,282.00,149.00,282.00,217.00,258.00,217.00
264.00,143.00,288.00,143.00,288.00,211.00,264.00,211.00
274.00,134.00,298.00,134.00,298.00,202.00,274.00,202.00
288.00,131.00,312.00,131.00,312.00,199.00,288.00,199.00
301.00,132.00,325.00,132.00,325.00,200.00,301.00,200.00
311.00,136.00,335.00,136.00,335.00,204.00,311.00,204.00
316.00,142.00,340.00,142.00,340.00,210.00,316.00,210.00
328.00,134.00,352.00,134.00,352.00,202.00,328.00,202.00
345.00,133.00,369.00,133.00,369.00,201.00,345.00,201.00
362.00,132.00,386.00,132.00,386.00,200.00,362.00,200.00
2
0
0
0
0
1
238.00,79.00,362.00,79.00,362.00,240.00,238.00,240.00
242.00,79.00,366.00,79.00,366.00,240.00,242.00,240.00
248.00,82.00,372.00,82.00,372.00,240.00,248.00,240.00
255.00,85.00,379.00,85.00,379.00,240.00,255.00,240.00
260.00,85.00,384.00,85.00,384.00,240.00,260.00,240.00
264.00,83.00,388.00,83.00,388.00,238.00,264.00,238.00
268.00,82.00,392.00,82.00,392.00,237.00,268.00,237.00
272.00,82.00,396.00,82.00,396.00,237.00,272.00,237.00
275.00,83.00,399.00,83.00,399.00,238.00,275.00,238.00
277.00,87.00,401.00,87.00,401.00,240.00,277.00,240.00
279.00,89.00,403.00,89.00,403.00,240.00,279.00,240.00
281.00,89.00,405.00,89.00,405.00,240.00,281.00,240.00
284.00,86.00,408.00,86.00,408.00,237.00,284.00,237.00
287.00,84.00,411.00,84.00,411.00,235.00,287.00,235.00
288.00,84.00,412.00,84.00,412.00,235.00,288.00,235.00
288.00,86.00,412.00,86.00,412.00,237.00,288.00,237.00
288.00,89.00,412.00,89.00,412.00,240.00,288.00,240.00
288.00,91.00,412.00,91.00,412.00,240.00,288.00,240.00
287.00,91.00,411.00,91.00,411.00,240.00,287.00,240.00
284.00,90.00,408.00,90.00,408.00,239.00,284.00,239.00
281.00,90.00,405.00,90.00,405.00,239.00,281.00,239.00
277.00,90.00,401.00,90.00,401.00,239.00,277.00,239.00
273.00,92.00,397.00,92.00,397.00,240.00,273.00,240.00
268.00,94.00,392.00,94.00,392.00,240.00,268.00,240.00
264.00,94.00,388.00,94.00,388.00,240.00,264.00,240.00
262.00,93.00,386.00,93.00,386.00,239.00,262.00,239.00
260.00,92.00,384.00,92.00,384.00,238.00,260.00,238.00
257.00,93.00,381.00,93.00,381.00,239.00,257.00,239.00
254.00,95.00,378.00,95.00,378.00,240.00,254.00,240.00
253.00,97.00,377.00,97.00,377.00,240.00,253.00,240.00
252.00,99.00,376.00,99.00,376.00,240.00,252.00,240.00
251.00,98.00,375.00,98.00,375.00,239.00,251.00,239.00
250.00,98.00,374.00,98.00,374.00,239.00,250.00,239.00
250.00,99.00,374.00,99.00,374.00,240.00,250.00,240.00
250.00,101.00,374.00,101.00,374.00,240.00,250.00,240.00
251.00,103.00,375.00,103.00,375.00,240.00,251.00,240.00
256.00,105.00,380.00,105.00,380.00,240.00,256.00,240.00
257.00,108.00,381.00,108.00,381.00,240.00,257.00,240.00
257.00,109.00,381.00,109.00,381.00,240.00,257.00,240.00
257.00,109.00,381.00,109.00,381.00,240.00,257.00,240.00
258.00,110.00,382.00,110.00,382.00,240.00,258.00,240.00
259.00,112.00,383.00,112.00,383.00,240.00,259.00,240.00
260.00,115.00,384.00,115.00,384.00,240.00,260.00,240.00
261.00,119.00,385.00,119.00,385.00,240.00,261.00,240.00
263.00,122.00,387.00,122.00,387.00,240.00,263.00,240.00
265.00,123.00,389.00,123.00,389.00,240.00,265.00,240.00
267.00,123.00,391.00,123.00,391.00,240.00,267.00,240.00
270.00,123.00,394.00,123.00,394.00,240.00,270.00,240.00
272.00,124.00,396.00,124.00,396.00,240.00,272.00,240.00
273.00,126.00,397.00,126.00,397.00,240.00,273.00,240.00
274.00,128.00,398.00,128.00,398.00,240.00,274.00,240.00
275.00,130.00,399.00,130.00,399.00,240.00,275.00,240.00
275.00,130.00,399.00,130.00,399.00,240.00,275.00,240.00
276.00,130.00,400.00,130.00,400.00,240.00,276.00,240.00
275.00,131.00,399.00,131.00,399.00,240.00,275.00,240.00
274.00,132.00,398.00,132.00,398.00,240.00,274.00,240.00
273.00,134.00,397.00,134.00,397.00,240.00,273.00,240.00
272.00,135.00,396.00,135.00,396.00,240.00,272.00,240.00
271.00,135.00,395.00,135.00,395.00,240.00,271.00,240.00
270.00,135.00,394.00,135.00,394.00,240.00,270.00,240.00
269.00,135.00,393.00,135.00,393.00,240.00,269.00,240.00
268.00,135.00,392.00,135.00,392.00,240.00,268.00,240.00
267.00,136.00,391.00,136.00,391.00,240.00,267.00,240.00
266.00,137.00,390.00,137.00,390.00,240.00,266.00,240.00
265.00,137.00,389.00,137.00,389.00,240.00,265.00,240.00
265.00,137.00,389.00,137.00,389.00,240.00,265.00,240.00
265.00,137.00,389.00,137.00,389.00,240.00,265.00,240.00
265.00,137.00,389.00,137.00,389.00,240.00,265.00,240.00
266.00,137.00,390.00,137.00,390.00,240.00,266.00,240.00
267.00,136.00,391.00,136.00,391.00,239.00,267.00,239.00
268.00,135.00,392.00,135.00,392.00,238.00,268.00,238.00
269.00,134.00,393.00,134.00,393.00,237.00,269.00,237.00
269.00,134.00,393.00,134.00,393.00,237.00,269.00,237.00
269.00,135.00,393.00,135.00,393.00,238.00,269.00,238.00
269.00,136.00,393.00,136.00,393.00,239.00,269.00,239.00
269.00,136.00,393.00,136.00,393.00,239.00,269.00,239.00
269.00,136.00,393.00,136.00,393.00,239.00,269.00,239.00
270.00,136.00,394.00,136.00,394.00,239.00,270.00,239.00
272.00,136.00,396.00,136.00,396.00,239.00,272.00,239.00
274.00,136.00,398.00,136.00,398.00,239.00,274.00,239.00
276.00,136.00,400.00,136.00,400.00,239.00,276.00,239.00
278.00,137.00,402.00,137.00,402.00,240.00,278.00,240.00
280.00,137.00,404.00,137.00,404.00,240.00,280.00,240.00
281.00,138.00,405.00,138.00,405.00,240.00,281.00,240.00
282.00,138.00,406.00,138.00,406.00,240.00,282.00,240.00
284.00,139.00,408.00,139.00,408.00,240.00,284.00,240.00
285.00,139.00,409.00,139.00,409.00,240.00,285.00,240.00
286.00,140.00,410.00,140.00,410.00,240.00,286.00,240.00
287.00,141.00,411.00,141.00,411.00,240.00,287.00,240.00
288.00,142.00,412.00,142.00,412.00,240.00,288.00,240.00
288.00,142.00,412.00,142.00,412.00,240.00,288.00,240.00
288.00,142.00,412.00,142.00,412.00,240.00,288.00,240.00
288.00,142.00,412.00,142.00,412.00,240.00,288.00,240.00
288.00,142.00,412.00,142.00,412.00,240.00,288.00,240.00
288.00,142.00,412.00,142.00,412.00,240.00,288.00,240.00
288.00,142.00,412.00,142.00,412.00,240.00,288.00,240.00
288.00,142.00,412.00,142.00,412.00,240.00,288.00,240.00
288.00,142.00,412.00,142.00,412.00,240.00,288.00,240.00
288.00,142.00,412.00,142.00,412.00,240.00,288.00,240.00
288.00,142.00,412.00,142.00,412.00,240.00,288.00,240.00
288.00,142.00,412.00,142.00,412.00,240.00,288.00,240.00
288.00,142.00,412.00,142.00,412.00,240.00,288.00,240.00
288.00,142.00,412.00,142.00,412.00,240.00,288.00,240.00
288.00,142.00,412.00,142.00,412.00,240.00,288.00,240.00
2
0
0
0
0
1
257.00,164.00,277.00,164.00,277.00,204.00,257.00,204.00
256.00,164.00,276.00,164.00,276.00,204.00,256.00,204.00
256.00,164.00,276.00,164.00,276.00,204.00,256.00,204.00
256.00,164.00,276.00,164.00,276.00,204.00,256.00,204.00
256.00,164.00,276.00,164.00,276.00,204.00,256.00,204.00
256.00,164.00,276.00,164.00,276.00,204.00,256.00,204.00
256.00,164.00,276.00,164.00,276.00,204.00,256.00,204.00
256.00,164.00,276.00,164.00,276.00,204.00,256.00,204.00
256.00,164.00,276.00,164.00,276.00,204.00,256.00,204.00
256.00,164.00,276.00,164.00,276.00,204.00,256.00,204.00
2
0
0
0
0
1
223.00,162.00,246.00,162.00,246.00,200.00,223.00,200.00
221.00,162.00,244.00,162.00,244.00,200.00,221.00,200.00
219.00,162.00,242.00,162.00,242.00,200.00,219.00,200.00
217.00,162.00,240.00,162.00,240.00,200.00,217.00,200.00
215.00,163.00,238.00,163.00,238.00,201.00,215.00,201.00
214.00,163.00,237.00,163.00,237.00,201.00,214.00,201.00
214.00,163.00,237.00,163.00,237.00,201.00,214.00,201.00
2
0
0
0
0
1
194.00,165.00,215.00,165.00,215.00,203.00,194.00,203.00
193.00,165.00,214.00,165.00,214.00,203.00,193.00,203.00
192.00,165.00,213.00,165.00,213.00,203.00,192.00,203.00
191.00,165.00,212.00,165.00,212.00,203.00,191.00,203.00
190.00,165.00,211.00,165.00,211.00,203.00,190.00,203.00
189.00,165.00,210.00,165.00,210.00,203.00,189.00,203.00
188.00,165.00,209.00,165.00,209.00,203.00,188.00,203.00
186.00,166.00,207.00,166.00,207.00,204.00,186.00,204.00
185.00,167.00,206.00,167.00,206.00,205.00,185.00,205.00
184.00,167.00,205.00,167.00,205.00,205.00,184.00,205.00
184.00,166.00,205.00,166.00,205.00,204.00,184.00,204.00
184.00,166.00,205.00,166.00,205.00,204.00,184.00,204.00
184.00,166.00,205.00,166.00,205.00,204.00,184.00,204.00
184.00,166.00,205.00,166.00,205.00,204.00,184.00,204.00
184.00,166.00,205.00,166.00,205.00,204.00,184.00,204.00
184.00,166.00,205.00,166.00,205.00,204.00,184.00,204.00
184.00,166.00,205.00,166.00,205.00,204.00,184.00,204.00
184.00,166.00,205.00,166.00,205.00,204.00,184.00,204.00
184.00,166.00,205.00,166.00,205.00,204.00,184.00,204.00
184.00,166.00,205.00,166.00,205.00,204.00,184.00,204.00
2
0
0
0
0
1
163.00,166.00,179.00,166.00,179.00,202.00,163.00,202.00
163.00,166.00,179.00,166.00,179.00,202.00,163.00,202.00
163.00,166.00,179.00,166.00,179.00,202.00,163.00,202.00
163.00,166.00,179.00,166.00,179.00,202.00,163.00,202.00
163.00,166.00,179.00,166.00,179.00,202.00,163.00,202.00
163.00,166.00,179.00,166.00,179.00,202.00,163.00,202.00
163.00,166.00,179.00,166.00,179.00,202.00,163.00,202.00
163.00,166.00,179.00,166.00,179.00,202.00,163.00,202.00
163.00,166.00,179.00,166.00,179.00,202.00,163.00,202.00
163.00,166.00,179.00,166.00,179.00,202.00,163.00,202.00
163.00,166.00,179.00,166.00,179.00,202.00,163.00,202.00
163.00,166.00,179.00,166.00,179.00,202.00,163.00,202.00
163.00,166.00,179.00,166.00,179.00,202.00,163.00,202.00
163.00,166.00,179.00,166.00,179.00,202.00,163.00,202.00
164.00,166.00,180.00,166.00,180.00,202.00,164.00,202.00
164.00,166.00,180.00,166.00,180.00,202.00,164.00,202.00
164.00,166.00,180.00,166.00,180.00,202.00,164.00,202.00
164.00,166.00,180.00,166.00,180.00,202.00,164.00,202.00
164.00,166.00,180.00,166.00,180.00,202.00,164.00,202.00
164.00,166.00,180.00,166.00,180.00,202.00,164.00,202.00
164.00,166.00,180.00,166.00,180.00,202.00,164.00,202.00
164.00,166.00,180.00,166.00,180.00,202.00,164.00,202.00
164.00,166.00,180.00,166.00,180.00,202.00,164.00,202.00
164.00,166.00,180.00,166.00,180.00,202.00,164.00,202.00
164.00,166.00,180.00,166.00,180.00,202.00,164.00,202.00
164.00,166.00,180.00,166.00,180.00,202.00,164.00,202.00
164.00,166.00,180.00,166.00,180.00,202.00,164.00,202.00
164.00,166.00,180.00,166.00,180.00,202.00,164.00,202.00
164.00,166.00,180.00,166.00,180.00,202.00,164.00,202.00
164.00,166.00,180.00,166.00,180.00,202.00,164.00,202.00
164.00,166.00,180.00,166.00,180.00,202.00,164.00,202.00
164.00,166.00,180.00,166.00,180.00,202.00,164.00,202.00
164.00,166.00,180.00,166.00,180.00,202.00,164.00,202.00
164.00,166.00,180.00,166.00,180.00,202.00,164.00,202.00
164.00,166.00,180.00,166.00,180.00,202.00,164.00,202.00
164.00,166.00,180.00,166.00,180.00,202.00,164.00,202.00
164.00,166.00,180.00,166.00,180.00,202.00,164.00,202.00
164.00,166.00,180.00,166.00,180.00,202.00,164.00,202.00
164.00,166.00,180.00,166.00,180.00,202.00,164.00,202.00
164.00,166.00,180.00,166.00,180.00,202.00,164.00,202.00
164.00,166.00,180.00,166.00,180.00,202.00,164.00,202.00
164.00,166.00,180.00,166.00,180.00,202.00,164.00,202.00
164.00,166.00,180.00,166.00,180.00,202.00,164.00,202.00
164.00,166.00,180.00,166.00,180.00,202.00,164.00,202.00
164.00,166.00,180.00,166.00,180.00,202.00,164.00,202.00
164.00,166.00,180.00,166.00,180.00,202.00,164.00,202.00
164.00,166.00,180.00,166.00,180.00,202.00,164.00,202.00
164.00,166.00,180.00,166.00,180.00,202.00,164.00,202.00
164.00,166.00,180.00,166.00,180.00,202.00,164.00,202.00
164.00,166.00,180.00,166.00,180.00,202.00,164.00,202.00
164.00,166.00,180.00,166.00,180.00,202.00,164.00,202.00
164.00,166.00,180.00,166.00,180.00,202.00,164.00,202.00
164.00,166.00,180.00,166.00,180.00,202.00,164.00,202.00
2
0
0
0
0
1
190.00,168.00,210.00,168.00,210.00,203.00,190.00,203.00
192.00,168.00,212.00,168.00,212.00,203.00,192.00,203.00
194.00,168.00,214.00,168.00,214.00,203.00,194.00,203.00
196.00,168.00,216.00,168.00,216.00,203.00,196.00,203.00
198.00,168.00,218.00,168.00,218.00,203.00,198.00,203.00
200.00,168.00,220.00,168.00,220.00,203.00,200.00,203.00
201.00,168.00,221.00,168.00,221.00,203.00,201.00,203.00
202.00,167.00,222.00,167.00,222.00,202.00,202.00,202.00
203.00,166.00,223.00,166.00,223.00,201.00,203.00,201.00
205.00,165.00,225.00,165.00,225.00,200.00,205.00,200.00
205.00,165.00,225.00,165.00,225.00,200.00,205.00,200.00
207.00,166.00,227.00,166.00,227.00,201.00,207.00,201.00
209.00,166.00,229.00,166.00,229.00,201.00,209.00,201.00
212.00,166.00,232.00,166.00,232.00,201.00,212.00,201.00
215.00,166.00,235.00,166.00,235.00,201.00,215.00,201.00
218.00,165.00,238.00,165.00,238.00,200.00,218.00,200.00
220.00,165.00,240.00,165.00,240.00,200.00,220.00,200.00
222.00,165.00,242.00,165.00,242.00,200.00,222.00,200.00
224.00,165.00,244.00,165.00,244.00,200.00,224.00,200.00
226.00,165.00,246.00,165.00,246.00,200.00,226.00,200.00
228.00,165.00,248.00,165.00,248.00,200.00,228.00,200.00
230.00,165.00,250.00,165.00,250.00,200.00,230.00,200.00
233.00,165.00,253.00,165.00,253.00,200.00,233.00,200.00
236.00,166.00,256.00,166.00,256.00,201.00,236.00,201.00
239.00,167.00,259.00,167.00,259.00,202.00,239.00,202.00
242.00,167.00,262.00,167.00,262.00,202.00,242.00,202.00
245.00,166.00,265.00,166.00,265.00,201.00,245.00,201.00
248.00,165.00,268.00,165.00,268.00,200.00,248.00,200.00
251.00,164.00,271.00,164.00,271.00,199.00,251.00,199.00
254.00,164.00,274.00,164.00,274.00,199.00,254.00,199.00
257.00,164.00,277.00,164.00,277.00,199.00,257.00,199.00
260.00,164.00,280.00,164.00,280.00,199.00,260.00,199.00
263.00,164.00,283.00,164.00,283.00,199.00,263.00,199.00
266.00,164.00,286.00,164.00,286.00,199.00,266.00,199.00
269.00,163.00,289.00,163.00,289.00,198.00,269.00,198.00
272.00,163.00,292.00,163.00,292.00,198.00,272.00,198.00
275.00,164.00,295.00,164.00,295.00,199.00,275.00,199.00
278.00,165.00,298.00,165.00,298.00,200.00,278.00,200.00
282.00,167.00,302.00,167.00,302.00,202.00,282.00,202.00
281.00,174.00,301.00,174.00,301.00,209.00,281.00,209.00
281.00,173.00,301.00,173.00,301.00,208.00,281.00,208.00
281.00,174.00,301.00,174.00,301.00,209.00,281.00,209.00
2
0
0
0
0
1
319.00,166.00,336.00,166.00,336.00,204.00,319.00,204.00
319.00,166.00,336.00,166.00,336.00,204.00,319.00,204.00
319.00,166.00,336.00,166.00,336.00,204.00,319.00,204.00
319.00,167.00,336.00,167.00,336.00,205.00,319.00,205.00
2
0
0
0
0
1
348.00,168.00,366.00,168.00,366.00,204.00,348.00,204.00
348.00,168.00,366.00,168.00,366.00,204.00,348.00,204.00
348.00,168.00,366.00,168.00,366.00,204.00,348.00,204.00
348.00,168.00,366.00,168.00,366.00,204.00,348.00,204.00
348.00,168.00,366.00,168.00,366.00,204.00,348.00,204.00
348.00,168.00,366.00,168.00,366.00,204.00,348.00,204.00
348.00,168.00,366.00,168.00,366.00,204.00,348.00,204.00
348.00,168.00,366.00,168.00,366.00,204.00,348.00,204.00
2
0
0
0
0
1
369.00,169.00,387.00,169.00,387.00,202.00,369.00,202.00
369.00,169.00,387.00,169.00,387.00,202.00,369.00,202.00
369.00,169.00,387.00,169.00,387.00,202.00,369.00,202.00
369.00,169.00,387.00,169.00,387.00,202.00,369.00,202.00
369.00,169.00,387.00,169.00,387.00,202.00,369.00,202.00
369.00,169.00,387.00,169.00,387.00,202.00,369.00,202.00
369.00,169.00,387.00,169.00,387.00,202.00,369.00,202.00
