1
442.185211,381.502716,94.304604,54.979187
442.458923,380.314148,94.905182,55.388027
443.103790,379.664459,94.832405,55.396461
442.013702,380.550598,94.506027,55.155369
442.713348,379.036041,94.668221,55.267731
445.565002,378.430359,94.146355,55.045334
444.495880,380.510315,93.968849,55.106068
447.663940,380.747253,93.533524,54.842411
445.834747,380.209137,93.485802,55.039593
447.111847,380.310516,93.235390,54.934185
448.485016,379.978699,93.541153,55.127781
450.477173,380.170502,93.661819,55.164509
452.097931,381.373444,94.550240,55.733025
462.439240,380.084900,94.713600,55.776649
468.188690,380.120453,94.888268,55.814144
476.069214,379.665771,95.152557,55.973259
476.188080,380.558655,95.001427,55.973057
479.669830,378.818329,95.030296,56.078312
480.637695,378.590820,95.265617,56.246109
480.677399,379.340790,94.958954,55.912056
482.901703,378.721466,95.001976,55.842228
484.056946,377.587128,95.398224,56.112587
487.724670,379.170685,96.024246,56.478542
484.543304,378.302887,96.054008,56.420567
488.108948,378.760315,96.068153,56.440441
489.678223,379.201080,96.175079,56.598572
492.385468,380.812500,95.960915,56.458710
496.332794,379.174286,95.767647,56.286022
501.845154,379.021637,95.431419,56.121021
506.285004,377.783417,95.637894,56.273834
510.257782,376.609985,95.856857,56.421440
511.104370,376.532654,95.609093,56.235718
510.221771,376.354462,95.616997,56.237320
514.881409,375.772766,95.501663,55.942886
515.435852,376.105621,95.735832,56.073051
519.025024,375.845551,95.605957,55.956558
518.944702,375.524078,95.490524,55.966660
521.698181,375.706909,96.120316,56.301365
520.907166,374.967010,96.212074,56.339062
518.204773,376.393616,96.316841,56.395718
519.987915,376.500549,96.439621,56.417610
515.938477,378.200531,96.502213,56.412029
519.864807,376.660095,96.208870,56.186256
513.099731,378.189819,95.057373,56.099869
520.855713,377.931641,95.421776,56.284683
516.734924,377.233276,95.589569,56.326859
521.419800,375.922668,96.173920,56.562717
519.018188,375.630371,96.475060,56.640575
515.649414,376.838074,96.626015,56.844963
517.702881,376.661896,96.225281,56.626835
518.967346,377.144318,96.120224,56.608932
516.246826,378.635803,96.027344,56.539558
519.146545,377.345703,96.192894,56.574139
519.500366,377.249939,96.217789,56.509144
518.911926,376.819397,96.522514,56.607124
519.269409,377.402557,96.710648,56.738201
524.937805,376.017059,96.349915,56.625206
525.829163,375.708466,96.245857,56.643036
519.936401,375.652893,96.093430,56.497974
523.355103,376.625000,95.547081,56.188694
521.681152,376.888672,95.519241,55.964279
520.598083,376.755585,95.685715,56.188992
521.408569,376.098907,95.428200,56.037018
517.822205,376.252899,95.320580,55.926525
519.458435,376.670959,95.281883,55.876755
520.922546,377.351135,95.208069,55.705540
518.758972,377.277679,95.378235,55.828484
521.145508,376.705750,95.714531,56.018913
520.371399,376.046509,96.268257,56.434303
518.316406,375.912811,96.590477,56.685680
517.552185,377.015991,96.827797,56.770988
516.411133,376.864044,96.532433,56.612110
518.503967,377.342468,96.664062,56.724129
511.362213,376.943054,97.303833,57.061005
511.979095,377.680634,97.608116,57.179520
508.798828,377.838257,97.923584,57.571083
515.912537,377.382690,98.068268,57.794575
514.112244,377.251923,97.867462,57.718525
511.357452,377.433563,97.811821,57.604889
509.109406,376.637146,97.495140,57.372643
513.294495,375.627808,96.829445,56.943844
510.677856,377.813171,96.936676,56.930145
513.958984,377.037872,96.770630,56.835854
515.746460,377.116760,96.883598,57.052742
514.938965,377.599609,96.594490,56.860241
515.596252,376.458862,96.477509,56.881210
515.740479,375.861298,96.639580,57.155407
516.359192,376.604095,97.360062,57.573387
479.827118,378.119141,97.347160,57.618290
509.437592,376.538177,97.427170,57.584663
515.059143,378.516113,97.280212,57.479603
518.794373,376.966888,97.263535,57.379738
516.297302,378.074646,97.433441,57.558155
510.233276,378.246429,97.064362,57.463875
514.991699,377.944641,96.702011,57.376675
513.916138,377.436035,96.289871,57.236446
514.200562,377.518982,96.666794,57.482281
516.506470,377.402069,96.614357,57.528198
512.779663,376.538483,97.045937,57.718010
515.467468,377.433228,97.175888,57.759785
513.502991,376.630737,96.856750,57.488239
514.390381,376.638824,96.852417,57.380478
516.003601,376.202545,96.857712,57.424881
515.293518,378.125549,97.128372,57.526051
514.919312,376.816254,97.506828,57.868229
516.052979,377.661987,96.962563,57.656387
514.356079,376.883759,96.946182,57.599415
516.108765,376.385010,96.671806,57.430645
517.290771,377.311310,96.746964,57.478363
515.796082,377.411926,96.304031,57.185524
520.480042,378.054291,96.468361,57.250168
516.159180,377.359467,96.222458,57.014881
515.511963,377.615082,96.871758,57.533749
515.234314,376.454163,96.958252,57.542320
514.239258,376.696838,97.117393,57.538422
516.453735,376.902527,97.214973,57.649780
514.023254,376.864380,97.209686,57.519459
514.669189,376.795258,97.028366,57.388115
517.550964,377.235657,97.006699,57.420052
519.791077,378.255859,97.077255,57.454842
517.282837,378.367767,97.096649,57.476196
515.764038,377.096771,96.080482,56.809040
516.897827,377.678772,95.907547,56.754589
516.732727,377.619049,95.236435,56.255623
518.632751,376.871338,95.624001,56.515427
516.440002,377.805084,95.567184,56.445049
516.842102,376.709625,94.965027,56.118534
516.901184,377.326569,95.054169,56.135708
516.575134,377.497803,95.067009,56.072208
515.510071,377.499969,95.118553,56.042080
516.020386,375.942017,95.902611,56.581337
516.952942,376.635345,95.957970,56.511177
517.367065,376.782227,95.703888,56.174347
517.061829,377.901855,95.713280,56.334721
519.100464,377.569061,95.693420,56.304607
517.697632,376.823914,95.642899,56.171959
516.655151,377.687988,95.477531,56.099461
515.947144,376.856049,95.252541,55.948364
514.724365,377.873627,95.551437,56.226467
514.407654,378.052399,95.274399,56.063980
515.342041,377.718414,95.251907,56.144520
515.196228,377.178680,95.519753,56.298256
514.750427,377.147919,95.272423,56.270130
518.032166,378.034912,95.083870,56.051117
513.836792,376.724976,95.155174,56.114388
517.897522,376.262817,95.192474,56.048805
516.234985,378.712250,95.114731,55.933285
515.621643,377.477417,95.193527,55.981880
513.616882,377.795166,95.248024,56.049698
513.707336,377.110809,95.287445,55.939510
515.093323,376.451752,95.295273,56.032833
513.421814,376.729675,95.352470,56.135525
514.619690,377.757996,95.364098,56.306305
515.869629,379.609375,95.625587,56.408360
517.638245,376.334106,95.550522,56.375999
514.651428,376.628967,95.575790,56.591835
514.920471,377.471100,95.566704,56.733234
515.170227,376.875946,95.269867,56.401379
512.950012,376.829132,95.603874,56.718781
514.218689,376.928619,95.267525,56.609749
515.014526,377.712372,95.457718,56.818176
519.191467,377.740265,95.149834,56.764145
516.398376,378.251221,95.281502,56.799011
514.243103,377.386566,95.192764,56.775017
521.483276,376.759460,94.675560,56.481308
519.800598,378.430634,94.408081,56.237320
520.505676,377.931946,94.942184,56.423096
516.723206,377.559967,94.716278,56.177837
518.375916,377.361206,94.973083,56.248749
519.103882,376.985901,95.121208,56.360706
516.831543,378.465332,94.855843,56.307926
517.448425,378.010345,94.890800,56.303757
517.621399,377.160522,94.937263,56.391033
521.146118,377.961731,94.798927,56.445152
525.021484,376.951233,94.819504,56.447815
520.255920,377.322449,95.551857,56.940636
522.184387,377.304474,95.156479,56.611420
518.855164,378.713867,95.015198,56.474525
521.626892,376.459564,95.064888,56.421318
523.040039,377.669373,95.031914,56.462566
522.470764,376.017792,95.087334,56.599358
521.166077,376.690552,95.163498,56.626003
520.576965,378.335266,95.278221,56.748184
520.498108,377.420715,95.099556,56.682705
522.866272,376.817596,94.619698,56.546871
522.012085,377.027283,94.644699,56.646698
522.331970,376.745819,94.798950,56.583454
521.898804,376.634918,94.663338,56.354462
527.634766,377.307098,94.158569,55.993690
526.799072,376.786224,93.954750,55.948708
531.158081,377.580444,94.485359,56.233910
532.917358,377.702118,94.545326,56.291672
535.795288,376.254578,94.097504,55.946774
540.172363,376.257935,94.237358,56.220398
541.982239,373.656494,93.837097,55.999519
544.363220,374.581451,94.368744,56.377319
545.630310,373.510712,94.390457,56.409424
547.836365,374.075562,93.783989,56.167099
548.247864,374.133667,93.777634,56.067627
547.567261,373.458374,94.332008,56.383972
547.790527,374.648590,94.390923,56.404858
547.244934,374.476715,93.691093,55.916504
552.218872,375.174683,93.485703,55.743744
554.160767,372.906799,93.419785,55.730576
552.991089,373.233490,93.581627,55.838398
554.445679,373.650604,93.389977,55.753338
553.126221,374.232819,93.394180,55.847858
556.279236,375.180847,93.511581,55.892445
557.874817,372.158752,93.145363,55.561573
560.427734,372.231079,93.070152,55.535004
556.862915,373.440338,93.124954,55.570328
557.803101,372.935455,92.883507,55.488895
556.729736,373.775726,93.170090,55.630001
561.798706,369.809357,93.041801,55.476341
564.177307,370.702057,93.231964,55.697914
562.765381,371.522186,93.067757,55.545544
558.981995,373.343353,93.403564,55.794228
564.121765,370.068573,93.592468,55.883686
563.438354,369.074554,93.949654,56.135845
565.958740,369.819031,94.031746,56.253670
562.847900,372.836548,94.038780,56.266228
561.213135,371.648987,93.292603,55.652264
562.690674,371.430237,93.268661,55.569466
561.534424,372.674347,93.598991,55.704235
562.998657,370.622833,94.246780,55.859928
562.309875,368.961487,94.313011,55.895866
564.909058,371.558014,94.180878,55.758991
563.815918,370.629608,93.924866,55.555576
563.237671,371.621948,93.985245,55.569950
563.499756,370.521301,94.174767,55.760094
564.066040,371.292542,94.019409,55.756119
564.871155,371.149689,94.232056,55.995609
564.289795,371.183105,94.309006,56.104004
563.843018,371.333435,94.500366,56.146229
566.900269,370.144806,94.277390,55.984135
564.843201,371.416534,94.184967,55.854290
566.324768,370.421997,94.011543,55.701237
564.425720,371.434235,94.296379,55.945320
565.590149,371.910492,94.023964,55.797611
568.026917,370.546387,93.868393,55.582806
565.885437,371.362610,93.479378,55.504993
569.060303,369.867828,93.935478,55.820576
565.217041,370.806274,94.303078,56.009686
566.558594,370.775696,94.365784,55.909412
566.021729,370.721863,94.604546,56.083927
563.751587,371.604401,94.027428,55.708878
567.176880,371.311523,93.893669,55.574635
567.301270,371.746735,94.547501,56.026558
565.079407,371.425201,94.105690,55.716511
566.345947,370.324554,94.071617,55.912170
567.113281,370.394379,94.170601,55.750095
567.901306,370.562317,93.903938,55.581333
565.042786,370.872925,93.672760,55.422905
565.415527,371.871063,93.550438,55.387039
569.069885,369.755341,93.952065,55.845104
566.677185,371.069580,93.906914,55.764606
565.147949,370.898834,93.730530,55.671638
566.685974,370.861176,93.927071,55.861660
564.496643,372.169220,93.865532,55.571659
565.811279,370.236420,94.482002,55.933491
567.382935,370.907379,94.231071,55.705181
565.019470,370.311371,94.305870,56.010578
565.180725,371.365997,94.018402,55.808704
563.703369,372.746094,94.093636,55.957787
564.040527,370.098663,94.112640,56.019150
567.903564,371.055969,93.947388,56.058510
567.736755,368.835663,93.855659,56.119904
566.467834,370.707855,93.151970,55.692627
565.895935,370.323700,93.330238,55.745972
565.640930,370.003296,93.300041,55.788288
564.629028,371.294861,93.003860,55.640194
564.579712,369.868164,93.417595,55.873642
567.002869,370.992676,93.421326,55.858738
568.557922,370.839172,93.586647,55.883698
567.132935,369.959961,93.633324,55.938229
564.916687,370.130951,93.865738,56.113075
565.040527,371.771515,93.811844,56.113300
567.381104,369.135132,94.310242,56.404686
563.917053,371.433044,94.594292,56.637527
568.158203,370.168335,94.695679,56.666664
564.824036,371.152161,94.218483,56.379036
566.326050,370.607239,94.544006,56.477062
565.398254,370.317963,94.843369,56.733349
566.976135,372.273712,94.894730,56.602623
565.906921,370.370331,94.955750,56.723003
564.809937,371.218140,95.030930,56.639454
563.426392,371.159760,94.769417,56.502445
567.624512,369.938599,95.202568,56.696621
565.612915,372.267120,94.483116,56.184372
564.833740,370.754028,94.563095,56.388744
566.011658,371.348816,94.603630,56.347557
562.934082,371.077393,94.558716,56.265945
564.799866,370.721100,94.416573,56.268219
565.919617,371.379364,94.505539,56.307430
565.617432,370.691620,95.073364,56.627625
563.615112,371.262787,94.949547,56.751385
562.698608,369.810791,94.820236,56.726112
563.887695,370.215240,95.183868,57.038025
564.313538,368.937744,95.221535,56.930744
562.435486,370.471649,94.877716,56.649899
563.136536,368.963257,94.571800,56.346592
563.937256,369.339050,94.252731,56.170490
564.790161,369.652496,94.051826,55.931221
564.423889,370.247528,94.393242,56.089565
566.154053,368.911407,94.281258,56.020004
565.668518,370.196869,94.052757,55.997734
559.303894,371.046906,94.426041,56.104126
567.392456,369.139160,94.581718,56.367245
564.588989,370.864319,94.726562,56.359459
565.182373,368.843201,95.022331,56.521126
563.563477,369.124573,95.434166,56.790794
562.234131,369.818726,95.449562,56.915321
560.970459,369.089447,95.176880,56.704754
563.729370,369.818329,95.302895,56.736061
562.963013,369.632965,95.746986,57.021225
563.589661,370.098541,95.383141,56.857552
563.427734,369.723053,95.550438,56.964539
562.217285,369.788879,95.874893,57.050224
563.460938,371.026428,96.118225,57.325729
564.479553,371.364777,96.333450,57.430431
562.507507,368.984344,95.889908,57.172924
560.270020,369.289093,95.796204,57.101151
559.033875,370.918640,95.812607,57.119301
562.632019,368.742004,94.985268,56.519207
558.724426,370.810791,95.329735,56.626358
559.576416,370.879974,95.400436,56.589413
560.665649,370.005463,95.233978,56.483799
560.501221,369.529846,94.808861,56.402943
557.382202,371.337219,94.868248,56.340462
561.427124,369.483337,94.358536,55.946960
559.493164,370.208374,94.986008,56.362579
555.642944,370.900604,95.287590,56.610577
555.748962,371.256165,95.162247,56.440685
555.968567,369.921844,94.857513,56.195995
551.991394,370.806580,94.991730,56.224953
550.549805,371.577637,95.008415,56.111809
553.629272,370.046326,95.582390,56.435863
553.845154,371.224243,95.695808,56.370899
555.769775,370.475677,95.967422,56.352222
554.586365,369.877991,95.509422,55.995251
554.989868,370.569031,95.472458,55.944847
556.317017,370.079803,95.164436,55.607956
554.395264,370.553436,95.035416,55.504284
548.604736,369.087006,95.323875,55.733753
547.325928,370.336060,95.047592,55.484638
549.925842,368.628662,95.179619,55.687866
553.233032,369.940002,95.345070,55.944054
557.347168,367.349152,94.656715,55.620132
559.104370,375.104004,94.941017,55.609932
557.701660,377.775909,95.276840,55.891872
560.375610,384.404358,95.601883,56.013813
566.638306,393.896149,94.910072,55.665657
578.604248,392.620789,94.561104,55.545444
583.581421,399.484436,94.025902,55.166176
581.477234,404.976898,93.894287,55.032452
591.993774,415.286316,94.175041,55.221638
598.410095,423.469482,94.286346,55.313614
604.038452,433.340607,93.754044,54.933483
612.629395,440.956024,93.682953,54.827156
620.608093,448.306671,93.085106,54.537670
630.200623,462.141266,93.379059,54.706524
631.441284,474.862213,93.666084,54.820522
650.425415,477.823364,94.013519,54.815495
644.372559,487.860321,93.575417,54.526867
645.158386,485.487061,93.521744,54.720741
639.328857,488.218597,93.683830,54.972137
643.562256,484.642944,93.761841,55.122135
633.936035,486.817627,93.880142,55.222244
645.614136,475.066620,94.039375,55.225292
636.591125,486.765808,94.422592,55.691410
635.161560,487.147125,94.646835,55.827965
636.713867,483.531342,95.275505,56.253006
629.564270,490.060120,94.727440,56.042915
630.880737,487.289856,94.853706,56.072075
631.785156,485.733704,95.135841,56.270885
630.780457,488.138306,94.863197,56.093681
629.918640,486.255463,95.080574,56.201496
631.124329,486.793030,95.400864,56.440975
631.409973,486.550201,95.504036,56.476292
630.246887,486.581024,95.498146,56.462730
631.405579,485.191132,95.702591,56.496124
627.827454,488.382141,95.459099,56.397255
627.886230,487.068542,95.199661,56.145798
633.350403,485.894592,94.821495,55.834023
630.509583,486.893738,94.864174,55.793167
630.625183,486.530975,94.760757,55.913826
631.864441,482.568909,94.805923,56.008949
632.953857,479.211670,94.584747,55.947021
631.693909,482.036133,94.591042,56.010845
633.270874,480.554871,94.160606,55.696602
631.581787,478.558411,94.207726,55.704334
626.759277,479.102600,94.468948,55.914616
630.239685,478.547363,94.220703,55.703514
627.765137,478.394653,94.550591,55.778027
627.345520,478.066223,94.704903,55.942467
625.412964,478.476624,95.150711,56.175442
625.687134,476.915619,95.012718,56.025387
622.814209,478.541290,95.220367,56.208492
625.607788,477.691315,94.972443,56.136929
624.461426,477.579987,95.112099,56.094570
625.515625,476.652313,95.188820,56.155678
625.485046,480.579102,94.899422,56.101376
625.034973,479.685974,95.342468,56.364712
626.075134,477.000305,95.249672,56.268604
624.868103,478.974243,95.017105,56.066013
622.120667,478.297028,95.297302,56.134918
615.167175,465.803864,95.573654,56.382397
605.388550,453.957794,95.499886,56.254719
601.404236,441.972961,94.982025,55.933212
598.641357,437.061127,94.878090,55.924740
585.831909,423.971619,94.640984,55.854271
576.397278,413.957825,94.414688,55.658062
559.866333,435.239319,94.602188,55.701534
561.186829,411.072998,94.108292,55.415508
547.572327,418.282104,94.225914,55.562233
554.936096,395.660858,93.948708,55.458405
544.918945,393.985138,93.825836,55.359146
505.585388,412.472565,93.466446,55.150402
543.689026,383.731354,93.611534,55.022171
535.780090,386.321350,93.913025,55.228615
536.647522,387.806183,93.743584,55.117840
534.063477,388.500549,93.457512,54.847023
536.407104,385.951752,92.821884,54.572136
533.861633,389.273041,92.520164,54.482784
537.010559,385.316925,92.345985,54.303909
534.076782,383.477051,92.596489,54.491837
531.949585,387.716949,92.870384,54.676743
533.479248,384.468628,92.515770,54.453136
531.476013,386.677582,92.584717,54.475498
528.659180,387.997437,92.226288,54.109573
530.086853,387.315918,92.073563,53.911846
529.869690,387.206421,92.128929,53.978436
526.630615,386.925110,91.643112,53.725819
530.030640,389.239868,91.400749,53.552185
526.383789,388.600677,91.748741,53.688873
526.930786,389.719147,91.633797,53.683182
526.820496,387.684082,91.740341,53.603329
527.727783,387.760620,91.781174,53.539093
529.740723,387.389313,92.036507,53.723114
528.576294,387.468201,92.040947,53.707901
530.281738,386.509430,92.357376,54.001663
526.941711,386.971771,92.571083,54.227470
527.506348,387.587311,92.205551,53.945255
529.160645,387.586029,92.309608,54.035080
529.685425,386.568939,92.617279,54.161690
530.220642,387.898163,92.334679,54.030594
532.583618,388.714111,92.725563,54.272163
532.372375,388.001373,92.164055,53.958805
531.035034,386.520782,91.796021,53.806541
526.841125,388.257294,91.805153,53.676933
533.008179,388.466980,91.586838,53.636524
529.857666,388.966217,91.142372,53.420189
532.648438,387.411713,91.331535,53.464828
527.445007,387.889313,91.473694,53.569721
532.912781,385.021240,91.788185,53.766171
527.476624,386.491302,91.965820,54.068027
528.084900,387.271057,92.353790,54.298000
525.658264,388.194702,92.230141,54.212059
527.063599,386.703552,92.622276,54.410061
527.467163,387.295776,92.750374,54.414948
531.029724,386.441528,92.642883,54.398354
526.508362,385.967041,92.643036,54.461590
524.200378,386.369324,93.205360,54.670605
526.945740,387.122589,93.037163,54.490391
526.675415,386.786682,93.386292,54.658218
527.258545,384.986511,93.938019,55.005535
524.484741,386.283844,94.173744,55.214645
526.079651,382.159332,94.023834,54.983994
525.576782,384.864136,93.733833,54.761787
524.246155,385.430054,93.595253,54.681072
526.089966,385.128235,93.386490,54.595112
528.448853,385.170410,93.422882,54.614365
524.217468,385.039581,93.594604,54.674862
525.218567,385.317352,94.017487,54.996063
522.963013,384.160919,94.787056,55.496429
522.885498,384.624817,94.525253,55.310680
523.351501,385.845184,94.230415,55.225616
522.649597,385.020630,94.000862,55.018772
521.016052,385.806549,93.813637,54.959690
519.637695,384.164490,93.948967,55.086010
524.333069,384.373779,94.220497,55.428432
519.785217,385.374451,94.621552,55.699116
517.253479,385.842773,94.601067,55.631615
518.955872,385.225677,94.231895,55.522224
520.132263,385.361481,94.551781,55.781059
519.942261,383.694366,94.288483,55.642815
521.214233,385.495850,94.159286,55.527168
522.154907,385.654022,94.185623,55.501644
522.410217,385.755890,94.113373,55.307037
519.975342,385.998138,93.683708,55.114868
521.289185,385.234985,93.507942,55.067753
522.632812,385.692688,93.261353,54.997562
521.365906,386.012756,93.571815,55.284275
521.853394,385.696747,93.493866,55.336758
520.726624,386.093445,93.148865,55.217373
521.811462,388.339264,93.118027,55.225651
521.579712,385.797607,93.250412,55.418568
521.609314,386.154816,93.019348,55.265255
521.602295,384.769348,92.825111,55.230618
521.465515,385.411346,92.978584,55.209396
521.710266,385.367279,92.830971,55.103329
522.069336,384.699585,93.103714,55.373875
522.374023,384.715759,93.595451,55.662785
521.057129,385.520355,93.391800,55.671562
521.858826,385.659729,93.540184,55.715210
521.540588,386.013519,93.424606,55.681767
520.216248,385.122925,93.174896,55.512009
522.094666,384.318207,92.985626,55.354599
522.199402,386.055206,93.023766,55.330292
520.662415,384.850281,92.961380,55.285439
520.554321,386.876373,92.418686,54.944279
522.165833,384.418793,92.272171,54.790703
519.080017,385.340515,92.125801,54.716003
521.406372,386.894104,91.545601,54.390984
519.117249,387.383575,91.204536,54.069153
520.923706,386.064728,90.944893,54.010151
521.110474,386.927582,90.894875,53.937050
521.115784,386.649475,90.779861,53.825493
520.957764,387.286011,90.922523,53.643188
520.566406,386.668274,90.874092,53.565426
521.625977,385.931000,91.335793,53.960659
520.562073,387.067871,91.360207,53.860409
518.587036,390.499390,91.420952,53.933887
521.706299,386.995178,91.519958,53.907387
520.936707,387.195984,91.512451,53.884781
518.692200,387.742462,91.552742,54.033405
521.060486,386.539490,91.062286,53.771824
519.120605,387.167725,91.560051,53.968800
520.283203,386.688263,91.861862,54.182514
521.038513,385.979248,91.925957,54.390976
519.553467,386.265137,91.716057,54.151955
518.386719,386.840759,91.961967,54.473076
518.798279,388.774872,91.641136,54.261917
520.366699,386.747833,92.262352,54.493744
519.938477,388.208466,92.269554,54.381657
519.776428,385.420197,92.146294,54.326309
519.349609,384.365662,92.829178,54.645962
519.670349,385.977356,93.163773,54.805893
