1
443.062012,381.193237,93.814590,54.663090
443.651672,380.208038,93.406578,54.483002
444.142181,379.841461,93.223976,54.597340
446.904144,379.725342,93.304710,54.654354
445.033569,379.071625,93.099419,54.658337
445.390045,379.937439,93.455452,54.845757
445.881897,379.253601,93.351768,54.642181
448.648163,378.796753,93.794090,54.804413
448.329498,379.226929,94.208595,55.157524
448.888550,378.000153,94.021690,55.010788
451.116089,379.426331,94.033623,55.053452
452.773560,379.539886,93.601112,54.811607
453.631470,379.831635,94.039803,55.082462
462.438202,379.307159,93.549683,54.791542
471.089172,378.304810,94.169662,55.088963
475.627930,378.476410,94.188057,55.098778
476.771606,378.780853,94.115173,55.078777
481.798950,378.374542,93.566933,54.641525
480.849487,378.316528,93.674477,54.582123
481.463318,379.327362,93.485283,54.489841
485.333008,378.956665,93.879929,54.721939
485.371155,377.414124,93.986565,54.794884
487.132416,376.471802,94.132690,54.866371
489.293610,378.243256,94.055458,54.861530
489.122559,377.569641,93.872551,54.937824
492.305481,379.850708,93.807549,54.833462
497.982208,378.682495,93.807831,54.815758
500.651886,379.055206,93.874733,54.861332
502.504852,378.554932,93.765038,54.849583
505.725128,376.542053,94.029068,54.917149
507.385529,377.442139,94.153313,54.877964
510.103394,374.707825,93.977715,54.900265
510.013000,377.599060,94.268707,55.065449
512.525024,376.723846,94.062752,54.900043
515.169983,375.232941,94.056709,54.883114
514.168274,376.638062,93.824585,54.780224
512.852966,376.385834,93.700134,54.743637
516.527893,375.340454,93.848434,54.950645
520.438293,377.626495,93.348427,54.509895
521.774780,377.244110,93.172554,54.604061
516.162170,375.939606,93.273636,54.765167
519.743958,376.120728,93.183060,54.761997
515.295288,376.857727,93.281631,54.785027
512.619202,377.917419,93.624527,55.153412
511.933411,378.218048,93.456116,55.021759
518.158264,378.227081,93.822853,55.071461
515.535400,377.286377,93.672073,55.073208
517.782654,374.833405,93.856155,55.297081
516.139221,375.975342,93.773125,55.143829
517.261841,376.457916,93.404976,55.059971
519.586304,376.988098,93.332535,55.035530
523.819885,375.403534,92.927391,54.786224
521.954895,376.579834,92.933647,54.850426
518.851379,375.696838,93.176994,55.097702
519.230469,376.323151,93.246895,54.937702
517.743958,375.496246,92.850327,54.883492
521.669067,375.569458,92.933884,54.893208
519.237366,375.166626,92.820091,54.875004
520.797485,375.262268,92.633476,54.827713
517.191589,376.672333,92.387108,54.605789
515.834106,377.083801,92.359497,54.560226
515.970825,377.725586,92.228004,54.481770
516.483337,377.878326,92.350693,54.572025
515.724304,375.825745,92.674873,54.797600
515.823547,377.047607,92.842690,54.874096
517.071838,376.141449,92.643585,54.738159
515.492859,376.015228,93.301315,55.248158
512.430115,375.932892,92.870583,54.990276
515.865417,375.474060,92.957497,55.178181
515.475952,376.203827,92.914558,55.067253
517.277039,376.600983,92.732353,54.927437
517.279053,377.144684,92.840881,55.119022
513.946533,378.508087,92.911209,55.112530
514.707581,377.260742,92.490829,55.016216
507.050385,377.729980,92.075310,54.765144
515.030884,377.403198,91.413795,54.477051
514.116882,377.893646,91.662361,54.541954
513.366943,378.017059,91.591194,54.606949
511.446808,379.568420,91.169739,54.370331
515.609741,378.531067,91.097115,54.454659
512.276611,377.908173,91.224937,54.513855
514.691040,377.442932,91.732773,54.979309
513.266235,378.670868,91.828667,55.093319
516.523621,376.310242,91.892212,55.022926
512.309814,377.493530,91.570229,54.790443
515.372131,377.766968,91.446266,54.730824
516.155396,378.074921,91.371948,54.596153
510.257446,377.363098,91.700493,54.823139
453.564941,374.623199,91.754494,54.769520
507.006683,376.742584,91.753807,54.690247
511.309174,377.551361,91.869545,54.925838
510.775360,377.057526,91.923508,54.850636
512.368286,378.292358,91.411560,54.582623
508.635773,376.667236,91.279129,54.513439
514.583435,376.536224,91.879791,54.970886
512.565552,378.539825,91.536377,54.661972
510.794128,377.962402,91.470970,54.689350
513.897888,376.302490,91.486534,54.685139
512.349670,377.345520,91.525131,54.659508
514.036621,378.290680,91.656052,54.705044
509.839600,378.926605,91.514198,54.736450
514.253723,376.894409,91.847252,55.084164
511.182098,378.149139,91.802841,55.042767
514.224792,375.844971,91.355736,54.844223
514.696350,377.841248,91.679688,55.173771
514.135742,378.391022,91.699081,55.172279
515.384277,377.258759,91.576561,55.014328
513.133545,377.871185,91.715767,55.080582
515.200256,377.513489,92.106316,55.411137
515.602234,377.148682,92.254654,55.480068
514.036865,377.256287,92.059174,55.371395
514.375854,377.567841,91.806458,55.255558
511.932343,376.483795,92.087044,55.374966
512.875549,377.585999,92.190971,55.472317
512.727600,377.588379,92.477859,55.797417
513.095886,377.990021,92.326004,55.891468
515.632812,378.119171,92.020668,55.647732
513.883118,377.164978,92.305954,55.916256
518.790588,377.563782,92.192932,55.826866
515.886230,377.020447,92.469025,56.086563
514.617859,377.210144,92.523224,56.092796
517.770264,377.244293,91.841743,55.567303
518.075745,377.892975,92.076477,55.743431
513.104187,377.587952,91.408623,55.485157
517.501404,377.862976,91.387573,55.595051
519.415283,376.914276,90.843063,55.223862
515.940125,377.899628,90.507202,55.006550
516.362061,376.403717,90.249718,54.884480
516.928833,377.631317,90.102669,54.845081
513.401672,376.928528,90.391190,54.991058
517.945068,377.105865,90.035805,54.837814
516.349365,379.030182,89.584076,54.549755
518.568481,378.294556,89.910995,54.778061
517.720398,379.223785,90.326935,54.925297
514.246094,377.149933,90.646263,55.087490
516.716431,377.608368,90.466652,54.928658
515.652466,379.425385,90.552048,55.070683
515.750793,378.361328,90.378998,54.979671
516.980469,378.164978,90.494659,54.973095
516.407104,378.629700,90.213722,54.822617
515.756470,378.684296,90.230461,54.790489
513.878113,378.375763,90.137375,54.646389
513.579041,376.662720,90.041000,54.584450
513.561035,378.225281,90.285698,54.667721
515.601562,377.165436,90.428825,54.750221
511.837128,377.253448,90.911705,54.919704
512.774353,376.784271,91.397079,55.163898
510.986298,378.960449,91.612007,55.368641
513.055969,377.681061,91.906105,55.564419
513.396851,377.866882,92.280174,56.102734
511.341766,377.730042,91.958015,55.986160
512.567810,378.112335,92.215614,56.132034
514.947266,376.705750,92.656464,56.535805
511.770721,378.769043,92.686867,56.515320
513.804749,378.355804,92.957237,56.662754
512.080933,377.682007,92.931396,56.577660
511.212372,378.658264,92.962975,56.743279
512.277771,378.490875,92.916084,56.708603
513.783447,377.248718,93.445976,57.107025
512.240723,377.020935,93.618912,57.171013
514.338135,378.747040,93.966644,57.472446
513.184326,376.963776,93.695900,57.399441
514.083618,376.605042,93.246010,57.240059
511.373230,378.297272,93.345512,57.285198
514.294495,377.705353,93.505524,57.366764
514.935974,377.614227,93.694405,57.329288
515.111877,376.239532,93.621307,57.146984
512.630859,377.773224,93.517891,57.191448
516.081238,378.704132,93.451874,57.044010
513.833313,377.012329,93.311859,56.909130
517.638000,377.631653,92.781082,56.558899
517.997559,377.384216,92.877296,56.592628
517.488342,377.407501,92.529617,56.303890
519.453186,378.175293,92.387711,56.204998
523.651123,378.382843,92.698273,56.232578
520.824951,377.430664,91.957909,55.721989
520.844727,376.992157,92.091248,55.823750
521.484436,376.135742,92.307243,56.037514
523.172607,377.072479,92.342522,56.049030
520.934265,377.189819,92.700272,56.261280
521.095459,377.599731,92.593758,56.082153
521.884216,375.493622,92.508896,55.994026
518.497742,377.396149,92.746590,56.185589
518.419739,377.318481,92.948814,56.327389
518.460876,377.282104,93.114441,56.447723
519.670715,376.980988,92.996719,56.360138
521.457214,377.615173,93.335114,56.509186
521.908325,377.778564,93.485352,56.542675
524.223999,376.251343,93.541969,56.626335
522.009155,377.015015,94.332428,57.135254
526.775085,377.018555,94.149323,57.002869
526.299561,377.453491,94.291115,57.104561
535.984741,374.275452,94.033394,56.970295
532.472107,375.778168,94.864532,57.386566
536.674683,374.853302,94.221886,56.886642
530.997498,376.540741,94.439026,56.985245
532.586426,376.401367,94.175995,56.860687
532.292664,373.745331,94.683594,57.208508
524.340576,376.528931,95.194992,57.462051
542.181580,371.876343,94.377167,57.076454
540.519897,373.805603,93.822754,56.725075
546.524353,371.642700,94.146210,56.774075
544.523987,373.939331,93.869019,56.580124
541.611755,373.961243,94.137688,56.727158
545.916443,372.499298,93.927475,56.750305
547.851440,372.851349,93.824455,56.814655
546.568909,373.241547,93.184410,56.220573
549.391113,372.808014,93.100204,56.192528
549.055969,372.032440,93.140961,56.227558
546.918823,372.918976,93.055702,56.202381
549.639465,373.391754,93.068108,56.106178
551.341064,371.746094,93.230415,56.302647
555.291199,371.222931,92.943085,56.249580
551.735046,371.869080,92.920013,56.085472
551.445923,373.836578,92.559608,55.843220
551.568848,372.688263,92.623947,55.839603
553.136230,373.004181,92.408943,55.879658
553.478210,371.633118,92.509087,55.918190
554.120300,370.584259,92.656242,56.082180
553.557922,372.744904,92.635040,56.117847
551.979614,372.361511,92.425095,55.993885
554.894409,371.136261,92.124519,55.814846
555.953918,372.417328,91.493530,55.309807
553.843750,372.515839,92.012566,55.552994
554.224243,371.878326,92.020714,55.509666
556.304138,371.100006,91.891663,55.492233
554.426208,370.688721,92.081261,55.543415
554.578857,372.533020,91.746284,55.349472
556.197693,372.302704,91.714043,55.463757
554.804871,371.799072,91.358704,54.977390
556.188599,373.347290,91.046394,54.786991
552.192871,372.509949,91.448647,55.099537
556.306824,371.919525,91.759102,55.202129
554.477417,372.551819,91.797752,55.228554
552.988831,372.605072,91.921936,55.341724
554.003967,372.246094,92.293442,55.460217
555.854431,372.481964,92.052620,55.325184
554.051514,372.648102,92.203514,55.381573
554.913147,372.962494,92.470322,55.558327
553.785645,370.736511,92.994568,55.850880
555.561890,371.552368,93.000809,55.841736
555.594482,371.650452,92.990250,55.818890
554.734558,371.207062,92.454651,55.445908
553.048218,373.098663,92.356346,55.456272
555.005859,371.724152,92.137573,55.386749
556.695862,371.625977,91.797928,55.157990
555.352356,371.044983,91.981773,55.203182
556.748230,371.395599,92.434311,55.221577
557.746765,371.858246,92.955132,55.451382
552.739868,372.842285,93.444489,55.813400
554.808533,371.914612,94.049797,56.307716
557.274658,371.313538,94.000191,56.303307
555.534058,370.673035,94.325523,56.373287
552.775085,371.379700,94.430969,56.440857
555.108154,370.733643,94.313950,56.395042
554.970215,371.769104,94.198837,56.344498
556.125793,371.778107,94.250717,56.331463
552.468018,372.273804,94.458656,56.338188
555.952698,370.427338,94.490456,56.400291
553.084839,369.550110,94.501663,56.470097
554.345276,369.347290,94.895493,56.748211
551.992493,370.764435,94.852142,56.808823
552.659912,371.952240,95.130951,56.955452
553.401367,370.191467,95.840813,57.410370
551.495361,371.741272,95.358688,57.206573
552.870239,371.363617,95.824341,57.483498
552.818909,372.492798,96.110428,57.541431
550.321533,371.449249,96.035400,57.418510
552.928589,371.353088,95.893898,57.350830
553.485352,370.797363,96.372742,57.537197
553.615662,371.290070,96.202332,57.390354
555.289246,369.202393,96.340416,57.425034
553.495728,371.358093,96.180977,57.239208
552.035583,371.164764,96.383713,57.304695
552.192322,370.445923,96.395050,57.361557
549.665894,371.921875,96.169907,57.209766
552.805359,371.122437,96.537506,57.377296
552.742065,370.419830,96.638023,57.424973
551.849243,372.254822,96.498398,57.085209
551.723755,371.208466,96.356956,56.909790
552.159302,372.050293,96.272179,56.923740
553.668884,369.865692,95.937958,56.731113
551.337036,371.481537,95.720749,56.719040
555.046204,370.714233,95.802536,56.800861
552.937561,371.092194,96.137070,56.976116
553.238953,369.759735,96.403755,57.299248
554.455566,371.847656,96.405151,57.268620
549.516541,371.537994,96.128983,56.996105
554.587341,370.027527,96.574738,57.208565
554.515137,371.327209,96.209900,56.966526
553.058044,371.666962,96.138840,56.866936
551.934570,370.679901,96.051308,56.735050
552.563599,371.569885,95.684898,56.486626
552.165710,371.822845,95.350029,56.369961
553.747070,370.457581,95.443718,56.372799
552.046021,370.855743,95.596161,56.410511
554.490723,368.601593,95.363678,56.232872
550.909668,371.195618,95.191872,55.995419
548.682556,370.702271,95.262474,56.113472
551.484375,369.709320,95.472229,56.228031
549.885864,369.656769,95.687286,56.304661
550.661194,368.722626,95.758896,56.322842
549.950256,370.974823,96.148964,56.538677
549.994019,370.260468,96.310150,56.602795
551.284119,370.659668,96.313507,56.571495
553.757812,369.626678,96.918999,56.833839
549.858887,370.775360,96.743149,56.608395
551.251160,370.578949,97.175285,56.891151
550.577209,368.409729,96.992287,56.676922
551.351196,370.825989,97.116600,56.671341
551.535095,370.219971,96.972839,56.549164
550.624878,370.263336,96.573708,56.266048
552.759521,370.156769,96.825699,56.433662
551.604187,371.155457,96.889549,56.383530
551.056763,371.558746,96.344528,55.998524
551.610657,370.672394,96.455032,56.189674
554.352905,369.888947,96.637642,56.244755
551.497192,371.754120,96.599411,56.123844
553.202393,370.053192,96.566750,56.085857
551.272217,370.389252,96.404373,55.973530
550.869751,370.629425,96.489952,55.955738
549.790283,369.520264,96.586319,56.008511
551.657471,369.829102,96.818817,56.163998
549.974670,368.882263,97.325974,56.234829
549.286926,370.399628,97.471428,56.270981
548.678223,370.255676,97.606941,56.150303
546.857178,371.662537,97.935089,56.183472
544.823853,371.482178,98.226952,56.383514
544.149597,371.354309,98.037384,56.223736
547.059570,371.508301,98.576973,56.606819
543.676636,371.633331,98.343651,56.423443
540.513428,370.633667,98.634789,56.738647
542.322571,371.504700,98.486923,56.692104
543.996033,371.730133,98.742783,56.869419
541.335571,371.514160,98.909714,56.904263
540.169556,371.456024,98.642387,56.648438
542.374329,370.969940,98.532082,56.499050
540.664917,370.447083,98.084084,56.287357
539.952332,371.856445,98.010529,56.187916
540.134338,370.326019,97.677132,56.230137
539.442017,369.641022,97.508003,56.120914
538.809387,371.241974,98.175438,56.411770
539.516907,371.019897,97.755310,56.320671
540.052246,372.006256,97.697380,56.350231
535.631104,370.794189,97.679932,56.338703
537.581360,371.718933,97.965141,56.470833
542.265991,370.179688,97.731445,56.345150
542.162537,375.175171,97.139778,56.031788
542.238892,382.697784,97.514450,56.396038
548.290710,378.623016,97.227379,56.173126
549.113647,387.896057,97.264183,56.079964
558.714905,391.234711,97.396339,56.276440
558.524841,402.067139,96.957085,56.188801
569.053528,410.561310,96.279915,55.885387
572.501282,407.375305,96.693626,56.250603
576.357727,418.514191,96.352943,55.946495
588.032837,428.582397,96.147079,55.722897
593.268616,428.985016,95.824928,55.553257
604.438416,438.626160,95.432106,55.195789
599.812805,449.230164,95.916801,55.553734
623.863098,458.553436,95.937447,55.592400
629.679260,470.408173,96.418976,55.808022
637.651062,471.380280,96.198982,55.637123
636.480713,486.774506,96.277603,55.624847
637.826843,486.602173,96.073982,55.372894
634.645813,486.466980,94.770721,54.691010
622.680237,487.505280,94.986778,54.825436
635.846436,490.850708,95.049690,54.872559
631.493591,487.346161,95.772385,55.251766
633.367676,479.934143,96.015862,55.378983
627.431213,486.999664,96.055901,55.554993
629.446411,484.187927,95.916939,55.381603
628.505798,484.751434,95.866409,55.330967
626.350464,484.655884,95.799805,55.391949
626.584900,484.662903,96.115646,55.569290
625.533936,483.313843,96.186134,55.672997
627.028992,482.921265,95.728096,55.485916
627.081604,487.111237,95.695984,55.492210
630.362488,483.946381,95.792656,55.504494
630.382812,484.305359,95.855377,55.566765
628.588989,481.792694,95.718315,55.359890
628.440186,484.022278,96.103500,55.443672
625.988953,484.597168,96.697243,55.697559
626.454590,483.835083,96.566978,55.700779
626.058777,483.873352,96.199463,55.401196
623.838501,486.332031,96.063148,55.202286
626.326965,481.932831,96.482513,55.405369
624.601440,481.396179,96.815948,55.416328
626.054382,478.547394,97.075172,55.506340
623.688904,475.385193,97.443237,55.699936
624.852051,480.628540,97.403191,55.547245
622.760498,477.395050,97.065483,55.628792
623.439514,478.880920,97.039795,55.644741
624.107056,478.929871,97.346481,55.667919
623.352539,478.656952,97.119064,55.589260
620.463440,476.918732,96.897522,55.514164
620.840576,479.434967,96.995628,55.488037
620.000305,477.341248,96.629745,55.300430
620.751465,479.415039,96.649170,55.301765
621.971802,478.690948,96.631256,55.199600
621.579346,477.731903,96.345490,54.994522
619.708496,477.232208,96.386971,55.050819
620.090210,478.445648,96.053612,54.949570
622.508179,478.963806,95.686333,54.685471
620.041748,478.367004,95.242249,54.391315
623.935669,477.362640,94.850655,54.161144
615.901733,463.542175,94.318489,54.016361
582.121704,484.911926,94.350525,54.030045
2
0
0
0
0
1
571.001038,404.830353,89.793655,80.754959
564.725769,396.690704,89.190857,80.145828
560.525757,389.781219,88.956871,79.943550
560.284912,380.556732,88.682922,79.698448
553.832092,376.544067,88.258087,79.290588
546.912231,379.712311,87.925087,78.968216
547.155701,377.498169,87.583939,78.662018
546.206421,379.907715,87.662544,78.669960
548.151978,377.326019,87.390167,78.304939
546.802307,377.880219,87.342041,78.263344
546.200867,376.022095,87.020370,78.061989
545.040771,377.506165,86.484726,77.590752
546.305725,377.814056,86.736259,77.764038
545.571167,379.969086,87.047493,77.976418
542.895752,379.913635,86.991493,77.911583
544.826111,378.712341,87.092575,77.933281
544.156555,377.430023,87.242340,77.948647
544.256226,377.089142,87.459991,78.180298
544.286987,379.202789,87.456985,78.187080
542.279358,379.675842,87.102585,77.877914
543.915955,377.209351,87.285583,78.239868
544.189941,378.553558,87.264160,78.336937
543.301392,376.957001,87.161949,78.208557
542.558167,376.488525,87.650787,78.651276
542.822876,377.267090,87.894356,78.753746
543.128601,379.300385,87.824074,78.641617
544.519958,377.356934,87.672310,78.667747
543.481506,377.810944,87.834915,78.772278
543.047607,376.064209,87.258041,78.408890
542.783569,375.533478,86.956657,78.236008
543.792603,375.977814,87.300026,78.581337
544.874084,376.144836,86.922478,78.291695
545.750305,377.620667,86.937920,78.345009
546.631226,374.474243,87.498604,78.888885
544.977478,372.768768,87.013306,78.355888
549.120667,377.361450,86.723724,78.126991
544.708008,376.644806,86.298805,77.719421
546.352234,376.101288,85.811821,77.221985
545.101074,376.948303,85.883469,77.412254
545.284851,375.898407,85.873291,77.445984
544.413391,374.027344,85.670547,77.283974
546.462646,376.562103,85.919930,77.570152
545.268555,377.715637,85.982803,77.592499
548.110901,378.297699,86.246758,77.955482
545.645569,378.183899,86.447441,78.105644
545.455200,375.213898,86.336342,78.034737
546.706848,375.290680,86.716309,78.449425
544.229553,371.865448,86.881012,78.669464
544.736572,371.457886,86.579956,78.410492
545.338745,371.278625,86.539024,78.388481
546.435425,373.560333,86.605057,78.455444
547.975403,377.166718,86.408058,78.378296
546.234863,374.350830,86.631256,78.558868
546.429871,373.821686,86.251335,78.310051
546.202393,375.105957,86.606209,78.620941
545.604553,372.538544,86.860718,78.829247
548.467712,369.825806,86.750244,78.675858
546.417480,374.120422,86.724060,78.621544
546.450256,372.831940,87.511917,79.361847
548.577759,373.871582,87.499176,79.394745
546.626343,373.299255,87.274361,79.270149
547.200623,374.142517,87.381332,79.454475
549.043396,372.884247,87.512535,79.587082
549.346680,371.693329,87.185760,79.275780
547.822754,369.861481,87.088585,79.201607
547.707336,373.144653,87.534973,79.554382
548.841980,369.742004,87.488953,79.540871
545.857666,374.231140,87.129303,79.241158
549.286743,373.441803,86.846748,79.130630
544.196960,372.996368,86.828880,79.228966
546.981995,373.005066,87.190231,79.600151
552.019653,372.695129,87.634033,79.909363
548.373596,372.920135,87.630318,79.876167
551.547913,372.822174,87.743065,79.990921
552.068176,372.618195,87.732132,80.107216
552.805237,371.786530,87.981369,80.372696
548.373169,372.063751,87.827591,80.326408
553.136047,372.558685,87.945038,80.583374
554.137207,371.253754,88.006241,80.647682
552.165649,370.847839,87.557816,80.139618
552.632874,370.538727,87.981880,80.392281
554.096008,371.178680,88.268837,80.605057
554.672485,371.629517,88.410728,80.699837
552.255798,372.676483,88.627533,80.803291
554.310181,372.845764,88.835915,81.059608
550.746277,372.030609,88.957802,81.235283
554.255920,371.109192,88.890228,81.147621
547.026001,373.514832,88.971306,81.137123
554.530579,371.114746,88.479866,80.608910
549.389038,373.128937,88.648460,80.850456
548.787109,372.377533,88.461891,80.505936
547.913513,372.724365,88.404427,80.395164
546.642212,373.250854,88.463173,80.323891
547.649719,372.518829,88.110474,80.029533
547.834534,372.662415,87.937576,79.926460
547.059509,373.527252,87.614891,79.776604
547.469666,373.076141,87.452408,79.587769
546.869751,371.200897,87.320869,79.519272
549.000488,373.255829,87.627373,79.713234
546.883423,373.747986,87.567139,79.592133
546.771851,372.027710,87.266502,79.271156
545.238586,374.907013,87.027901,79.054054
543.701477,372.169800,87.178467,79.236633
546.947693,370.457611,86.901596,79.117355
545.585327,372.073730,87.114799,79.437950
545.394287,372.671783,87.968582,80.180664
545.735840,370.758636,87.839760,80.081779
543.014343,371.483154,87.593788,79.895653
545.330017,371.923737,87.271667,79.616783
545.489441,372.730713,86.476616,78.916847
545.152771,373.308014,86.203407,78.737679
547.925964,372.604553,85.913208,78.441536
546.658997,373.940552,85.990440,78.542755
547.163269,372.619781,85.459099,78.027138
549.253662,374.213684,85.105690,77.693634
546.989746,375.382111,84.904854,77.527657
547.000610,375.581207,84.569435,77.169647
547.371826,373.157593,84.794662,77.348656
546.347900,374.114044,84.039322,76.614861
548.216736,372.401642,84.098038,76.561371
548.754395,374.634796,83.905983,76.381447
547.897339,373.467987,84.023392,76.484634
548.857788,373.955292,84.108047,76.469925
545.104919,374.828369,83.671967,76.005661
