1
215.870224,141.680405,82.259544,48.639202
214.427460,142.693787,83.145073,48.612411
211.745621,142.778412,84.508759,48.443184
208.996933,143.365723,86.006142,49.268543
206.865631,144.516418,86.268738,48.967163
205.006531,145.620758,85.986954,48.758480
202.051788,145.929016,85.896439,48.141968
201.120361,146.786606,85.759285,48.426788
199.044388,147.639801,85.911232,48.720409
197.215607,147.567520,85.568779,48.864960
195.909332,148.401703,86.181328,49.196587
192.770264,148.444992,86.459473,49.110012
190.974518,150.225357,86.050972,49.549294
187.748108,150.059540,86.503792,49.880928
187.502380,150.775360,86.995232,50.449272
185.820068,152.418793,86.359879,51.162415
185.436310,152.484589,87.127373,51.030827
184.301300,153.338867,87.397392,51.322273
183.646759,153.346786,86.706490,51.306435
182.185669,155.534317,87.628662,50.931355
182.064880,158.720139,87.870247,50.559723
180.541809,160.406784,86.916374,51.186420
177.564667,162.280777,86.870667,51.438454
176.710190,162.066376,86.579613,51.867237
174.645142,162.017685,86.709702,51.964626
172.434174,163.356522,87.131668,51.286945
170.208511,163.400116,87.582985,51.199780
168.213074,164.256149,87.573868,51.487705
167.230988,165.178345,87.538010,51.643318
164.506195,165.451324,86.987625,51.097363
162.553833,166.726181,86.892349,50.547649
160.013229,166.901062,85.973549,50.197861
157.263184,167.966629,85.473633,50.066750
155.695206,169.081100,84.609596,49.837799
155.030869,170.449112,83.938271,49.101768
154.144409,171.646957,83.711182,48.706097
153.510712,171.345901,82.978577,49.308193
154.828369,171.930969,82.343277,50.138054
153.866791,170.450134,82.266426,51.099716
152.626984,169.404907,82.746033,51.190170
151.219727,168.530411,83.560562,50.939171
151.934036,166.212433,84.131935,51.575142
152.318146,164.867111,83.363693,52.265774
152.040756,164.771042,81.918495,52.457905
151.206451,164.650970,81.587105,52.698051
151.368713,165.353851,81.262573,53.292294
151.860336,164.293503,80.279327,53.412983
151.842972,165.278793,80.314064,53.442421
152.207687,165.090149,79.584625,53.819691
156.352280,165.054825,77.295433,53.890362
153.113647,164.858826,79.772705,54.282349
156.789215,165.880753,78.421585,54.238506
155.440201,165.774094,77.119606,54.451801
157.139664,165.822495,75.720665,54.355000
156.245636,165.267365,77.508736,53.465263
157.911133,165.298798,78.177727,53.402401
157.344162,166.419434,79.311684,53.161121
156.966064,165.587357,80.067856,52.825291
157.440247,165.475952,81.119522,53.048103
157.331741,166.311737,83.336510,53.376511
156.953552,165.182404,84.092903,53.635189
158.087708,166.196075,83.824600,53.607853
157.954453,166.296310,84.091087,53.407372
158.161896,167.015244,83.676193,53.969501
159.088547,167.158905,81.822914,53.682186
157.939117,165.962189,82.121758,54.075634
159.081726,166.076981,81.836548,53.846043
159.286591,164.994400,81.426819,54.011192
158.258942,166.254379,81.482109,53.491230
158.609894,165.092270,80.780205,53.815460
156.614929,165.126816,80.770142,53.746357
155.380951,164.191208,81.238091,53.617577
152.896118,165.157272,82.207779,53.685467
152.781479,164.335205,82.437035,53.329590
151.487000,165.264755,81.026001,53.470486
150.165344,165.124512,79.669304,53.750973
149.897415,164.169922,78.205162,53.660160
148.514404,163.942230,76.971176,54.115536
148.410736,164.930511,75.178535,54.138992
145.510742,163.974777,74.978500,54.050449
144.700577,162.935730,74.598846,54.128540
142.152557,162.814224,75.694870,54.371563
140.724701,162.912292,76.550613,54.175400
139.313095,162.945908,75.373817,54.108189
137.775635,162.957214,76.448738,54.085571
137.411133,162.968948,77.177719,54.062111
136.063263,162.978760,77.873482,54.042473
134.362732,162.738083,77.274544,54.523842
134.481903,162.708618,75.036179,54.582748
132.856369,162.484589,76.287270,55.030830
132.044754,165.616348,85.910484,54.767303
129.725540,166.434494,88.548912,55.131016
141.531006,170.431046,84.937988,57.137897
140.699432,172.316330,82.601135,57.367329
143.665283,172.405319,78.669418,57.189365
145.376785,172.743134,75.246422,56.513741
147.307465,172.459030,73.385071,57.081932
147.298950,174.394012,75.402084,57.211967
148.021881,174.024475,75.956230,63.951038
146.049820,176.143967,83.900368,65.712067
147.880478,172.254303,84.239044,67.491394
150.938293,173.125214,84.123421,67.749588
152.808014,175.903351,80.383957,70.193291
152.524872,174.543152,84.950249,64.913689
155.443832,176.347961,81.112343,65.304062
156.217010,174.446823,73.565971,61.106342
157.055786,175.310059,75.888443,59.379875
157.209808,175.940063,77.580368,58.119881
155.132538,175.384933,77.734917,59.230137
158.287704,178.446609,77.424583,59.106770
159.365829,178.624847,73.268349,58.750317
156.998291,179.974091,74.003433,58.051819
156.930847,178.179352,84.138321,57.641289
155.028915,177.982330,85.942177,58.035339
156.609131,179.297562,80.781723,57.404884
157.980728,174.073425,78.038544,57.853138
157.047729,175.682205,79.904533,56.635597
158.601913,175.411896,78.796173,57.176220
158.614609,175.453400,80.770790,55.093189
158.837692,176.956802,80.324615,54.086391
160.350418,177.414108,79.299164,55.171791
161.678955,178.097870,80.642082,55.804245
161.860992,178.744385,82.278015,56.511234
162.378571,178.822723,83.242851,58.354557
161.359116,178.738159,83.281776,58.523682
162.877853,179.547348,84.244301,58.905296
160.712143,182.153030,86.575706,57.693947
161.024261,179.321411,85.951469,55.357178
162.008301,180.381180,85.983391,55.237629
163.539368,181.016785,78.921257,55.966431
165.508728,183.163864,74.982529,55.672272
165.369873,183.138275,75.260262,55.723442
167.360367,182.712967,75.279259,54.574066
167.343246,180.852005,75.313499,54.295990
169.200226,181.181702,75.599533,53.636600
168.907257,180.601883,76.185471,54.796223
171.806290,180.830048,76.387413,54.339905
171.375610,181.433380,77.248787,55.133228
174.442200,181.320831,77.115585,53.358337
174.885834,181.467331,76.228348,53.065346
176.455811,181.333908,77.088364,53.332172
178.745468,180.695648,76.509071,54.608711
180.738190,180.141525,76.523613,55.716942
183.961975,179.080322,76.076065,55.839363
185.628326,180.210144,76.743347,55.579697
187.719711,180.019409,76.560570,55.961197
189.635254,179.719650,76.729500,56.560703
190.911865,179.862503,76.176285,56.275002
191.623749,179.797302,76.752502,56.405403
192.651215,180.000580,76.697556,55.998833
193.862610,179.953766,76.274773,56.092464
194.784164,180.397842,76.431679,55.204319
194.727768,180.298813,76.544464,55.402386
194.597076,181.161819,76.805832,55.676361
194.604614,181.428909,76.790779,55.142174
195.514420,180.533951,76.971153,54.932110
195.524200,180.711838,76.951599,54.576321
195.559464,180.874680,76.881073,54.250637
195.768066,182.175873,76.463860,53.648258
196.807220,181.038712,76.385544,53.922588
196.790390,181.185684,76.419212,53.628632
196.538712,181.105530,76.922585,53.788944
199.785645,180.921127,76.428726,54.157757
198.926880,180.022827,76.146233,53.954361
200.016724,180.416351,75.966568,55.167282
202.234924,179.307419,75.530151,55.385151
204.777618,180.192566,74.444763,55.614853
207.429642,179.987488,75.140717,56.025024
208.908295,178.890045,74.183418,56.219902
210.987671,178.843018,74.024673,56.313950
212.928986,179.522491,74.142036,56.955029
214.024078,181.656631,73.951836,56.686733
214.613007,183.628555,74.773987,56.742882
214.215561,184.672058,75.568878,56.655884
215.326233,186.681946,75.347519,56.636112
215.524094,187.712494,74.951820,56.575024
215.658478,189.902374,74.683060,56.195244
215.695984,191.014938,74.608047,55.970135
216.726212,192.927063,74.547585,56.145874
216.647034,194.275909,74.705933,55.448166
215.276596,196.146637,75.446808,55.706718
214.903412,197.058899,76.193161,55.882217
214.553741,198.009018,76.892502,55.981964
214.404022,199.199982,77.191971,55.600037
214.211334,200.063217,77.577339,55.873554
214.505707,201.131256,76.988579,55.737488
214.690338,201.070084,76.619316,55.859825
214.683624,200.930573,76.632736,56.138840
214.870575,200.909546,76.258842,56.180897
214.860123,201.296936,76.279762,55.406113
216.109406,200.284683,75.781181,55.430626
216.169067,201.353180,75.661880,55.293625
216.157715,201.389542,75.684570,55.220928
216.306885,201.366104,75.386215,55.267803
217.321442,201.115433,75.357117,55.769135
217.062439,201.096619,75.875130,55.806770
217.362061,202.210403,75.275894,55.579193
220.941132,200.834976,72.117729,56.330048
220.412994,202.082306,71.174011,55.835377
221.701523,202.186707,70.596954,55.626572
221.667648,201.626724,70.664696,56.746559
222.351532,200.725159,71.296936,58.549686
223.540237,199.839233,70.919525,60.321526
224.478943,199.472351,71.042099,61.055305
222.948395,198.885468,72.103210,62.229061
223.996964,198.430298,72.006073,63.139393
218.274307,201.212067,75.451393,59.575867
224.517258,198.168976,72.965477,61.662045
218.512527,202.668304,74.974953,58.663383
215.441269,205.037872,79.117470,55.924271
209.426086,206.965378,87.147820,54.069241
209.220551,207.602097,89.558891,52.795811
213.686996,206.034424,84.626007,53.931168
215.272720,205.310501,81.454559,55.379005
211.829880,207.747314,84.340248,54.505379
212.849258,206.966064,84.301483,54.067867
213.201721,207.344879,83.596573,53.310238
214.088684,208.763611,83.822639,52.472767
212.549011,208.010086,84.901993,51.979820
208.684418,209.513092,86.631180,52.973808
215.787476,208.873322,78.425049,52.253361
212.446228,213.336426,79.107544,49.327137
212.655273,213.927811,78.689453,48.144379
207.902985,212.285507,86.194031,49.428993
208.928452,211.451691,88.143089,51.096607
208.726379,212.465927,88.547241,51.068150
209.018158,212.800461,87.963699,50.399086
197.518051,208.548309,90.963905,54.903366
201.293671,210.023788,91.412674,55.952412
201.091049,208.356781,91.817909,57.286449
198.638062,211.415054,92.723892,55.169880
200.380432,208.721420,93.239128,56.557163
198.088181,208.794098,93.823647,56.411812
193.388031,208.844421,95.223923,56.311153
191.320694,208.845215,97.358612,56.309563
188.799896,211.141266,100.400223,55.717484
189.805145,208.456818,100.389709,55.086365
185.066010,208.475357,103.867989,55.049274
183.006653,209.478943,105.986679,55.042099
184.434479,208.514648,105.131058,54.970695
184.789185,208.322174,104.421638,55.355659
185.834595,208.346527,104.330818,55.306946
179.875717,206.086578,108.248558,55.826836
179.221405,206.974594,111.557175,56.050804
177.627640,205.919144,112.744728,56.161716
177.246643,205.855515,113.506706,56.288967
178.971649,205.782959,114.056686,56.434090
180.362900,205.666992,115.274208,56.666023
180.478409,205.533264,115.043190,56.933468
183.472534,205.357361,113.054924,55.285275
185.175293,205.217117,111.649399,55.565762
194.516281,207.408295,106.967438,55.183399
196.045334,208.449081,105.909325,55.101837
197.664948,209.651810,104.670105,54.696377
199.353165,208.881866,103.293671,54.236259
202.588272,210.012619,100.823448,53.974751
204.358383,209.945343,99.283226,54.109318
206.295792,210.035126,97.408417,53.929737
206.471298,210.096222,95.057396,53.807560
206.949860,210.182373,94.100288,53.635254
212.317902,210.140778,91.364182,53.718445
213.609573,210.443115,88.780846,53.113781
215.337189,209.280228,87.325630,53.439556
216.004913,208.415436,85.990189,53.169136
217.256775,207.512039,85.486465,52.975929
217.968079,207.422882,84.063843,53.154224
220.116028,206.691483,81.767929,52.617043
222.018829,206.545654,79.962357,52.908688
228.689468,205.325623,78.621071,53.348770
223.896667,204.903458,78.206673,54.193081
225.854553,204.785156,78.290886,54.429691
229.382629,205.918365,77.234756,54.163277
229.505341,204.571640,76.989311,54.856728
230.823761,205.258148,76.352493,55.483715
231.065506,204.063812,75.868996,55.872372
232.296402,204.123795,75.407196,55.752411
232.708679,203.793732,74.582657,56.412533
234.170731,203.511795,73.658546,56.976414
239.596329,201.267410,72.807343,57.465172
241.442276,199.964722,71.115448,58.070545
234.730789,203.103821,70.538414,57.792355
235.866837,202.938751,70.266319,58.122501
236.620163,202.790283,70.759666,58.419437
236.385559,202.391739,71.228874,59.216534
235.890656,202.338959,72.218704,59.322079
247.787720,198.643951,76.424568,58.712101
236.632187,202.586487,76.735634,58.827011
236.907089,202.060028,76.185829,59.879959
250.709900,198.601624,72.580215,60.796749
254.621140,197.429565,82.757713,59.140854
244.347305,201.637405,77.305382,58.725182
247.150177,201.375626,73.699638,59.248741
252.717499,202.001266,70.565002,59.997467
254.999146,202.671570,70.001709,60.656876
258.860504,202.121231,68.278976,61.757526
262.942627,201.888687,68.114723,62.222633
265.129517,200.317123,69.740952,63.365757
268.739899,199.058594,70.520187,63.882816
270.768524,198.426361,70.462959,65.147285
271.534271,198.065994,70.931465,65.868011
271.378510,197.074707,71.242996,65.850601
271.529053,197.059158,70.941887,65.881683
272.399414,196.220001,71.201187,65.560013
273.240479,196.649124,71.519058,64.701752
274.869507,196.368515,72.261009,65.262970
277.734680,196.254547,72.530647,65.490921
279.458435,195.826309,73.083122,66.347374
279.740997,195.531754,72.517990,66.936501
281.678680,195.590805,72.642639,66.818382
283.879974,196.605453,72.240074,66.789085
285.876984,196.736832,72.246025,66.526329
288.289276,197.917923,71.421440,66.164154
291.484528,199.042206,71.030945,65.915588
291.292358,194.407227,71.415291,59.185532
293.903870,202.047974,72.192238,61.904064
295.598389,202.169540,72.803253,63.660931
298.572510,203.085480,72.854965,63.829052
300.420624,203.308975,73.158775,63.382061
303.687592,204.196228,72.624802,63.607533
305.664764,204.865433,74.670494,64.269142
308.249817,205.034637,73.500366,63.930737
311.575836,206.172516,72.848320,63.654964
313.549072,206.536926,72.901871,64.926140
315.719299,205.861572,72.561409,66.276871
320.155334,206.595184,73.689331,66.809647
322.474396,207.618500,73.051201,66.762985
323.624634,207.794403,72.750763,66.411201
325.591705,207.795456,72.816582,66.409096
327.470795,207.347534,73.058418,67.304924
329.646667,207.835297,72.706696,66.329422
332.935425,207.972778,72.129166,66.054451
334.467194,207.610046,73.065598,64.779907
337.025055,207.631653,71.949913,64.736679
338.101288,206.633255,71.797440,64.733498
338.046814,205.674622,71.906380,64.650742
339.998138,202.575699,72.003738,64.848610
340.732697,199.559845,72.534592,64.880325
341.839996,198.247833,72.320000,65.504333
345.915375,194.444885,78.169228,65.110229
343.509216,193.641769,74.981567,66.716454
346.408752,190.964645,73.182495,66.070702
348.330933,189.796478,73.338142,66.407028
349.651611,189.853149,72.696800,66.293709
350.787170,188.913361,72.425659,66.173286
352.219635,187.636673,73.560738,66.726662
353.297760,186.356461,73.404480,67.287079
353.739838,185.095627,74.520302,67.808739
354.931458,183.561035,74.137054,68.877914
358.579254,182.705032,72.841507,66.589935
359.524780,182.535751,74.950409,64.928490
361.138184,182.985214,73.723648,64.029564
363.274567,182.690247,73.450844,64.619507
363.504120,183.151413,72.991768,65.697182
363.841400,181.996841,72.317207,66.006317
365.721161,180.836121,72.557671,66.327766
365.676514,180.503677,72.646950,66.992645
367.149261,180.222763,73.701462,65.554466
368.212067,179.999603,73.575882,64.000778
369.187836,180.311646,73.624313,63.376709
369.594360,180.331207,72.811310,63.337593
370.176758,179.460220,73.646492,63.079548
370.678619,179.334290,72.642754,63.331436
372.999756,178.017471,72.000458,63.965050
373.171478,177.802582,71.657028,64.394852
370.935730,178.541702,72.128548,64.916595
372.761475,177.490387,72.477036,65.019234
371.926514,177.274323,72.146965,65.451347
370.102020,176.091766,71.795982,65.816483
371.602600,177.093521,70.794807,65.812965
370.231384,175.786987,71.537231,66.426025
369.338654,175.500122,71.322701,66.999756
370.381531,175.233490,71.236923,67.533035
373.401947,174.800110,71.196091,66.399796
373.479980,175.232910,71.040016,65.534164
372.674622,176.339722,70.650757,65.320541
370.373169,175.170380,71.253670,65.659256
369.886353,176.065933,72.227325,65.868134
370.092926,175.057510,71.814133,65.884979
369.477783,175.040421,71.044456,65.919159
370.502625,175.939911,70.994728,66.120163
369.295166,175.899780,71.409698,66.200447
369.230225,176.707581,71.539558,66.584854
370.202942,178.326569,71.594116,67.346878
372.150024,179.353043,71.699982,67.293922
374.971771,180.568451,72.056435,68.863106
375.412842,181.169571,73.174309,69.660866
375.066376,182.874908,73.867249,70.250175
377.338074,184.294495,73.323883,71.411011
380.424286,186.148712,73.151413,71.702576
382.894257,187.309372,74.211494,67.381248
384.033600,189.262390,73.932816,65.475227
386.129242,191.795654,73.741516,64.408699
386.259552,193.045578,73.480904,63.908848
387.556671,194.682999,72.886635,64.634003
388.633911,195.319061,72.732170,65.361862
391.665955,195.775818,72.668076,66.448380
394.389740,195.912476,73.220505,66.175056
396.801727,196.605621,72.396568,66.788765
398.707794,197.139008,72.584396,67.721977
401.555542,195.247162,72.888947,67.505684
406.515900,196.258698,72.968216,65.482590
408.382446,196.322937,73.235130,67.354134
410.548035,195.095337,72.903900,69.809341
412.941925,194.730896,74.116142,70.538223
417.852051,194.185211,74.295898,69.629562
423.059052,194.018219,73.881874,67.963554
427.276489,192.993301,73.446999,68.013390
430.605255,192.433502,72.789513,67.132996
432.962616,191.659210,72.074783,66.681587
433.318726,190.902023,71.362518,66.195946
435.542419,190.033508,70.915131,65.932983
435.904510,189.108353,70.190971,65.783295
436.324249,188.117004,71.351517,65.765999
435.841797,186.964096,72.316429,66.071800
436.020691,185.747925,71.958618,66.504166
435.294952,184.525345,71.410103,66.949310
433.706604,182.200516,72.586777,67.598976
434.955078,181.705917,70.089828,68.588158
434.525879,180.803848,68.948242,68.392303
434.681824,180.795349,64.636375,68.409294
433.136475,180.208984,63.727039,69.582016
430.828369,177.644455,68.343246,70.711098
429.433136,176.431442,71.133751,71.137123
427.127716,175.853989,71.744583,72.292015
426.755035,174.411835,70.489906,73.176331
423.769836,174.621292,72.460327,72.757408
420.301575,174.535416,73.396843,72.929176
420.158813,174.243332,71.682404,73.513329
418.879211,173.905991,70.241562,74.188019
416.935211,174.164764,78.129601,75.670471
417.499146,173.406693,79.001686,77.186607
416.567505,173.024338,78.864975,77.951332
418.059906,172.827576,75.880196,78.344864
417.813477,172.675415,74.373062,78.649155
423.033112,169.668884,73.933754,76.662231
423.801544,171.706436,72.396889,76.587120
426.654022,171.653961,70.691978,76.692078
428.215027,169.544449,69.569962,76.911102
427.443359,170.037766,71.113297,75.924477
429.145508,169.176788,71.708984,75.646408
432.363678,169.736099,69.272667,76.527794
433.591919,168.831406,68.816154,76.337196
435.092804,168.761353,69.814407,76.477295
437.074188,168.965454,69.851646,76.069099
437.310181,167.607666,69.379646,76.784683
441.485413,166.664673,69.029144,74.670670
439.309265,167.134155,69.381485,73.731689
439.801300,166.643509,68.397392,72.712990
439.349609,167.957077,67.300766,72.085838
439.945801,166.662048,66.108398,70.675911
434.018555,169.027283,67.962921,69.945435
436.071320,167.386383,65.857361,69.227234
433.513977,167.700256,66.972076,68.599495
428.392120,168.965744,67.215752,70.068520
426.815125,169.483398,68.369720,69.033211
424.498871,168.764481,67.002243,68.471039
423.638885,168.936920,68.722229,68.126144
421.646698,168.304382,66.706612,67.391220
420.115936,167.688126,65.768135,66.623756
417.291931,167.530426,65.416122,66.939163
415.769226,167.137527,66.461571,67.724937
413.004150,166.945328,65.991730,68.109352
409.453369,166.729340,73.093239,66.541328
407.022766,168.491623,69.954460,67.016747
405.516479,169.497620,68.967026,67.004753
403.681976,171.173737,68.636063,67.652527
401.467773,168.708023,69.064468,68.583961
399.307404,168.470810,69.385178,69.058388
397.703033,169.465927,68.593956,69.068153
396.006927,168.887375,67.986153,70.225250
393.940948,168.742676,68.118118,70.514656
393.236755,167.773346,67.526505,70.453293
392.258545,167.697861,67.482903,70.604279
382.953979,164.580719,80.092056,72.838562
387.265015,165.574890,73.469948,72.850227
387.059967,164.145004,71.880081,73.709984
389.982117,166.273407,68.035782,71.453194
391.074310,168.604477,65.851357,68.791039
390.846619,168.399323,66.306786,67.201355
391.649628,169.005295,64.700737,65.989410
391.646271,169.230652,64.707436,65.538681
391.497070,169.128372,65.005890,65.743256
391.564880,169.593323,64.870224,64.813339
392.308258,169.635605,65.383492,64.728790
391.519501,169.702698,64.960983,64.594589
392.097748,169.419830,65.804527,65.160347
390.182373,167.493866,67.635231,67.012276
391.501892,167.419907,66.996223,67.160194
392.130280,168.667435,65.739418,66.665123
392.912842,168.191849,64.174316,65.616310
393.403473,168.599121,63.193069,64.801743
394.489838,169.255402,63.020340,63.489197
393.863190,168.494858,64.273636,65.010292
393.851135,167.993866,64.297714,66.012268
392.835236,167.039246,66.329544,67.921501
393.337769,166.052612,65.324448,67.894775
392.313812,165.511795,67.372353,68.976410
392.462280,165.076324,67.075409,69.847366
392.577606,165.223267,64.844803,69.553452
391.411438,164.371475,65.177155,69.257057
389.897797,165.593674,66.204414,68.812660
381.030884,165.433121,79.938217,69.133766
388.876709,166.554977,72.246559,66.890038
391.199982,166.712479,69.600014,66.575050
391.269196,167.047897,69.461632,65.904213
392.363708,168.285339,69.272591,65.429329
392.274261,167.537384,69.451492,64.925240
391.885498,167.944809,70.229034,64.110382
392.967102,168.617966,70.065788,64.764061
392.742065,167.538391,70.515869,64.923233
393.508209,167.235794,70.983604,65.528412
391.643799,165.947998,70.712395,66.103989
392.575653,165.533478,70.848694,66.933029
391.296692,165.157135,71.406647,67.685722
390.249481,164.867950,71.501053,68.264099
390.345093,164.735443,71.309792,68.529106
391.056061,164.263504,71.887878,69.473000
391.482422,163.802185,73.035149,70.395638
