1
183.360031,19.452974,53.450871,40.028717
184.120789,21.331043,53.614998,40.213165
185.407959,23.274925,53.858383,40.433670
184.089371,24.236435,53.956192,40.543030
184.929886,25.658552,53.898064,40.455475
183.744766,27.189981,53.940292,40.501991
183.450912,28.995594,53.641754,40.294121
182.799545,29.869637,53.326183,40.048077
183.308594,31.944906,53.710098,40.383400
183.025497,34.270718,53.698704,40.436028
182.555664,34.728680,53.740589,40.549278
182.546188,35.759705,54.033287,40.755592
181.285355,36.393742,53.796619,40.641594
181.337341,37.801128,54.040142,40.771618
181.817841,39.893585,53.328754,40.214821
181.539047,40.633373,53.668625,40.448505
180.460861,43.074833,54.304295,40.910110
179.694382,44.072636,54.444462,41.012817
179.588760,45.235004,54.353580,41.020397
179.526855,46.213486,54.727325,41.213268
180.173065,47.476521,54.190605,40.789749
180.409164,48.966122,54.132042,40.754833
180.066208,50.192928,54.283623,40.886181
180.012314,50.504951,53.870159,40.528400
178.965363,52.973328,53.751266,40.468868
178.546661,54.348145,53.745438,40.381222
179.415359,54.728291,53.887650,40.422997
179.218536,55.875713,53.409676,40.105701
179.346344,56.642982,53.961319,40.518906
178.271011,59.267403,53.681465,40.308956
178.428116,58.826084,53.254829,40.003502
178.361053,58.875671,53.434189,40.156403
177.924118,58.367683,53.149750,39.913792
178.921967,56.830055,52.722698,39.626938
177.412537,58.161545,52.660683,39.564072
178.505890,59.016930,52.688042,39.511112
178.668808,59.616226,52.807941,39.713985
179.174698,58.039658,52.836605,39.745438
179.997528,55.458576,53.265270,40.062038
179.325897,55.528160,53.457813,40.270527
181.815613,55.594448,53.092262,39.970181
180.357773,57.438305,52.934456,39.761101
179.598953,54.691879,53.513359,40.148624
180.069199,55.408573,53.639286,40.282833
183.836609,54.887363,53.415714,40.101635
184.846115,53.875134,52.993313,39.772049
183.543167,56.932724,52.423439,39.324818
182.877029,57.487701,52.324432,39.261612
183.843155,55.852516,52.314671,39.215622
184.436356,57.390076,52.123508,39.047318
186.100555,56.785851,51.983097,39.034363
187.513901,56.904125,51.855003,38.932037
186.957703,55.865910,52.670689,39.512184
192.049332,53.127266,53.409061,40.009514
191.539490,53.007370,52.933086,39.666828
192.066727,53.271572,53.072929,39.800846
192.408401,52.127831,53.834343,40.403435
195.244370,51.196175,53.780640,40.321796
197.784729,49.481770,53.515598,40.097542
198.015366,48.471405,53.361511,39.977913
198.534836,49.408329,53.434288,40.064098
200.099182,47.421089,53.181095,39.847271
201.867523,46.623669,52.763916,39.569889
204.496078,45.443798,52.792816,39.530247
204.826904,44.464977,53.123802,39.863762
202.033722,45.072159,52.634270,39.541031
203.293579,47.467533,52.389500,39.362953
203.008820,45.274113,52.780327,39.611240
203.266113,45.908344,52.745510,39.643360
203.178146,46.262753,53.356953,40.118065
201.720993,46.025253,53.089447,39.989689
203.102753,45.937717,52.987068,39.846180
205.866974,47.946007,53.190166,39.957764
208.322159,47.355446,52.877430,39.730560
205.285919,47.744236,52.794689,39.713673
206.573807,46.373703,53.256054,40.100521
211.304001,47.942520,53.517498,40.260132
210.227386,46.982765,53.203094,40.098892
212.746155,44.916367,53.352764,40.209084
213.361984,45.774784,52.977592,39.897518
214.651840,47.204510,53.088940,40.000099
216.276352,46.252937,52.750530,39.759186
216.678009,46.848938,53.382145,40.294331
219.432037,45.125374,53.399834,40.293953
219.186707,46.025364,53.427418,40.254833
223.340469,42.930931,53.581608,40.389053
224.189713,46.158810,53.698582,40.390942
225.756485,45.243519,53.614597,40.352928
225.705475,44.569309,53.729515,40.431427
227.231888,42.845943,53.706787,40.417347
226.727524,45.570080,53.138546,40.047302
226.521805,44.543934,53.279297,40.125057
226.971024,45.073586,52.792068,39.813354
227.121918,44.189697,53.261551,40.136841
233.285049,38.546097,53.020424,39.931801
230.325668,39.548916,53.218533,40.106155
226.277100,39.961445,52.715744,39.800026
229.693329,34.873928,53.061146,40.092640
226.115448,36.985687,53.117237,40.216030
223.510452,35.190849,52.273926,39.561485
231.238174,28.937801,52.263477,39.551037
228.145386,29.117086,52.548161,39.792198
224.873917,29.244310,52.139103,39.571342
226.438568,25.309210,52.030571,39.506191
226.796829,21.986788,52.556515,39.910206
227.408310,18.955149,52.524849,39.852158
227.622345,15.884305,51.856106,39.394814
224.953537,14.732263,52.018448,39.520267
225.094727,12.434720,51.680450,39.223988
226.238983,10.516438,51.941254,39.498627
225.934448,9.393682,52.359802,39.826263
226.012970,6.893105,51.814350,39.422852
225.891052,6.298890,51.747547,39.325954
226.816345,3.442515,51.478653,39.095085
225.893936,3.552478,51.741543,39.284611
227.028854,1.414722,51.219723,38.862019
225.692001,-0.195467,51.533669,39.086426
226.240051,-0.954084,51.430504,39.011307
226.670975,-4.918493,52.122665,39.576107
226.454742,-4.250611,52.182655,39.615707
226.779785,-5.205073,52.286621,39.719574
228.049057,-7.767458,52.301006,39.781334
227.670807,-9.717902,52.252071,39.778519
228.306931,-10.733103,52.168144,39.741959
230.421921,-13.337444,52.311047,39.864433
231.582382,-15.199118,53.635517,40.903679
232.514938,-16.390747,54.013649,41.182350
232.514893,-18.482021,53.820282,40.983273
234.827606,-19.571367,53.254765,40.573250
234.653564,-18.940458,53.614246,40.917126
234.707016,-18.847494,53.997154,41.287262
235.983047,-19.450174,54.002518,41.245281
236.842499,-21.406866,53.782364,40.986488
238.624619,-21.267897,53.515282,40.742378
242.143524,-22.780743,52.923050,40.305534
240.518188,-23.909081,53.110359,40.463932
243.877014,-26.422905,53.597195,40.851543
243.030289,-24.681948,53.306160,40.621731
2
0
0
0
0
1
240.414337,34.422871,20.675205,63.671242
242.161377,33.519753,20.631437,63.533379
242.724686,34.290600,20.937786,64.459450
243.976166,33.293488,20.669937,63.645191
244.203094,33.580105,20.453545,62.998951
244.804306,32.488163,20.170031,62.132401
244.208435,30.951534,20.580372,63.401463
245.221222,29.623415,20.247189,62.371643
245.347275,28.463654,20.425430,62.890671
245.244888,27.383516,20.329472,62.571335
244.972031,26.112768,20.442825,62.907825
245.312759,23.561274,20.408310,62.780006
245.227325,23.222507,20.385353,62.720264
2
0
0
0
0
1
242.532455,106.970634,20.006964,60.463474
241.416824,110.601906,19.869066,60.067783
239.915848,111.723465,20.488235,61.959320
238.783112,115.099861,20.430807,61.768040
237.455994,116.944649,20.282213,61.339600
235.901688,118.909874,20.275503,61.338863
233.708542,118.423012,20.078392,60.727726
232.474365,118.788055,20.044260,60.616196
231.435547,119.208878,20.439981,61.797989
229.019379,118.628479,20.249704,61.239929
228.569672,120.671043,20.309814,61.403873
227.047989,119.925568,20.278311,61.294483
225.767410,119.247719,20.425335,61.752625
224.272217,121.167618,20.230946,61.169880
224.102692,120.487473,20.249243,61.217758
223.123901,121.766319,20.122509,60.832615
222.020798,123.174522,19.498753,58.961739
221.445267,124.436737,19.639915,59.422989
220.274658,125.182579,19.706387,59.620266
219.773132,127.468651,20.000732,60.524944
218.001785,127.153122,20.187218,61.064003
216.662613,128.508652,20.314232,61.446423
215.986954,131.264008,20.197975,61.106274
214.387390,132.442764,20.616680,62.372639
213.691101,133.817673,20.912838,63.251907
213.282272,136.857971,20.725990,62.699177
212.448135,138.277618,20.814152,62.960777
212.737930,137.777115,20.736925,62.725960
212.476288,140.868301,20.807821,62.926495
210.606140,142.845581,20.561172,62.201302
210.645477,142.174316,20.273468,61.347050
207.906326,141.320541,20.748522,62.760857
206.593536,143.069351,20.430967,61.801830
205.567825,142.824493,20.233454,61.195244
202.874969,143.273499,19.840635,60.010231
200.404816,144.466156,19.575390,59.236557
198.159882,142.343338,19.829292,60.000572
196.226044,146.079224,20.155085,60.975037
193.222260,143.745163,20.475708,61.942085
190.804749,144.174347,20.451490,61.881104
188.018967,146.414963,20.173616,61.049133
186.296127,146.363144,19.868319,60.113594
182.459717,149.046356,19.928673,60.311218
180.386856,149.123138,20.302649,61.452385
175.863907,150.359650,21.028954,63.678776
173.945465,152.515335,20.867207,63.199673
171.840179,152.943863,21.510956,65.137787
168.987625,155.565445,21.232269,64.276802
167.659302,155.480820,21.624722,65.418228
164.819077,157.668167,21.951101,66.415001
163.929077,160.050156,21.457809,64.929985
161.761246,161.320709,21.364296,64.633751
159.445953,162.108536,21.250549,64.293518
156.653091,162.641006,21.039503,63.634846
154.319229,165.025421,20.576677,62.240196
150.961060,165.554535,20.934406,63.345066
148.139175,165.697342,21.168570,64.054497
146.502304,165.192963,21.305424,64.507172
145.729736,167.369568,21.250799,64.344185
143.942719,165.523560,21.454889,64.959709
143.439545,167.167709,21.298380,64.499924
143.213272,166.292557,21.557671,65.263664
141.782822,168.051163,21.475601,65.032478
141.255310,168.221863,21.693888,65.663872
138.808044,170.189529,21.882334,66.262741
136.121109,174.129044,21.357914,64.663872
132.507370,175.343338,21.490679,65.107635
128.291275,176.199295,21.084757,63.877941
125.199356,179.384399,20.844847,63.140804
120.983131,183.071823,20.119526,60.960457
117.754478,182.374985,20.180906,61.154625
115.794647,182.146591,19.736988,59.833420
113.557739,183.999451,19.428772,58.887260
111.751091,181.550842,19.353922,58.643929
111.095047,182.275406,19.706720,59.729755
111.129272,181.830246,19.750315,59.860596
108.857559,180.626328,20.123178,60.947083
108.168541,181.858459,20.123606,60.968609
106.560219,181.719116,20.494442,62.111588
105.723030,182.006729,20.359463,61.732677
103.682320,180.541809,20.391552,61.828869
102.135277,179.724213,20.042126,60.775276
102.709373,178.345139,19.877432,60.263241
103.377731,176.920181,19.761314,59.901031
103.160683,177.987915,20.256556,61.368668
101.406975,176.560593,19.738295,59.807083
99.381256,177.823700,19.993099,60.582218
93.081726,169.634613,19.877714,60.245964
2
0
0
0
0
1
71.535751,223.153259,63.472301,53.394897
67.957420,223.496170,63.818642,53.716183
68.520874,224.601303,63.395744,53.322922
71.380493,225.000931,63.220951,53.073586
73.303253,225.566940,63.325626,53.129719
75.220146,228.116241,63.659462,53.362324
78.120491,228.922043,63.582031,53.267941
83.442978,229.558044,63.262840,52.961208
86.877365,228.661453,63.070602,52.681793
92.595390,227.396210,62.939560,52.577911
96.785240,227.954315,62.753906,52.414909
101.047241,226.522339,62.894558,52.438732
104.734146,225.150116,62.432949,52.055664
109.898804,224.400101,61.978474,51.700497
111.957405,224.655640,61.889137,51.503819
115.145470,223.655823,61.559090,51.293125
118.255173,224.415649,61.452240,51.200256
118.140495,224.295639,61.191181,50.969975
117.267181,224.773041,60.964558,50.755226
118.529083,223.397278,60.680927,50.467773
118.653839,222.125748,60.887093,50.512543
114.161835,224.747574,60.381123,50.184223
114.449852,221.103836,60.298286,50.054199
113.327286,219.854828,60.855797,50.406376
112.485657,220.101028,60.245300,49.823383
110.971725,217.116943,59.926720,49.556046
111.203445,215.629105,60.213440,49.877159
108.886398,214.792923,60.573151,50.232479
105.887848,211.426331,60.807098,50.474277
104.111160,214.331726,59.661564,49.649223
101.177696,210.894531,59.917801,49.890690
101.195450,209.177002,60.046616,50.038929
135.397263,210.526138,60.067345,50.005051
109.594833,203.356842,60.675655,50.501549
95.707588,215.230362,60.568096,50.546787
2
0
0
0
0
1
170.297028,199.705551,67.928116,52.781708
172.868164,197.957718,67.961082,52.879532
174.928787,199.020538,68.000862,52.921265
175.324005,199.538940,67.877785,52.734573
178.417633,199.315033,68.395348,53.168922
179.727234,199.102890,68.488922,53.317677
184.123947,199.342010,68.428947,53.203594
185.358765,200.369080,68.618797,53.405403
189.078232,200.300568,68.869263,53.602734
192.119217,199.322327,68.693321,53.414288
193.555786,199.578140,68.325531,53.076015
194.976013,197.659515,67.725555,52.618904
199.447449,193.676117,67.462273,52.468624
201.220963,189.360413,67.505890,52.531078
200.534653,191.227432,67.653877,52.633278
202.554352,189.771362,67.902336,52.914253
204.373947,188.401794,68.013115,52.953918
206.367661,186.683594,68.291092,53.102840
209.479660,184.870682,68.414726,53.303711
212.147736,183.933136,69.032059,53.732254
215.182312,184.159851,69.013245,53.736126
219.976395,182.868637,69.061241,53.865040
226.931274,181.982666,68.907845,53.831059
228.827026,182.484344,68.707603,53.579021
234.671982,183.196060,68.986832,53.773548
236.720963,180.532379,68.843681,53.645908
236.816971,180.789398,69.063889,53.757862
240.461609,178.794968,69.224831,53.928509
243.733643,177.143631,69.443336,54.101376
250.435593,173.744553,69.518906,54.102932
249.616577,175.095291,69.733513,54.267342
256.460144,170.000137,70.081009,54.650696
261.472656,168.678726,69.452927,54.164528
263.864349,167.334381,69.496391,54.213619
268.120514,164.773407,69.173912,53.963005
274.132690,160.448273,69.445694,54.170391
283.820129,151.898224,69.653976,54.289204
287.378082,151.632629,69.713615,54.383930
294.424377,147.112076,69.770439,54.359867
302.320343,144.509827,69.654831,54.296448
308.926697,140.050323,70.103622,54.675999
312.687531,138.983902,69.682396,54.392204
325.307831,135.718185,69.298920,54.117035
328.542206,132.275726,69.605301,54.310760
337.761261,129.316910,69.757118,54.320801
339.563873,130.251160,69.721634,54.327259
347.014221,128.195419,69.532745,54.127312
350.735046,126.577370,69.870499,54.381081
353.579346,125.085945,70.314911,54.829330
354.984344,123.510452,70.739349,55.149506
356.561859,124.183853,70.595390,55.028622
361.988220,119.771111,71.114441,55.487541
360.356689,123.412766,71.626976,55.928185
363.731415,123.299362,71.369186,55.745140
366.691345,121.890358,70.956070,55.377598
365.189301,120.425819,71.096771,55.526104
363.281555,121.344421,71.043251,55.487789
366.294861,117.836662,71.117851,55.453403
363.922363,117.805374,71.247299,55.728680
366.027771,116.670425,70.748146,55.283104
369.908447,113.481255,71.437866,55.822754
365.328827,115.484604,71.487015,55.837753
362.993286,116.634552,71.055435,55.624195
363.004913,114.175255,71.527946,55.891071
363.427948,111.944344,71.323555,55.619297
361.064819,114.363350,71.486565,55.723644
362.027557,112.010910,71.378342,55.607086
