1
184.455063,22.123884,49.249001,36.962601
186.307388,23.540730,48.835560,36.688843
186.374954,24.721958,49.006786,36.814014
185.568512,26.158340,48.620956,36.484116
185.733612,27.860361,48.717934,36.542015
185.319550,28.594763,48.682362,36.556522
185.000397,29.880964,48.663784,36.487988
184.497345,30.830772,48.556976,36.404972
183.725372,33.351051,48.554642,36.377781
183.364532,36.197762,48.348980,36.247364
183.859268,37.035191,48.248047,36.189018
181.893311,38.285023,48.038731,35.992065
181.708221,40.037716,47.956879,35.907940
182.293167,40.598362,48.100105,36.001404
181.860184,42.072186,48.626766,36.323040
181.372421,43.485420,48.414997,36.215645
182.575714,44.028908,48.778515,36.513653
181.454575,45.988388,48.968807,36.672955
180.844772,47.959846,48.894413,36.607533
180.794739,48.067230,48.323387,36.137089
182.517136,48.864540,48.329704,36.108967
181.181335,51.258392,48.203178,35.937675
181.984619,51.460182,48.601490,36.176399
180.816971,53.944584,48.751266,36.312443
179.951599,55.624184,48.667603,36.219990
179.697235,55.562286,48.589314,36.169807
179.976517,57.030140,48.570789,36.154938
181.285538,58.620651,48.014637,35.702988
179.727280,59.196747,48.079651,35.750183
178.805496,61.137695,47.583996,35.398823
180.362762,61.086197,47.671562,35.486183
179.320755,59.829525,47.853157,35.666656
180.040909,60.564377,47.889214,35.790943
178.293900,59.289677,48.128838,35.978840
177.209824,59.447514,48.089512,35.937580
178.501602,59.447403,48.102051,35.957485
179.757782,59.052345,47.975510,35.927643
180.893723,58.406658,48.440048,36.192101
181.354126,59.381924,48.112724,35.929844
181.876175,57.540974,48.064335,35.880344
181.996048,56.671513,47.991894,35.835476
182.137955,56.922180,47.982746,35.744774
182.313522,58.340111,48.134136,35.885403
183.181656,57.382156,48.189068,35.915413
183.333725,56.677422,48.171295,35.917374
185.414200,57.484715,47.801418,35.714020
184.656586,57.848450,47.500797,35.598225
184.725510,59.354984,48.163395,36.021992
185.536972,58.680035,48.450390,36.217701
186.399551,58.015804,48.427391,36.191715
187.278732,58.690159,48.481739,36.174191
189.418091,57.024799,48.287140,36.011833
189.883698,57.495651,47.706066,35.573296
190.146255,56.682228,47.751728,35.598358
193.841507,54.936337,47.366619,35.293739
193.609375,54.462582,47.180084,35.177773
194.277786,54.036087,47.362339,35.279106
197.394882,51.970139,47.408844,35.347065
197.923798,52.211575,47.748756,35.666924
197.037338,51.414276,47.858349,35.842220
201.980621,49.562370,47.810574,35.827106
198.753967,50.085503,47.567081,35.635014
200.005692,47.974068,47.756748,35.761467
202.315308,47.720222,47.705532,35.688004
201.692032,47.194973,47.641560,35.673717
203.797455,48.063938,47.555943,35.676647
203.453171,48.577873,47.377693,35.507786
206.061569,47.081524,48.316147,36.178268
204.905807,47.550110,47.740646,35.799217
203.871872,48.233433,48.284489,36.190849
205.988785,47.165627,48.487587,36.346287
206.021301,48.835407,48.276505,36.215134
209.215668,48.418491,49.061119,36.735756
207.220764,48.647961,49.038452,36.691471
207.501602,51.008392,48.338425,36.203785
211.173462,49.027466,48.270985,36.233822
213.513748,48.529007,48.163342,36.107529
213.524979,48.829205,48.617355,36.367409
211.444214,51.460644,48.816944,36.563595
216.002518,48.351799,48.562778,36.377934
215.048874,49.039803,48.564560,36.291721
218.008850,48.492832,48.368847,36.124763
218.907547,47.500763,48.250515,36.034420
219.251907,48.892883,48.701668,36.387787
220.304642,48.737400,48.348747,36.075157
220.244888,47.875393,48.841515,36.450592
225.574173,47.510929,48.899113,36.438839
226.067719,48.610638,48.949242,36.522484
227.837936,46.726631,48.627304,36.248653
228.833572,45.686298,48.465714,36.152348
233.732895,48.570877,48.415993,36.112034
236.111542,44.345505,48.450672,36.164730
235.823044,43.566338,48.171494,35.821144
236.071075,41.954315,46.929352,34.862526
240.656113,41.694626,46.120914,34.290012
227.116257,45.582756,46.121208,34.274120
238.406647,39.124485,46.041885,34.181194
227.002182,42.469566,46.292477,34.353695
232.240875,39.206776,45.968773,34.114269
241.342590,33.979004,45.243706,33.632874
239.412216,34.079926,44.932049,33.404396
239.187271,29.634232,44.834190,33.334515
235.206879,29.925785,44.973072,33.418476
233.567047,28.279089,45.467842,33.780239
234.204803,23.463152,45.111008,33.500484
233.961029,22.104431,45.658577,33.919590
234.298111,18.635569,45.676117,33.925594
232.160431,18.068403,45.259449,33.715729
2
0
0
0
0
1
214.250061,18.502918,16.914368,44.699814
214.618286,17.226471,17.055939,45.074585
214.816010,16.631783,16.905991,44.661713
215.393280,14.737059,16.667307,44.043823
215.563705,13.311308,16.188089,42.781555
215.769028,13.589135,16.431049,43.429897
216.375076,13.024239,16.150513,42.688667
217.535828,10.438364,16.195272,42.817604
217.538177,9.839419,16.026808,42.379105
218.440475,10.193061,16.149836,42.696793
219.515457,10.031419,15.843687,41.896313
220.391022,8.771981,15.676266,41.447811
221.730652,7.722021,15.538683,41.063694
222.389664,8.877464,15.604206,41.225994
224.119904,7.126547,15.541121,41.081894
225.008408,8.268130,14.976759,39.582935
225.864319,8.228462,15.258887,40.324757
227.593674,9.228739,15.602697,41.239086
229.548019,9.119299,15.874307,41.982300
230.615723,10.703986,15.672661,41.451946
232.529602,9.935218,15.736951,41.620506
233.561707,9.668681,15.723658,41.598064
234.694366,12.198669,15.602378,41.261909
236.371246,19.674530,16.479900,43.566669
237.484619,23.338791,17.050550,45.095234
238.789261,23.321468,17.494503,46.271313
240.067947,25.511089,17.223434,45.552319
242.094910,20.035282,17.224440,45.556301
243.622345,19.525106,17.174053,45.433231
242.205002,22.716269,17.304264,45.745350
243.070969,3.879927,17.266375,45.642044
248.953964,-4.290862,17.171284,45.379230
251.015121,35.469757,17.554932,46.378479
247.755585,39.407429,17.248337,45.563702
247.410507,64.092903,17.173353,45.352074
243.174576,76.950119,17.043488,45.003113
243.632019,75.904182,17.049669,45.063290
242.941330,76.312874,16.485649,43.575790
244.456329,72.041008,16.176729,42.764320
242.660873,79.369621,15.554839,41.139835
245.225845,74.318138,15.385107,40.695805
241.270111,76.389832,15.308699,40.478104
242.171173,80.145699,15.641629,41.399967
245.488388,104.708466,15.406800,40.774864
240.278976,73.589432,15.364828,40.653042
244.294693,104.994972,15.258962,40.438000
237.474762,111.877159,15.368697,40.734253
244.849380,106.056976,15.412907,40.852421
245.665833,127.261177,15.753919,41.749199
244.452286,129.070694,15.795724,41.858795
242.523941,132.322601,15.692912,41.589748
241.968552,137.167908,15.533873,41.141171
241.677414,141.319061,15.358871,40.697918
238.583572,144.644180,15.398353,40.777313
237.314575,145.607086,15.635716,41.405804
236.547958,145.303223,16.072517,42.564175
235.170349,145.369476,16.267586,43.087250
232.837326,147.010193,16.325869,43.254322
227.511581,137.447342,16.514175,43.742935
230.378174,153.060120,16.190573,42.900330
230.271011,148.739914,16.177414,42.861874
225.883347,147.145721,16.148764,42.784222
219.089096,148.804443,16.230366,43.010715
215.220505,156.239349,16.584562,43.946022
211.719849,161.184326,16.754854,44.394970
216.579834,151.815948,16.151848,42.764965
215.119888,162.143082,16.219162,42.961617
215.126526,164.178116,16.395250,43.424847
209.317596,164.388855,16.292898,43.159084
212.584976,165.254486,15.720078,41.688503
209.955261,172.233948,15.423678,40.887009
206.802734,173.516678,15.255956,40.462753
212.167358,191.738663,14.926315,39.592831
211.101822,182.045242,15.270268,40.518105
199.771698,179.086349,15.612508,41.499508
199.975693,189.850906,15.469323,41.139114
193.050537,192.295502,15.284646,40.651737
190.270187,208.302628,15.152915,40.323341
186.191544,203.743820,15.090302,40.155590
192.675323,191.757599,15.306839,40.698826
191.391800,216.966629,15.162975,40.330322
185.926361,205.768997,15.438347,41.046108
180.305740,216.370407,15.459140,41.107162
185.828323,203.091400,15.299582,40.664215
179.586578,201.491348,14.760616,39.236561
178.423065,217.741791,14.625719,38.892899
172.025360,215.811722,14.880893,39.574532
168.722580,221.815720,14.833928,39.453476
2
0
0
0
0
1
160.385147,191.765045,67.731247,56.770031
158.526428,194.502670,67.862465,56.807995
153.253387,194.703918,67.869148,56.756634
152.965088,195.387360,67.732353,56.657463
151.433578,196.651779,67.896446,56.901115
148.480804,198.979233,67.819710,56.884594
145.696915,201.255707,67.810951,56.917889
145.395493,203.611465,67.730354,56.820629
142.389984,203.921204,68.252151,57.307095
141.222549,205.197815,68.480438,57.485294
137.749039,204.312408,68.534187,57.563686
134.779449,206.075821,68.484642,57.487659
133.813156,207.003021,68.292999,57.271679
132.275085,207.715179,68.267624,57.200405
130.424545,208.486115,68.323906,57.160812
131.292313,208.026413,68.207672,56.961685
130.867966,210.528656,68.306473,56.952679
131.127747,211.723999,68.385651,57.099041
130.895477,213.513336,68.608185,57.225891
128.171890,214.860306,68.226570,56.991955
125.955780,216.644836,68.344223,57.106415
124.310440,220.312759,68.457344,57.223106
120.491188,223.561966,68.660873,57.402176
117.603188,224.806992,68.866066,57.625607
113.852303,223.557297,68.824158,57.454887
112.359619,225.758591,68.346184,57.094898
108.609192,226.567734,68.172081,56.891083
107.807503,225.390366,68.627533,57.335335
106.685493,225.470947,68.171288,57.034470
107.578064,223.799530,68.122147,56.941154
108.328819,224.090561,68.465515,57.256714
105.816010,223.047974,68.379128,57.176964
104.386215,224.580139,68.438072,57.233688
103.471802,222.322372,68.899963,57.542492
101.359795,222.654953,68.615326,57.255260
100.630928,219.993347,68.712830,57.282516
99.533669,219.790222,68.393738,56.989521
99.180283,222.218872,68.425049,57.038437
100.435211,217.815292,68.499435,57.097416
98.171432,216.053146,68.636192,57.217518
96.728455,215.897247,68.420563,57.090912
93.320564,216.175079,68.438942,57.143063
91.949554,218.300491,68.496033,57.238113
92.671356,218.234009,68.115829,57.011135
85.870560,218.187775,68.339211,57.311371
85.319489,218.212250,68.050560,57.195477
82.761574,218.656815,67.785637,56.983067
80.206741,218.885544,67.568085,56.807270
75.082222,221.589111,67.405212,56.731503
75.989548,220.091873,67.444237,56.693146
76.121613,220.878357,67.656792,56.875046
76.143211,220.821213,67.754738,56.904446
79.972679,220.411957,67.701515,56.791050
79.382339,223.984024,68.084236,57.107597
83.370583,223.478943,67.640327,56.854683
87.854454,222.904327,67.728203,56.949242
91.510872,224.883835,67.932755,57.101307
96.847092,223.221024,68.082283,57.194359
103.023666,221.716019,68.295036,57.383739
107.431015,219.189636,68.447510,57.465271
110.804031,218.219009,68.482346,57.506992
115.005478,216.246521,68.280937,57.410225
120.379784,216.773880,68.374535,57.474270
125.233696,215.310654,68.323082,57.415810
138.752762,212.416016,68.476700,57.553570
128.751968,214.906174,68.236732,57.382961
140.817215,215.805771,68.640747,57.707672
136.069931,213.508255,69.616203,58.364925
140.431396,213.233078,69.399391,58.121082
137.599106,212.365707,69.406441,58.150177
135.295334,212.543884,68.913612,57.847000
134.114944,211.275970,68.725677,57.664299
136.465439,209.646698,68.605209,57.614666
137.682663,207.302567,68.558060,57.586647
138.380753,205.194809,68.569344,57.613590
136.467743,202.795090,69.092812,57.985970
134.623383,202.716187,68.870461,57.918404
125.261703,199.131805,68.638512,57.750725
127.571236,196.860916,68.920410,57.971428
121.910843,196.256622,69.061028,58.129353
122.723946,195.507462,68.833214,57.894169
121.971130,196.440536,68.847931,57.830307
119.270988,195.492157,68.980927,57.794254
115.519135,197.852142,69.199829,57.885235
114.790413,198.244125,69.016869,57.697903
111.934898,199.855682,68.596863,57.443409
110.707230,200.744568,68.087265,57.160118
113.668587,197.646240,68.209793,57.225536
112.006836,198.201981,68.498436,57.509296
114.471634,196.458908,69.116432,57.894478
112.679008,198.003342,69.077141,57.914139
113.582977,198.251022,68.854034,57.684353
112.738289,198.427643,68.786507,57.577152
2
0
0
0
0
1
191.580536,193.311600,72.316994,66.640877
194.267487,192.314835,72.582878,66.894081
195.817642,190.168915,72.577271,66.811920
196.184967,189.217331,72.819786,67.035690
197.403168,189.928299,72.834694,67.036919
198.722809,188.661713,72.707092,66.889931
201.207077,189.076355,72.690742,66.901947
200.632111,187.902222,73.118889,67.243576
203.282135,187.451141,72.779625,67.044983
202.961243,186.552658,72.944847,67.256813
204.889420,184.773743,72.920898,67.244179
206.668823,186.182388,72.946747,67.253189
206.611465,188.510529,73.363762,67.650475
208.673721,189.916840,73.406044,67.715179
210.676468,193.329102,73.274887,67.609955
213.379852,193.433167,73.419861,67.806923
213.264313,194.236877,73.196823,67.501968
214.166672,194.319183,73.041664,67.373840
213.901138,195.840500,72.890320,67.271172
214.199692,196.428619,72.866600,67.191368
215.255646,197.794785,72.648636,66.899544
216.874359,197.624130,72.856087,67.074783
217.644821,198.519562,72.956337,67.162201
219.561829,195.886688,72.637222,66.882347
220.280228,197.008530,72.703629,66.880127
224.213028,194.800690,72.370613,66.601646
226.060287,192.626419,72.494194,66.678070
228.806625,189.518494,72.363014,66.560677
230.853302,187.744247,72.427223,66.548759
222.587524,170.429810,72.615097,66.740677
243.552673,161.257248,72.614182,66.709999
248.874802,178.523254,72.420296,66.469765
252.245300,179.621658,72.606033,66.562775
256.006134,175.638977,72.486542,66.424240
264.181244,175.785034,72.739067,66.627045
264.127075,174.741470,73.015518,67.003311
265.711090,174.539627,72.742287,66.703102
2
0
0
0
0
1
354.407166,116.667801,90.573326,74.242294
354.027863,115.416885,90.223579,73.989403
357.436798,115.654922,89.812531,73.761589
356.099365,115.262756,90.175224,74.062569
357.973114,115.219078,90.288139,74.304649
358.643768,115.750961,90.237724,74.326874
357.350952,114.753792,90.017136,74.018715
356.971344,112.971870,90.794586,74.610794
358.537994,112.604050,90.266731,74.160385
356.122803,111.113174,90.180237,74.110916
355.252441,112.260406,90.373657,74.233162
357.438263,112.792633,89.891121,73.937195
355.084564,111.678017,90.125687,74.096176
355.077087,109.394524,90.274841,74.103134
354.333710,107.698204,90.089249,73.770622
