1
311.21,85.92,276.47,288.83,335.86,299.00,370.60,96.08
312.44,84.19,272.33,286.68,333.38,298.78,373.49,96.29
309.51,84.89,279.64,285.74,329.48,293.15,359.35,92.30
313.10,83.34,275.33,251.66,333.01,264.60,370.78,96.28
314.41,77.58,273.43,251.22,332.10,265.06,373.08,91.43
310.45,77.74,274.07,244.59,334.72,257.82,371.10,90.97
311.12,73.57,268.14,242.38,332.11,258.67,375.10,89.86
310.70,74.65,267.34,241.97,333.07,259.01,376.43,91.68
312.96,69.33,264.27,249.65,320.15,264.74,368.83,84.42
306.33,71.26,253.61,247.63,313.83,265.63,366.55,89.26
298.88,66.98,239.32,248.85,312.41,272.78,371.96,90.92
303.76,66.47,234.22,248.24,305.27,275.43,374.82,93.65
301.74,73.36,237.29,249.49,304.90,274.23,369.35,98.10
301.56,73.76,241.34,247.98,317.59,274.34,377.82,100.11
307.04,75.87,234.39,246.35,306.05,276.89,378.70,106.40
301.04,80.43,234.71,246.33,314.35,278.17,380.67,112.27
291.65,88.16,243.75,248.21,323.98,272.22,371.88,112.17
291.65,88.36,238.19,245.57,307.68,269.20,361.14,111.99
302.58,94.08,234.48,242.46,292.37,269.03,360.47,120.65
317.80,93.71,229.92,236.59,283.96,269.83,371.85,126.95
319.57,93.49,228.25,239.42,281.84,272.95,373.16,127.02
316.97,90.79,228.92,239.06,287.04,273.57,375.09,125.31
313.43,80.81,223.91,245.89,288.25,280.78,377.77,115.71
310.29,79.84,225.17,247.15,290.17,280.22,375.29,112.91
321.05,76.43,221.57,248.74,287.22,286.64,386.70,114.33
323.75,70.11,228.67,247.16,290.10,280.16,385.19,103.11
322.73,70.12,229.10,247.02,288.78,278.60,382.41,101.70
328.68,67.60,226.35,244.58,284.27,278.07,386.61,101.09
331.62,66.72,223.49,245.53,274.47,276.36,382.60,97.55
316.54,65.63,235.45,240.45,287.50,264.59,368.59,89.77
317.17,66.24,235.96,243.07,293.36,269.43,374.56,92.60
301.71,65.74,227.34,252.49,307.17,284.28,381.55,97.54
305.55,65.75,225.25,251.72,304.44,285.92,384.74,99.94
304.17,68.02,233.93,248.85,315.58,280.56,385.82,99.73
306.43,78.75,224.86,256.11,303.43,292.24,384.99,114.88
310.25,78.48,221.71,265.20,297.53,301.15,386.06,114.43
315.41,79.43,218.71,263.81,298.17,305.48,394.86,121.10
304.55,69.72,223.56,247.32,324.11,293.17,405.10,115.58
284.06,68.42,227.09,256.50,331.85,288.23,388.81,100.15
287.09,72.35,236.10,263.31,340.90,291.30,391.89,100.34
276.60,89.41,254.26,267.74,365.53,281.68,387.87,103.35
280.07,87.87,250.54,267.42,360.92,285.57,390.45,106.02
281.75,79.61,248.13,270.69,368.06,291.80,401.68,100.71
328.79,69.41,220.56,220.99,332.56,300.96,440.79,149.37
316.10,66.99,241.82,249.78,354.44,295.54,428.72,112.75
327.25,67.39,236.47,239.21,342.69,295.34,433.48,123.52
336.18,62.12,245.21,251.91,341.90,298.25,432.87,108.47
338.00,60.90,243.57,250.10,338.76,297.61,433.19,108.41
313.68,62.18,227.02,240.34,332.70,291.74,419.36,113.59
315.06,52.13,247.00,223.64,345.54,262.74,413.60,91.23
315.73,52.84,247.26,222.99,343.23,261.61,411.70,91.46
318.27,52.53,249.36,227.90,342.21,264.37,411.11,89.00
303.15,47.26,222.24,221.26,327.35,270.14,408.27,96.13
284.99,47.17,226.65,224.39,336.88,260.68,395.22,83.46
275.22,46.13,214.43,223.38,337.52,265.60,398.31,88.35
209.82,85.63,372.10,85.63,372.10,247.91,209.82,247.91
212.35,92.48,375.62,92.48,375.62,255.75,212.35,255.75
219.44,105.44,380.37,105.44,380.37,266.36,219.44,266.36
214.89,82.75,381.40,82.75,381.40,249.25,214.89,249.25
212.22,110.54,374.72,110.54,374.72,273.04,212.22,273.04
380.95,111.93,197.58,121.94,205.92,274.58,389.29,264.56
382.91,105.81,180.94,119.49,190.79,264.96,392.76,251.29
381.93,105.15,193.64,123.98,208.05,268.08,396.34,249.25
314.53,43.47,181.06,196.45,308.55,307.68,442.02,154.70
376.83,89.79,237.30,237.26,315.62,311.36,455.14,163.89
375.22,74.25,232.48,226.72,319.38,308.08,462.13,155.62
352.90,61.30,233.88,238.78,338.38,308.85,457.40,131.38
357.15,57.83,251.25,200.39,356.20,278.36,462.10,135.80
352.96,61.53,248.94,205.63,352.49,280.37,456.51,136.28
328.55,53.46,247.18,208.87,363.42,269.73,444.79,114.32
343.86,46.76,243.99,213.81,353.91,279.53,453.78,112.47
348.74,48.16,244.47,215.50,351.75,282.34,456.01,115.00
339.53,51.66,232.36,218.92,344.51,290.78,451.68,123.52
342.94,57.51,236.70,225.60,336.51,288.70,442.76,120.61
338.10,55.28,249.42,204.98,352.93,266.30,441.61,116.61
329.46,55.57,243.57,204.55,351.41,266.73,437.31,117.75
320.34,59.42,251.12,221.89,356.53,266.80,425.75,104.33
321.53,59.07,250.70,219.24,354.92,265.33,425.75,105.16
318.89,51.40,242.04,204.16,354.59,260.79,431.45,108.03
306.23,53.68,245.27,219.20,364.89,263.25,425.85,97.73
318.71,48.93,241.30,212.83,358.44,268.15,435.85,104.25
312.65,38.43,232.01,213.70,362.93,273.94,443.58,98.67
309.39,41.08,241.08,207.65,372.11,261.38,440.42,94.82
319.07,57.38,276.27,234.68,398.81,264.26,441.61,86.96
316.70,58.77,277.73,236.55,402.26,263.85,441.23,86.06
327.77,49.01,266.63,213.02,376.86,254.12,438.01,90.11
328.00,50.72,267.55,213.73,375.68,253.82,436.13,90.81
307.13,55.29,264.66,220.93,387.23,252.36,429.71,86.72
275.61,73.73,434.64,73.73,434.64,232.76,275.61,232.76
273.94,72.72,434.63,72.72,434.63,233.41,273.94,233.41
251.88,88.24,420.98,88.24,420.98,257.34,251.88,257.34
315.34,65.46,307.88,247.84,397.21,251.50,404.66,69.11
317.95,62.08,302.38,251.87,392.26,259.24,407.83,69.45
303.36,73.89,311.53,256.30,409.58,251.91,401.40,69.50
300.63,63.48,303.46,245.24,398.68,243.76,395.86,62.00
304.59,60.49,298.13,235.63,391.62,239.07,398.08,63.94
305.91,54.62,291.98,230.18,386.04,237.65,399.97,62.09
297.71,59.28,299.03,230.24,395.30,229.49,393.98,58.54
297.26,56.11,297.79,229.70,397.51,229.39,396.97,55.81
292.15,55.36,296.14,231.99,398.72,229.68,394.73,53.04
287.71,53.93,281.96,225.31,386.95,228.84,392.71,57.45
295.44,47.54,272.85,216.54,378.82,230.71,401.42,61.71
292.12,39.05,252.25,212.35,360.91,237.35,400.78,64.05
292.50,41.79,243.21,211.53,340.40,239.75,389.69,70.01
318.31,29.58,233.45,194.43,318.42,238.17,403.28,73.32
303.97,28.95,230.08,188.95,325.28,232.91,399.18,72.91
322.50,34.28,219.32,174.14,300.04,233.69,403.22,93.83
341.45,45.59,214.12,162.16,279.01,233.04,406.35,116.47
342.36,49.90,218.44,146.11,281.45,227.27,405.37,131.06
345.55,59.99,201.05,144.14,251.73,231.16,396.23,147.01
347.89,61.29,236.20,122.71,284.23,210.03,395.91,148.61
243.98,75.71,376.53,75.71,376.53,208.26,243.98,208.26
290.18,55.13,223.45,176.27,326.05,232.79,392.78,111.65
243.56,82.18,371.98,82.18,371.98,210.61,243.56,210.61
241.34,79.26,373.14,79.26,373.14,211.06,241.34,211.06
229.63,78.91,361.32,78.91,361.32,210.60,229.63,210.60
223.93,75.36,359.92,75.36,359.92,211.35,223.93,211.35
218.67,70.68,358.93,70.68,358.93,210.94,218.67,210.94
350.75,70.80,201.35,114.29,233.40,224.38,382.80,180.90
349.90,70.87,200.02,122.37,236.26,227.83,386.14,176.33
359.19,67.15,198.95,108.91,228.98,224.15,389.22,182.39
338.13,49.32,203.64,134.91,261.65,226.06,396.14,140.47
337.87,44.53,199.35,126.50,258.15,225.86,396.67,143.89
354.16,40.26,202.02,103.97,248.55,215.08,400.69,151.37
361.21,38.83,190.68,98.05,233.41,221.08,403.93,161.87
365.40,41.77,189.55,98.54,228.93,220.52,404.78,163.74
316.25,51.43,227.21,144.42,303.47,217.44,392.51,124.46
233.66,68.07,363.64,68.07,363.64,198.04,233.66,198.04
231.90,65.18,365.03,65.18,365.03,198.32,231.90,198.32
223.20,54.11,351.89,54.11,351.89,182.79,223.20,182.79
210.78,57.68,345.68,57.68,345.68,192.57,210.78,192.57
206.16,57.27,344.94,57.27,344.94,196.06,206.16,196.06
362.95,82.02,211.37,45.29,182.36,165.04,333.93,201.77
369.07,107.82,208.85,34.42,160.01,141.05,320.23,214.44
372.03,113.57,208.57,36.26,156.96,145.40,320.42,222.70
367.97,113.73,216.52,46.05,168.17,154.24,319.62,221.93
360.82,107.98,184.10,49.12,151.17,148.00,327.89,206.86
372.18,125.14,210.65,21.51,171.09,83.16,332.63,186.79
363.01,115.01,238.96,66.11,212.12,134.21,336.17,183.10
380.12,134.60,234.01,63.78,202.41,128.98,348.52,199.80
379.47,132.30,228.41,62.40,197.50,129.19,348.57,199.09
394.32,141.67,259.10,67.10,216.50,144.35,351.71,218.92
393.48,159.92,291.16,74.70,243.24,132.24,345.55,217.46
387.71,151.74,288.54,77.09,244.01,136.25,343.18,210.90
400.50,173.84,299.83,74.23,245.59,129.05,346.25,228.66
405.56,176.48,294.56,70.49,241.54,126.02,352.54,232.01
408.87,173.85,290.78,69.43,237.25,129.96,355.34,234.39
410.08,201.53,304.24,69.81,242.00,119.82,347.84,251.54
406.67,202.43,305.48,69.98,245.28,115.98,346.47,248.42
406.25,206.97,315.46,69.41,245.08,115.86,335.87,253.42
406.41,208.14,315.84,72.51,250.40,116.22,340.97,251.84
406.94,173.97,298.51,66.10,243.63,121.26,352.07,229.13
409.44,162.87,297.93,61.83,239.95,125.82,351.46,226.86
403.61,180.49,305.15,60.74,235.74,117.80,334.19,237.56
395.74,141.07,274.00,53.37,214.57,135.87,336.31,223.56
377.47,110.58,224.34,54.92,183.46,167.41,336.59,223.07
361.45,93.02,214.69,55.39,183.15,178.40,329.90,216.03
271.59,70.51,281.49,217.79,357.30,212.69,347.40,65.41
273.10,73.33,283.46,219.20,358.13,213.90,347.78,68.03
273.07,73.17,273.18,210.44,347.27,210.39,347.16,73.12
264.79,66.22,265.55,205.88,344.58,205.45,343.82,65.79
266.12,63.51,260.60,202.61,340.78,205.79,346.29,66.69
269.68,55.13,255.64,199.84,334.30,207.46,348.33,62.76
253.88,74.43,269.45,202.12,355.65,191.61,340.08,63.92
252.93,71.83,270.62,202.00,353.31,190.76,335.62,60.59
254.29,70.35,265.64,218.37,348.37,212.03,337.03,64.00
254.83,76.72,271.45,216.96,346.43,208.07,329.81,67.84
246.63,65.01,263.80,216.79,348.47,207.21,331.29,55.43
245.74,61.21,250.79,216.70,339.70,213.81,334.65,58.32
240.00,71.21,261.10,226.87,352.44,214.48,331.34,58.82
243.76,65.91,249.86,223.68,344.80,220.01,338.70,62.24
244.67,61.07,239.90,224.98,342.59,227.97,347.36,64.06
264.83,38.52,234.90,211.68,335.71,229.10,365.65,55.95
260.23,39.36,235.22,217.35,337.20,231.68,362.22,53.69
253.28,39.78,232.60,213.09,338.09,225.69,358.77,52.38
297.15,5.49,230.72,178.71,332.07,217.57,398.50,44.36
301.37,4.25,228.82,183.58,333.78,226.04,406.33,46.71
286.26,39.13,229.03,185.26,338.29,228.04,395.51,81.92
244.96,59.35,394.48,59.35,394.48,208.87,244.96,208.87
228.66,62.61,394.70,62.61,394.70,228.64,228.66,228.64
225.78,68.55,397.46,68.55,397.46,240.24,225.78,240.24
333.67,32.27,196.62,135.98,265.50,227.01,402.55,123.29
334.04,33.51,191.16,136.69,258.30,229.67,401.19,126.49
339.95,32.36,194.36,133.69,260.85,229.21,406.43,127.88
343.31,32.31,189.67,136.28,254.93,232.71,408.57,128.74
344.58,34.79,186.95,127.49,247.17,229.89,404.80,137.19
312.82,36.01,233.33,159.66,314.47,211.83,393.96,88.17
315.02,36.73,230.75,150.67,315.22,213.15,399.49,99.21
315.72,37.06,232.25,150.38,318.52,213.93,401.99,100.61
320.43,44.93,238.29,163.86,319.68,220.07,401.82,101.14
332.26,45.56,226.93,150.30,312.17,236.02,417.50,131.28
329.24,35.41,223.28,151.94,313.49,233.96,419.44,117.42
331.06,44.46,222.77,153.43,312.32,242.41,420.60,133.44
245.90,75.30,387.54,75.30,387.54,216.95,245.90,216.95
245.89,73.18,387.87,73.18,387.87,215.16,245.89,215.16
251.13,67.22,394.10,67.22,394.10,210.19,251.13,210.19
248.64,62.73,391.42,62.73,391.42,205.51,248.64,205.51
248.72,61.08,394.59,61.08,394.59,206.95,248.72,206.95
244.59,54.28,395.09,54.28,395.09,204.78,244.59,204.78
287.68,22.90,229.03,188.58,353.90,232.78,412.54,67.10
289.64,19.87,226.03,184.29,351.27,232.74,414.88,68.32
250.57,36.59,412.38,36.59,412.38,198.40,250.57,198.40
317.73,18.92,242.66,173.39,346.23,223.73,421.31,69.26
327.75,23.89,237.75,178.53,340.98,238.60,430.97,83.96
336.15,20.52,237.99,167.55,338.46,234.64,436.63,87.61
309.77,19.97,233.21,190.70,343.57,240.20,420.13,69.46
319.99,18.87,243.79,166.24,345.22,218.68,421.41,71.31
336.82,20.64,239.05,156.29,331.15,222.67,428.92,87.03
323.37,23.22,238.96,155.80,338.37,219.08,422.77,86.50
323.48,24.58,240.42,158.29,338.91,219.47,421.97,85.75
334.10,30.08,232.44,149.35,322.84,226.40,424.50,107.13
326.20,21.76,220.96,149.47,314.30,226.39,419.54,98.68
319.05,19.01,225.22,153.50,320.50,219.97,414.33,85.48
313.18,23.11,234.59,156.33,332.41,214.04,411.01,80.83
307.34,22.02,227.88,166.27,331.91,223.58,411.38,79.33
306.20,21.34,226.75,166.25,331.75,223.82,411.20,78.91
318.10,17.59,229.83,162.41,326.45,221.30,414.72,76.49
288.98,14.00,227.73,168.70,352.58,218.12,413.82,63.43
289.51,14.53,230.05,170.96,353.75,217.97,413.20,61.55
290.43,14.47,232.62,169.04,356.59,215.41,414.40,60.84
291.08,10.97,227.74,160.17,354.11,213.81,417.44,64.62
278.12,17.11,220.73,185.94,356.68,232.15,414.07,63.33
312.29,30.57,252.29,194.48,354.33,231.83,414.32,67.92
315.80,38.34,249.44,194.76,345.04,235.31,411.40,78.89
317.72,33.79,251.39,167.80,348.86,216.05,415.19,82.04
318.03,29.57,262.04,179.19,367.00,218.47,422.99,68.85
320.40,33.33,272.77,183.24,380.22,217.38,427.85,67.47
317.90,37.04,278.20,187.11,390.11,216.72,429.81,66.64
319.60,21.30,251.57,185.40,365.59,232.67,433.62,68.57
324.52,35.06,269.25,189.22,377.32,227.96,432.59,73.80
332.37,20.52,261.14,181.51,369.21,229.33,440.44,68.34
344.35,15.72,258.19,168.26,357.33,224.26,443.48,71.72
335.51,24.68,269.87,186.61,377.85,230.38,443.49,68.45
337.63,21.52,269.22,179.44,377.07,226.17,445.49,68.25
348.38,24.57,272.83,189.48,372.46,235.12,448.01,70.22
355.02,14.61,259.22,180.05,355.58,235.84,451.38,70.40
356.91,14.34,273.50,150.55,369.31,209.22,452.72,73.01
367.63,10.07,269.12,140.34,356.07,206.09,454.58,75.82
372.51,5.82,266.49,139.48,352.67,207.84,458.69,74.18
378.08,4.07,265.63,131.51,349.05,205.12,461.50,77.68
309.73,32.95,453.81,32.95,453.81,177.04,309.73,177.04
317.83,41.57,457.11,41.57,457.11,180.85,317.83,180.85
320.76,37.23,462.78,37.23,462.78,179.25,320.76,179.25
317.97,37.68,460.04,37.68,460.04,179.74,317.97,179.74
321.74,30.06,466.82,30.06,466.82,175.14,321.74,175.14
320.53,30.29,469.51,30.29,469.51,179.27,320.53,179.27
467.99,25.34,307.45,42.35,321.90,178.73,482.44,161.72
462.35,20.21,308.70,60.96,338.32,172.63,491.97,131.87
453.92,8.81,302.54,62.95,347.79,189.45,499.16,135.32
474.72,38.02,299.03,54.92,312.05,190.23,487.74,173.32
475.55,30.19,309.91,62.61,334.97,190.65,500.61,158.22
469.99,20.27,289.65,66.70,324.00,200.09,504.34,153.65
480.74,40.05,293.30,64.87,310.57,195.31,498.01,170.48
476.95,32.74,295.97,64.50,318.89,195.12,499.87,163.36
482.02,46.53,298.78,59.61,308.69,198.29,491.92,185.21
477.54,23.82,282.51,65.45,315.22,218.68,510.25,177.05
463.94,16.03,285.32,66.18,326.46,212.72,505.08,162.57
463.65,12.79,286.57,65.89,330.50,212.42,507.58,159.32
459.87,7.01,288.43,68.05,339.14,210.50,510.58,149.47
315.57,31.85,476.50,31.85,476.50,192.78,315.57,192.78
313.96,32.62,475.05,32.62,475.05,193.71,313.96,193.71
462.58,31.52,283.89,66.74,311.04,204.49,489.73,169.26
480.23,52.18,298.62,53.37,299.56,196.26,481.16,195.07
446.62,-2.87,281.30,74.22,345.74,212.40,511.06,135.32
319.15,20.98,477.63,20.98,477.63,179.45,319.15,179.45
461.07,14.02,297.61,71.24,346.09,209.71,509.54,152.49
462.05,15.17,300.52,70.20,346.17,204.21,507.70,149.18
460.99,16.03,299.31,72.74,345.47,204.35,507.15,147.64
464.89,10.20,305.46,72.44,353.65,195.89,513.09,133.64
435.24,4.19,293.25,95.43,349.69,183.27,491.68,92.03
434.30,3.74,289.95,97.99,348.14,187.11,492.49,92.85
462.59,1.54,295.94,90.90,343.17,178.99,509.83,89.63
463.74,3.97,290.13,91.79,343.17,196.64,516.78,108.82
477.16,16.44,314.32,74.14,355.33,189.90,518.17,132.20
493.81,18.54,310.81,72.07,342.97,182.03,525.98,128.51
476.68,0.11,292.04,94.12,343.61,195.41,528.25,101.41
462.04,0.43,287.74,100.11,344.06,198.59,518.36,98.91
481.04,0.47,295.54,94.93,347.03,196.04,532.52,101.58
464.16,13.75,294.25,96.22,339.77,190.00,509.68,107.53
450.82,9.38,288.47,102.79,343.54,198.50,505.89,105.08
457.73,10.10,288.88,101.97,345.87,206.71,514.71,114.84
418.86,5.41,289.77,147.38,368.72,219.17,497.81,77.20
446.32,2.20,273.82,116.95,330.61,202.33,503.11,87.58
447.74,2.79,275.15,117.27,333.77,205.64,506.36,91.16
451.82,6.28,273.02,121.44,329.73,209.49,508.53,94.33
437.84,3.58,281.32,139.78,344.33,212.19,500.85,75.99
432.16,-5.60,284.98,133.63,354.95,207.59,502.13,68.36
438.92,-5.36,280.61,138.33,346.04,210.41,504.35,66.73
442.81,-5.56,281.86,134.92,345.07,207.33,506.02,66.86
435.70,6.17,281.28,136.76,335.17,200.47,489.58,69.88
441.08,-7.46,270.49,124.81,328.98,200.25,499.57,67.97
450.29,-9.85,269.12,125.21,325.52,200.86,506.69,65.79
434.31,9.59,272.96,127.87,325.31,199.27,486.65,80.99
444.71,5.82,282.37,104.08,333.33,188.26,495.66,89.99
441.16,-2.12,258.12,123.37,313.40,204.00,496.44,78.51
400.37,-3.65,253.63,140.12,324.96,212.93,471.71,69.17
430.96,-5.95,262.54,118.89,319.75,196.07,488.17,71.23
429.29,-6.82,264.57,120.50,326.18,200.21,490.90,72.90
433.84,-7.77,250.03,120.92,312.37,209.95,496.17,81.26
433.54,-2.14,254.18,116.94,318.48,213.79,497.84,94.71
434.05,-2.17,253.75,117.19,318.47,214.95,498.76,95.59
436.70,8.85,255.90,107.23,314.44,214.81,495.24,116.44
451.90,16.73,254.98,100.67,291.51,186.37,488.43,102.43
429.67,29.64,256.29,101.94,291.73,186.93,465.11,114.63
433.86,30.15,258.40,98.54,294.43,190.99,469.89,122.60
448.21,19.15,253.27,89.12,290.49,192.81,485.42,122.84
407.48,29.44,246.98,105.88,292.10,200.63,452.60,124.19
430.72,26.94,255.35,80.58,288.30,188.31,463.67,134.68
371.93,9.34,236.95,145.40,317.44,225.24,452.42,89.19
371.64,10.05,239.18,148.32,322.99,228.62,455.46,90.34
385.81,7.54,232.39,123.52,306.63,221.73,460.06,105.76
332.46,26.60,235.66,149.37,326.39,220.90,423.18,98.13
339.83,27.40,234.07,142.26,317.37,218.97,423.13,104.11
348.79,30.39,230.70,119.94,298.81,209.74,416.89,120.19
330.81,30.00,226.59,138.29,317.59,225.87,421.81,117.57
332.86,30.54,227.41,135.40,315.70,224.17,421.14,119.31
342.68,29.59,234.71,125.23,313.16,213.79,421.13,118.16
335.75,33.81,234.77,154.40,313.94,220.70,414.92,100.11
339.31,34.51,234.60,150.83,309.83,218.55,414.54,102.23
341.61,36.41,239.71,153.11,309.10,213.69,410.99,96.99
364.72,25.15,248.90,143.25,312.62,205.75,428.45,87.65
378.13,28.31,251.40,127.68,308.57,200.58,435.29,101.21
395.93,37.85,257.84,117.36,304.16,197.81,442.25,118.30
415.67,39.41,265.35,118.43,309.80,202.98,460.12,123.96
401.62,24.89,258.33,125.86,321.86,216.01,465.14,115.04
396.29,50.80,265.50,120.53,320.26,223.24,451.05,153.51
376.98,47.32,260.97,140.44,328.65,224.76,444.66,131.64
375.20,46.96,260.21,138.69,327.83,223.46,442.82,131.73
378.63,53.55,254.59,139.42,314.11,225.41,438.16,139.54
397.42,63.39,266.17,124.38,305.94,209.97,437.19,148.99
391.29,57.86,262.67,129.57,308.92,212.51,437.53,140.80
379.73,50.52,256.47,150.77,318.72,227.32,441.99,127.07
369.72,48.60,257.97,165.90,328.31,232.91,440.06,115.61
362.54,49.76,258.91,180.87,335.27,241.23,438.91,110.12
367.07,50.23,260.24,176.48,333.68,238.63,440.51,112.39
399.32,60.57,259.18,157.21,311.65,233.29,451.79,136.65
383.35,55.06,260.72,174.79,332.14,247.95,454.77,128.21
383.58,66.21,267.34,160.48,333.79,242.42,450.03,148.14
407.42,74.27,278.62,143.57,323.96,227.83,452.76,158.52
409.19,74.31,279.38,145.31,324.43,227.67,454.24,156.66
386.13,68.03,279.08,165.74,340.42,232.94,447.47,135.23
387.08,63.23,282.07,156.02,349.42,232.26,454.44,139.47
381.03,65.12,283.86,163.47,356.39,235.13,453.56,136.78
369.97,70.15,293.79,180.61,370.36,233.41,446.53,122.96
334.82,78.03,295.16,218.17,395.86,246.67,435.52,106.52
340.26,77.28,296.53,216.77,394.28,247.41,438.01,107.92
351.27,65.59,301.06,207.49,395.49,240.90,445.69,99.00
340.31,72.64,302.22,207.67,392.60,233.17,430.70,98.14
350.24,67.80,296.98,192.75,385.98,230.68,439.23,105.73
313.82,89.51,315.37,222.74,411.00,221.63,409.45,88.40
304.35,83.33,303.32,217.07,408.50,217.88,409.53,84.13
289.82,92.07,323.68,241.59,421.90,219.35,388.04,69.82
272.52,102.35,340.08,256.78,434.55,215.45,366.99,61.02
266.35,117.61,346.86,265.61,441.01,214.40,360.50,66.40
293.23,69.97,280.08,215.10,387.95,224.88,401.10,79.74
287.93,77.33,284.29,219.65,392.31,222.41,395.95,80.09
274.35,91.59,313.81,238.74,418.79,210.59,379.32,63.44
274.87,91.21,312.91,234.81,418.31,206.89,380.26,63.29
303.86,62.90,274.71,214.60,393.74,237.47,422.88,85.77
249.97,81.52,320.79,242.98,433.28,193.64,362.46,32.18
247.75,81.60,322.93,246.48,435.95,194.95,360.78,30.07
276.71,60.44,292.21,223.54,393.57,213.91,378.07,50.81
262.17,58.92,299.29,231.26,405.67,208.34,368.54,36.01
259.25,61.61,299.61,235.11,406.30,210.28,365.93,36.78
248.91,72.84,310.11,238.89,419.49,198.57,358.29,32.53
269.69,40.32,275.52,227.38,389.41,223.83,383.58,36.77
269.95,40.47,275.22,225.56,389.13,222.31,383.85,37.23
286.30,49.05,261.39,213.61,365.28,229.34,390.19,64.78
271.84,59.02,266.50,227.99,363.96,231.07,369.30,62.10
277.17,59.41,272.89,221.07,362.83,223.45,367.11,61.79
264.92,60.36,288.47,236.71,380.38,224.44,356.83,48.09
272.84,56.62,284.49,243.39,376.80,237.63,365.15,50.87
278.38,53.38,280.11,241.46,368.96,240.65,367.23,52.57
286.18,57.38,289.93,245.28,376.52,243.55,372.77,55.66
285.54,71.23,298.48,243.29,390.19,236.39,377.25,64.34
283.91,74.36,300.32,245.30,391.72,236.53,375.31,65.59
280.89,73.66,295.91,240.01,381.15,232.31,366.14,65.97
277.88,78.82,299.87,259.29,392.31,248.02,370.33,67.56
284.37,74.27,294.13,258.96,383.21,254.25,373.44,69.56
292.68,75.71,300.19,256.56,387.02,252.96,379.51,72.10
296.43,71.57,291.05,256.94,386.21,259.70,391.59,74.33
302.64,68.39,286.49,227.54,375.27,236.55,391.42,77.40
304.60,66.85,286.89,225.89,379.54,236.21,397.25,77.17
298.79,58.97,267.84,209.98,375.56,232.06,406.50,81.05
297.45,62.12,273.60,213.59,384.20,231.01,408.05,79.54
305.02,58.71,271.54,207.18,379.56,231.55,413.05,83.07
307.05,60.60,278.62,211.31,395.90,233.43,424.33,82.73
307.14,61.64,277.27,215.56,394.18,238.25,424.05,84.32
309.11,62.67,280.39,212.09,398.35,234.76,427.07,85.34
324.07,54.84,282.63,209.36,397.57,240.18,439.00,85.67
333.69,47.59,277.08,195.25,381.37,235.24,437.98,87.57
328.23,51.46,279.65,209.93,374.17,238.91,422.75,80.44
352.97,40.01,275.16,187.71,367.31,236.25,445.12,88.56
350.55,41.56,279.78,193.81,377.30,239.14,448.06,86.88
363.99,39.72,277.54,192.16,372.97,246.28,459.42,93.84
346.95,43.25,274.08,186.32,383.60,242.09,456.46,99.02
346.95,42.31,275.19,188.27,385.36,242.44,457.12,96.48
362.86,38.07,277.40,168.04,384.29,238.32,469.75,108.36
384.35,36.20,279.55,154.26,376.71,240.51,481.51,122.46
350.06,48.60,283.48,178.65,387.28,231.79,453.86,101.74
354.87,43.96,281.28,176.30,383.82,233.32,457.41,100.98
299.28,69.03,460.63,69.03,460.63,230.38,299.28,230.38
299.87,66.61,462.32,66.61,462.32,229.06,299.87,229.06
295.31,70.56,460.13,70.56,460.13,235.38,295.31,235.38
286.24,76.57,450.04,76.57,450.04,240.37,286.24,240.37
412.53,43.63,243.75,133.07,318.25,273.64,487.02,184.20
274.73,76.85,430.47,76.85,430.47,232.60,274.73,232.60
387.83,41.35,235.38,141.08,316.45,265.00,468.90,165.26
397.71,39.76,235.35,141.45,312.00,263.82,474.36,162.13
405.64,56.11,243.14,127.02,298.90,254.80,461.40,183.88
418.28,52.19,240.86,119.54,290.28,249.74,467.70,182.39
271.41,84.03,419.12,84.03,419.12,231.73,271.41,231.73
417.40,73.08,250.73,108.60,279.16,242.06,445.84,206.54
424.97,70.01,231.96,110.81,260.00,243.48,453.02,202.67
433.44,75.71,235.50,106.80,256.30,239.26,454.25,208.16
424.23,76.55,241.04,105.73,261.78,235.95,444.97,206.77
370.10,48.30,226.07,141.69,296.77,250.73,440.80,157.34
396.02,45.57,231.10,128.03,290.23,246.29,455.15,163.83
297.96,72.16,239.37,207.25,341.38,251.49,399.97,116.40
311.46,70.42,234.73,205.30,321.89,254.89,398.62,120.01
308.41,70.97,234.37,206.26,322.83,254.67,396.87,119.38
300.76,79.56,250.50,220.45,334.59,250.44,384.85,109.56
314.03,83.42,261.89,225.92,330.24,250.93,382.38,108.43
314.23,81.84,258.01,223.47,328.29,251.36,384.50,109.73
329.36,76.64,246.09,225.09,319.56,266.30,402.83,117.85
311.84,79.89,252.82,230.67,326.75,259.61,385.77,108.83
318.24,81.25,254.06,231.00,324.94,261.38,389.12,111.62
322.04,77.61,258.17,231.76,324.12,259.08,387.99,104.93
326.70,66.51,246.82,226.10,314.85,260.15,394.74,100.57
328.85,64.09,239.03,216.90,311.52,259.51,401.34,106.70
341.83,73.17,242.63,216.55,305.72,260.20,404.91,116.82
319.71,77.00,241.84,225.06,314.25,263.14,392.12,115.08
323.08,73.11,243.14,223.79,315.36,262.10,395.30,111.43
315.12,78.32,250.99,226.91,322.76,257.89,386.90,109.30
294.06,81.09,252.16,226.09,332.19,249.22,374.08,104.22
292.06,81.68,249.66,228.75,331.54,252.35,373.93,105.28
294.87,79.60,241.94,232.44,329.29,262.69,382.22,109.85
314.35,69.92,227.67,215.67,312.86,266.34,399.55,120.60
315.84,69.79,237.93,216.23,322.31,261.12,400.21,114.67
313.73,66.44,235.72,217.95,320.99,261.86,399.00,110.35
319.01,59.17,230.39,206.91,316.22,258.39,404.84,110.66
317.15,58.83,228.70,207.57,315.43,259.15,403.89,110.42
311.04,59.42,236.94,207.84,324.19,251.39,398.28,102.97
311.89,60.91,241.47,214.61,332.25,256.20,402.66,102.50
294.88,81.17,245.23,217.77,327.22,247.57,376.87,110.97
297.68,82.09,248.58,219.18,329.45,248.14,378.55,111.05
285.46,96.68,281.17,248.58,351.69,250.57,355.97,98.67
280.71,97.63,285.53,252.93,357.78,250.69,352.96,95.39
279.79,99.79,288.12,245.97,355.87,242.11,347.54,95.92
283.51,103.78,289.48,254.80,359.20,252.04,353.23,101.02
288.14,104.26,287.10,252.83,358.97,253.34,360.02,104.77
296.53,102.26,282.54,250.12,351.95,256.69,365.94,108.83
271.66,114.11,292.14,254.44,366.40,243.61,345.92,103.27
268.08,120.00,298.57,255.20,369.20,239.27,338.71,104.07
260.81,125.93,291.69,259.08,374.72,239.83,343.84,106.67
259.84,115.30,251.19,251.70,346.28,257.73,354.93,121.33
267.45,109.98,244.50,240.28,340.83,257.25,363.78,126.94
237.83,123.89,358.01,123.89,358.01,244.08,237.83,244.08
277.04,106.02,224.23,219.08,318.70,263.20,371.50,150.14
272.27,105.61,224.51,222.63,323.26,262.94,371.02,145.91
267.19,113.53,241.26,236.03,342.24,257.41,368.17,134.91
266.89,111.33,229.80,241.10,331.89,270.28,368.98,140.51
268.93,109.73,227.05,236.43,330.51,270.63,372.39,143.93
260.42,110.37,222.09,240.76,323.97,270.71,362.30,140.32
262.14,103.26,214.66,235.53,311.10,270.15,358.58,137.88
265.02,102.18,211.11,234.27,302.91,271.74,356.82,139.65
261.91,104.83,213.08,240.48,306.31,274.05,355.15,138.39
266.97,109.31,214.53,239.29,302.46,274.77,354.90,144.78
271.58,108.64,208.76,234.19,291.63,275.66,354.45,150.11
275.98,107.08,212.63,231.85,293.47,272.90,356.82,148.12
270.45,112.29,223.07,242.57,310.17,274.24,357.55,143.96
258.90,96.11,190.24,219.02,292.64,276.23,361.31,153.32
271.03,96.11,199.86,220.80,294.07,274.58,365.24,149.89
283.88,101.43,209.46,225.88,290.53,274.35,364.95,149.91
280.94,101.92,209.44,226.20,293.56,274.60,365.07,150.32
285.08,103.74,209.73,230.30,295.69,281.48,371.05,154.93
294.26,103.08,210.62,243.75,292.07,292.18,375.71,151.51
295.53,107.78,221.74,217.39,300.27,270.26,374.06,160.65
303.94,111.02,223.50,219.21,295.27,272.58,375.71,164.39
309.12,114.62,227.94,214.37,294.91,268.88,376.09,169.13
313.23,113.20,225.50,210.98,294.30,272.71,382.03,174.92
313.75,106.54,245.37,233.90,313.08,270.26,381.47,142.90
314.14,104.99,250.07,229.28,313.62,262.04,377.69,137.75
312.69,108.73,254.78,232.64,316.89,261.67,374.80,137.75
322.20,99.29,247.88,233.90,307.44,266.79,381.76,132.18
304.35,93.85,266.37,234.27,322.43,249.44,360.41,109.01
300.61,93.40,265.01,232.90,323.26,247.77,358.87,108.27
296.06,92.29,268.37,236.10,326.98,247.39,354.68,103.58
300.39,89.85,266.42,232.56,323.34,246.11,357.31,103.40
300.51,88.85,266.48,232.09,324.33,245.83,358.36,102.60
296.92,68.67,258.41,230.86,329.44,247.73,367.95,85.54
289.97,69.38,260.78,236.53,337.34,249.90,366.53,82.75
285.13,72.92,260.45,234.99,339.93,247.09,364.61,85.02
273.47,76.50,264.33,236.26,343.83,240.81,352.97,81.05
276.47,76.48,259.46,241.02,344.95,249.86,361.96,85.31
279.14,75.34,258.51,234.57,344.50,245.71,365.13,86.49
252.24,88.34,273.66,255.78,355.57,245.30,334.16,77.86
250.84,82.36,270.10,264.60,367.03,254.36,347.77,72.12
236.29,92.52,277.66,271.42,373.23,249.32,331.85,70.42
233.94,105.78,282.04,278.33,382.55,250.32,334.46,77.76
223.07,111.56,283.35,278.25,385.73,241.22,325.45,74.53
223.46,126.51,289.32,283.88,392.62,240.64,326.77,83.28
254.66,90.77,263.48,262.08,382.76,255.94,373.93,84.62
218.80,134.24,289.77,281.61,405.13,226.05,334.15,78.68
239.70,112.41,385.76,112.41,385.76,258.47,239.70,258.47
217.12,133.20,288.07,284.86,411.30,227.21,340.35,75.55
419.66,207.87,326.93,85.60,227.23,161.21,319.95,283.48
256.93,114.25,395.24,114.25,395.24,252.57,256.93,252.57
223.05,131.06,290.31,282.45,417.99,225.73,350.73,74.34
224.73,146.13,306.36,280.95,407.32,219.82,325.69,85.01
225.83,134.62,300.12,276.98,405.92,221.77,331.63,79.41
250.51,95.19,271.98,263.23,380.43,249.37,358.96,81.33
256.42,93.89,270.99,266.02,367.80,257.82,353.23,85.69
258.10,87.45,270.52,264.99,365.89,258.32,353.47,80.78
272.40,75.79,262.67,258.33,356.44,263.33,366.18,80.80
287.47,76.43,260.01,247.32,345.05,260.99,372.51,90.10
282.54,106.63,261.07,249.20,345.08,261.85,366.55,119.29
287.33,108.24,260.36,244.58,342.58,260.85,369.56,124.51
289.94,94.96,236.40,232.46,326.63,267.59,380.17,130.09
314.75,72.10,201.89,221.81,295.05,292.04,407.91,142.33
323.16,71.07,196.47,217.88,288.02,296.88,414.71,150.08
319.39,78.12,232.12,193.80,319.48,259.71,406.75,144.03
345.68,68.49,230.05,177.73,320.50,273.47,436.13,164.22
347.92,66.84,230.04,175.86,319.41,272.49,437.28,163.47
367.40,64.63,240.86,157.24,311.04,253.13,437.58,160.51
383.14,57.98,240.43,147.24,306.28,252.53,448.99,163.27
390.08,57.01,240.61,141.98,303.51,252.64,452.98,167.68
291.52,88.73,271.70,226.51,370.27,240.68,390.09,102.91
309.07,83.01,266.51,217.40,375.26,251.83,417.81,117.44
310.33,83.08,267.18,217.61,375.27,252.28,418.42,117.76
271.61,95.29,412.38,95.29,412.38,236.06,271.61,236.06
379.95,58.81,246.18,160.35,327.73,267.78,461.50,166.24
373.49,52.83,240.16,173.03,332.71,275.68,466.03,155.49
399.61,53.97,239.53,153.86,315.15,275.06,475.24,175.18
419.07,79.89,248.44,122.07,279.87,249.16,450.49,206.98
421.47,78.54,248.17,118.24,277.81,247.62,451.11,207.92
395.62,59.78,243.39,161.90,326.71,286.10,478.93,183.98
377.62,35.73,235.12,176.00,305.53,247.53,448.03,107.27
294.71,76.12,223.28,187.94,316.29,247.36,387.72,135.53
256.18,112.30,372.59,112.30,372.59,228.71,256.18,228.71
247.76,78.90,389.64,78.90,389.64,220.79,247.76,220.79
253.93,95.75,381.01,95.75,381.01,222.83,253.93,222.83
417.27,111.94,259.08,74.68,229.85,198.76,388.05,236.02
258.93,90.45,415.60,90.45,415.60,247.12,258.93,247.12
258.60,90.79,417.95,90.79,417.95,250.15,258.60,250.15
266.70,90.31,427.58,90.31,427.58,251.19,266.70,251.19
277.55,88.26,268.36,241.79,378.54,248.39,387.74,94.85
275.24,81.78,254.54,237.68,362.58,252.03,383.28,96.13
274.17,85.12,258.99,244.19,364.26,254.24,379.44,95.16
277.46,91.96,259.61,239.51,368.07,252.63,385.92,105.08
273.45,90.62,261.44,241.30,374.86,250.34,386.87,99.66
281.89,93.05,268.93,241.71,382.82,251.63,395.77,102.98
271.30,102.42,270.84,249.57,390.86,249.94,391.32,102.80
278.47,119.33,393.30,119.33,393.30,234.16,278.47,234.16
287.16,122.12,401.09,122.12,401.09,236.05,287.16,236.05
322.75,87.29,268.14,230.92,385.55,275.56,440.16,131.93
261.54,154.14,315.08,267.33,402.61,225.93,349.07,112.74
278.14,129.07,395.53,129.07,395.53,246.46,278.14,246.46
285.89,132.21,408.02,132.21,408.02,254.34,285.89,254.34
278.86,133.00,408.09,133.00,408.09,262.24,278.86,262.24
274.18,128.89,408.84,128.89,408.84,263.55,274.18,263.55
289.13,116.17,314.99,264.76,417.93,246.85,392.07,98.26
286.12,113.97,315.21,265.76,418.10,246.05,389.01,94.25
288.79,108.79,302.70,260.58,425.31,249.35,411.41,97.56
280.94,100.34,420.00,100.34,420.00,239.40,280.94,239.40
277.85,104.86,418.19,104.86,418.19,245.20,277.85,245.20
280.68,104.52,422.58,104.52,422.58,246.42,280.68,246.42
513.13,160.89,294.49,90.78,254.48,215.58,473.12,285.68
511.48,157.77,292.03,92.71,252.86,224.83,472.31,289.89
277.91,98.52,425.68,98.52,425.68,246.29,277.91,246.29
266.32,103.92,417.03,103.92,417.03,254.63,266.32,254.63
252.17,111.16,398.23,111.16,398.23,257.21,252.17,257.21
264.08,111.92,409.92,111.92,409.92,257.76,264.08,257.76
253.23,97.76,413.09,97.76,413.09,257.61,253.23,257.61
252.48,97.93,412.28,97.93,412.28,257.74,252.48,257.74
248.62,91.34,412.34,91.34,412.34,255.06,248.62,255.06
256.41,95.60,409.71,95.60,409.71,248.90,256.41,248.90
255.83,87.30,412.01,87.30,412.01,243.49,255.83,243.49
258.35,80.59,408.12,80.59,408.12,230.36,258.35,230.36
267.37,84.56,277.71,257.71,409.14,249.85,398.79,76.71
269.19,76.63,264.73,250.82,392.88,254.10,397.34,79.91
274.08,71.76,261.82,248.93,398.67,258.39,410.93,81.23
259.47,98.14,313.86,266.67,429.41,229.39,375.03,60.85
262.40,93.92,302.73,266.11,425.46,237.36,385.13,65.17
294.82,67.00,274.68,249.95,370.28,260.47,390.43,77.53
305.89,50.13,294.47,250.63,388.57,255.99,399.99,55.49
304.88,50.53,296.49,252.06,390.15,255.96,398.54,54.44
303.61,44.18,284.56,244.15,397.60,254.92,416.65,54.95
264.26,78.92,294.92,257.35,414.74,236.76,384.09,58.33
264.94,75.51,293.40,255.87,405.29,238.22,376.83,57.85
264.56,76.27,288.56,254.55,405.98,238.75,381.99,60.47
269.54,59.77,285.62,246.05,410.09,235.30,394.01,49.03
269.51,55.35,277.91,243.25,405.71,237.54,397.31,49.63
271.92,54.45,274.94,240.43,405.08,238.32,402.07,52.34
272.83,62.70,286.00,237.53,424.17,227.12,411.00,52.29
298.68,44.44,279.68,220.58,411.32,234.77,430.32,58.64
294.14,53.82,303.53,234.29,426.55,227.89,417.16,47.42
338.69,25.74,267.27,183.91,396.35,242.19,467.77,84.02
258.84,91.04,338.72,261.05,473.78,197.60,393.91,27.58
268.89,82.57,340.55,261.11,480.35,205.00,408.69,26.46
286.14,53.26,441.01,53.26,441.01,208.12,286.14,208.12
309.87,58.56,447.12,58.56,447.12,195.81,309.87,195.81
327.41,44.42,473.81,44.42,473.81,190.82,327.41,190.82
336.31,36.79,488.76,36.79,488.76,189.24,336.31,189.24
345.90,32.22,500.95,32.22,500.95,187.27,345.90,187.27
325.15,27.17,497.45,27.17,497.45,199.47,325.15,199.47
319.84,37.62,492.22,37.62,492.22,210.00,319.84,210.00
345.21,30.86,329.14,215.44,483.12,228.84,499.19,44.26
514.15,133.10,388.14,44.81,320.48,141.38,446.49,229.67
517.30,172.41,405.32,45.45,327.14,114.40,439.12,241.36
529.08,180.89,421.67,46.57,325.16,123.74,432.57,258.06
533.07,158.11,397.71,44.85,316.33,142.12,451.69,255.37
532.47,151.47,387.88,46.76,317.13,144.47,461.72,249.17
527.67,142.22,369.19,46.95,310.51,144.57,468.98,239.84
357.01,72.39,507.74,72.39,507.74,223.12,357.01,223.12
353.93,62.85,515.76,62.85,515.76,224.67,353.93,224.67
352.35,59.22,516.63,59.22,516.63,223.50,352.35,223.50
551.11,89.96,345.92,103.71,355.48,246.43,560.67,232.68
337.28,129.69,392.62,253.39,490.02,209.81,434.68,86.12
335.27,122.61,396.29,265.50,511.19,216.43,450.16,73.54
335.61,122.05,399.04,262.37,512.46,211.10,449.04,70.78
337.58,130.34,406.29,259.99,513.16,203.36,444.45,73.70
359.40,93.78,495.01,93.78,495.01,229.38,359.40,229.38
335.09,106.29,387.65,262.89,508.49,222.33,455.93,65.73
331.52,107.10,385.07,264.41,503.22,224.18,449.66,66.88
336.15,99.45,390.25,260.21,501.46,222.79,447.36,62.03
334.28,102.73,389.19,261.49,499.09,223.49,444.18,64.72
333.20,97.45,377.19,260.85,491.76,230.01,447.76,66.60
337.09,107.85,390.47,261.90,513.19,219.37,459.81,65.32
363.98,91.08,505.63,91.08,505.63,232.72,363.98,232.72
524.74,172.80,428.03,53.44,329.19,133.52,425.90,252.88
338.67,127.95,420.38,255.27,520.88,190.77,439.17,63.45
341.09,127.51,404.16,265.52,516.00,214.41,452.93,76.40
340.09,124.38,402.28,265.53,520.06,213.65,457.87,72.49
338.76,130.53,411.33,261.32,520.88,200.53,448.30,69.74
358.00,96.09,499.93,96.09,499.93,238.02,358.00,238.02
340.32,128.55,411.30,259.76,521.37,200.21,450.39,69.00
360.33,84.82,500.52,84.82,500.52,225.01,360.33,225.01
353.77,89.66,496.09,89.66,496.09,231.97,353.77,231.97
355.31,89.70,497.75,89.70,497.75,232.15,355.31,232.15
352.55,83.37,486.59,83.37,486.59,217.41,352.55,217.41
361.11,86.54,503.78,86.54,503.78,229.21,361.11,229.21
328.92,109.77,374.23,263.66,464.48,237.08,419.17,83.20
328.21,113.60,380.45,266.40,475.22,234.00,422.98,81.20
329.97,121.44,387.84,262.11,478.84,224.67,420.96,84.00
329.98,123.00,390.20,257.99,478.87,218.43,418.64,83.45
322.14,112.73,380.62,264.06,471.93,228.77,413.46,77.45
310.52,117.77,383.02,268.24,487.63,217.84,415.14,67.37
309.42,121.19,389.14,269.39,494.89,212.51,415.17,64.31
493.36,208.64,402.33,62.14,302.75,124.03,393.78,270.52
514.73,194.10,397.25,59.84,303.20,142.14,420.68,276.40
520.42,191.11,389.09,49.24,296.18,135.24,427.51,277.12
511.10,204.69,395.48,62.37,310.19,131.66,425.81,273.98
334.83,102.27,380.63,263.42,511.06,226.35,465.27,65.21
335.36,93.73,363.16,252.14,486.46,230.51,458.67,72.09
338.75,99.33,387.09,258.72,505.83,222.70,457.48,63.32
543.93,197.84,406.25,53.45,304.03,150.93,441.71,295.31
352.03,85.25,504.07,85.25,504.07,237.29,352.03,237.29
318.13,75.18,485.22,75.18,485.22,242.27,318.13,242.27
487.11,195.40,373.73,80.25,283.43,169.17,396.81,284.31
480.39,207.32,386.67,91.21,297.04,163.56,390.77,279.67
464.95,221.19,389.18,93.83,301.52,145.98,377.30,273.34
488.71,195.37,371.78,81.77,283.81,172.31,400.75,285.91
491.24,190.79,368.97,79.37,282.32,174.45,404.59,285.87
484.19,201.38,374.12,89.24,289.58,172.23,399.65,284.36
303.39,158.94,376.22,275.83,465.97,219.91,393.14,103.02
477.40,208.05,374.67,101.16,297.07,175.73,399.79,282.63
493.56,174.18,352.91,94.53,289.67,206.20,430.32,285.85
488.11,231.69,381.24,105.55,298.18,175.92,405.06,302.06
302.65,171.76,393.09,296.76,486.40,229.25,395.96,104.24
520.65,203.80,351.05,103.59,285.00,215.38,454.60,315.59
306.40,144.53,411.18,144.53,411.18,249.30,306.40,249.30
307.67,144.35,413.53,144.35,413.53,250.21,307.67,250.21
313.22,142.16,414.53,142.16,414.53,243.48,313.22,243.48
466.03,185.84,318.14,95.20,251.45,204.03,399.34,294.66
468.75,176.63,314.15,93.74,251.91,209.83,406.51,292.72
475.68,161.77,294.93,103.56,253.54,232.05,434.30,290.27
498.52,186.06,300.05,87.85,239.21,210.80,437.68,309.02
441.83,188.42,330.01,72.39,235.13,163.84,346.95,279.86
447.03,190.81,316.29,76.46,228.88,176.39,359.63,290.74
464.18,190.55,306.98,80.21,228.99,191.33,386.20,301.67
462.94,190.87,303.09,81.27,227.15,192.02,387.00,301.63
466.95,196.29,300.17,85.14,229.62,190.99,396.40,302.15
251.17,106.08,388.17,106.08,388.17,243.08,251.17,243.08
264.75,91.79,409.33,91.79,409.33,236.37,264.75,236.37
268.23,107.44,414.25,107.44,414.25,253.45,268.23,253.45
255.19,106.13,392.43,106.13,392.43,243.37,255.19,243.37
253.47,103.98,391.59,103.98,391.59,242.10,253.47,242.10
240.84,123.74,330.27,258.56,439.41,186.16,349.98,51.34
256.31,92.46,417.45,92.46,417.45,253.60,256.31,253.60
264.70,94.97,303.92,259.78,399.52,237.03,360.29,72.21
251.67,101.23,302.79,252.77,426.65,210.99,375.53,59.45
264.95,91.35,288.44,259.60,386.84,245.86,363.35,77.61
268.95,90.37,291.60,258.74,385.70,246.08,363.05,77.71
267.59,92.45,295.96,257.90,390.85,241.63,362.49,76.18
265.62,99.99,295.72,257.74,385.87,240.54,355.77,82.79
267.12,99.61,292.25,256.94,381.37,242.71,356.24,85.38
272.39,103.54,294.89,260.46,379.93,248.27,357.43,91.35
261.28,111.04,310.99,271.17,395.55,244.92,345.85,84.79
259.62,111.39,310.98,266.09,394.25,238.44,342.89,83.74
262.78,112.31,313.10,269.85,393.59,244.14,343.27,86.60
275.53,111.86,315.97,262.70,392.34,242.23,351.89,91.38
276.50,112.25,317.14,262.57,392.77,242.12,352.12,91.80
279.02,110.53,323.23,268.00,402.11,245.85,357.90,88.38
281.79,111.74,328.07,262.36,412.24,236.50,365.96,85.87
278.10,116.20,335.04,263.06,414.03,232.43,357.09,85.57
