1
326.000000,418.000000,14.000000,37.000000
326.204926,420.047577,14.249246,37.662350
325.978546,418.860168,13.461546,35.627937
325.978546,418.860168,13.461546,35.627937
324.240814,421.426422,13.612003,36.048332
323.989929,424.407867,13.509840,35.766869
321.386658,424.234894,14.291549,37.791279
319.588348,427.499146,13.256885,35.046417
317.493713,424.049957,15.179213,40.085293
318.212616,425.064819,13.496548,35.609440
316.248413,420.553375,15.091678,39.888477
316.012512,426.881805,12.880522,34.042744
314.988556,425.696899,12.542380,33.237396
316.593384,424.856567,12.938367,34.208065
314.965668,425.466553,13.543160,35.776245
315.980530,425.612701,13.554147,35.768326
315.980530,425.612701,13.554147,35.768326
315.980530,425.612701,13.554147,35.768326
317.081024,426.051788,13.489213,35.789051
316.415619,426.397217,13.848832,36.710999
316.415619,426.397217,13.848832,36.710999
316.334839,424.759796,14.307296,37.972973
318.296478,425.034088,14.059726,37.352463
318.042664,424.373932,13.726060,36.389351
317.881989,429.575592,13.021722,34.513641
319.716919,427.971893,13.166012,34.985977
322.298096,429.849823,13.830871,36.708977
323.730072,432.975525,14.310027,38.184887
322.323395,435.374359,13.279389,35.244335
320.417969,433.367401,14.396675,38.117050
321.264709,435.449341,12.442591,32.922653
321.264709,435.449341,12.442591,32.922653
319.660675,430.043732,14.422709,38.164829
318.859619,428.735657,15.005333,39.644611
318.315887,427.771240,14.454169,38.222851
315.021515,432.389984,13.827529,36.607185
314.474274,432.928436,14.009458,37.034248
313.203339,432.910400,15.396899,40.677132
311.984833,438.963898,14.810678,39.197113
312.263885,440.877838,13.647433,36.204262
309.641541,442.379150,15.152803,40.023277
308.313965,442.053345,13.960100,36.937103
306.787994,438.978333,13.830710,36.619724
308.306946,435.955811,14.135791,37.561523
307.369598,430.676849,13.523025,35.741714
303.875793,427.942200,12.971094,34.329533
299.984100,423.079987,13.679167,36.196350
299.484497,422.413574,14.447763,38.194283
300.167572,426.321014,13.131049,34.856129
297.646179,426.071808,14.323576,38.121365
300.431732,430.087067,14.141510,37.444286
300.431732,430.087067,14.141510,37.444286
299.210663,428.580292,13.656384,36.199703
298.929352,426.382782,13.572705,35.990959
298.283417,424.736938,13.322288,35.438297
296.017822,424.155884,14.625587,38.850807
293.444061,426.264130,14.378636,37.906158
291.204254,426.385773,14.571002,38.446739
290.032257,423.379791,15.662046,41.493950
288.945465,422.906586,14.621316,38.750786
286.020111,422.585938,14.071183,37.306683
286.159668,421.032562,13.670667,36.341579
285.400665,416.896393,14.485873,38.412556
283.540955,419.466888,15.240592,40.266304
284.004700,420.964874,14.933943,39.447819
284.004700,420.964874,14.933943,39.447819
286.041870,422.712189,15.554995,41.119076
286.041870,422.712189,15.554995,41.119076
288.490570,424.201050,14.608738,38.655247
288.490570,424.201050,14.608738,38.655247
288.490570,424.201050,14.608738,38.655247
286.265656,421.169617,15.741691,41.616642
286.092529,419.464203,14.912958,39.443832
285.249054,418.862488,15.386672,40.692627
286.236633,417.251434,15.084746,39.917213
283.937225,416.058746,14.811186,39.144684
283.872009,413.066681,14.861688,39.361885
282.954559,408.048401,16.593721,43.913044
283.156158,408.523132,14.796066,39.254211
281.716248,404.039185,14.055007,37.215199
281.205200,398.051208,14.943197,39.559032
280.862244,397.310547,14.761860,39.004356
280.030151,395.083832,14.650033,38.618782
277.672302,385.190430,15.893957,42.117920
276.998962,387.328522,15.685347,41.590534
276.490234,385.378204,15.601269,41.425846
277.302979,383.111542,15.122185,39.928894
276.045410,381.266266,16.029568,42.535740
278.339264,381.085510,13.414793,35.743801
276.333771,378.987915,15.305513,40.577549
276.984497,379.672607,13.780060,36.355877
277.375458,374.591278,15.238482,40.215076
278.290863,378.248566,15.082098,39.803368
278.290863,378.248566,15.082098,39.803368
279.330933,376.194672,14.522637,38.471485
278.686951,381.499359,14.647499,38.805847
277.890625,382.291931,14.981189,39.525707
277.389343,383.165253,16.281630,43.119076
278.359375,384.237244,15.443404,40.710655
277.960114,385.443146,14.370336,38.061428
278.456146,383.316650,14.930322,39.565826
277.151886,383.133148,16.027370,42.486248
276.491089,381.366302,15.127532,40.040699
275.286255,383.139984,15.266477,40.371876
272.342010,386.415588,16.041084,42.553288
272.455505,385.194885,15.078538,39.927956
268.450958,385.578369,15.109454,40.003613
265.313354,383.493713,15.699742,41.554298
263.186218,382.132996,16.218718,42.974159
262.273926,382.602478,15.709516,41.615196
261.024384,382.490173,16.558212,43.787315
261.046936,383.167816,15.828117,41.957218
259.769318,383.942810,16.142412,42.718166
261.322327,387.360229,14.765972,39.038322
261.322327,387.360229,14.765972,39.038322
260.326080,383.240601,16.390820,43.415676
259.699341,385.333771,15.419023,40.720398
259.229187,386.070709,15.416121,40.698593
259.229187,386.070709,15.416121,40.698593
258.926117,383.701050,14.583844,38.551163
258.771759,386.754395,15.937073,42.302719
258.331360,385.996613,15.353417,40.804401
258.331360,385.996613,15.353417,40.804401
258.331360,385.996613,15.353417,40.804401
260.004486,389.372925,16.147997,42.900513
259.541504,393.814880,15.316916,40.590427
261.453552,393.995575,16.421291,43.500851
261.453552,393.995575,16.421291,43.500851
261.453552,393.995575,16.421291,43.500851
261.453552,393.995575,16.421291,43.500851
261.453552,393.995575,16.421291,43.500851
261.453552,393.995575,16.421291,43.500851
261.500153,392.851288,16.257889,43.047443
262.303894,391.095734,16.298779,43.299023
262.303894,391.095734,16.298779,43.299023
260.814056,389.743317,16.733770,44.259109
261.312653,390.785156,17.444199,46.369476
260.306366,391.572296,16.408484,43.705597
260.306366,391.572296,16.408484,43.705597
259.341248,391.170715,17.314116,46.019135
257.658142,393.888763,17.023314,45.195393
258.058746,392.115814,17.925266,47.676563
259.355438,396.419464,14.757763,39.010719
259.355438,396.419464,14.757763,39.010719
256.270782,393.094238,17.433434,46.351768
257.132111,389.948517,16.491156,43.770271
254.811157,392.476257,17.058987,45.303516
253.484711,388.851410,18.274294,48.669441
253.489471,390.549255,16.101086,42.803482
251.432449,381.915192,17.599092,46.953381
249.197739,385.060913,17.125355,45.366524
248.460831,386.722534,17.079910,45.428226
245.258698,382.534607,16.569479,44.029793
240.813522,379.626984,18.547586,49.356045
237.712585,376.850647,17.020407,45.175133
237.712585,376.850647,17.020407,45.175133
234.666214,375.670593,18.806595,50.029663
234.191620,382.576782,17.639059,46.798546
233.302795,383.759369,17.742193,47.300396
232.362152,387.736023,18.223036,48.300316
234.947342,392.704071,17.707752,47.231571
243.364853,400.529510,16.233446,43.244358
248.038208,397.837860,17.749067,47.346210
255.460968,394.873627,18.080360,48.075321
266.364502,398.419220,15.751371,41.924656
272.887939,395.820221,15.760231,41.958977
277.973175,399.022644,15.362894,40.964043
276.355682,396.390106,16.473698,43.869263
272.431061,389.346466,16.426544,43.740475
272.261505,380.277161,17.328289,46.006119
274.946686,380.409088,16.581451,44.118507
268.989777,385.637787,15.665588,41.772079
265.411865,388.905579,17.113218,45.522503
254.081985,393.967163,15.636116,41.748600
240.399765,391.770996,16.680130,44.450985
235.101044,389.616943,16.057709,42.840492
233.061096,381.436737,17.025965,45.319416
228.167221,378.369537,16.377144,43.620346
222.365494,379.759216,16.518471,43.989429
217.045685,385.401825,16.374899,43.700871
212.926392,385.801239,17.181229,45.817081
207.974319,383.729919,16.911623,44.903564
205.159866,387.112244,16.243683,43.265987
199.463593,384.914001,18.069969,48.011539
197.440536,394.344849,15.663163,41.727425
191.471832,390.288483,16.344055,43.473526
190.429565,395.522430,15.544489,41.435299
188.608017,395.851715,16.390520,43.654621
185.919266,397.686462,15.888471,42.309559
184.275864,399.580963,16.650888,44.436253
184.013931,402.208893,15.869340,42.316517
183.426559,397.811218,16.750292,44.619984
184.631836,399.189026,15.316910,40.879749
186.406509,401.368286,15.409093,41.169128
186.406509,401.368286,15.409093,41.169128
190.366592,399.548676,15.541409,41.522724
192.872589,397.109070,15.685919,41.885361
198.258499,398.381256,15.186647,40.538467
199.151901,395.654236,15.451069,41.170845
203.075089,393.024292,15.997465,42.716709
203.742035,389.651337,15.871408,42.411285
206.256714,393.308685,14.676940,39.268085
207.380249,393.828064,16.209898,43.211506
213.341141,399.588318,15.731945,41.993237
215.568771,398.918060,16.045084,42.753616
216.435028,399.389282,15.211862,40.528748
218.799683,394.022888,17.198803,45.722866
219.347061,398.741119,14.689689,39.280346
214.566360,397.322998,15.009202,39.943600
209.272110,396.827881,16.398970,43.720577
207.681137,403.563568,15.155213,40.426121
206.995010,405.400909,15.128486,40.421551
204.825195,407.742920,15.737223,41.973469
205.154297,408.436493,14.935571,39.726120
203.280396,408.912140,15.448707,41.236649
204.759933,409.864502,14.065807,37.421276
205.951233,409.948517,13.968648,37.152008
203.511063,411.206604,14.380473,38.337154
206.499557,410.929382,14.396148,38.314785
208.484375,406.370880,17.133236,45.619247
208.484375,406.370880,17.133236,45.619247
210.210251,402.001404,16.367693,43.549313
210.292191,406.335938,17.217964,45.834328
213.043167,411.335358,13.909812,37.034054
214.129776,404.694427,16.905495,44.988796
216.349442,412.022339,13.757649,36.552456
216.246628,416.104095,13.583439,36.027294
217.954941,421.723114,14.009178,37.182220
215.981079,423.410278,13.401334,35.574516
215.253723,422.637482,14.092331,37.379616
217.410187,425.018311,14.363648,38.072803
215.964432,427.768982,14.050134,37.352036
213.295593,431.123718,14.402876,38.234253
212.324615,433.553497,13.414247,35.663082
208.910995,435.086487,13.248241,35.099289
208.490463,440.455658,13.133433,34.788486
207.256241,437.300934,13.761042,36.474213
204.717712,435.027924,12.928920,34.155685
208.191360,435.067566,12.559901,33.261124
208.191360,435.067566,12.559901,33.261124
207.202545,431.372498,12.587502,33.216484
208.454025,431.508545,14.332158,37.894287
208.454025,431.508545,14.332158,37.894287
209.262100,429.796387,15.342426,40.620644
208.426056,429.124329,15.103973,39.979103
207.064148,428.273468,15.906634,42.222580
207.321396,427.734680,15.438349,41.050968
208.699173,431.146637,16.089554,42.665157
210.211899,433.438477,15.467154,41.077606
212.131821,435.013275,15.849558,41.944599
212.786819,436.078491,16.887711,44.904728
218.232559,435.636292,17.849665,47.207832
217.341934,439.716705,18.352022,48.834038
217.341934,439.716705,18.352022,48.834038
221.155304,438.607330,16.507959,43.866528
219.850128,441.658051,17.893759,47.348450
218.992599,444.239258,18.090343,47.847797
218.047409,445.752563,18.650017,49.638229
214.828033,445.080933,19.550192,51.923717
212.150070,446.366180,20.143526,53.621719
209.468521,449.338043,20.090996,53.506573
203.341354,451.795563,20.195730,53.795475
203.341354,451.795563,20.195730,53.795475
209.934982,451.208740,20.041740,53.360649
205.222885,449.483215,20.070505,53.472912
203.199432,453.174347,19.777851,52.601414
199.142853,454.301849,19.848198,52.861282
200.310425,458.343689,19.495312,52.109364
201.725098,460.129486,19.709545,52.535748
199.862976,449.657104,19.989376,53.424881
201.349854,449.961487,18.428852,49.016750
201.309647,446.955017,18.459406,49.095219
199.334656,437.845398,22.790545,60.812908
196.110352,434.671082,22.674593,60.416809
193.764145,427.186249,22.985222,61.187592
193.180710,426.784119,22.782534,60.771851
192.911301,423.805634,22.677170,60.550747
194.482941,427.162079,23.028534,61.223042
196.344116,426.399567,23.619583,63.036697
199.092728,423.502441,22.539917,60.100803
199.783096,425.710785,24.861948,66.477547
199.783096,425.710785,24.861948,66.477547
199.297089,422.762817,24.302231,64.764557
197.461075,426.700867,24.942488,66.645500
195.163040,422.625214,25.219013,67.339661
196.498138,425.246429,25.204647,67.249153
187.559555,428.045837,24.409588,65.207733
175.851730,422.989227,24.143549,64.293945
172.271713,428.411133,23.954506,64.051620
166.287918,436.008240,22.629713,60.414555
162.318069,433.098907,23.633680,63.092453
154.260803,437.086731,23.425240,62.541859
146.325607,434.991760,24.467443,65.331863
141.851059,434.954681,24.515554,65.485847
141.584961,438.331421,24.479584,64.987190
142.555405,444.056946,24.263805,64.950920
143.308334,440.995880,25.371450,67.896332
145.642136,448.522552,21.546732,57.600643
151.759048,447.144897,21.611256,57.922775
156.450073,451.145721,22.039000,59.100281
161.952423,451.938354,23.634575,62.850063
161.397171,446.198853,25.876837,69.213684
166.224670,449.380524,25.729942,68.653572
171.125000,452.669983,25.802544,69.076599
170.283997,455.419159,26.297447,70.125267
172.915070,461.445862,25.007830,66.974823
171.834625,457.099792,26.013374,69.491676
171.044327,459.841736,25.546642,68.303497
174.480316,456.039581,27.275743,72.762871
174.603638,457.087769,26.434050,70.605942
173.327942,452.590973,25.911901,68.897552
169.481339,441.720520,28.010967,74.596359
160.845016,432.870514,27.470436,73.353569
158.924164,431.191437,26.882971,72.041214
159.415802,428.833527,25.039064,66.523788
159.805008,425.767548,24.342268,64.683418
165.868851,425.690582,28.459608,76.323036
175.377167,431.439331,26.112020,69.798058
185.417404,433.497101,24.994375,66.831589
189.963196,430.859802,27.335991,72.807602
200.607910,431.513306,25.867144,69.116371
207.578293,440.220306,28.193554,75.435196
215.088211,446.115265,26.954050,72.030975
219.429611,446.666260,27.167086,72.716278
225.922806,450.059906,26.163654,69.788406
231.803101,444.579773,27.436481,73.301567
236.608429,448.242462,27.273880,72.879395
242.717377,440.312683,24.114941,64.599060
244.784775,436.749512,24.421995,65.125839
245.193344,429.592560,26.784613,71.624077
248.736053,430.810730,28.036522,74.901176
252.426147,423.497162,29.271870,77.925652
253.204605,423.895905,29.469801,78.632523
253.204605,423.895905,29.469801,78.632523
253.318680,422.887024,29.229246,78.063225
256.013763,434.709045,28.367811,75.879845
255.170853,435.939911,28.736080,76.876038
251.976852,436.149170,26.673790,71.327881
250.271484,431.118896,28.482220,76.026985
248.073685,423.987183,29.510490,78.867081
244.164764,424.342377,30.438412,81.111549
249.396835,420.489014,30.882328,82.426826
249.396835,420.489014,30.882328,82.426826
250.774628,420.049744,28.957178,77.128189
248.104782,414.889771,31.846405,85.185158
247.147995,421.567017,29.946472,79.538269
249.002502,422.180084,29.728125,79.503342
245.739655,417.103790,29.965191,79.823326
245.450302,414.861938,29.272770,77.893173
244.203674,412.812469,27.206362,72.942177
242.201828,402.730957,28.270302,75.535393
240.186646,402.276276,28.988714,77.486931
241.708054,402.463043,26.491053,71.101959
242.740189,398.607513,26.210947,70.285568
244.710938,390.883423,26.483269,70.772888
247.575409,385.848236,25.852732,69.428421
252.400681,388.733582,27.227776,72.556572
252.866928,388.891541,26.374228,70.530190
250.381363,381.934448,26.582491,71.423523
254.697678,382.964600,25.780947,68.948601
254.697174,381.232208,32.168751,86.008949
257.926880,381.330414,31.590166,84.499458
257.420654,381.665558,31.120634,83.329407
259.349579,381.470306,32.349751,86.475136
262.096893,387.959198,30.580484,81.724297
257.775146,392.669891,32.958160,88.354507
259.399841,399.332397,32.163929,85.721306
254.346115,405.217682,33.104588,88.234604
251.968597,404.128204,33.568550,89.602783
251.968597,404.128204,33.568550,89.602783
248.884109,411.845734,33.665783,89.759094
249.059753,415.405029,32.492546,87.070900
252.395233,419.740051,33.508827,89.353874
251.467270,417.592651,33.337574,89.063148
251.428406,412.860138,35.138378,94.205399
251.895706,416.185822,34.617699,92.853256
253.298645,410.705505,34.696068,92.977440
255.448364,411.590393,32.938480,88.304955
255.545395,404.891785,34.174057,91.146072
253.846725,414.666565,33.357964,89.071976
254.012817,416.743958,33.903336,90.390846
252.545639,411.616638,35.339695,94.522659
251.066086,414.417053,33.730534,89.984810
246.146988,413.152496,33.645245,89.770767
245.511063,411.311401,34.901554,93.276840
246.628860,411.227783,36.215858,96.598701
246.026154,411.044647,34.065605,91.659698
243.341156,413.642578,36.148857,96.736481
244.007767,416.445129,35.343868,94.327942
240.912018,411.780273,35.341385,94.604965
240.178055,412.013977,36.138046,96.072609
237.882278,415.406952,36.619297,97.769371
235.443375,409.986633,36.704502,97.235397
236.273300,413.717438,36.634453,97.761467
240.471542,423.390869,36.730835,97.798553
239.505051,437.307861,37.756569,100.600685
237.020126,434.757233,35.675808,95.437920
238.509766,441.362213,37.379684,99.305603
239.568710,450.195496,36.143360,96.799438
239.620209,456.806030,37.902950,100.903595
240.186462,459.957245,35.988575,96.325142
235.136536,457.268768,34.754589,92.692551
231.763809,448.288269,36.767944,98.022179
227.939026,446.170990,36.984818,98.284401
224.283905,443.825073,37.373959,99.277283
218.416138,431.154846,36.476200,98.036575
212.499374,427.132477,37.290176,98.970306
210.283722,416.059784,36.217087,97.240623
212.555969,407.158691,38.126858,101.443085
215.485703,412.803253,37.902115,100.709114
215.485703,412.803253,37.902115,100.709114
217.670624,404.426697,39.578236,105.125801
217.262894,406.573486,39.359455,104.304375
217.661819,417.694855,38.773590,103.040863
220.686996,418.954620,38.047958,100.713150
218.395477,411.432404,40.535473,108.020256
222.259964,410.777710,39.423054,104.547989
222.816788,409.634979,38.671070,102.514122
221.673477,405.808868,40.197075,106.508324
220.908157,407.835052,39.659813,105.573265
218.419022,402.913605,40.510418,107.627029
223.385956,404.112793,39.100876,104.127869
224.054398,405.943176,39.809177,106.249794
229.782928,415.947723,38.716927,102.488113
234.496216,428.090057,40.434875,107.747864
233.145630,440.648926,40.600639,107.985138
235.469589,446.556610,40.361458,106.995193
233.898209,437.995178,40.739830,107.969749
238.332443,453.989166,37.610504,100.058853
231.406845,438.583130,40.543854,107.921394
228.598145,437.859009,39.382187,104.778618
213.439835,447.687012,42.614735,113.123398
211.266663,435.795807,42.858200,113.720726
206.031906,424.384003,42.657326,113.230682
209.137207,423.184357,42.941074,114.060959
208.215347,411.344269,43.499729,115.650307
208.215347,411.344269,43.499729,115.650307
210.132919,409.213470,42.388836,112.445480
211.757263,414.154236,42.317482,112.131760
214.081985,417.685852,41.168663,109.371468
214.397491,418.738647,43.922688,116.935661
217.026382,428.741211,40.670364,107.759499
219.685135,422.070129,41.091862,109.228981
225.135391,414.848175,42.977467,113.511040
231.330246,419.126160,40.626183,107.906532
231.499725,428.815277,38.144485,101.594467
233.450775,427.515839,37.767120,100.449455
231.364151,419.064789,38.163364,101.752029
227.036163,406.743530,41.618641,110.647812
222.375488,403.663452,41.905315,111.098282
222.375488,403.663452,41.905315,111.098282
220.722137,412.430145,37.600178,100.049400
214.944260,413.638306,40.121716,106.168709
211.445648,411.779968,38.303436,102.148590
206.181778,407.583374,38.346760,102.159004
204.274643,410.179047,38.105682,101.558548
203.384262,417.904083,36.646015,97.395508
202.414795,412.215637,37.378460,99.787567
202.414795,412.215637,37.378460,99.787567
202.699463,412.026825,36.505962,97.042809
201.768478,406.418427,36.140774,96.142860
203.540710,406.078644,36.467674,97.131363
201.518799,400.908325,36.432079,97.101791
203.692581,399.878204,35.498669,94.440498
203.780029,398.847656,36.071396,95.809364
208.145523,407.221619,34.187538,91.109726
208.145523,407.221619,34.187538,91.109726
207.050110,402.929596,35.076443,93.195526
208.473282,402.947296,34.522892,92.055367
212.597702,400.131073,33.475269,89.386665
216.894547,407.108612,33.492191,88.798714
214.695343,406.484680,33.924671,89.942581
217.348709,400.992706,33.004551,87.687195
221.555832,403.128906,34.101151,90.734787
223.930283,403.629974,33.606899,89.101006
232.705826,409.422729,33.996948,90.696480
233.698410,414.201477,33.039101,87.781479
235.530823,410.195221,34.387943,91.767471
237.528366,415.829590,32.581730,86.825821
241.491165,414.332092,33.489666,89.143646
240.627869,415.713318,33.133121,88.175224
243.145813,418.158661,32.761345,87.157066
241.915909,419.614746,32.759384,87.346016
242.336533,421.908722,32.725788,86.381149
243.424652,420.090729,33.304718,88.817726
245.247543,420.998505,32.850418,87.123520
246.323502,429.460571,31.218475,82.799820
246.283478,431.290253,32.496162,85.959167
245.690857,432.930939,33.932636,90.470497
244.753326,440.430206,30.905651,81.513359
244.753326,440.430206,30.905651,81.513359
243.389404,444.435638,31.399233,83.268448
245.494385,441.568787,32.589527,86.832100
243.960907,438.666321,32.379642,85.644005
244.039047,433.505463,31.867167,84.414673
246.035416,429.540466,32.938892,87.449966
245.179825,425.987213,31.907745,84.643967
245.447266,422.763672,31.333820,83.452339
245.234192,420.648071,30.097029,80.082161
245.234192,420.648071,30.097029,80.082161
245.254044,416.425293,30.257542,80.423889
247.273315,421.723846,29.792967,78.418060
248.935806,418.391876,32.781895,87.236710
251.216553,418.928589,29.535576,77.796509
251.216553,418.928589,29.535576,77.796509
251.968063,415.219513,30.640903,81.318672
254.201981,415.855682,30.596249,81.238457
256.545776,417.564270,30.123369,80.100983
253.961380,414.384033,33.348244,88.888733
256.806152,416.921356,31.818893,84.792778
255.670929,417.230072,32.927326,87.334297
259.368469,425.367584,28.597513,75.434479
256.512573,424.077484,29.034302,76.592407
253.549683,431.231049,29.479502,77.943436
251.686432,433.539001,31.663454,83.390724
250.470459,441.355103,28.611256,75.873428
242.110855,445.463257,30.303144,79.819481
236.809982,449.084747,30.207424,79.565140
232.158142,451.358521,30.286980,80.422134
226.332382,454.530731,33.564289,89.225121
225.348099,456.538818,30.795296,81.624519
223.402664,453.457977,30.507086,80.974838
220.894516,456.324310,31.273272,82.992271
220.324615,456.983429,30.451204,80.301872
216.756653,458.683044,31.153337,82.633621
220.119980,459.786865,32.329205,85.925751
220.498489,459.597626,31.351976,84.333916
218.762863,460.727234,31.493628,83.065704
220.200470,460.527954,29.545959,78.456902
219.131622,460.574493,29.573973,78.972870
219.474594,463.466125,28.526934,75.673019
219.474594,463.466125,28.526934,75.673019
220.924988,465.404572,27.907074,74.089249
223.268326,461.870544,31.010366,82.561577
225.378052,458.319763,31.837864,85.840218
227.366287,464.060089,30.774643,81.061852
226.276718,462.308746,29.544079,78.953255
228.498352,460.118378,30.572130,80.514336
227.231888,463.793610,30.648079,81.174973
226.842102,463.274109,29.764582,79.357430
229.620605,458.894165,33.828106,89.851730
230.109283,463.629730,30.423120,81.249237
230.109283,463.629730,30.423120,81.249237
229.870758,463.969116,30.861629,81.293358
231.406754,465.986023,30.110098,80.475227
232.499512,467.492737,30.549906,80.803291
234.937729,463.230530,30.922882,82.580605
237.302490,467.023254,30.701820,81.535667
237.357498,466.583160,30.759489,81.105858
231.942398,465.282684,30.186794,80.762421
225.097809,461.958313,31.379227,83.450920
223.134567,460.278229,30.587530,80.715317
230.223587,458.408661,30.787327,81.064369
237.223557,454.861664,30.376350,80.162361
240.136215,450.441772,30.492903,80.435760
237.314224,451.374481,31.263691,81.915184
236.340790,456.924133,30.279825,79.854073
239.474823,462.842224,29.210377,78.279228
238.112885,460.569305,30.918854,82.459869
235.403030,464.516479,28.807232,77.248894
234.533463,460.112152,30.862238,80.960869
233.919357,456.885162,32.084053,84.368607
241.040039,456.326996,27.873766,74.490540
243.109451,452.175690,30.908236,81.167984
246.302780,451.695221,28.997362,76.506607
246.809402,450.462341,29.048857,76.398605
248.939774,442.091431,32.604286,85.670135
251.069031,444.338409,31.086376,81.301682
252.982651,440.962128,31.912628,83.771248
253.992157,438.423889,32.574623,86.599869
253.151566,438.280792,32.445633,85.201698
254.202835,437.092743,32.758026,86.688400
253.964401,438.539185,31.681646,83.661674
257.125519,435.260284,31.777803,83.074814
259.266266,435.765167,30.596130,80.930794
259.355042,439.121613,31.426117,82.553513
258.354828,439.464386,31.993584,84.577080
256.078430,442.054810,32.393288,85.628654
255.707520,445.563354,30.624046,80.378441
253.076294,447.331787,30.831663,80.625969
251.224838,449.550751,29.528210,78.133247
247.901413,446.797852,31.023361,81.241127
242.400970,446.358398,30.858347,81.825562
240.439972,443.102234,30.979658,82.343163
235.796631,441.965637,30.947069,81.007614
232.627838,441.001984,31.606892,83.965439
231.021637,441.769409,30.564770,80.802780
228.506119,439.921539,32.022381,84.973030
228.506119,439.921539,32.022381,84.973030
230.377213,436.575745,32.353401,85.636894
232.118576,442.204041,29.738367,77.739990
230.559799,434.821228,33.047417,87.230461
235.199051,436.647614,32.694958,85.472961
238.353104,434.798553,32.168350,85.237770
239.192291,440.337128,31.781485,82.940125
240.256226,437.436279,32.984070,85.983078
241.323853,445.261993,29.994741,79.062920
238.401840,440.051544,32.563480,85.461861
236.337280,442.662842,33.006580,87.737701
237.878738,444.891785,34.270115,90.772423
239.058746,445.238434,33.789913,89.564400
238.068634,450.195770,34.581219,91.278290
237.111099,453.553253,34.178669,89.190750
235.425735,458.385010,32.536118,86.561783
233.027344,460.727448,33.168858,86.606552
231.145218,464.400055,34.834965,91.674889
234.042236,465.808838,34.317551,90.246605
233.390457,466.694061,33.100933,88.115875
230.733841,468.680786,34.946728,91.433800
233.394394,469.351837,34.479202,90.197533
233.086014,471.567596,33.793266,88.416878
235.974640,471.818268,31.550934,83.311096
239.320053,468.852356,35.020329,91.603569
238.381531,473.110565,33.455597,87.337456
237.828491,473.309387,33.765602,89.897499
236.154449,474.941406,34.704914,90.774635
238.539536,476.341766,34.363449,89.824409
240.140854,479.257660,34.820755,91.960083
238.029465,489.291565,29.832798,77.997200
238.396759,493.940643,30.238831,78.905045
237.528732,489.922699,32.086369,83.398781
237.181717,494.622253,32.892616,86.058594
238.359314,492.748962,34.209743,89.506889
236.660477,500.541595,34.047867,88.683372
238.389938,501.131226,32.762287,85.235046
237.492401,505.980316,33.292652,86.827919
235.681549,505.252625,33.375957,86.997581
236.388107,509.870270,32.922691,85.756645
235.713715,510.450562,34.641678,90.428673
234.268036,507.405762,35.072269,91.586800
230.849548,507.240509,34.359604,89.679085
225.926712,510.868439,33.121536,86.470558
224.488998,504.210327,36.026367,93.917252
223.575195,500.350983,34.759480,91.009277
223.235748,497.135223,36.673252,95.675713
228.824280,496.951202,34.489239,89.534683
228.532318,493.257294,36.853687,96.226089
229.676651,494.865448,36.027458,94.264572
230.756317,494.197906,36.717484,95.808884
232.628311,498.722321,34.055229,89.108856
233.443253,501.588959,34.588444,90.252304
231.689056,499.106262,35.368603,92.289848
231.689056,499.106262,35.368603,92.289848
231.998169,502.693604,33.881950,88.703049
231.319107,508.724701,33.641628,87.768639
230.301758,505.494690,34.795757,90.978912
231.489868,509.917725,34.537258,90.343834
232.128677,510.258942,33.904671,88.620476
233.504684,510.319885,33.479702,87.584808
233.400131,510.650574,34.403461,89.711990
233.298294,519.458008,34.651989,90.556976
232.236176,518.354126,34.348484,89.636536
232.638947,520.618958,35.970375,93.935333
233.471344,524.122864,34.521839,89.789421
231.173004,524.284424,36.134228,94.373375
234.894058,520.330505,36.489170,95.205254
233.996964,522.406433,34.627869,90.247093
233.463120,526.199707,34.266754,89.344185
233.150940,521.875366,37.144260,97.035683
233.150940,521.875366,37.144260,97.035683
234.349106,516.896301,38.052906,99.230675
235.104034,516.921936,36.497307,95.439720
236.498947,518.104248,34.716068,90.258736
237.415054,516.462646,35.261482,91.963882
234.152252,520.928345,35.654228,92.854355
231.075760,518.204834,37.937870,99.041603
233.471878,517.030945,37.065018,96.209366
233.471878,517.030945,37.065018,96.209366
232.671982,514.700806,36.355560,94.874001
232.719162,506.564209,37.171932,96.657280
232.581741,504.706543,37.830006,98.395172
232.948746,501.469086,38.201611,99.280457
233.337540,495.168854,35.369576,92.066704
230.704041,487.473328,37.813622,98.700661
230.704041,487.473328,37.813622,98.700661
230.974411,486.758423,37.589787,98.456474
237.016663,489.029053,35.024937,91.207443
237.587967,484.564667,35.525814,93.103676
241.201691,483.671600,37.060917,96.554703
244.829315,483.251434,36.317825,94.596115
244.170090,481.292084,38.964100,101.786003
248.029922,485.568939,37.594112,97.921364
249.158630,486.533844,39.264595,102.078194
253.308350,489.732758,37.379108,97.309258
253.152176,488.989929,38.275440,99.770210
253.040710,486.289215,37.636257,98.296440
255.010696,489.449219,36.667213,95.733940
256.222961,486.103882,37.630283,98.247864
257.534271,485.645782,36.338238,94.702721
257.942078,484.638794,37.613506,98.313721
260.493134,487.971741,37.230007,96.813240
259.291260,492.778381,34.946331,91.280197
256.680969,491.591736,38.069004,99.463371
257.020081,497.861572,36.692272,95.452194
256.575012,500.181366,36.486675,95.296387
254.800247,501.788177,38.450104,100.579071
255.522842,503.228363,36.321110,94.884087
251.105942,500.783112,38.920563,101.958855
249.566666,502.771179,36.289410,94.855911
249.566666,502.771179,36.289410,94.855911
249.883255,503.492981,34.797722,90.824257
247.808121,500.757141,34.978268,91.422356
248.412552,499.716461,34.699692,90.684975
248.954453,497.720886,34.526562,90.184486
248.725494,495.113953,33.883221,88.429428
248.725494,495.113953,33.883221,88.429428
248.725494,495.113953,33.883221,88.429428
250.712708,500.238190,34.090347,88.970482
249.891022,502.670837,33.199463,86.762794
245.436951,506.264618,34.216076,89.478622
239.686859,505.559998,36.826916,96.025261
242.183975,511.995880,34.105240,89.041039
