1
729.000000,228.000000,193.000000,113.000000
729.000000,228.000000,193.000000,113.000000
729.000000,228.000000,193.000000,113.000000
736.881897,229.503021,194.352768,113.839905
735.536743,228.287262,192.541458,112.759972
739.338318,234.267792,194.033234,112.907867
738.256836,229.962402,194.193008,114.019730
741.260620,221.312271,192.336212,112.586060
738.412720,228.788864,193.053497,112.598984
747.169617,226.695221,192.527466,112.513329
745.213684,225.368103,192.298492,112.491180
743.573730,222.024536,192.495621,112.907715
741.793396,226.360855,191.327713,111.271355
742.252563,228.459930,187.561966,109.730202
742.252563,228.459930,187.561966,109.730202
745.978882,227.589050,189.453445,110.280441
747.701904,226.197388,190.917221,110.595787
745.823303,222.645966,192.273788,113.779785
740.653381,215.749969,194.414749,114.542358
752.023865,221.216782,187.469498,108.041504
760.815308,219.397705,187.532562,108.937401
755.258789,216.135712,188.172516,109.931961
754.059326,214.318375,187.610062,109.934792
771.146484,210.794632,188.768005,109.891495
760.011536,216.889465,183.038376,105.971367
756.784973,215.127045,184.817337,107.337738
772.867065,208.126297,181.795654,105.866882
775.930298,214.660080,180.845840,104.888580
773.001587,211.592621,185.009445,107.943817
773.446533,213.375076,182.078873,106.044128
775.304688,221.167038,181.723846,105.962242
776.194214,209.946182,184.116577,108.729355
779.663147,208.324799,180.605515,104.963882
774.225525,210.941742,185.214905,107.547592
781.789856,218.192123,180.103149,104.438416
780.477295,216.983978,179.137482,103.817886
780.477295,216.983978,179.137482,103.817886
780.477295,216.983978,179.137482,103.817886
780.477295,216.983978,179.137482,103.817886
778.406250,209.688538,179.020264,103.930222
778.358948,213.335449,181.678391,105.844521
779.677734,212.079163,177.808594,103.051849
783.321228,210.970322,176.011887,101.897636
778.674316,215.263718,181.410614,105.160950
782.848938,213.351746,176.435104,102.452026
782.012817,211.881744,175.582352,101.964722
783.396118,211.905350,174.872070,101.330231
783.195862,212.827805,175.539566,102.361969
783.603821,211.829941,175.653992,101.960175
783.603821,211.829941,175.653992,101.960175
779.087463,211.153885,176.222687,102.617607
778.593384,211.430435,176.499939,102.413979
778.593384,211.430435,176.499939,102.413979
778.593384,211.430435,176.499939,102.413979
772.845642,212.084717,175.656311,102.769249
774.577393,212.068802,175.302353,101.294044
774.577393,212.068802,175.302353,101.294044
775.966980,212.044617,178.145004,103.259338
769.610596,225.860092,171.321091,98.663002
761.840088,223.405090,179.557983,104.612015
777.555847,214.982590,178.156601,103.356758
783.773315,211.749786,176.454956,103.205887
771.081970,223.376724,174.802765,101.050568
777.377686,220.649155,176.728012,102.117088
776.728943,222.059799,177.127518,102.248749
773.058350,216.894211,171.663986,99.116356
777.188782,218.309006,173.998077,101.290062
777.188782,218.309006,173.998077,101.290062
784.507629,223.248795,169.681549,97.808311
784.507629,223.248795,169.681549,97.808311
783.639343,219.519150,170.470718,98.360825
782.278870,218.457016,175.157471,102.197876
775.542236,217.041718,175.987991,102.255913
779.780701,219.684753,169.638260,98.775848
783.286560,219.613388,167.662247,98.037819
780.571472,220.305267,171.276123,98.322762
777.648987,217.112717,167.880463,97.513161
777.289612,220.044495,168.621201,97.597984
784.204712,219.357666,166.782974,96.828430
771.035767,224.127457,168.564804,97.480125
775.352783,213.459335,175.439774,102.576622
775.352783,213.459335,175.439774,102.576622
775.862366,212.770142,169.160507,99.025230
774.897827,210.683334,173.771942,101.332329
778.579041,218.115921,162.269821,94.694138
777.487671,218.233597,168.530228,98.132935
775.502258,219.509247,168.027237,97.435165
776.468201,220.169861,162.442490,94.840485
776.997192,213.892441,172.519424,100.823715
777.839661,216.939301,164.244507,96.266823
780.890930,222.568130,162.032242,94.736496
777.033020,217.417435,167.040405,97.427284
776.726685,221.806015,162.319626,94.505699
776.726685,221.806015,162.319626,94.505699
775.346924,218.470306,166.253342,95.767761
785.058716,220.397476,163.859726,95.994637
778.078369,218.323334,166.932312,97.721626
782.027771,219.931259,163.071732,95.699898
782.096252,221.948181,161.976044,94.087624
778.935974,222.351959,161.072540,93.826393
778.706848,220.814926,162.583145,95.156807
780.871338,215.986450,164.617783,95.374695
778.663757,222.786423,164.658157,95.197258
780.627441,219.641724,162.485901,95.253899
780.837219,220.131683,163.020172,95.062721
779.781860,222.009583,163.663193,95.923622
773.377014,222.563217,161.101593,93.480499
773.015381,221.648743,163.043274,94.386307
774.858398,221.796371,163.719528,96.433136
774.858398,221.796371,163.719528,96.433136
774.858398,221.796371,163.719528,96.433136
774.858398,221.796371,163.719528,96.433136
778.091248,220.390289,164.558914,95.666771
778.091248,220.390289,164.558914,95.666771
781.181396,227.740921,157.382904,92.718346
780.933838,224.016266,159.667480,92.239304
780.933838,224.016266,159.667480,92.239304
780.933838,224.016266,159.667480,92.239304
779.602234,222.480286,161.215485,93.976219
779.602234,222.480286,161.215485,93.976219
777.543579,223.034561,159.471832,92.596222
777.933289,222.003784,160.543350,93.694054
776.658020,218.905090,165.415421,96.167656
775.370300,216.421417,165.538528,96.391144
779.018555,221.185211,161.399292,94.218346
769.066711,216.926208,167.508575,97.884781
776.129028,222.902878,164.392914,95.920784
773.460754,223.135284,162.552841,95.284409
775.986755,223.409668,164.993347,96.019958
780.208740,222.458862,159.805634,94.970428
778.819214,222.292923,161.900818,94.758591
773.376526,223.465591,161.831848,93.959099
777.511047,219.854446,164.481613,96.586159
765.064636,217.332947,169.243469,98.514412
779.772705,225.925247,157.345490,93.177284
781.639160,225.954468,156.956192,93.027603
778.904785,222.822998,161.844894,95.929321
775.520508,225.029312,162.085953,94.936333
779.031555,225.288849,160.389679,94.059181
778.900818,221.650253,162.925125,95.096237
775.091736,222.316803,161.857986,96.126328
780.788696,221.656265,163.155396,95.290535
779.336243,220.559280,162.305145,96.517029
779.498962,222.864746,160.331879,94.151016
778.447571,223.445618,163.810867,95.902267
778.447571,223.445618,163.810867,95.902267
778.447571,223.445618,163.810867,95.902267
778.447571,223.445618,163.810867,95.902267
777.217590,223.668472,157.798752,93.337479
780.877563,224.559723,160.163696,94.790359
778.019836,225.199478,161.954224,95.022354
778.407410,223.764069,161.562897,95.882790
777.182556,222.574280,160.757568,94.316216
777.182556,222.574280,160.757568,94.316216
780.615845,222.344208,159.857330,93.510628
780.615845,222.344208,159.857330,93.510628
779.302490,223.504440,160.552551,94.878036
777.331116,224.748978,158.335419,92.636742
779.020447,222.243820,161.800827,95.704094
779.020447,222.243820,161.800827,95.704094
779.020447,222.243820,161.800827,95.704094
779.020447,222.243820,161.800827,95.704094
776.638855,222.511398,161.227859,96.513840
773.266235,222.330505,159.753891,95.149673
779.414734,222.269730,165.013382,97.503021
776.847534,223.407684,158.542114,93.275818
779.608521,221.513885,160.547012,94.422401
779.608521,221.513885,160.547012,94.422401
779.608521,221.513885,160.547012,94.422401
777.740967,213.051544,165.244125,98.579239
771.846497,215.092041,167.686676,100.921547
776.160645,216.702652,168.114014,100.995239
776.320068,215.133575,166.266464,99.893349
777.262573,217.375168,167.157028,99.825745
777.262573,217.375168,167.157028,99.825745
773.077148,218.903351,165.758881,99.501251
776.647156,218.608429,167.904221,100.421600
773.436401,219.495941,164.504852,98.312531
777.023560,221.159836,165.941818,99.244774
777.278870,218.631134,163.695084,97.981964
773.991150,216.099243,168.639832,101.221344
773.991150,216.099243,168.639832,101.221344
778.297058,216.842743,166.837341,101.125687
778.320496,219.723145,164.698380,99.196129
773.969482,215.984909,166.488663,99.841362
779.980164,218.865784,164.461365,97.565018
780.246399,222.395798,161.157974,95.419670
776.525146,220.697037,166.930771,99.826889
773.125854,218.815170,166.060867,99.620201
776.500671,216.766159,169.879486,102.754883
767.337036,222.280136,170.705795,100.600716
778.014587,219.257034,169.174301,102.984917
773.291016,216.572327,169.457367,102.423943
769.569641,216.901398,168.182556,100.873665
774.570312,222.163971,164.998215,98.595978
774.570312,222.163971,164.998215,98.595978
774.840149,221.438553,163.344360,97.572891
774.840149,221.438553,163.344360,97.572891
760.889404,219.406265,170.317444,102.864601
777.286865,214.792038,173.601624,105.480614
767.469971,212.889694,171.217896,103.114166
767.591553,221.881531,166.780457,100.046394
741.547546,217.749054,173.439484,105.139183
763.480652,217.836212,172.911392,105.666832
758.724487,218.163864,172.647888,105.082191
748.422668,218.581741,171.799271,104.056992
747.154175,221.706055,175.742950,107.082550
742.954590,218.091705,172.032669,104.977287
742.975708,222.333649,172.380417,103.874092
742.416260,219.540680,174.358734,106.404823
751.811401,214.859665,174.394150,107.030426
748.000488,214.862991,176.291199,108.134010
759.821411,216.555649,172.236984,104.131004
756.121399,212.328766,174.938004,107.225151
741.810547,220.163910,175.318649,107.186813
751.081055,217.974472,172.031586,104.974480
737.811218,218.439438,174.574448,106.449348
741.365845,224.710938,176.028427,107.290787
742.125977,213.096222,176.149185,107.621872
748.182434,225.697861,175.625244,106.503410
743.491943,220.799057,170.696533,104.293800
736.292358,219.562454,175.127167,107.027191
746.413269,219.380325,171.747253,103.304176
731.236084,221.307434,172.705597,105.538765
729.300598,213.389664,179.010956,109.292816
755.523682,206.716888,177.332138,107.693550
756.002869,213.651810,170.965210,103.780533
749.230286,207.654724,169.828217,103.835617
745.002136,208.415756,174.210434,106.592094
758.836182,208.498779,166.573853,101.724594
740.550903,208.032562,179.448059,109.360954
743.907471,207.803497,177.850540,108.593277
737.682556,210.017502,175.573837,105.798370
727.274048,202.401810,175.427643,106.587769
734.747803,203.531174,170.573395,103.227325
716.140381,203.081146,167.357727,101.733116
716.436218,203.582092,165.582199,100.656487
716.076782,202.591309,166.099960,100.940407
709.747925,205.908020,162.464951,99.017830
696.547791,205.917160,161.888382,98.772568
692.539368,205.678909,163.722977,99.471008
684.656799,206.726654,161.645050,98.527809
689.741211,209.256622,162.413589,98.488029
685.894531,211.231628,160.781418,97.811317
660.762634,222.658371,161.480560,98.473557
650.326904,228.706009,161.082321,98.032379
647.302490,229.125549,161.394547,98.020348
640.388611,221.567062,160.749008,97.889442
618.628235,209.694504,159.937561,97.089958
623.185608,207.854691,160.478668,98.639084
623.185608,207.854691,160.478668,98.639084
626.395325,210.920273,160.628815,97.464706
619.865295,209.919067,160.872818,97.509232
622.164490,211.147903,160.106598,97.585159
2
0
0
0
0
1
417.135010,196.886292,188.583984,102.671288
421.820221,193.353760,187.893280,102.997810
423.141144,197.492645,186.445007,101.664894
423.417755,196.485077,187.495819,102.299583
417.945435,195.981033,188.328079,103.004929
420.386261,199.816574,186.126663,101.623367
415.409454,198.896439,184.230423,100.030968
407.954468,198.999008,187.830185,101.760300
404.258698,199.342850,190.530457,104.356995
420.249939,199.222504,184.598083,100.378281
404.351501,199.777786,189.139252,103.911751
403.914429,200.047348,188.323135,102.129929
401.064850,194.866470,189.997116,104.540077
400.241547,195.674927,191.438202,104.690849
404.707123,192.806580,189.495712,104.440407
413.548431,192.039825,190.082275,103.552971
407.180054,197.409241,184.799530,100.772522
414.495453,196.801178,185.558167,101.130058
404.146088,193.545609,188.867554,104.057625
381.021088,194.857956,183.413879,99.736145
381.021088,194.857956,183.413879,99.736145
373.231323,195.481506,186.391281,101.171944
370.604431,198.180969,182.026779,99.312912
369.390503,195.728302,182.532959,99.533279
367.145325,194.069214,183.392303,99.949615
346.823212,193.453659,184.309692,100.294319
351.209961,196.517349,181.430481,99.052711
355.813599,200.962234,183.923599,100.306381
359.103790,188.731430,186.608047,103.347099
352.013641,201.516922,181.958511,99.480263
351.818481,202.093033,181.072403,98.931580
351.273987,205.010147,182.331070,100.122955
357.461273,201.565231,180.560776,98.936707
347.171112,203.412201,179.546661,98.233025
351.897522,199.250519,179.962158,98.548492
350.852478,202.181259,180.235336,99.261330
351.461121,205.919617,178.353348,97.414780
348.012360,211.099319,177.606888,96.638008
349.066803,211.400620,177.822906,97.248756
347.371094,213.570358,181.526688,98.634041
340.889343,220.072144,176.686295,96.576752
343.541595,220.448120,180.882156,98.819603
341.471466,216.909546,178.179535,97.596008
343.197144,216.865967,177.734695,96.891602
340.670349,220.879471,174.546295,95.508224
340.670349,220.879471,174.546295,95.508224
340.324493,220.765884,174.648361,95.591293
334.483154,222.439453,176.403549,96.878380
335.537476,222.657623,174.645096,95.512222
342.570190,225.599228,174.075974,94.935921
339.314362,222.539093,174.606140,95.079552
339.314362,222.539093,174.606140,95.079552
339.314362,222.539093,174.606140,95.079552
340.760406,223.750473,172.795349,95.192032
335.053741,222.282425,173.301804,95.519463
335.053741,222.282425,173.301804,95.519463
334.349915,222.360184,168.651291,92.891983
335.567017,220.801270,175.307663,96.036865
335.960907,225.270279,168.142731,92.725632
336.993134,221.788727,173.810165,94.677444
335.841003,221.766418,173.451065,95.676407
333.057190,228.450394,166.624390,91.864845
329.844299,222.914780,169.162460,93.126900
336.884430,222.159927,166.397202,91.791527
337.344482,220.246780,168.876511,93.000244
336.095337,222.835739,167.348892,91.774086
336.498810,213.740280,172.973648,95.805649
338.338013,235.685684,163.673096,89.866486
337.472595,227.227219,166.513580,91.485481
337.130890,225.168259,170.176834,93.838303
339.154388,223.874405,165.810257,90.098228
346.029297,222.705414,162.958832,90.121323
339.265198,224.349838,162.444672,89.946381
335.439880,227.829666,162.966675,90.220558
331.050537,227.041214,164.049759,90.370392
333.214478,217.743423,168.600006,92.593369
335.339630,226.992386,158.044647,87.054634
328.575348,220.703491,165.410736,90.580856
328.315063,220.952072,163.739212,90.285530
333.254059,220.435547,163.315430,89.135147
335.196808,219.325165,163.262573,90.570534
335.196808,219.325165,163.262573,90.570534
334.341736,216.502747,161.959122,89.720596
331.556213,217.312653,164.378540,89.800819
329.606659,214.559341,167.973450,93.170006
336.651062,221.409195,158.237244,87.184486
322.006287,213.671692,166.473572,91.128387
323.364014,211.719589,167.001953,92.234062
323.364014,211.719589,167.001953,92.234062
323.636993,210.268555,166.562485,92.543594
327.652527,212.708649,160.969681,88.735832
315.551758,212.249619,165.118042,91.142677
323.690369,209.755600,161.955002,89.285896
327.934174,207.994980,164.835815,90.469292
332.358704,203.181915,162.711517,89.536575
307.693085,212.054550,164.415207,90.841850
327.544769,196.407181,164.106018,90.559418
329.497650,194.960663,165.486359,91.540878
320.435547,204.891281,164.760559,89.961182
319.904633,205.062790,170.934677,93.726570
315.921051,202.996201,172.238449,95.043144
317.553619,202.791702,168.011703,93.007019
316.805634,207.786606,162.976410,89.729149
298.734467,213.754379,170.056885,95.134781
306.704529,216.498810,169.362289,93.481750
299.919617,212.997330,175.047546,96.299065
300.785034,214.613602,169.474594,94.669029
290.277924,216.225372,173.977097,96.109833
287.780426,212.805573,173.468430,95.918793
270.239105,222.657349,170.914886,94.117455
270.435883,215.523911,168.258545,93.031090
273.510223,211.972763,171.656067,95.068169
269.023315,212.221100,170.523743,95.272659
265.654785,217.256805,166.188324,91.703934
265.532471,216.705643,167.359955,92.375069
260.707367,214.048874,170.301544,94.010887
264.513794,213.829086,165.149216,90.854851
264.513794,213.829086,165.149216,90.854851
247.567368,208.507507,167.568588,92.417404
247.797119,208.723465,169.628052,93.681435
252.058121,207.059525,169.404373,93.626991
245.397537,207.164429,168.504776,92.146164
238.573425,213.035629,165.073898,91.562508
237.585358,209.149734,170.065109,95.547562
236.109039,213.541260,167.174347,92.975128
232.766830,210.781143,167.903397,93.069801
232.766830,210.781143,167.903397,93.069801
231.069809,216.115143,167.837082,93.150024
217.845779,215.338409,165.734650,92.914543
227.231354,215.192398,164.972794,92.235374
219.251953,216.589005,170.370544,94.597443
209.959473,217.703644,170.172470,94.620697
213.766464,210.442505,174.392044,97.300156
198.144196,218.156281,173.501434,96.261223
196.449219,219.810074,168.162430,94.036484
199.442230,216.467239,169.210236,94.009422
194.948608,219.711121,168.007523,92.980957
193.355240,220.855560,168.273239,92.666130
187.056931,218.914536,167.783157,93.674141
189.791428,221.930847,168.821487,93.033676
190.583496,220.680557,169.789093,93.610176
187.255188,220.732178,168.469467,94.097557
187.793823,217.832230,169.332382,93.623329
190.734253,219.495239,167.318771,93.007118
190.109253,221.037354,167.950150,92.325630
189.814713,223.398178,167.125931,92.779396
188.478867,223.312653,168.022797,92.678978
188.478867,223.312653,168.022797,92.678978
184.332123,226.968018,166.680481,91.291641
184.649780,224.845001,164.828506,90.629593
184.649780,224.845001,164.828506,90.629593
174.268982,217.476120,173.997620,95.911903
173.495346,225.102081,171.710388,95.055809
176.026749,223.657303,169.009659,92.640816
141.731445,225.580017,172.413254,95.264481
141.635193,229.051224,166.765396,91.671417
143.289169,229.941742,167.321365,91.847717
135.842972,227.120667,172.876068,95.207382
132.111450,226.566849,174.227921,96.101990
132.111450,226.566849,174.227921,96.101990
133.772079,227.608215,175.060593,96.913399
123.252289,228.557129,175.293839,97.070412
99.589615,225.322906,174.270538,96.074219
105.197586,226.934235,169.000687,93.722778
103.570839,224.632721,173.286804,95.726189
103.570839,224.632721,173.286804,95.726189
101.246765,224.306595,168.602295,93.077850
101.246765,224.306595,168.602295,93.077850
103.599060,224.025040,170.957489,95.023155
104.702827,223.348526,170.562271,94.178520
98.900665,222.663834,170.071594,93.695251
105.402405,221.485229,170.647278,94.775803
112.137375,222.738937,165.817230,91.812172
96.075859,224.928848,175.097961,96.962685
101.715851,221.312363,170.444107,94.259926
103.415031,222.171097,171.146851,94.731613
100.848961,224.587387,171.901199,94.903847
106.323509,224.045090,168.382217,93.110016
103.509781,225.989227,169.020279,93.386780
103.509781,225.989227,169.020279,93.386780
101.809357,224.339264,169.009232,94.219505
101.809357,224.339264,169.009232,94.219505
101.809357,224.339264,169.009232,94.219505
95.492455,227.495148,172.266235,95.465523
91.118179,227.478653,175.487061,96.547478
91.118179,227.478653,175.487061,96.547478
90.592278,227.944183,174.769547,96.314072
90.592278,227.944183,174.769547,96.314072
74.639618,232.153641,173.581268,95.722565
87.055496,236.098373,174.256241,94.808014
52.650814,233.084229,172.974091,95.688828
62.646111,232.409042,172.811295,95.621605
56.638721,232.737335,172.639008,95.454269
65.028824,231.373123,173.636688,96.394028
55.936661,232.079422,175.542358,96.666718
55.613136,234.260788,177.304062,97.177765
49.444492,233.893570,172.004395,95.129768
45.955555,231.951599,170.068848,93.052406
46.170486,233.893097,171.760178,95.102028
45.538113,233.645691,171.135269,94.644310
50.272789,232.788315,172.213928,95.608612
45.734261,231.922867,172.899963,96.276001
45.033768,232.979477,170.919113,94.953651
51.030174,234.105606,172.469864,95.406532
50.278648,233.036972,171.558563,95.178169
43.790459,232.178726,172.315125,96.079575
43.790459,232.178726,172.315125,96.079575
48.677044,235.233688,168.542496,93.526451
35.038948,233.092560,172.191696,96.461853
44.266193,234.367355,168.134537,93.260406
44.458691,234.966492,169.832138,94.141548
34.013836,235.264862,172.438965,96.578690
32.571545,233.253860,175.109604,97.748161
35.969616,233.086472,172.326370,96.239914
29.072634,234.677231,173.523178,96.867935
32.134441,233.244385,174.730545,96.512634
31.517527,232.002792,174.682480,97.225372
31.517527,232.002792,174.682480,97.225372
30.653862,226.984207,172.489746,94.741867
24.937777,226.906921,172.341293,95.235382
13.148569,226.703644,172.260147,96.258797
22.365974,226.123108,172.902298,95.336037
22.365974,226.123108,172.902298,95.336037
8.655334,223.829895,174.060394,96.522987
1.373932,222.972778,177.792282,99.500793
16.394674,228.739685,171.098221,94.180206
5.924860,221.653427,181.658310,100.902153
10.216401,228.166168,170.647964,94.143829
11.057561,228.325592,173.110977,95.818947
5.640756,220.407394,181.043259,99.787926
2.122759,228.209091,170.190186,93.647789
7.998230,229.458588,170.788361,94.518829
8.144461,229.219345,172.130829,95.861893
3.849228,229.157135,173.768158,96.407593
4.747700,229.507355,170.899017,95.342163
7.240602,229.381210,171.569412,95.774239
7.240602,229.381210,171.569412,95.774239
7.321871,229.070496,172.019318,94.983772
1.990208,231.589890,169.815247,94.696770
2.737884,229.109512,173.918198,97.365479
7.340693,230.891983,170.489868,96.433685
2.977201,227.175674,173.399841,97.129051
2.977201,227.175674,173.399841,97.129051
10.205765,229.434143,167.962646,92.835190
2.982539,229.574432,171.913803,96.200340
2.138955,227.746826,170.505325,94.583412
2.962450,224.993607,171.769852,95.376320
1.299337,229.755554,174.608963,98.958427
1.794874,225.816376,176.456284,98.697693
3.742234,229.399048,169.840088,95.392288
3.742234,229.399048,169.840088,95.392288
0.184380,226.067886,169.953384,95.244087
0.184380,226.067886,169.953384,95.244087
6.103313,226.439133,168.168976,94.209824
-0.602229,227.052567,170.861877,95.618103
4.379834,225.808029,169.897644,96.565338
5.531797,229.200485,168.515930,93.116913
4.419551,227.449020,169.713135,96.195953
3.052903,228.164551,169.880066,95.476227
5.093520,230.172501,166.345444,94.169655
3.781142,227.496475,168.937912,94.528954
3.378642,224.256363,165.375320,93.720566
3.378642,224.256363,165.375320,93.720566
3.168475,226.743851,170.259613,96.075027
3.168475,226.743851,170.259613,96.075027
3.168475,226.743851,170.259613,96.075027
3.168475,226.743851,170.259613,96.075027
2.230596,225.099472,171.928162,97.132713
7.285999,231.118317,163.151459,92.896248
1.308423,226.262207,169.668060,96.063515
1.308423,226.262207,169.668060,96.063515
1.308423,226.262207,169.668060,96.063515
1.308423,226.262207,169.668060,96.063515
1.308423,226.262207,169.668060,96.063515
1.308423,226.262207,169.668060,96.063515
1.308423,226.262207,169.668060,96.063515
3.809868,229.056549,163.527542,92.743469
2.640041,230.033157,168.173950,95.432419
2.640041,230.033157,168.173950,95.432419
3.456092,230.289749,164.565857,93.155571
2.140788,227.164673,166.329468,94.716194
5.486731,231.024292,164.819870,92.101784
7.697621,230.666534,162.721283,92.037506
9.118085,231.382446,163.309464,92.673172
3.173630,226.837067,167.271591,95.189690
4.545115,226.839691,168.127701,95.943542
7.028279,231.574951,162.683304,93.331413
1.704132,230.073074,169.924255,96.573708
6.456521,230.647476,165.830521,94.716003
5.035021,229.894409,166.335342,94.598549
5.035021,229.894409,166.335342,94.598549
8.221790,232.526199,162.132660,91.750313
8.221790,232.526199,162.132660,91.750313
4.672409,230.449478,164.649017,93.610283
8.902100,233.304199,161.209595,91.071457
2.513394,228.071564,165.854141,95.961029
2.513394,228.071564,165.854141,95.961029
2.513394,228.071564,165.854141,95.961029
8.141582,229.434937,164.571045,95.195724
10.366150,230.429047,161.487595,93.252335
8.325998,230.177292,166.344315,93.870300
8.325998,230.177292,166.344315,93.870300
7.692677,228.653824,167.665649,94.576004
6.527590,227.289764,166.627716,96.073174
7.622657,229.062790,165.259064,95.670197
13.226946,230.597748,164.315094,93.217216
11.987403,232.501617,162.557663,93.010895
3.494071,231.667969,166.060089,95.826645
3.267751,229.138092,166.740997,95.993584
2.695267,229.831131,164.759323,94.959114
2.695267,229.831131,164.759323,94.959114
2.695267,229.831131,164.759323,94.959114
3.907735,230.910889,165.031387,95.568665
6.662419,229.826706,163.354446,95.114143
2.014956,225.962540,165.286545,95.753456
3.684637,232.647583,163.833298,94.722649
4.272899,229.525665,163.953934,95.367210
-2.009787,235.868607,160.733124,91.498108
-0.167777,230.628403,166.513306,97.091980
3.215175,231.918365,161.906647,92.533394
9.433280,229.865601,163.153030,95.229431
6.553493,232.333588,164.950134,95.576637
3.509981,232.077301,160.574081,92.489395
9.482386,232.533463,163.665466,94.834694
9.685965,227.251816,163.450974,95.019371
10.372847,226.582077,160.982880,92.711067
7.819129,226.882126,165.872757,96.288628
13.303995,228.397095,161.426727,93.276184
5.836633,234.738785,165.560516,96.113464
12.213593,226.337036,167.928497,97.551926
16.545565,224.633133,164.227493,96.156006
18.048729,221.274841,165.919601,96.154510
27.920376,227.696121,156.318390,89.850677
27.920376,227.696121,156.318390,89.850677
28.396221,225.417664,158.483704,91.884239
28.396221,225.417664,158.483704,91.884239
33.127079,227.151840,157.744064,91.361801
33.127079,227.151840,157.744064,91.361801
31.367006,227.673172,162.987793,95.290253
36.949387,229.273682,163.734756,95.724449
48.403690,230.142105,159.821381,92.167137
52.524254,240.807098,159.472092,91.763062
52.919300,232.093399,160.820145,92.841019
55.441647,233.819244,161.546188,93.819031
55.441647,233.819244,161.546188,93.819031
56.114010,232.975098,160.909775,92.249237
59.078629,230.474747,163.652771,95.648918
59.078629,230.474747,163.652771,95.648918
60.049343,231.900589,161.096054,93.972305
60.049343,231.900589,161.096054,93.972305
62.899094,233.000290,158.102509,92.770523
62.175083,232.174637,162.168732,93.568306
62.175083,232.174637,162.168732,93.568306
63.272518,232.342621,160.959961,92.069290
63.462807,233.195297,160.396896,91.848274
63.225166,233.955841,159.857407,93.713455
62.464146,232.942169,161.988052,93.214539
62.464146,232.942169,161.988052,93.214539
60.540821,231.289993,165.494873,95.652107
60.540821,231.289993,165.494873,95.652107
67.324814,238.591339,157.491684,89.827415
63.194515,231.926544,160.962387,94.502975
66.614799,232.618729,165.127548,96.458168
79.872551,242.483231,156.833878,89.632233
55.851803,229.364029,166.130890,97.051216
50.505856,229.592880,165.835251,96.701698
60.944401,239.010208,162.443939,92.667816
51.803913,230.470825,165.435501,96.525139
51.803913,230.470825,165.435501,96.525139
63.244820,241.592209,156.937775,90.074677
62.395016,240.030151,157.322815,90.408051
59.338123,233.757172,165.115341,96.296326
57.222504,232.915833,166.748978,96.987976
55.850483,234.053802,167.688354,97.409286
64.152176,232.958344,165.814606,96.512192
64.152176,232.958344,165.814606,96.512192
64.152176,232.958344,165.814606,96.512192
70.360558,240.180740,164.698517,95.385750
70.360558,240.180740,164.698517,95.385750
68.617851,232.277405,168.451355,97.961967
81.476631,236.213501,167.460144,96.812057
83.902443,244.238876,163.103775,94.757278
90.172997,244.305389,163.105545,94.393532
83.168266,245.971466,164.009613,95.521637
88.774353,243.839172,161.131210,93.722031
85.530479,242.504074,168.214447,97.473885
78.244240,243.221222,167.966995,97.468597
85.151421,247.575653,161.344727,93.648407
77.305656,237.398621,168.681793,98.258247
77.850502,240.123505,165.558731,96.213608
62.996517,238.704376,168.597672,97.376602
69.331596,239.667526,165.885406,96.619476
64.566330,240.354965,165.920822,96.378639
63.888790,240.810028,168.491272,98.289146
68.795395,241.484772,167.623718,97.874512
77.192421,241.719940,168.921310,97.975136
80.715866,242.067154,167.252319,97.150024
80.715866,242.067154,167.252319,97.150024
70.643280,240.458755,167.921707,97.436523
79.846176,241.097794,165.129303,95.966827
78.106033,242.254135,165.755783,95.945084
74.051247,241.607437,168.341812,96.623466
77.155418,243.230316,164.130447,94.658638
80.172401,241.257370,166.804733,96.963715
76.247757,239.708160,163.571182,94.670898
77.374557,238.212631,166.819229,95.590569
79.998268,239.303497,167.654312,96.300018
78.638237,239.691910,164.737488,95.246048
78.302765,235.030624,171.313309,98.334930
77.197861,236.798157,165.034439,94.982544
79.329628,234.322571,167.820023,96.749725
82.525986,234.846130,168.424759,96.547699
88.625435,234.006699,168.462524,97.082092
100.550751,234.008240,167.549377,96.029709
95.155037,229.904160,168.322891,96.718613
98.403702,229.585617,167.561188,96.214493
95.252235,228.995651,169.420090,96.968155
94.845444,225.553513,169.037750,97.101547
98.811440,227.150421,164.667984,93.857117
99.639755,223.445480,166.746201,97.565353
96.746269,221.430313,168.463837,96.874878
101.309898,223.539062,166.227158,97.389366
97.299835,224.095612,167.376587,95.978554
106.243141,225.345673,164.347626,93.608330
104.116074,221.175858,166.867844,96.272667
88.126213,221.305786,167.293777,96.204193
100.041649,221.655365,170.746521,98.264748
90.159523,220.054474,175.211395,100.785942
78.013214,222.614807,173.267578,99.405052
104.357414,226.893631,169.089676,97.746170
96.111176,225.135986,175.786987,100.408211
103.812798,225.457153,172.470657,99.355888
99.528275,225.643875,175.336380,100.085548
105.492828,225.783035,173.988586,99.160400
106.614403,225.540771,170.591110,97.339066
121.095627,227.096710,166.194870,95.337524
116.648918,215.532303,165.088364,94.774582
113.191887,216.931778,169.955017,96.439560
110.130051,215.954559,170.606094,97.020958
118.073524,207.842667,163.689774,93.755043
117.704399,209.869537,164.139343,93.834862
126.426422,211.092957,162.563019,93.243584
121.915779,211.931763,162.219650,92.818817
121.915779,211.931763,162.219650,92.818817
125.706436,207.769867,162.250809,92.356758
122.690926,214.489548,163.553101,93.420921
131.862686,212.572021,161.584427,92.578888
134.686584,210.247955,162.512085,92.867203
135.530701,210.271713,160.648148,91.261482
131.738846,206.840332,160.412216,91.502609
135.817307,208.111877,158.074905,91.321945
131.597031,212.222076,162.367630,92.462227
137.308380,208.738113,158.652954,90.639885
141.107468,207.886627,159.043365,91.898941
138.189697,209.900467,162.787094,92.255753
137.859909,209.638275,157.359421,90.016304
137.859909,209.638275,157.359421,90.016304
136.935913,214.518921,157.903427,90.232964
136.569717,220.065720,154.872757,87.205284
147.619202,215.202988,154.640106,87.457825
150.543365,214.782074,155.888062,88.903816
159.069244,212.277618,155.496063,88.788475
165.177994,216.623688,153.386993,86.891808
158.091095,215.663345,155.342468,87.747742
164.243591,217.388458,155.195297,87.851997
166.762054,215.357742,155.543625,87.839005
167.176880,216.677979,152.624207,86.414864
171.744034,217.953033,151.696411,85.669403
171.744034,217.953033,151.696411,85.669403
175.304169,215.509766,150.948883,85.161301
173.782867,215.552536,152.277908,86.366875
173.782867,215.552536,152.277908,86.366875
177.143204,215.609909,150.938400,85.140907
177.143204,215.609909,150.938400,85.140907
177.143204,215.609909,150.938400,85.140907
184.468582,217.848953,147.800568,84.203735
178.102112,215.439117,150.130554,85.137108
178.102112,215.439117,150.130554,85.137108
184.065338,216.901337,148.296082,83.838142
187.416763,214.043823,147.469543,83.581963
184.381653,216.944122,147.490097,83.530144
185.499756,216.849396,146.306046,83.098717
185.499756,216.849396,146.306046,83.098717
183.198975,217.351700,145.176010,82.386414
189.894028,216.683014,142.662094,81.892937
189.586288,216.900177,142.885178,81.921043
197.035751,217.207932,142.017685,81.715561
192.504883,217.775391,146.800507,83.761284
194.506149,213.023819,145.180923,82.814728
193.450500,218.194977,140.225113,80.935463
192.910080,217.412643,141.844254,80.104607
192.910080,217.412643,141.844254,80.104607
200.054123,216.961487,138.140778,80.026245
198.527725,217.964737,136.929001,78.928909
193.166504,217.458191,140.638077,80.913918
197.351562,216.798752,140.617859,81.113159
199.577286,217.337799,140.731689,80.590279
194.660782,219.667191,141.170929,81.147552
197.763474,216.549057,144.129745,82.943527
196.175568,215.259155,140.197327,80.102646
197.529846,217.002609,138.425262,79.586502
201.221802,217.227676,138.979233,80.787621
198.078400,217.600433,138.757858,80.071838
199.827332,220.497986,138.093079,79.498100
201.241638,220.253754,136.419952,78.249733
199.147537,218.183334,139.157761,79.864586
199.147537,218.183334,139.157761,79.864586
199.147537,218.183334,139.157761,79.864586
206.166580,214.301804,138.577042,79.265945
200.251251,217.461777,140.693726,81.756561
200.670715,215.735077,140.696411,82.065475
200.670715,215.735077,140.696411,82.065475
202.165253,216.227325,135.138153,78.638901
202.165253,216.227325,135.138153,78.638901
202.811295,217.082932,134.898773,78.030304
204.734833,217.904007,138.428925,78.822144
205.812683,216.990631,136.951294,78.935081
207.638489,215.612732,134.375290,77.372162
209.257843,218.624649,133.740265,77.299782
204.013733,216.668564,139.834167,80.857307
202.555481,213.147293,140.096985,82.672226
204.488403,215.128036,141.430252,81.969238
208.217957,219.262970,136.459000,78.006073
207.569458,219.644974,137.716766,79.890060
205.109650,220.916702,139.003174,80.243782
204.643860,220.463730,136.935120,78.720406
200.684784,219.808441,141.921722,83.489449
199.571899,221.189774,145.965012,83.919968
205.891281,224.889786,140.851639,81.835548
201.587051,224.119461,141.678452,82.232719
204.568893,224.238113,141.571335,82.297035
204.568893,224.238113,141.571335,82.297035
206.105331,225.215408,142.025223,82.616692
204.125885,219.488235,143.644455,83.338051
201.661484,220.662125,148.029144,85.255745
204.550262,219.147568,142.847931,82.834618
204.151566,211.339752,148.687057,85.167259
207.056320,205.592499,147.890732,85.301712
212.478531,194.891571,145.267761,85.626877
205.543121,198.152176,146.383377,86.257057
211.234543,190.640503,143.658188,84.368736
200.185440,205.066879,148.347397,87.060570
200.185440,205.066879,148.347397,87.060570
199.558685,207.581192,148.482086,87.735252
201.571655,206.140793,146.659210,87.180946
204.767075,217.832016,142.183319,83.611092
196.681976,218.221893,148.255997,87.266350
194.381805,212.532257,145.972366,86.851631
200.523682,213.080109,149.517593,87.489250
203.599670,210.028412,151.786835,89.680000
201.088043,212.479782,149.119308,88.481598
201.640335,217.581055,148.852829,88.263420
207.776733,212.866165,148.346863,88.031624
202.422272,211.394608,149.258682,88.463257
203.084274,214.761093,151.625366,89.114204
199.372635,217.914352,147.180893,87.458527
199.372635,217.914352,147.180893,87.458527
201.530167,219.309784,147.884247,86.528145
201.140518,216.588181,147.517120,87.675064
200.616043,212.740021,151.424911,89.957108
202.703415,222.637482,145.948486,86.073402
201.726410,220.687576,148.049484,87.000351
205.728745,221.070099,148.162033,87.874969
195.883804,218.448730,149.190323,88.323288
207.004974,221.892944,146.543121,86.955139
203.353516,219.132217,150.473312,90.061615
201.575974,218.028702,151.034378,88.894165
201.642609,224.910812,146.805008,86.375969
201.718262,218.923111,149.113541,88.125275
208.037430,221.160797,145.990158,85.598465
203.171127,220.067566,148.750488,87.389091
200.932953,223.855042,149.155258,89.333443
200.932953,223.855042,149.155258,89.333443
207.222519,220.393265,147.313599,86.533646
202.696960,216.132294,153.758057,90.552719
199.039856,219.624146,149.936768,89.589310
203.108658,223.808075,150.418381,88.753899
201.072327,225.605728,149.713272,89.324867
203.687469,221.105743,143.454865,84.918343
205.426651,218.772385,151.509338,91.175095
197.006454,222.285675,152.595734,89.418625
200.478043,225.328796,146.989975,87.274261
201.894241,223.851334,151.812805,89.450554
199.978149,221.801239,150.699432,90.041901
198.434326,221.628403,150.194534,90.233444
197.494308,221.974167,145.785416,86.899063
200.086929,222.487213,146.737839,87.719589
199.726959,218.880661,151.055969,91.327698
196.210403,222.423813,149.793121,90.502373
197.430984,223.258499,151.444275,89.130898
203.514847,222.773239,149.345993,88.616837
203.514847,222.773239,149.345993,88.616837
199.622437,220.372223,151.301865,90.051910
197.551636,224.313980,149.537506,90.452614
194.170059,219.619156,152.320038,92.376747
198.752060,222.419800,150.355408,89.641495
194.662216,225.003677,147.200058,86.763824
199.485321,222.578705,145.724579,87.190880
200.109283,224.992371,146.639252,87.765732
204.209824,224.298126,145.818848,87.381210
204.209824,224.298126,145.818848,87.381210
201.009811,227.051117,139.949799,82.948212
199.191116,225.471817,146.640915,88.683891
199.191116,225.471817,146.640915,88.683891
200.225830,224.798767,144.146133,86.097382
204.538116,225.381165,145.258514,86.324799
198.237656,225.263351,147.787369,87.905670
200.047806,224.993378,146.195068,86.688026
197.487534,224.314102,148.664383,87.919182
204.681366,226.781204,140.199783,83.357964
201.489075,225.911636,144.966721,86.733231
201.489075,225.911636,144.966721,86.733231
204.575089,226.533142,146.146744,87.238174
203.956207,226.581314,144.749008,86.304993
203.956207,226.581314,144.749008,86.304993
195.557327,221.657501,150.427353,90.991096
195.557327,221.657501,150.427353,90.991096
195.598480,224.302383,152.060684,91.337685
195.598480,224.302383,152.060684,91.337685
197.198029,225.504425,147.872589,88.244072
197.198029,225.504425,147.872589,88.244072
198.893005,220.978561,149.708908,91.122925
199.193832,225.237457,145.979736,86.899551
199.193832,225.237457,145.979736,86.899551
195.068573,223.970398,150.957474,91.101730
197.796326,223.616852,148.984924,90.319130
197.130981,223.832306,147.740952,87.028404
206.660538,223.443405,147.834152,88.012985
198.029419,224.939041,148.120697,87.107338
198.140015,224.868851,149.397491,90.501617
198.099930,226.306808,148.587631,87.476913
200.807861,222.182495,145.810898,89.224640
201.819336,223.734650,146.861923,86.047112
197.100662,224.586594,147.148056,87.803635
199.450592,225.501984,148.229889,88.391426
199.450592,225.501984,148.229889,88.391426
200.282898,219.458511,149.006714,90.773422
197.314255,224.389969,148.347198,86.722496
204.707031,226.906097,143.182449,86.730881
200.710098,226.008820,147.951126,89.345757
200.710098,226.008820,147.951126,89.345757
202.544662,218.406342,146.565170,87.482231
203.413284,219.797775,149.188858,89.847275
204.645432,222.369186,143.927643,87.793060
208.896057,217.679642,144.004517,87.739883
205.221130,218.551086,146.501480,88.582275
205.221130,218.551086,146.501480,88.582275
201.130707,218.494446,149.555954,89.428352
208.786377,215.096359,145.923584,86.698219
209.054337,215.495651,144.496811,88.271904
206.064194,208.967590,147.507278,86.394577
209.964142,209.418228,146.415421,87.036087
208.320038,210.834946,151.138062,90.063637
206.435303,212.214401,149.278885,87.348618
214.384583,210.687073,143.968292,88.930099
212.217361,223.852264,143.102905,83.498344
212.088867,228.518982,140.910370,87.317268
215.137589,209.611710,149.341461,89.054993
215.148285,208.129776,149.068146,88.770790
219.945740,214.812759,143.305344,85.462334
218.764114,215.383530,147.747025,86.877144
218.512985,217.367935,148.486771,88.402138
214.472656,214.934555,146.562698,89.243393
211.844696,215.595245,151.039307,90.187737
212.395737,217.724014,152.226425,90.479843
211.375336,216.833069,147.354004,86.642776
206.583328,214.935562,150.127487,89.760017
210.704544,218.804031,148.449020,88.821976
206.159576,221.243317,152.916016,91.123230
204.654572,222.910095,149.256210,89.609772
204.973709,224.319550,149.880173,89.854362
204.973709,224.319550,149.880173,89.854362
2
0
0
0
0
1
378.011993,204.075592,184.828720,95.164757
378.051331,205.634766,184.337296,95.069008
378.051331,205.634766,184.337296,95.069008
379.819092,210.028320,183.687714,95.213852
385.464325,212.991989,185.371323,96.204681
378.429169,211.580719,185.583725,96.060951
383.821930,215.563446,186.032364,96.355797
395.023682,218.004990,186.020584,96.326111
414.638824,227.778442,186.089340,96.599915
418.477814,234.493271,184.810654,95.670082
446.111450,234.811462,183.361649,94.360512
456.316864,240.852432,182.379578,93.791084
459.053009,239.885468,182.873352,94.193871
493.842102,231.209564,182.117172,93.971558
493.939697,232.974747,183.488022,94.731819
502.585205,231.956741,180.235413,93.073318
507.908539,231.941528,180.271912,93.160645
511.312012,230.685211,181.973221,94.136192
524.191528,241.137848,181.085007,93.624443
525.748474,248.512527,179.262131,92.671150
533.657349,255.622955,179.605850,92.924637
543.286316,255.421127,180.428925,93.223755
543.286316,255.421127,180.428925,93.223755
541.823486,242.728607,180.688492,93.511192
553.323242,226.706940,179.228912,92.730957
551.786499,226.608582,179.316345,92.717400
553.342041,227.738235,178.745300,92.473717
553.913208,228.867584,177.259476,91.527435
543.988159,228.295761,179.923676,93.409767
550.484131,222.484039,177.287506,92.188240
543.999084,227.045578,182.674500,94.469612
546.641785,225.914200,180.532974,92.676201
543.885559,221.729507,183.437943,94.899849
548.708984,228.174652,178.720291,92.972229
554.997986,228.326447,175.291016,91.101067
543.475525,221.515884,180.206024,93.703979
544.079529,223.467224,181.020554,93.403923
547.720886,226.838379,177.995300,92.684464
548.332275,222.271667,179.820267,93.398186
542.385559,222.222977,183.652405,94.597206
552.121643,226.200439,179.413589,93.330475
549.034668,222.805801,186.094757,96.236946
553.656128,228.632324,180.012238,92.262718
2
0
0
0
0
1
753.681946,217.096848,172.873947,95.926834
752.059204,218.239563,173.306320,96.032921
755.104370,218.281586,169.147339,94.369682
751.463257,216.979843,169.360886,94.053566
755.810059,216.360992,171.096237,95.517296
763.081726,215.753296,169.831253,94.483482
765.413757,212.092087,171.772690,95.530304
767.312744,211.970673,174.693756,97.310936
769.199402,212.860214,170.552872,94.614471
771.497314,208.376999,166.084885,93.150246
774.455505,213.430450,173.004913,96.061279
