1
430.000000,374.000000,95.000000,56.000000
434.000000,373.000000,95.000000,56.000000
435.000000,373.000000,95.000000,56.000000
436.000000,373.000000,95.000000,56.000000
436.000000,372.000000,95.000000,56.000000
436.000000,372.000000,95.000000,56.000000
437.000000,372.000000,95.000000,56.000000
438.000000,372.000000,95.000000,56.000000
439.000000,372.000000,95.000000,56.000000
440.000000,373.000000,95.000000,56.000000
442.000000,374.000000,95.000000,56.000000
444.000000,374.000000,95.000000,56.000000
450.000000,374.000000,95.000000,56.000000
453.000000,374.000000,95.000000,56.000000
460.000000,374.000000,95.000000,56.000000
465.000000,374.000000,95.000000,56.000000
467.000000,374.000000,95.000000,56.000000
469.000000,374.000000,95.000000,56.000000
470.000000,374.000000,95.000000,56.000000
470.000000,374.000000,95.000000,56.000000
471.000000,374.000000,95.000000,56.000000
476.000000,373.000000,95.000000,56.000000
478.000000,373.000000,95.000000,56.000000
483.000000,372.000000,95.000000,56.000000
484.000000,372.000000,95.000000,56.000000
490.000000,371.000000,95.000000,56.000000
496.000000,371.000000,95.000000,56.000000
498.000000,371.000000,95.000000,56.000000
501.000000,371.000000,95.000000,56.000000
502.000000,371.000000,95.000000,56.000000
503.000000,372.000000,95.000000,56.000000
504.000000,372.000000,95.000000,56.000000
505.000000,372.000000,95.000000,56.000000
506.000000,372.000000,95.000000,56.000000
507.000000,372.000000,95.000000,56.000000
508.000000,372.000000,95.000000,56.000000
508.000000,372.000000,95.000000,56.000000
509.000000,372.000000,95.000000,56.000000
509.000000,372.000000,95.000000,56.000000
509.000000,373.000000,95.000000,56.000000
510.000000,373.000000,95.000000,56.000000
511.000000,373.000000,95.000000,56.000000
511.000000,374.000000,95.000000,56.000000
512.000000,374.000000,95.000000,56.000000
512.000000,374.000000,95.000000,56.000000
513.000000,374.000000,95.000000,56.000000
513.000000,375.000000,95.000000,56.000000
513.000000,375.000000,95.000000,56.000000
514.000000,374.000000,95.000000,56.000000
514.000000,374.000000,95.000000,56.000000
514.000000,375.000000,95.000000,56.000000
514.000000,375.000000,95.000000,56.000000
514.000000,375.000000,95.000000,56.000000
514.000000,376.000000,95.000000,56.000000
514.000000,376.000000,95.000000,56.000000
514.000000,376.000000,95.000000,56.000000
515.000000,376.000000,95.000000,56.000000
515.000000,376.000000,95.000000,56.000000
514.000000,377.000000,95.000000,56.000000
514.000000,377.000000,95.000000,56.000000
513.000000,378.000000,95.000000,56.000000
511.000000,378.000000,95.000000,56.000000
510.000000,378.000000,95.000000,56.000000
507.000000,379.000000,95.000000,56.000000
506.000000,380.000000,95.000000,56.000000
504.000000,381.000000,95.000000,56.000000
502.000000,381.000000,95.000000,56.000000
501.000000,380.000000,95.000000,56.000000
499.000000,380.000000,95.000000,56.000000
498.000000,380.000000,95.000000,56.000000
495.000000,380.000000,95.000000,56.000000
493.000000,381.000000,95.000000,56.000000
492.000000,381.000000,95.000000,56.000000
491.000000,382.000000,95.000000,56.000000
490.000000,382.000000,95.000000,56.000000
488.000000,381.000000,95.000000,56.000000
487.000000,381.000000,95.000000,56.000000
486.000000,381.000000,95.000000,56.000000
485.000000,381.000000,95.000000,56.000000
484.000000,381.000000,95.000000,56.000000
483.000000,381.000000,95.000000,56.000000
482.000000,382.000000,95.000000,56.000000
481.000000,382.000000,95.000000,56.000000
480.000000,382.000000,95.000000,56.000000
479.000000,382.000000,95.000000,56.000000
478.000000,382.000000,95.000000,56.000000
477.000000,383.000000,95.000000,56.000000
476.000000,383.000000,95.000000,56.000000
475.000000,383.000000,95.000000,56.000000
475.000000,383.000000,95.000000,56.000000
474.000000,383.000000,95.000000,56.000000
474.000000,383.000000,95.000000,56.000000
474.000000,383.000000,95.000000,56.000000
474.000000,383.000000,95.000000,56.000000
474.000000,383.000000,95.000000,56.000000
475.000000,383.000000,95.000000,56.000000
476.000000,384.000000,95.000000,56.000000
477.000000,384.000000,95.000000,56.000000
478.000000,384.000000,95.000000,56.000000
478.000000,383.000000,95.000000,56.000000
479.000000,383.000000,95.000000,56.000000
479.000000,383.000000,95.000000,56.000000
479.000000,383.000000,95.000000,56.000000
479.000000,383.000000,95.000000,56.000000
479.000000,383.000000,95.000000,56.000000
479.000000,383.000000,95.000000,56.000000
479.000000,383.000000,95.000000,56.000000
478.000000,383.000000,95.000000,56.000000
478.000000,383.000000,95.000000,56.000000
478.000000,383.000000,95.000000,56.000000
478.000000,382.000000,95.000000,56.000000
479.000000,382.000000,95.000000,56.000000
480.000000,382.000000,95.000000,56.000000
482.000000,382.000000,95.000000,56.000000
483.000000,382.000000,95.000000,56.000000
485.000000,382.000000,95.000000,56.000000
487.000000,382.000000,95.000000,56.000000
489.000000,383.000000,95.000000,56.000000
491.000000,384.000000,95.000000,56.000000
493.000000,384.000000,95.000000,56.000000
495.000000,384.000000,95.000000,56.000000
497.000000,384.000000,95.000000,56.000000
498.000000,384.000000,95.000000,56.000000
499.000000,384.000000,95.000000,56.000000
499.000000,384.000000,95.000000,56.000000
499.000000,384.000000,95.000000,56.000000
498.000000,384.000000,95.000000,56.000000
498.000000,385.000000,95.000000,56.000000
496.000000,385.000000,95.000000,56.000000
495.000000,386.000000,95.000000,56.000000
492.000000,386.000000,95.000000,56.000000
492.000000,387.000000,95.000000,56.000000
491.000000,387.000000,95.000000,56.000000
490.000000,388.000000,95.000000,56.000000
489.000000,388.000000,95.000000,56.000000
488.000000,388.000000,95.000000,56.000000
487.000000,389.000000,95.000000,56.000000
486.000000,389.000000,95.000000,56.000000
486.000000,389.000000,95.000000,56.000000
485.000000,389.000000,95.000000,56.000000
484.000000,389.000000,95.000000,56.000000
484.000000,389.000000,95.000000,56.000000
484.000000,389.000000,95.000000,56.000000
483.000000,389.000000,95.000000,56.000000
483.000000,389.000000,95.000000,56.000000
482.000000,389.000000,95.000000,56.000000
482.000000,389.000000,95.000000,56.000000
481.000000,389.000000,95.000000,56.000000
481.000000,389.000000,95.000000,56.000000
480.000000,388.000000,95.000000,56.000000
480.000000,388.000000,95.000000,56.000000
481.000000,388.000000,95.000000,56.000000
481.000000,387.000000,95.000000,56.000000
481.000000,387.000000,95.000000,56.000000
482.000000,387.000000,95.000000,56.000000
483.000000,387.000000,95.000000,56.000000
484.000000,387.000000,95.000000,56.000000
485.000000,387.000000,95.000000,56.000000
486.000000,386.000000,95.000000,56.000000
487.000000,386.000000,95.000000,56.000000
488.000000,386.000000,95.000000,56.000000
489.000000,386.000000,95.000000,56.000000
490.000000,386.000000,95.000000,56.000000
491.000000,386.000000,95.000000,56.000000
494.000000,385.000000,95.000000,56.000000
498.000000,385.000000,95.000000,56.000000
500.000000,384.000000,95.000000,56.000000
503.000000,384.000000,95.000000,56.000000
505.000000,384.000000,95.000000,56.000000
509.000000,383.000000,95.000000,56.000000
512.000000,383.000000,95.000000,56.000000
513.000000,383.000000,95.000000,56.000000
516.000000,383.000000,95.000000,56.000000
518.000000,383.000000,95.000000,56.000000
520.000000,384.000000,95.000000,56.000000
522.000000,383.000000,95.000000,56.000000
522.000000,382.000000,95.000000,56.000000
523.000000,381.000000,95.000000,56.000000
524.000000,381.000000,95.000000,56.000000
524.000000,380.000000,95.000000,56.000000
524.000000,380.000000,95.000000,56.000000
524.000000,380.000000,95.000000,56.000000
523.000000,381.000000,95.000000,56.000000
523.000000,381.000000,95.000000,56.000000
523.000000,381.000000,95.000000,56.000000
524.000000,382.000000,95.000000,56.000000
525.000000,382.000000,95.000000,56.000000
527.000000,382.000000,95.000000,56.000000
528.000000,382.000000,95.000000,56.000000
530.000000,382.000000,95.000000,56.000000
535.000000,381.000000,95.000000,56.000000
536.000000,381.000000,95.000000,56.000000
540.000000,380.000000,95.000000,56.000000
541.000000,379.000000,95.000000,56.000000
543.000000,378.000000,95.000000,56.000000
545.000000,377.000000,95.000000,56.000000
546.000000,377.000000,95.000000,56.000000
547.000000,376.000000,95.000000,56.000000
548.000000,376.000000,95.000000,56.000000
549.000000,376.000000,95.000000,56.000000
550.000000,376.000000,95.000000,56.000000
550.000000,376.000000,95.000000,56.000000
550.000000,376.000000,95.000000,56.000000
551.000000,376.000000,95.000000,56.000000
552.000000,376.000000,95.000000,56.000000
552.000000,377.000000,95.000000,56.000000
553.000000,377.000000,95.000000,56.000000
554.000000,377.000000,95.000000,56.000000
554.000000,377.000000,95.000000,56.000000
555.000000,377.000000,95.000000,56.000000
555.000000,377.000000,95.000000,56.000000
556.000000,377.000000,95.000000,56.000000
556.000000,377.000000,95.000000,56.000000
556.000000,377.000000,95.000000,56.000000
557.000000,376.000000,95.000000,56.000000
558.000000,375.000000,95.000000,56.000000
558.000000,375.000000,95.000000,56.000000
559.000000,375.000000,95.000000,56.000000
559.000000,375.000000,95.000000,56.000000
559.000000,375.000000,95.000000,56.000000
559.000000,375.000000,95.000000,56.000000
559.000000,375.000000,95.000000,56.000000
559.000000,375.000000,95.000000,56.000000
559.000000,375.000000,95.000000,56.000000
559.000000,375.000000,95.000000,56.000000
559.000000,375.000000,95.000000,56.000000
559.000000,375.000000,95.000000,56.000000
559.000000,375.000000,95.000000,56.000000
559.000000,376.000000,95.000000,56.000000
559.000000,376.000000,95.000000,56.000000
559.000000,376.000000,95.000000,56.000000
559.000000,376.000000,95.000000,56.000000
559.000000,376.000000,95.000000,56.000000
559.000000,376.000000,95.000000,56.000000
559.000000,376.000000,95.000000,56.000000
559.000000,376.000000,95.000000,56.000000
559.000000,376.000000,95.000000,56.000000
559.000000,376.000000,95.000000,56.000000
559.000000,377.000000,95.000000,56.000000
559.000000,377.000000,95.000000,56.000000
559.000000,377.000000,95.000000,56.000000
559.000000,377.000000,95.000000,56.000000
559.000000,377.000000,95.000000,56.000000
559.000000,377.000000,95.000000,56.000000
559.000000,377.000000,95.000000,56.000000
559.000000,377.000000,95.000000,56.000000
559.000000,377.000000,95.000000,56.000000
559.000000,377.000000,95.000000,56.000000
559.000000,377.000000,95.000000,56.000000
559.000000,377.000000,95.000000,56.000000
559.000000,377.000000,95.000000,56.000000
559.000000,377.000000,95.000000,56.000000
559.000000,377.000000,95.000000,56.000000
559.000000,377.000000,95.000000,56.000000
559.000000,377.000000,95.000000,56.000000
559.000000,377.000000,95.000000,56.000000
559.000000,377.000000,95.000000,56.000000
559.000000,377.000000,95.000000,56.000000
559.000000,377.000000,95.000000,56.000000
559.000000,377.000000,95.000000,56.000000
559.000000,377.000000,95.000000,56.000000
559.000000,377.000000,95.000000,56.000000
559.000000,377.000000,95.000000,56.000000
559.000000,377.000000,95.000000,56.000000
559.000000,377.000000,95.000000,56.000000
559.000000,377.000000,95.000000,56.000000
559.000000,377.000000,95.000000,56.000000
559.000000,377.000000,95.000000,56.000000
559.000000,377.000000,95.000000,56.000000
559.000000,377.000000,95.000000,56.000000
559.000000,377.000000,95.000000,56.000000
559.000000,377.000000,95.000000,56.000000
559.000000,377.000000,95.000000,56.000000
559.000000,377.000000,95.000000,56.000000
559.000000,377.000000,95.000000,56.000000
559.000000,377.000000,95.000000,56.000000
559.000000,377.000000,95.000000,56.000000
559.000000,377.000000,95.000000,56.000000
560.000000,376.000000,95.000000,56.000000
560.000000,376.000000,95.000000,56.000000
560.000000,376.000000,95.000000,56.000000
560.000000,376.000000,95.000000,56.000000
560.000000,376.000000,95.000000,56.000000
560.000000,376.000000,95.000000,56.000000
560.000000,376.000000,95.000000,56.000000
560.000000,376.000000,95.000000,56.000000
560.000000,376.000000,95.000000,56.000000
560.000000,376.000000,95.000000,56.000000
560.000000,376.000000,95.000000,56.000000
560.000000,376.000000,95.000000,56.000000
560.000000,376.000000,95.000000,56.000000
560.000000,376.000000,95.000000,56.000000
560.000000,376.000000,95.000000,56.000000
560.000000,376.000000,95.000000,56.000000
560.000000,375.000000,95.000000,56.000000
559.000000,375.000000,95.000000,56.000000
559.000000,375.000000,95.000000,56.000000
558.000000,375.000000,95.000000,56.000000
558.000000,375.000000,95.000000,56.000000
558.000000,375.000000,95.000000,56.000000
557.000000,375.000000,95.000000,56.000000
557.000000,375.000000,95.000000,56.000000
558.000000,375.000000,95.000000,56.000000
558.000000,375.000000,95.000000,56.000000
558.000000,375.000000,95.000000,56.000000
558.000000,375.000000,95.000000,56.000000
558.000000,375.000000,95.000000,56.000000
558.000000,375.000000,95.000000,56.000000
558.000000,375.000000,95.000000,56.000000
558.000000,375.000000,95.000000,56.000000
558.000000,375.000000,95.000000,56.000000
558.000000,375.000000,95.000000,56.000000
558.000000,375.000000,95.000000,56.000000
558.000000,375.000000,95.000000,56.000000
558.000000,375.000000,95.000000,56.000000
558.000000,375.000000,95.000000,56.000000
558.000000,375.000000,95.000000,56.000000
558.000000,375.000000,95.000000,56.000000
558.000000,375.000000,95.000000,56.000000
558.000000,375.000000,95.000000,56.000000
557.000000,374.000000,95.000000,56.000000
557.000000,374.000000,95.000000,56.000000
556.000000,375.000000,95.000000,56.000000
555.000000,375.000000,95.000000,56.000000
554.000000,375.000000,95.000000,56.000000
553.000000,375.000000,95.000000,56.000000
553.000000,375.000000,95.000000,56.000000
552.000000,375.000000,95.000000,56.000000
551.000000,376.000000,95.000000,56.000000
550.000000,376.000000,95.000000,56.000000
549.000000,376.000000,95.000000,56.000000
549.000000,376.000000,95.000000,56.000000
548.000000,376.000000,95.000000,56.000000
548.000000,376.000000,95.000000,56.000000
547.000000,376.000000,95.000000,56.000000
546.000000,376.000000,95.000000,56.000000
546.000000,376.000000,95.000000,56.000000
545.000000,376.000000,95.000000,56.000000
545.000000,376.000000,95.000000,56.000000
544.000000,376.000000,95.000000,56.000000
544.000000,376.000000,95.000000,56.000000
544.000000,376.000000,95.000000,56.000000
543.000000,376.000000,95.000000,56.000000
543.000000,376.000000,95.000000,56.000000
543.000000,376.000000,95.000000,56.000000
543.000000,376.000000,95.000000,56.000000
542.000000,376.000000,95.000000,56.000000
544.000000,377.000000,95.000000,56.000000
550.000000,379.000000,95.000000,56.000000
552.000000,382.000000,95.000000,56.000000
558.000000,386.000000,95.000000,56.000000
565.000000,393.000000,95.000000,56.000000
568.000000,397.000000,95.000000,56.000000
575.000000,403.000000,95.000000,56.000000
579.000000,406.000000,95.000000,56.000000
586.000000,414.000000,95.000000,56.000000
593.000000,423.000000,95.000000,56.000000
598.000000,428.000000,95.000000,56.000000
608.000000,437.000000,95.000000,56.000000
613.000000,441.000000,95.000000,56.000000
623.000000,452.000000,95.000000,56.000000
634.000000,462.000000,95.000000,56.000000
640.000000,471.000000,95.000000,56.000000
645.000000,477.000000,95.000000,56.000000
646.000000,478.000000,95.000000,56.000000
646.000000,477.000000,95.000000,56.000000
646.000000,477.000000,95.000000,56.000000
646.000000,477.000000,95.000000,56.000000
646.000000,477.000000,95.000000,56.000000
646.000000,477.000000,95.000000,56.000000
644.000000,477.000000,95.000000,56.000000
644.000000,477.000000,95.000000,56.000000
644.000000,477.000000,95.000000,56.000000
643.000000,477.000000,95.000000,56.000000
643.000000,477.000000,95.000000,56.000000
642.000000,477.000000,95.000000,56.000000
641.000000,477.000000,95.000000,56.000000
641.000000,477.000000,95.000000,56.000000
641.000000,477.000000,95.000000,56.000000
641.000000,477.000000,95.000000,56.000000
640.000000,477.000000,95.000000,56.000000
640.000000,477.000000,95.000000,56.000000
640.000000,477.000000,95.000000,56.000000
640.000000,477.000000,95.000000,56.000000
639.000000,478.000000,95.000000,56.000000
639.000000,477.000000,95.000000,56.000000
640.000000,476.000000,95.000000,56.000000
639.000000,476.000000,95.000000,56.000000
640.000000,475.000000,95.000000,56.000000
640.000000,475.000000,95.000000,56.000000
639.000000,475.000000,95.000000,56.000000
639.000000,475.000000,95.000000,56.000000
638.000000,475.000000,95.000000,56.000000
637.000000,475.000000,95.000000,56.000000
636.000000,475.000000,95.000000,56.000000
636.000000,474.000000,95.000000,56.000000
635.000000,474.000000,95.000000,56.000000
635.000000,474.000000,95.000000,56.000000
634.000000,474.000000,95.000000,56.000000
634.000000,474.000000,95.000000,56.000000
634.000000,474.000000,95.000000,56.000000
633.000000,474.000000,95.000000,56.000000
633.000000,474.000000,95.000000,56.000000
633.000000,475.000000,95.000000,56.000000
633.000000,475.000000,95.000000,56.000000
633.000000,474.000000,95.000000,56.000000
625.000000,463.000000,95.000000,56.000000
619.000000,458.000000,95.000000,56.000000
609.000000,447.000000,95.000000,56.000000
604.000000,440.000000,95.000000,56.000000
595.000000,429.000000,95.000000,56.000000
586.000000,418.000000,95.000000,56.000000
581.000000,414.000000,95.000000,56.000000
572.000000,406.000000,95.000000,56.000000
568.000000,401.000000,95.000000,56.000000
561.000000,394.000000,95.000000,56.000000
555.000000,388.000000,95.000000,56.000000
552.000000,385.000000,95.000000,56.000000
546.000000,381.000000,95.000000,56.000000
543.000000,380.000000,95.000000,56.000000
542.000000,380.000000,95.000000,56.000000
540.000000,381.000000,95.000000,56.000000
540.000000,381.000000,95.000000,56.000000
539.000000,381.000000,95.000000,56.000000
538.000000,381.000000,95.000000,56.000000
537.000000,382.000000,95.000000,56.000000
535.000000,383.000000,95.000000,56.000000
535.000000,383.000000,95.000000,56.000000
533.000000,384.000000,95.000000,56.000000
533.000000,384.000000,95.000000,56.000000
532.000000,384.000000,95.000000,56.000000
531.000000,385.000000,95.000000,56.000000
530.000000,385.000000,95.000000,56.000000
529.000000,385.000000,95.000000,56.000000
529.000000,385.000000,95.000000,56.000000
529.000000,385.000000,95.000000,56.000000
529.000000,385.000000,95.000000,56.000000
529.000000,385.000000,95.000000,56.000000
529.000000,385.000000,95.000000,56.000000
529.000000,385.000000,95.000000,56.000000
529.000000,385.000000,95.000000,56.000000
529.000000,385.000000,95.000000,56.000000
529.000000,385.000000,95.000000,56.000000
530.000000,384.000000,95.000000,56.000000
530.000000,384.000000,95.000000,56.000000
531.000000,384.000000,95.000000,56.000000
533.000000,383.000000,95.000000,56.000000
533.000000,383.000000,95.000000,56.000000
535.000000,382.000000,95.000000,56.000000
536.000000,382.000000,95.000000,56.000000
537.000000,381.000000,95.000000,56.000000
538.000000,381.000000,95.000000,56.000000
538.000000,380.000000,95.000000,56.000000
539.000000,380.000000,95.000000,56.000000
539.000000,380.000000,95.000000,56.000000
539.000000,380.000000,95.000000,56.000000
539.000000,380.000000,95.000000,56.000000
539.000000,380.000000,95.000000,56.000000
539.000000,380.000000,95.000000,56.000000
539.000000,380.000000,95.000000,56.000000
539.000000,380.000000,95.000000,56.000000
538.000000,380.000000,95.000000,56.000000
538.000000,380.000000,95.000000,56.000000
537.000000,380.000000,95.000000,56.000000
537.000000,380.000000,95.000000,56.000000
536.000000,380.000000,95.000000,56.000000
536.000000,380.000000,95.000000,56.000000
536.000000,380.000000,95.000000,56.000000
536.000000,380.000000,95.000000,56.000000
536.000000,380.000000,95.000000,56.000000
536.000000,380.000000,95.000000,56.000000
536.000000,380.000000,95.000000,56.000000
536.000000,380.000000,95.000000,56.000000
536.000000,380.000000,95.000000,56.000000
536.000000,380.000000,95.000000,56.000000
536.000000,380.000000,95.000000,56.000000
536.000000,380.000000,95.000000,56.000000
536.000000,380.000000,95.000000,56.000000
537.000000,380.000000,95.000000,56.000000
537.000000,380.000000,95.000000,56.000000
538.000000,380.000000,95.000000,56.000000
538.000000,381.000000,95.000000,56.000000
539.000000,381.000000,95.000000,56.000000
539.000000,381.000000,95.000000,56.000000
540.000000,381.000000,95.000000,56.000000
540.000000,381.000000,95.000000,56.000000
541.000000,382.000000,95.000000,56.000000
541.000000,382.000000,95.000000,56.000000
541.000000,382.000000,95.000000,56.000000
541.000000,382.000000,95.000000,56.000000
541.000000,382.000000,95.000000,56.000000
541.000000,382.000000,95.000000,56.000000
541.000000,382.000000,95.000000,56.000000
541.000000,383.000000,95.000000,56.000000
541.000000,383.000000,95.000000,56.000000
541.000000,383.000000,95.000000,56.000000
541.000000,383.000000,95.000000,56.000000
541.000000,383.000000,95.000000,56.000000
541.000000,383.000000,95.000000,56.000000
541.000000,383.000000,95.000000,56.000000
541.000000,383.000000,95.000000,56.000000
541.000000,383.000000,95.000000,56.000000
541.000000,383.000000,95.000000,56.000000
540.000000,383.000000,95.000000,56.000000
540.000000,383.000000,95.000000,56.000000
540.000000,383.000000,95.000000,56.000000
539.000000,383.000000,95.000000,56.000000
539.000000,383.000000,95.000000,56.000000
538.000000,383.000000,95.000000,56.000000
538.000000,383.000000,95.000000,56.000000
537.000000,383.000000,95.000000,56.000000
537.000000,383.000000,95.000000,56.000000
537.000000,383.000000,95.000000,56.000000
536.000000,383.000000,95.000000,56.000000
536.000000,383.000000,95.000000,56.000000
535.000000,382.000000,95.000000,56.000000
535.000000,382.000000,95.000000,56.000000
534.000000,382.000000,95.000000,56.000000
534.000000,382.000000,95.000000,56.000000
534.000000,382.000000,95.000000,56.000000
534.000000,382.000000,95.000000,56.000000
534.000000,382.000000,95.000000,56.000000
534.000000,382.000000,95.000000,56.000000
534.000000,382.000000,95.000000,56.000000
534.000000,382.000000,95.000000,56.000000
534.000000,382.000000,95.000000,56.000000
534.000000,382.000000,95.000000,56.000000
534.000000,382.000000,95.000000,56.000000
534.000000,382.000000,95.000000,56.000000
534.000000,382.000000,95.000000,56.000000
534.000000,382.000000,95.000000,56.000000
534.000000,382.000000,95.000000,56.000000
534.000000,382.000000,95.000000,56.000000
534.000000,382.000000,95.000000,56.000000
534.000000,382.000000,95.000000,56.000000
534.000000,382.000000,95.000000,56.000000
534.000000,382.000000,95.000000,56.000000
534.000000,382.000000,95.000000,56.000000
