1
340.282257,23.271761,38.239349,42.226063
332.915863,33.240231,38.233189,42.200783
330.981689,19.886599,38.382576,42.386894
335.302582,13.691913,38.958874,43.027798
339.525696,12.575320,39.349461,43.502674
333.214050,33.392117,39.194309,43.294273
350.817810,25.339588,39.225426,43.244392
354.951904,33.605328,38.939106,42.968918
361.055847,45.735847,39.228939,43.278976
376.331055,53.691990,39.153008,43.222054
363.830505,72.101120,39.325596,43.404160
376.855835,53.395565,39.237560,43.281532
370.808167,57.091919,39.021660,43.053558
352.867615,74.201637,38.541210,42.522549
2
0
0
0
0
1
319.142914,22.983465,35.722038,37.037060
322.254211,21.158659,36.083771,37.412376
313.267761,10.966138,35.951775,37.282482
319.527466,17.828398,36.241261,37.582577
327.814026,19.049358,35.743961,37.095577
329.687836,18.641191,35.587658,36.943058
331.273529,16.778515,35.482132,36.885273
328.766815,14.061849,35.488747,36.919548
332.535095,8.471548,35.608749,37.051918
338.681366,6.105421,35.808037,37.272293
348.441071,9.499207,35.682793,37.198475
362.214600,18.255226,35.560135,37.107162
374.436462,30.327442,35.877098,37.497677
2
0
0
0
0
1
399.213715,110.670837,43.358044,37.248886
398.926270,110.663239,43.069122,36.983517
399.804138,111.737701,43.130562,37.044140
391.545166,97.721909,42.712593,36.711636
413.938843,104.673988,42.256599,36.355114
397.042114,99.173042,42.729568,36.760014
2
0
0
0
0
1
304.934784,23.513552,49.170311,50.049831
309.447815,28.113773,49.355980,50.229996
310.327240,26.287186,49.126221,50.027248
311.037567,25.528286,49.156593,50.021439
306.099731,17.292517,49.419418,50.320255
303.347382,11.177207,49.555496,50.446423
298.973602,5.786561,49.838333,50.720345
298.270477,7.499781,48.864952,49.746948
294.744904,9.964369,49.418388,50.299099
299.103821,11.326512,49.634930,50.537334
309.884003,4.896542,49.772911,50.655403
324.864868,0.306647,49.240189,50.089497
332.686951,-0.396686,49.659115,50.482994
327.033569,2.479887,49.902355,50.696903
320.276764,7.904716,50.121517,50.898407
328.634827,11.918276,50.009884,50.816792
332.125214,8.282231,49.977531,50.860092
328.109406,3.081170,50.048870,50.951374
332.626007,-5.079761,50.236248,51.177670
328.611420,-6.220882,49.754292,50.685253
340.069580,-12.696390,50.226250,51.086449
321.031738,-6.648277,50.133629,51.107746
300.293793,4.446028,50.151985,51.075592
292.337463,24.392504,49.704769,50.571991
300.265686,42.744957,49.466377,50.289925
2
0
0
0
0
1
348.622833,199.038223,80.301407,76.360153
331.417236,200.889725,80.432831,76.476135
2
0
0
0
0
1
185.383484,-3.706737,90.739357,109.334526
149.153000,-27.239079,90.871819,109.499718
144.394440,-0.509800,91.456955,110.235092
142.468689,13.619301,91.487534,110.197845
109.418343,-27.855204,91.577599,110.298134
129.892975,15.183262,91.441101,110.119080
159.342453,29.501366,91.503540,110.350281
171.314819,30.396212,91.586113,110.415413
181.457718,22.220898,91.151718,109.958122
