1
390.909149,184.166840,109.514771,141.979797
390.886597,184.394257,109.319420,141.718643
390.617493,183.749603,109.521698,141.774567
390.644836,183.681747,109.318703,141.129013
391.469910,182.782455,109.591393,141.660675
392.711334,182.676575,109.782326,141.524704
392.726501,182.052658,110.805130,142.572388
394.030334,182.226425,109.849304,141.402542
394.665741,181.577438,110.036598,141.616791
395.028687,181.488022,110.144157,141.701950
395.263245,181.861771,109.305733,141.661133
395.841003,181.279419,110.133713,141.957260
396.890289,182.716599,109.484024,141.339920
397.674347,183.022797,109.786583,141.538025
397.761322,183.740875,109.970062,141.732315
397.736328,184.721497,109.099358,140.988327
396.719574,185.566284,109.713669,141.490646
396.654419,186.255219,110.020950,141.652557
397.777191,187.725677,108.879593,140.080307
398.355103,187.110077,109.591866,140.766510
399.211700,187.036362,109.770859,140.884033
399.768921,187.543640,109.484932,140.061035
399.902344,187.932556,109.079163,139.740067
399.347931,187.579636,109.308304,140.525665
399.742004,187.505173,109.982513,140.480499
399.285309,187.237534,110.364395,140.540298
399.624390,186.962402,110.368462,140.473221
399.376984,186.388626,110.823502,140.862167
400.384766,186.960312,109.938705,140.242538
400.727631,187.319092,109.978699,140.179855
400.820923,186.823257,109.767632,140.063568
401.666840,186.872742,109.627029,139.724579
401.344208,186.104736,110.121849,140.558792
402.004456,186.096863,109.723625,139.588928
402.212677,186.128937,110.675735,140.584900
401.762115,185.039200,111.157661,141.153076
402.498413,185.577957,110.773415,140.642227
403.330231,185.828613,110.277885,140.166702
404.094513,185.886703,109.702637,140.023544
403.617798,184.867966,111.612091,140.893814
404.397736,185.203110,110.778572,140.619781
404.668243,185.354843,110.948708,140.605148
404.674988,184.883392,110.018280,139.992889
404.580475,184.841644,110.996323,140.854919
404.388672,183.725876,111.745636,142.288147
404.419617,183.743988,111.425774,141.639984
405.302673,183.237045,111.321449,141.767746
406.352234,184.082092,110.986816,141.237701
407.530792,184.533005,109.395874,140.094269
407.980988,183.990997,109.414070,139.806778
408.716064,183.998276,108.650604,139.272797
408.905060,184.321930,108.410652,139.328430
408.398346,183.706787,108.854286,139.221252
408.504761,183.694031,109.028252,139.653885
408.285400,183.209961,109.824280,140.033936
409.606750,183.237732,108.647774,139.032516
409.156189,182.886627,109.798592,140.020889
409.703522,182.580048,109.364143,139.651291
409.101624,183.261124,111.608192,141.604568
407.870178,182.365677,113.631653,143.430359
408.889526,181.670319,114.592484,143.850494
408.059479,182.180908,114.478569,144.088013
406.667328,182.114487,114.809662,144.327728
407.437073,183.257080,113.388748,143.482788
407.575714,182.769516,113.550491,143.815552
409.472565,183.356766,112.741913,143.493973
409.522430,183.345734,113.443794,144.290039
403.120758,183.782303,114.079163,144.938095
398.961578,185.822174,112.134583,143.456589
399.390106,186.119003,113.066101,143.658279
398.300903,186.254898,114.580887,144.750748
398.754028,187.228912,113.681435,144.416122
398.394226,188.999817,111.709282,143.384354
397.080322,187.805740,115.747116,145.829773
394.485687,189.707504,112.905045,142.807648
395.154785,190.316681,112.874969,142.801529
394.201965,190.771301,113.595299,143.055939
391.827026,190.821503,114.593559,143.925369
390.595886,191.969467,112.976601,143.001831
390.630249,192.975296,111.824745,141.724228
389.612030,192.785751,113.332870,143.620758
387.489838,193.468185,114.132660,143.832672
386.494171,193.555176,113.975769,143.524872
385.017639,193.809708,114.936409,144.566895
386.947754,194.452698,114.680008,143.726669
385.324219,195.375961,114.169151,143.495392
384.045532,196.084534,113.404205,142.706924
382.394928,195.987228,115.703629,144.351990
381.262726,196.983841,115.282005,143.890366
380.524353,197.244690,115.704422,144.289612
378.876434,197.432388,117.129730,145.622971
378.558899,199.452469,114.068253,142.791306
376.781525,199.418579,115.067184,144.169037
376.150665,200.242218,114.909874,143.049850
375.005981,200.328537,115.128464,143.574966
374.714203,201.142120,114.436966,142.936417
373.718140,201.685898,113.993286,142.541229
373.048248,201.969940,114.890877,143.007217
371.709717,202.811203,113.400337,141.691956
370.966492,202.044678,115.462898,143.809265
370.226440,202.579727,114.781616,143.159302
2
0
0
0
0
1
503.987823,216.189636,81.012970,120.770325
501.620148,216.193024,79.308380,120.051842
501.314911,217.891083,78.967834,119.958549
497.096497,216.415543,82.651085,122.936279
497.315186,217.247253,81.015175,121.690971
499.154419,217.836487,79.614662,120.325005
497.708679,217.012482,81.526047,122.275536
495.664185,217.241699,81.267242,122.552666
494.668732,216.820923,81.010773,122.446304
493.065948,217.177399,81.228188,123.103188
491.679871,216.813004,82.576256,124.026909
492.226074,217.149765,81.263367,122.954704
490.658600,217.256302,82.429733,124.105194
490.550171,217.198868,82.764877,124.467400
490.507812,216.939270,81.903641,123.974609
490.280853,217.176483,81.935265,123.626007
489.383972,217.034760,81.815598,124.261703
488.713654,217.343262,81.168839,123.485199
488.209076,217.743408,80.736664,122.620354
486.030090,217.395218,81.988533,123.909134
485.202240,217.130646,82.912659,125.092468
484.460022,216.942703,83.121864,124.996597
483.925079,217.695511,82.246719,124.482437
483.523956,217.272919,82.947380,124.491379
482.973419,217.634628,83.435043,124.923203
482.921967,217.733948,83.018539,124.689026
482.674377,217.468506,84.073067,125.873840
482.162323,218.177124,82.472916,124.845695
482.032593,218.965683,82.239700,124.687393
481.828949,219.389755,82.894310,124.468506
481.460449,219.786636,83.132790,124.763885
482.047791,219.832291,82.495178,124.636429
480.746643,219.116653,84.081657,125.523666
480.867737,218.934525,83.431274,125.500221
480.441132,219.701645,82.429108,125.451019
480.057251,219.268417,84.295853,126.608299
479.705963,219.302429,83.442787,126.542984
478.369324,219.474075,83.311989,126.109978
477.550354,219.613647,83.573364,126.750549
477.090729,219.287369,83.223228,125.961929
476.196503,219.554337,83.467056,125.937355
474.791840,218.747452,85.532021,127.315948
474.276184,219.163574,84.545334,126.473862
473.421967,219.594193,84.458832,126.272537
472.330505,219.454849,83.788406,125.251183
470.972778,218.834351,85.784264,127.116302
469.767212,218.746933,86.558281,128.395309
2
0
0
0
0
1
534.232971,278.911896,92.621147,68.957001
531.957642,275.935425,92.972672,68.957878
527.179504,269.919800,94.336197,70.410721
521.253418,265.345184,95.044899,71.376305
516.152222,262.258728,94.761818,70.914703
513.473938,260.026245,96.541389,72.844452
509.836731,249.168655,98.472969,76.367928
506.429718,246.154602,99.503593,77.798340
504.095215,243.304367,100.062851,79.064659
507.298889,242.116318,99.920319,79.300476
505.825165,243.319382,98.697395,78.327766
504.984589,244.991043,99.458702,79.465866
501.493530,242.822250,98.746895,77.499847
503.747040,242.448364,98.032295,76.428535
510.765533,238.002090,98.897881,77.924324
508.574860,237.351746,99.432549,79.237289
502.634491,237.596756,98.235580,77.125755
511.203644,236.995880,100.582855,80.710770
524.887939,236.214218,98.762825,78.273476
526.789001,246.441345,98.667542,78.108498
522.230408,242.931595,99.091148,78.824799
517.792908,239.279343,100.409012,80.970604
518.261841,236.607758,102.652878,83.042686
515.281311,237.106766,99.926773,80.528000
510.062714,235.820190,101.882721,82.879318
506.640808,235.114777,102.438011,83.940918
503.555481,232.952820,103.974609,85.772980
501.814056,233.371109,103.938049,85.944138
501.201782,233.251923,103.027168,84.491562
510.032196,231.906815,100.810036,82.639252
509.506134,231.723343,101.077049,82.628357
510.110779,231.764435,102.487473,82.409775
509.613129,230.798416,101.279564,82.458611
508.169434,230.963303,99.635742,82.784836
508.587830,231.642654,99.991783,79.590828
507.552887,229.366226,101.467117,82.484947
507.229553,228.725647,101.398781,83.401642
506.702332,229.717072,100.590546,81.700912
506.330261,226.422104,103.963875,85.213196
507.068085,228.755966,101.387032,81.370415
507.904144,229.978989,100.806404,79.967735
509.088440,228.034058,99.589531,81.327049
510.509583,227.775772,99.161285,80.828117
511.139038,227.647644,99.576881,81.074478
512.269592,225.897202,100.881966,82.953430
515.858276,226.131912,102.567200,82.761635
519.141724,227.029297,99.879227,81.065453
522.491577,226.802399,99.793739,79.765320
523.570374,225.527924,97.781693,81.218109
524.124023,225.683258,99.829643,81.035530
523.727356,223.877182,98.741371,81.947258
525.634888,224.525742,99.622009,80.618263
524.223755,222.088806,99.168175,82.067337
524.825195,222.140045,99.262932,82.150574
2
0
0
0
0
1
344.018738,204.423767,176.132462,135.226532
343.284271,203.973923,176.474625,135.303192
342.680878,203.435410,176.288483,135.567398
342.650024,203.104965,176.201874,135.447037
340.013367,202.844955,176.316025,135.311462
338.883453,201.977493,177.564697,136.590561
335.413788,201.424225,177.727798,136.441727
336.583344,201.761002,176.713684,134.483002
338.849304,201.835464,175.681274,133.158325
340.310272,201.640762,176.267960,133.897659
340.476501,200.953796,174.934250,134.284500
341.081177,200.905075,174.600891,133.964935
341.906769,200.908173,173.694107,132.552002
341.721619,201.301193,173.648102,131.869507
342.832611,201.208038,174.387833,132.748291
343.158569,201.076706,174.206802,132.393036
342.442261,200.830078,175.589203,134.242325
343.975372,200.789673,174.798965,133.556595
343.662323,200.727997,174.826797,133.665497
343.931274,200.807632,175.335724,134.652481
344.428284,201.047073,174.692688,133.741653
345.716858,201.136505,174.791458,134.223907
345.133179,201.072250,175.625534,134.162430
346.317596,201.944351,174.197433,133.065521
345.989288,201.722763,175.655579,134.264877
346.098175,201.275452,176.989380,136.001175
346.412079,201.822342,176.920914,135.561356
347.716705,202.094467,175.866684,134.895935
346.646332,202.122086,177.009186,135.688812
349.550140,202.797272,175.537308,135.261276
349.039032,202.455643,177.465363,135.326401
348.670288,202.696884,177.040726,134.781845
349.285828,202.587082,177.786118,136.248184
348.430420,203.850647,177.263519,134.181030
353.045227,204.036560,176.798126,133.297012
352.963348,203.637970,174.895279,134.564774
352.718140,203.341660,178.108810,134.740280
352.183777,203.061096,178.725006,137.036591
358.102783,203.736282,176.235260,136.618469
357.442200,204.705902,176.056976,136.002243
356.587067,204.951981,176.562820,135.748932
357.801453,204.487915,176.578110,135.710266
356.985626,204.305191,179.088531,138.245071
356.474213,205.721283,177.818192,136.739334
355.586456,205.269119,178.603607,137.834076
356.635895,205.253082,179.105682,137.886932
357.773346,206.631134,177.685577,136.254349
357.658142,206.157471,178.684036,137.738678
355.356445,205.570374,179.899124,139.335236
351.622375,205.979904,179.753632,139.175003
350.619232,206.319931,179.114792,138.475418
351.381989,207.236572,178.396576,138.002975
350.298889,206.617905,179.973587,140.019714
357.364288,206.756927,178.396301,138.382812
359.034912,206.742432,178.204819,137.983078
359.081390,206.720215,178.930084,139.242432
359.175598,206.982208,178.409424,138.389389
359.671295,207.197922,178.972198,138.836044
360.419769,208.123199,177.186386,136.469711
358.616058,206.780899,178.235641,137.992172
358.775360,206.972839,178.328262,137.820251
361.008698,207.356323,178.183228,137.154572
359.959167,207.309464,178.438110,137.595428
362.374786,207.906693,177.826202,137.326416
362.350494,207.703339,177.453720,136.577942
364.512177,208.169998,176.713409,136.071884
363.784637,208.242065,177.784302,137.084641
364.038849,208.140259,176.934250,135.990707
363.014343,208.163803,179.270691,138.842316
2
0
0
0
0
1
230.652725,201.162567,118.215401,131.621185
227.491501,201.523148,118.281944,131.100143
224.132660,194.594208,123.076591,135.928192
222.572189,192.472000,124.721596,137.385086
215.504501,190.880859,128.971359,141.205887
215.211670,189.505768,129.385590,141.881805
214.715012,182.934494,128.324661,141.251205
215.015961,181.529480,126.709717,139.507385
217.439819,181.965958,125.194885,138.104462
218.560257,182.396545,124.567429,137.692139
218.839203,182.652588,124.689758,137.324219
219.753662,183.103027,124.235695,137.243896
221.899979,184.223999,123.163528,136.069580
222.106644,184.490524,122.868492,135.783875
223.010315,183.550385,124.864998,137.867615
222.721283,184.160126,124.239044,137.281509
222.777771,184.605347,124.301567,137.061661
222.813660,185.336426,122.851318,135.957581
221.266083,186.147278,123.112289,136.116501
222.086777,186.540268,122.916115,136.004578
221.926331,186.897125,122.350746,136.026123
220.957413,186.539093,124.027702,137.241867
222.570923,186.591782,122.971199,136.625839
222.581619,187.045975,122.127052,136.047440
222.211380,186.879364,122.736038,136.748047
221.185043,185.853638,124.313164,136.992859
221.388550,186.657349,124.667877,137.060654
220.596619,185.639008,125.770645,138.923233
223.127838,185.938004,125.566841,137.573090
223.243668,185.525848,126.713120,138.772049
222.963531,186.119278,125.764946,137.953949
220.706284,185.738586,126.435371,138.624680
220.305115,186.188950,125.999016,138.602158
225.643066,185.402222,126.954185,138.866882
226.707993,184.449402,127.964828,140.679413
225.814499,184.883987,127.904617,140.020615
226.422989,185.428879,126.950752,139.050873
226.765244,185.238495,127.852203,139.941544
226.552124,185.182144,127.438499,139.942490
226.605927,186.797012,124.487076,136.945541
226.036728,187.109787,123.935272,136.730881
225.917572,185.964325,127.257996,138.956818
223.882034,187.084274,126.173088,137.681503
223.559677,187.685440,125.899773,137.795975
221.180511,187.263672,126.796303,139.202301
220.349854,187.560989,126.688438,138.595245
219.500046,188.211090,127.146019,138.520508
221.477188,188.461197,126.930130,138.796829
220.558304,188.538071,127.091766,138.395615
222.054825,188.508163,127.161591,139.228622
222.075043,189.077606,126.954628,138.393707
221.962967,189.284760,126.465965,138.628220
222.096741,189.501724,126.520706,138.600891
221.378784,189.006088,127.882698,139.274536
211.887131,190.084381,127.620468,139.638245
213.275269,189.517563,129.097534,140.962814
216.977997,189.879868,128.043991,140.513885
220.735992,189.453659,129.134430,140.923538
213.054901,190.165955,130.290665,142.117859
211.955292,191.153381,128.576218,139.965302
211.110504,192.002213,128.898560,140.418030
220.762222,190.443100,129.400360,141.308136
216.531952,191.530945,128.974518,141.321732
223.309296,192.288330,127.485329,139.261673
235.224579,191.510223,127.672440,139.890305
235.048737,191.416443,128.552704,140.829926
235.347488,191.156128,128.974289,141.416885
233.937561,191.878525,127.658974,139.891312
222.057434,193.339676,128.010849,140.240891
219.250931,192.630295,126.962883,139.375290
214.008102,192.288925,128.564865,140.633926
214.520905,192.141907,128.342468,141.000153
214.371185,191.531830,128.971436,141.953796
214.005997,191.530731,129.406708,142.147842
210.120087,191.779388,128.684479,141.674240
209.447815,191.418655,129.416992,141.446289
208.481430,191.793198,128.476257,141.047470
209.772751,191.053146,129.855453,142.210876
211.878006,191.461731,127.510216,140.049774
216.253983,190.415161,129.330521,141.503952
215.751587,189.848724,128.150009,140.474625
211.172928,189.277237,129.689957,142.323746
212.059494,189.078522,129.475845,141.900681
215.919769,188.408752,128.143890,141.029083
218.472092,188.008453,129.101822,141.334732
216.777542,187.886292,128.952423,141.458908
216.777420,187.208099,130.343170,142.060333
221.337936,187.234909,131.045731,142.599564
226.247650,186.640991,131.332153,142.917557
236.313019,186.454315,128.663071,141.461136
240.959076,186.966431,127.943535,140.676865
246.487885,187.073486,127.846100,140.883514
249.087051,187.739227,128.010452,140.783188
255.197708,188.262863,128.375275,141.560684
267.470184,188.178253,128.069611,141.351089
273.460327,188.833099,128.817062,142.058746
279.664398,189.355057,129.888565,141.970810
288.616272,190.093552,128.323654,140.509750
270.833954,192.237564,126.288315,140.229172
303.220703,191.193130,127.030815,140.334076
306.088928,192.145416,126.980202,138.910706
306.249786,193.291458,126.916458,140.383835
308.647919,194.234955,127.545425,139.568527
309.978180,194.947830,126.366158,140.221283
312.065277,195.820435,126.397751,139.291382
315.051208,196.070877,126.861809,140.148193
315.931519,196.743042,128.681076,141.355545
318.667755,197.984421,126.764824,140.139252
319.746887,198.719498,126.619629,140.382080
321.984009,199.422958,126.255875,139.695114
322.856567,200.368118,126.702881,139.665878
323.317139,201.759003,124.799927,138.623062
321.896118,201.847946,127.403046,140.504822
321.686310,202.670151,125.839851,138.822144
319.676697,203.108978,125.558907,138.981232
319.445801,203.683685,124.825668,138.466385
317.388550,204.024109,125.824730,139.154724
315.644165,204.914810,124.280434,138.051270
312.634949,204.667557,125.975677,139.698013
311.078400,205.121490,126.335442,139.974777
309.616425,205.468872,125.086296,139.078140
309.133667,205.469055,126.268715,140.273209
309.398682,206.095169,125.665031,138.707550
309.357208,206.267975,126.813934,138.997803
309.124298,206.028793,126.651703,139.886078
308.815338,206.240036,126.061256,139.653046
307.627838,206.421478,124.619385,138.955521
307.157379,206.211060,127.406784,139.462051
306.216339,206.731140,126.232651,138.433914
306.202362,206.670319,124.812927,140.005142
305.210785,207.012970,126.574173,138.854843
305.785889,206.699844,127.060051,139.689041
303.277527,206.848236,126.801895,139.239349
301.714661,206.884445,125.640671,139.914459
299.032043,206.623199,126.159370,140.092987
297.635132,206.965408,126.911522,138.679642
296.302704,206.397247,125.794998,139.388535
296.283264,206.388977,127.713921,139.772385
296.579590,206.606644,126.893745,139.226532
298.368256,206.564270,125.255898,138.895950
296.275208,206.400116,127.581932,138.906082
297.272034,205.887222,127.694763,140.421402
298.177917,206.096329,126.217400,140.124161
297.774353,206.136688,125.542587,138.612671
298.879089,206.033646,125.340591,138.493439
299.193542,205.413818,125.661034,139.131119
299.465942,205.712341,125.705650,139.043411
299.139313,205.885910,126.364525,138.493607
300.492340,205.487350,126.238976,138.481079
300.929108,205.249283,126.078308,139.091751
2
0
0
0
0
1
219.696594,111.059875,63.516506,184.743713
220.144958,110.341637,63.335686,185.865265
220.508102,110.787880,62.792587,185.190155
220.351791,110.562096,63.446564,185.873215
219.263367,109.300713,66.120003,187.167313
218.654755,108.477501,67.303299,188.134674
218.518585,108.816010,67.228638,187.637833
219.543869,109.007126,66.678421,186.925140
219.272018,108.647400,68.202248,187.748489
219.964462,107.337791,66.603294,188.868057
220.237228,107.684479,66.860603,188.077560
220.956284,107.131500,66.298500,188.766525
223.203384,107.238182,64.794411,188.330063
