1
440.46,435.50,534.22,434.41,533.59,379.76,439.83,380.84
440.52,435.76,534.95,434.59,534.27,379.55,439.84,380.71
440.74,436.32,537.33,434.68,536.38,378.37,439.78,380.01
439.63,436.06,536.70,434.82,535.97,378.24,438.91,379.48
439.54,434.96,535.86,434.33,535.50,378.19,439.18,378.81
438.73,435.34,535.66,434.78,535.33,378.28,438.40,378.84
441.39,436.30,537.73,434.94,536.94,378.79,440.60,380.15
441.29,436.82,537.04,434.98,535.96,379.17,440.22,381.01
441.76,436.47,537.98,435.09,537.18,379.01,440.96,380.38
443.21,438.35,538.40,435.36,536.65,379.87,441.46,382.87
445.77,439.95,543.08,435.00,540.19,378.28,442.89,383.24
445.51,439.70,542.77,435.44,540.28,378.75,443.02,383.01
465.86,432.12,558.97,435.64,561.02,381.37,467.91,377.86
466.73,432.20,559.13,435.41,561.01,381.56,468.61,378.34
474.08,432.47,571.10,438.29,574.49,381.74,477.47,375.93
475.58,433.06,574.67,441.21,579.43,383.45,480.33,375.30
477.76,437.10,577.37,435.01,576.16,376.94,476.54,379.03
484.01,431.40,581.46,436.93,584.69,380.13,487.23,374.60
485.13,431.74,583.13,437.30,586.38,380.17,488.37,374.61
484.49,431.92,582.62,437.68,585.98,380.48,487.85,374.72
485.19,432.39,583.21,437.90,586.42,380.77,488.40,375.26
487.40,431.56,584.16,438.10,587.97,381.70,491.21,375.16
488.53,427.42,586.01,443.90,595.61,387.08,498.14,370.60
489.44,434.42,589.75,438.86,592.34,380.39,492.03,375.95
491.34,434.73,590.17,438.19,592.18,380.58,493.35,377.12
495.40,436.67,592.59,436.82,592.67,380.17,495.48,380.02
498.34,431.64,590.15,447.75,599.55,394.24,507.74,378.12
498.55,431.54,590.23,447.82,599.72,394.38,508.04,378.10
500.58,432.01,591.26,447.63,600.36,394.78,509.69,379.16
502.07,432.39,592.11,447.10,600.68,394.62,510.64,379.91
516.77,429.80,609.68,433.80,612.02,379.65,519.11,375.64
519.16,430.06,612.09,433.90,614.33,379.73,521.40,375.89
519.91,430.01,612.47,433.47,614.48,379.52,521.93,376.06
521.25,430.07,612.97,432.80,614.56,379.34,522.84,376.61
522.46,429.94,613.79,432.75,615.42,379.51,524.09,376.71
522.80,430.61,613.51,432.27,614.48,379.39,523.76,377.74
524.60,430.80,614.78,431.74,615.33,379.18,525.15,378.24
524.67,431.13,614.20,431.62,614.49,379.43,524.96,378.94
526.06,431.68,615.21,431.58,615.14,379.61,525.99,379.72
525.97,431.48,614.60,431.14,614.40,379.47,525.77,379.82
527.89,432.01,615.89,430.95,615.27,379.66,527.27,380.72
528.64,432.16,616.06,430.99,615.38,380.03,527.96,381.21
528.62,433.15,616.15,430.74,614.75,379.71,527.21,382.12
529.50,433.45,616.48,430.58,614.81,379.88,527.82,382.75
530.41,433.77,616.87,430.43,614.92,380.03,528.46,383.37
531.17,433.67,617.24,430.04,615.13,379.87,529.05,383.50
531.42,433.49,617.01,430.16,615.08,380.27,529.48,383.59
531.52,433.51,617.11,430.32,615.25,380.43,529.66,383.63
531.87,433.57,617.28,430.16,615.29,380.38,529.88,383.79
532.98,433.78,616.34,430.12,614.21,381.53,530.85,385.20
533.45,433.74,615.97,429.98,613.78,381.88,531.26,385.64
550.33,444.92,623.94,404.72,600.50,361.81,526.89,402.01
550.91,444.82,623.41,403.92,599.56,361.66,527.07,402.56
550.39,441.73,622.23,406.60,601.76,364.72,529.91,399.85
550.89,441.04,621.98,406.75,601.99,365.31,530.90,399.61
551.03,441.01,621.65,406.91,601.78,365.74,531.15,399.84
552.06,441.29,622.15,406.16,601.67,365.31,531.59,400.44
551.85,441.74,622.15,406.76,601.76,365.78,531.46,400.76
552.51,442.19,622.44,405.46,601.03,364.70,531.10,401.43
553.53,442.39,622.31,404.75,600.37,364.66,531.59,402.29
553.10,442.60,621.92,404.74,599.85,364.62,531.03,402.49
553.00,453.72,616.11,399.49,584.50,362.70,521.39,416.93
552.99,453.31,615.96,398.01,583.72,361.30,520.75,416.60
550.43,471.70,621.02,416.55,588.87,375.40,518.28,430.56
550.54,472.40,621.75,417.04,589.48,375.53,518.27,430.89
548.71,471.12,617.27,416.33,585.33,376.36,516.77,431.16
548.04,472.26,615.77,416.67,583.37,377.20,515.64,432.79
546.88,471.61,614.30,415.70,581.71,376.41,514.29,432.31
546.47,471.52,613.20,414.95,580.22,376.06,513.50,432.63
547.07,472.00,613.69,415.28,580.63,376.45,514.01,433.17
541.45,467.65,627.30,445.01,614.10,394.97,528.25,417.61
540.70,468.14,627.40,444.83,613.81,394.30,527.11,417.60
540.15,468.25,627.10,445.07,613.59,394.39,526.64,417.57
539.87,468.04,626.81,445.27,613.54,394.60,526.60,417.36
539.86,467.42,626.31,445.31,613.42,394.91,526.96,417.03
538.36,467.38,624.97,445.20,612.04,394.71,525.43,416.90
538.60,467.18,625.72,444.93,612.75,394.15,525.63,416.40
538.04,467.12,625.58,444.90,612.63,393.87,525.08,416.09
537.52,467.51,625.82,444.97,612.68,393.50,524.38,416.04
536.51,467.67,625.75,445.16,612.63,393.14,523.39,415.65
535.89,468.15,625.90,445.20,612.52,392.73,522.51,415.68
535.10,468.27,625.68,445.11,612.18,392.31,521.59,415.47
534.67,468.96,625.77,444.81,611.70,391.71,520.60,415.85
534.59,470.40,626.32,444.46,611.20,390.99,519.47,416.94
533.77,470.38,626.09,444.52,611.02,390.71,518.70,416.57
532.89,470.48,625.98,444.82,611.02,390.56,517.93,416.22
533.36,471.98,626.32,444.29,610.18,390.10,517.21,417.79
532.38,472.61,626.38,444.28,609.87,389.48,515.87,417.81
532.45,473.00,627.26,444.51,610.65,389.25,515.84,417.75
532.07,474.05,627.29,444.10,609.83,388.60,514.61,418.55
530.99,473.61,627.20,443.98,609.92,387.90,513.71,417.53
528.91,474.18,627.77,444.64,610.56,387.02,511.69,416.55
528.33,474.06,627.58,444.66,610.44,386.81,511.20,416.21
527.99,474.14,628.60,445.27,611.77,386.62,511.15,415.50
528.00,474.07,628.95,445.65,612.39,386.81,511.43,415.23
527.20,473.67,628.16,445.59,611.79,386.74,510.83,414.82
527.52,473.13,628.23,445.70,612.24,387.00,511.53,414.42
528.30,472.75,629.33,446.34,613.94,387.45,512.91,413.86
528.51,472.71,628.68,446.22,613.24,387.83,513.07,414.32
529.36,472.35,628.76,445.85,613.32,387.91,513.92,414.41
529.59,472.05,628.64,445.79,613.34,388.06,514.29,414.31
528.98,472.27,629.15,446.22,613.96,387.83,513.80,413.88
528.99,472.46,629.43,446.64,614.38,388.10,513.94,413.92
529.34,472.23,629.47,447.00,614.76,388.63,514.63,413.86
529.54,472.55,629.76,446.97,614.85,388.55,514.63,414.14
528.99,472.50,629.39,447.39,614.76,388.87,514.36,413.98
528.10,472.84,629.33,446.90,614.21,387.89,512.98,413.83
527.15,472.84,629.36,447.21,614.43,387.64,512.21,413.26
526.47,473.10,629.40,447.09,614.24,387.10,511.31,413.10
525.96,474.01,630.66,447.56,615.24,386.53,510.54,412.98
525.46,473.60,630.25,447.91,615.27,386.83,510.48,412.52
525.75,474.11,630.92,448.04,615.73,386.74,510.56,412.80
525.58,473.81,631.17,447.77,615.99,386.22,510.40,412.26
526.12,473.57,631.21,447.83,616.21,386.57,511.11,412.31
526.30,473.33,631.15,448.03,616.40,386.91,511.55,412.22
525.38,472.36,629.24,448.48,615.32,387.94,511.46,411.82
526.04,471.92,628.76,448.24,614.96,388.37,512.23,412.04
526.23,472.01,628.44,448.34,614.65,388.77,512.44,412.43
526.58,471.17,627.92,448.53,614.72,389.45,513.38,412.10
527.02,471.14,627.59,448.34,614.30,389.71,513.72,412.52
527.79,470.61,627.16,448.04,614.00,390.12,514.64,412.69
529.52,470.22,627.80,447.96,614.83,390.68,516.55,412.93
528.79,469.85,626.58,447.70,613.66,390.70,515.88,412.85
530.14,469.62,627.73,447.93,615.09,391.05,517.50,412.74
529.18,469.78,627.76,448.43,615.32,390.97,516.74,412.31
529.54,470.34,628.05,448.74,615.46,391.31,516.94,412.92
529.53,470.21,627.96,448.79,615.47,391.42,517.04,412.84
529.49,470.25,627.69,448.53,615.04,391.29,516.84,413.01
528.90,470.83,627.54,448.30,614.41,390.81,515.77,413.34
528.33,471.25,627.54,448.14,614.07,390.31,514.86,413.42
527.40,470.96,627.46,448.52,614.38,390.19,514.31,412.64
526.18,470.44,627.62,449.18,615.23,390.05,513.78,411.31
525.71,470.29,627.83,449.20,615.54,389.67,513.42,410.76
526.08,469.67,628.65,449.99,617.19,390.20,514.61,409.88
525.46,469.47,628.09,449.73,616.58,389.91,513.95,409.65
524.72,470.07,628.20,449.90,616.44,389.59,512.96,409.75
523.77,470.84,628.13,450.29,616.15,389.46,511.79,410.01
522.90,471.11,627.99,450.28,615.85,389.03,510.76,409.85
522.73,471.23,627.89,450.39,615.75,389.09,510.58,409.93
521.89,471.60,627.86,450.54,615.59,388.77,509.61,409.83
521.93,471.89,628.93,450.72,616.59,388.35,509.59,409.52
522.16,472.01,629.47,450.73,617.06,388.18,509.75,409.46
519.91,472.16,628.48,450.92,616.10,387.63,507.53,408.88
520.56,472.14,628.93,450.92,616.56,387.75,508.19,408.97
520.39,472.18,628.86,451.00,616.51,387.78,508.04,408.96
519.77,472.53,628.65,451.23,616.23,387.76,507.35,409.07
519.96,473.04,628.98,450.76,615.99,387.22,506.98,409.50
519.00,473.12,629.08,450.96,616.17,386.80,506.08,408.96
517.99,473.09,629.04,451.47,616.44,386.74,505.39,408.36
516.81,472.70,629.20,451.95,617.11,386.44,504.71,407.19
515.97,472.95,629.00,452.39,617.02,386.51,503.99,407.07
515.57,472.28,628.74,452.84,617.41,386.88,504.24,406.32
515.30,472.89,629.77,453.17,618.28,386.45,503.81,406.17
514.75,473.06,629.75,453.55,618.38,386.51,503.37,406.02
514.70,473.29,630.05,454.00,618.81,386.76,503.45,406.05
515.19,472.99,630.27,454.00,619.19,386.92,504.12,405.91
514.12,473.48,629.14,454.39,618.02,387.35,503.00,406.44
515.29,472.94,629.80,453.61,618.54,386.86,504.02,406.19
514.31,473.73,629.95,454.09,618.50,386.69,502.86,406.33
514.65,473.92,630.34,454.37,618.95,386.94,503.26,406.48
514.95,474.16,630.13,454.59,618.73,387.46,503.55,407.02
515.65,473.86,630.21,454.21,618.75,387.44,504.20,407.09
516.31,473.80,630.25,454.22,618.84,387.81,504.90,407.39
516.44,473.18,630.26,454.59,619.43,388.25,505.61,406.83
518.13,472.95,630.49,454.30,619.62,388.81,507.26,407.45
519.29,472.53,629.67,453.73,618.70,389.39,508.33,408.19
520.29,473.25,629.71,453.12,617.98,389.34,508.55,409.47
522.30,472.94,629.88,452.75,618.11,390.04,510.53,410.23
522.54,473.01,630.35,452.96,618.66,390.12,510.86,410.17
522.00,472.44,628.97,453.01,617.65,390.65,510.67,410.08
523.66,471.94,629.60,452.77,618.43,391.02,512.49,410.19
523.02,471.87,629.12,453.16,618.22,391.32,512.12,410.02
518.79,451.89,624.70,433.43,613.94,371.70,508.03,390.15
515.91,457.70,636.34,437.42,624.52,367.22,504.09,387.50
519.65,450.07,633.53,441.27,628.40,374.89,514.52,383.69
524.08,448.00,629.78,435.74,622.63,374.13,516.93,386.39
523.34,448.16,628.53,434.83,620.76,373.52,515.57,386.85
522.95,446.53,617.44,430.35,608.00,375.27,513.51,391.46
522.81,447.20,617.41,429.55,607.13,374.41,512.53,392.05
523.31,447.67,617.87,428.11,606.46,372.98,511.90,392.55
525.31,446.67,618.48,427.72,607.44,373.41,514.27,392.36
523.35,447.07,617.65,428.67,606.92,373.70,512.63,392.10
524.01,446.61,618.30,429.19,608.15,374.23,513.85,391.65
523.75,447.52,617.73,428.83,606.84,374.05,512.86,392.73
525.12,447.75,618.56,428.42,607.29,373.95,513.85,393.29
533.99,454.31,621.85,418.85,601.18,367.64,513.32,403.10
535.20,445.90,625.75,424.50,613.28,371.72,522.73,393.12
538.61,445.22,629.43,423.26,616.64,370.32,525.81,392.28
539.89,445.64,631.49,423.33,618.49,369.93,526.88,392.24
539.76,445.29,634.64,428.51,624.87,373.21,529.99,389.98
545.47,437.79,636.41,428.14,630.79,375.13,539.84,384.78
547.92,436.40,638.98,426.64,633.29,373.57,542.23,383.32
550.07,434.36,639.12,427.40,635.06,375.50,546.01,382.46
552.61,433.55,641.66,425.94,637.22,374.03,548.17,381.64
553.59,432.88,643.91,426.70,640.31,374.05,549.99,380.23
554.07,432.54,642.67,426.16,638.95,374.51,550.35,380.90
555.04,431.74,643.04,425.96,639.67,374.67,551.67,380.44
555.31,431.58,643.81,426.30,640.73,374.72,552.23,380.00
555.72,432.26,644.12,426.33,640.67,374.80,552.26,380.73
556.60,431.84,644.06,426.19,640.77,375.21,553.31,380.86
557.68,432.19,644.45,425.73,640.68,375.15,553.92,381.61
558.30,431.79,644.58,425.55,640.94,375.26,554.67,381.50
559.10,431.86,644.94,425.26,641.10,375.22,555.25,381.82
559.70,431.68,645.18,425.18,641.39,375.35,555.91,381.85
559.58,432.13,645.16,426.52,641.89,376.64,556.32,382.25
562.08,431.65,647.52,425.86,644.15,376.05,558.71,381.85
561.96,431.73,646.76,425.83,643.32,376.41,558.52,382.30
570.81,426.79,638.76,417.69,633.45,378.09,565.51,387.19
572.23,425.33,639.67,416.01,634.24,376.70,566.80,386.02
571.86,428.41,645.07,418.43,639.26,375.76,566.04,385.73
571.07,428.44,645.85,418.62,640.13,375.03,565.35,384.85
572.52,427.97,646.12,418.27,640.47,375.37,566.87,385.06
572.94,427.93,646.54,418.24,640.89,375.34,567.29,385.03
573.28,427.98,646.87,418.16,641.14,375.27,567.55,385.09
573.17,427.52,646.51,418.56,641.29,375.82,567.96,384.77
573.49,427.04,646.75,418.90,642.01,376.20,568.75,384.34
573.45,426.97,646.60,418.97,641.93,376.33,568.79,384.34
573.77,427.42,646.98,419.50,642.37,376.83,569.15,384.74
573.94,427.27,646.84,418.95,641.99,376.45,569.09,384.77
573.73,426.98,647.23,419.77,643.03,376.93,569.53,384.14
574.03,426.53,646.90,419.71,642.92,377.23,570.05,384.06
574.05,427.08,647.52,420.13,643.47,377.31,570.00,384.25
574.13,426.60,647.10,420.22,643.38,377.68,570.41,384.07
574.42,426.43,647.08,420.12,643.40,377.77,570.75,384.08
574.62,426.47,646.65,420.03,642.89,378.05,570.87,384.49
574.67,426.01,646.31,420.32,643.00,378.56,571.35,384.24
574.99,425.88,645.99,420.35,642.77,378.97,571.77,384.50
575.34,425.83,645.67,420.24,642.41,379.25,572.08,384.84
575.63,426.09,645.68,420.33,642.32,379.50,572.27,385.26
576.37,425.97,645.81,420.20,642.46,379.73,573.01,385.49
577.05,425.77,646.01,419.75,642.50,379.55,573.54,385.57
578.57,426.11,646.08,418.72,641.77,379.37,574.26,386.76
578.52,425.52,645.58,418.56,641.52,379.47,574.46,386.43
578.70,425.91,645.81,418.16,641.30,379.04,574.18,386.79
579.26,426.65,646.83,417.59,641.55,378.21,573.98,387.27
577.50,428.26,646.71,418.58,641.07,378.24,571.86,387.92
578.80,427.59,647.32,417.87,641.66,377.93,573.13,387.65
578.98,427.63,647.22,417.93,641.57,378.14,573.32,387.85
579.09,427.97,647.22,417.64,641.20,377.93,573.07,388.26
579.39,427.14,646.59,417.72,641.11,378.55,573.90,387.97
579.85,426.42,645.88,417.68,640.79,379.18,574.75,387.93
580.22,426.60,645.96,417.78,640.82,379.46,575.07,388.28
580.17,426.79,646.36,417.45,640.92,378.86,574.72,388.20
579.60,427.94,647.15,417.56,641.09,378.18,573.55,388.57
579.92,428.00,646.81,417.08,640.44,378.09,573.56,389.01
580.80,426.53,646.44,416.89,640.82,378.63,575.18,388.27
580.80,426.93,646.86,417.70,641.48,379.20,575.42,388.43
579.79,427.65,646.38,417.20,640.29,378.38,573.69,388.83
581.06,427.23,646.99,416.81,640.92,378.39,574.99,388.80
581.60,426.55,646.11,416.83,640.44,379.23,575.94,388.96
582.39,426.25,645.57,416.46,639.87,379.64,576.69,389.42
582.29,425.73,645.16,416.86,640.00,380.21,577.12,389.08
582.48,425.26,644.80,416.82,639.88,380.49,577.56,388.93
583.17,425.63,644.60,415.96,638.97,380.16,577.54,389.83
583.18,425.23,644.14,416.10,638.82,380.57,577.85,389.70
584.67,423.64,644.35,415.20,639.43,380.42,579.75,388.86
584.48,423.47,643.76,415.26,638.97,380.71,579.70,388.92
584.89,422.88,643.13,415.20,638.66,381.25,580.41,388.92
585.04,422.60,643.01,415.16,638.68,381.37,580.71,388.81
584.62,423.26,643.03,415.28,638.38,381.23,579.96,389.21
584.83,422.93,642.77,415.35,638.35,381.57,580.41,389.15
584.77,422.74,642.22,415.41,637.94,381.92,580.50,389.25
585.94,420.99,641.47,414.87,637.90,382.50,582.37,388.62
585.19,421.61,641.38,415.40,637.76,382.65,581.57,388.86
585.07,422.27,642.15,415.93,638.46,382.66,581.38,389.00
585.47,421.81,641.65,415.62,638.04,382.88,581.86,389.06
585.63,421.54,641.29,415.66,637.87,383.21,582.20,389.09
586.72,420.03,640.79,414.60,637.62,383.08,583.55,388.51
586.72,419.61,640.40,414.76,637.57,383.47,583.89,388.33
587.46,419.08,639.83,414.42,637.12,383.90,584.75,388.55
589.83,417.85,639.71,412.50,636.59,383.43,586.71,388.77
590.06,418.87,641.12,412.39,637.34,382.62,586.28,389.10
589.30,419.17,640.90,412.42,636.97,382.34,585.37,389.09
589.22,419.39,640.62,412.88,636.83,382.92,585.43,389.42
589.41,419.08,640.44,412.79,636.77,383.04,585.74,389.34
589.56,418.68,640.12,412.98,636.80,383.51,586.24,389.21
589.79,418.85,640.75,412.59,637.10,382.89,586.15,389.14
589.97,418.49,640.44,412.38,636.88,382.96,586.41,389.07
589.93,418.89,641.10,412.82,637.56,382.99,586.39,389.06
590.09,418.96,641.63,412.79,638.03,382.74,586.49,388.92
589.61,419.31,641.56,412.95,637.86,382.67,585.90,389.02
589.83,419.12,641.32,413.09,637.81,383.07,586.31,389.10
590.82,418.45,640.92,412.77,637.60,383.57,587.51,389.25
591.82,416.83,640.25,411.74,637.28,383.51,588.85,388.60
592.59,416.22,640.98,411.35,638.14,383.15,589.76,388.01
591.41,416.37,639.52,412.60,637.32,384.56,589.21,388.33
591.79,416.07,639.06,412.48,636.96,384.92,589.69,388.52
593.17,413.97,639.38,411.36,637.86,384.42,591.65,387.03
592.61,414.82,639.34,411.94,637.66,384.70,590.93,387.58
594.10,414.91,640.20,410.91,637.87,384.03,591.76,388.04
594.27,414.73,639.91,410.98,637.73,384.38,592.09,388.12
595.76,412.90,639.27,409.80,637.46,384.44,593.95,387.54
595.03,413.40,638.87,410.46,637.15,384.91,593.32,387.85
595.52,413.46,638.97,410.30,637.13,384.98,593.68,388.14
598.18,409.64,638.38,408.76,637.87,385.32,597.66,386.21
597.28,409.84,637.45,409.16,637.05,385.74,596.88,386.43
597.32,408.94,637.08,408.59,636.88,385.42,597.12,385.76
598.37,407.82,636.48,408.31,636.76,386.09,598.65,385.61
598.70,406.03,635.85,408.32,637.19,386.66,600.04,384.37
598.07,406.19,635.44,408.37,636.71,386.58,599.34,384.41
597.57,406.53,636.03,407.99,636.88,385.57,598.42,384.11
596.54,407.58,635.88,408.94,636.68,386.01,597.33,384.64
597.02,407.16,635.98,409.14,637.14,386.43,598.18,384.45
597.49,406.82,635.98,409.28,637.41,386.84,598.92,384.38
598.09,406.12,635.76,409.53,637.75,387.57,600.08,384.16
597.19,407.03,635.97,409.94,637.67,387.33,598.89,384.42
598.06,406.77,635.75,409.54,637.37,387.58,599.68,384.80
596.99,407.78,635.61,410.12,636.97,387.61,598.35,385.27
596.98,407.49,635.12,409.91,636.53,387.67,598.39,385.25
597.23,407.33,635.00,409.98,636.55,387.96,598.77,385.32
597.31,407.82,635.13,410.37,636.62,388.33,598.80,385.77
597.98,406.78,634.73,409.49,636.31,388.07,599.56,385.36
597.94,407.19,634.72,409.43,636.03,387.99,599.25,385.75
598.38,407.09,634.42,409.42,635.78,388.41,599.74,386.08
598.89,407.01,633.98,409.29,635.32,388.84,600.22,386.55
599.73,405.48,634.47,409.57,636.85,389.32,602.12,385.24
599.15,405.67,634.81,410.05,637.36,389.26,601.70,384.88
598.72,406.28,633.88,410.88,636.57,390.39,601.41,385.78
599.65,406.18,634.88,411.29,637.86,390.75,602.63,385.64
599.26,405.04,633.50,410.57,636.72,390.61,602.48,385.08
600.26,403.21,632.83,409.36,636.42,390.38,603.85,384.23
600.30,402.52,632.27,409.59,636.39,390.95,604.42,383.88
600.54,401.73,630.94,409.26,635.33,391.54,604.94,384.01
600.55,400.61,629.35,409.12,634.31,392.34,605.51,383.83
600.41,399.63,627.85,409.03,633.33,393.04,605.89,383.63
599.56,399.42,626.39,409.77,632.43,394.13,605.59,383.78
599.50,398.54,624.95,410.05,631.65,395.21,606.20,383.71
595.71,400.50,624.38,412.37,631.30,395.66,602.63,383.79
588.97,405.87,622.86,415.99,628.76,396.23,594.87,386.12
581.16,408.32,626.95,409.92,627.88,383.22,582.09,381.63
581.52,407.64,626.95,409.68,628.14,383.20,582.71,381.16
580.79,408.04,626.11,409.93,627.21,383.51,581.89,381.62
580.23,407.79,624.99,409.60,626.05,383.51,581.28,381.70
581.26,406.73,624.59,409.19,626.02,383.93,582.69,381.47
579.59,407.48,624.19,409.79,625.54,383.79,580.94,381.48
578.52,407.32,623.34,409.08,624.36,382.95,579.55,381.20
579.00,406.39,623.05,409.54,624.88,383.86,580.83,380.71
578.70,406.23,621.71,409.16,623.42,384.09,580.41,381.16
578.22,406.50,621.58,409.10,623.09,383.83,579.73,381.23
579.10,405.42,621.52,407.70,622.85,382.97,580.43,380.69
579.47,405.58,620.90,407.54,622.04,383.39,580.61,381.43
578.71,405.76,620.40,407.20,621.24,382.90,579.55,381.46
578.13,405.55,619.09,406.79,619.81,382.91,578.85,381.67
579.16,405.13,619.18,406.64,620.05,383.31,580.03,381.81
578.66,405.23,618.77,406.42,619.46,383.04,579.35,381.85
577.89,406.03,619.45,406.97,619.99,382.75,578.44,381.81
577.95,406.21,619.53,407.07,620.03,382.84,578.45,381.97
578.66,406.62,620.22,407.73,620.87,383.50,579.30,382.39
580.78,406.66,622.65,407.39,623.08,382.98,581.20,382.25
585.16,410.73,624.47,414.53,626.69,391.62,587.38,387.81
590.52,417.19,630.34,421.17,632.66,397.96,592.84,393.98
596.56,424.05,637.03,428.42,639.58,404.84,599.11,400.46
600.40,419.21,633.94,426.04,637.92,406.49,604.38,399.66
607.85,427.28,641.85,428.28,642.44,408.46,608.44,407.46
599.69,418.15,627.49,429.16,633.91,412.96,606.11,401.94
601.01,415.43,627.65,426.60,634.17,411.07,607.53,399.90
603.45,418.30,631.74,431.64,639.51,415.16,611.23,401.82
606.58,415.45,634.51,433.92,645.28,417.64,617.34,399.16
611.87,423.10,643.60,439.74,653.30,421.25,621.58,404.60
614.58,417.01,634.51,444.55,650.57,432.93,630.64,405.39
627.15,419.41,637.40,444.96,652.30,438.98,642.04,413.43
631.87,425.50,643.02,448.25,656.28,441.75,645.13,419.00
633.85,428.97,649.06,450.69,661.72,441.82,646.51,420.11
627.74,439.33,655.62,455.58,665.09,439.32,637.21,423.08
629.29,445.31,657.76,459.29,665.91,442.70,637.44,428.72
628.79,445.30,657.77,459.30,665.93,442.41,636.95,428.41
628.46,444.89,657.68,458.62,665.69,441.59,636.47,427.86
628.39,444.43,657.17,459.83,666.15,443.05,637.36,427.65
628.59,444.65,657.25,460.09,666.26,443.38,637.59,427.93
627.32,444.28,657.22,460.62,666.75,443.20,636.85,426.85
626.88,443.87,656.67,461.19,666.77,443.83,636.98,426.50
626.84,443.93,656.51,461.70,666.87,444.41,637.20,426.63
626.39,443.77,656.71,461.51,667.04,443.84,636.73,426.10
625.97,442.92,656.07,462.15,667.28,444.60,637.18,425.37
625.62,443.14,656.18,462.74,667.61,444.93,637.05,425.32
625.59,442.58,655.96,462.86,667.78,445.16,637.41,424.88
625.65,441.98,655.55,463.17,667.90,445.75,638.00,424.56
626.11,442.22,655.82,462.83,667.84,445.51,638.12,424.90
626.01,442.07,655.47,463.17,667.77,445.99,638.30,424.90
626.13,442.42,655.64,463.48,667.91,446.28,638.40,425.23
626.16,442.37,655.34,463.81,667.84,446.80,638.65,425.36
626.28,441.82,654.79,463.99,667.71,447.37,639.20,425.20
626.66,442.06,654.70,463.95,667.46,447.60,639.42,425.72
626.78,442.38,654.71,463.95,667.28,447.67,639.36,426.10
626.93,442.44,654.72,463.78,667.16,447.58,639.37,426.24
627.01,442.16,654.38,463.96,667.09,448.01,639.72,426.21
627.08,442.60,654.43,464.14,666.99,448.20,639.64,426.65
627.17,442.37,653.95,464.25,666.70,448.64,639.93,426.76
627.42,442.25,654.11,464.21,666.91,448.66,640.22,426.69
627.82,441.79,653.99,464.26,667.09,449.00,640.92,426.53
627.00,440.91,653.50,464.96,667.51,449.51,641.01,425.46
626.94,440.93,653.60,465.32,667.82,449.78,641.16,425.39
627.43,441.25,653.54,465.32,667.57,450.10,641.46,426.03
626.91,441.20,653.08,465.23,667.09,449.97,640.91,425.94
626.46,440.71,651.69,465.05,665.88,450.35,640.65,426.00
625.52,440.10,650.93,464.58,665.20,449.76,639.78,425.29
624.63,439.47,649.42,464.65,664.10,450.20,639.31,425.02
624.81,439.35,649.06,464.76,663.87,450.62,639.61,425.22
624.27,439.11,648.67,464.87,663.69,450.65,639.29,424.89
624.26,438.70,648.30,465.03,663.64,451.02,639.61,424.70
625.51,438.42,649.43,465.00,664.92,451.06,641.00,424.48
625.57,437.12,648.46,464.92,664.66,451.58,641.77,423.78
625.69,436.69,648.71,464.98,665.20,451.56,642.18,423.27
625.97,435.36,648.01,464.98,665.27,452.14,643.24,422.52
626.31,435.24,647.81,464.74,665.01,452.20,643.51,422.71
626.41,435.94,648.32,464.47,664.95,451.70,643.04,423.17
633.05,435.11,647.12,467.41,665.94,459.21,651.88,426.92
630.96,434.59,647.56,467.50,666.75,457.82,650.15,424.91
628.37,443.44,657.08,468.63,671.76,451.90,643.06,426.70
626.46,435.60,643.54,469.73,663.43,459.77,646.35,425.65
622.15,431.61,632.49,467.88,653.63,461.86,643.29,425.58
619.33,440.10,639.60,470.84,657.52,459.02,637.24,428.28
618.58,440.94,641.69,472.33,659.98,458.86,636.87,427.47
612.75,433.85,633.56,462.79,650.43,450.65,629.62,421.71
612.47,432.92,632.93,459.97,648.70,448.05,628.24,421.00
608.37,426.61,628.46,452.61,643.62,440.90,623.53,414.89
602.22,417.81,621.17,442.50,635.57,431.46,616.62,406.76
599.54,411.38,616.48,433.98,629.65,424.10,612.71,401.51
596.98,406.38,611.25,426.30,622.86,417.98,608.59,398.06
598.00,406.78,609.08,423.72,618.95,417.27,607.88,400.33
598.77,407.53,608.54,422.34,617.16,416.65,607.40,401.84
598.82,409.64,608.55,422.13,615.83,416.46,606.10,403.97
600.61,410.18,609.96,420.10,615.74,414.65,606.39,404.73
2
0
0
0
0
1
539.14,453.37,618.91,453.18,618.72,376.68,538.95,376.87
539.65,453.70,619.02,452.68,618.04,376.56,538.67,377.59
538.71,453.27,618.19,452.98,617.90,376.76,538.42,377.05
538.62,454.50,619.19,452.93,617.68,375.67,537.12,377.24
539.00,454.32,619.27,453.00,618.01,376.03,537.74,377.35
538.19,454.46,618.84,453.38,617.81,376.04,537.15,377.11
538.32,454.02,618.86,453.38,618.25,376.14,537.71,376.78
537.30,455.31,619.65,454.33,618.71,375.36,536.36,376.34
536.38,455.55,619.28,454.86,618.62,375.36,535.72,376.06
537.15,454.46,618.89,454.83,619.25,376.45,537.51,376.07
536.31,454.71,618.52,455.32,619.10,376.48,536.90,375.87
537.08,453.15,619.11,455.20,621.08,376.53,539.05,374.47
537.58,453.93,619.50,455.61,621.11,377.06,539.19,375.38
536.51,454.72,619.82,456.29,621.33,376.39,538.01,374.82
536.40,454.13,619.21,456.53,621.52,377.12,538.71,374.71
536.40,454.30,619.10,456.99,621.68,377.69,538.98,374.99
535.51,455.07,618.71,458.01,621.53,378.23,538.33,375.29
538.14,453.69,619.95,456.66,622.81,378.20,540.99,375.23
538.64,453.83,620.52,456.75,623.32,378.23,541.44,375.31
541.53,452.31,623.07,454.21,624.89,376.02,543.35,374.11
542.59,453.76,625.74,453.82,625.80,374.07,542.64,374.02
537.08,457.33,631.33,461.22,635.06,370.83,540.80,366.94
535.63,454.62,626.11,463.00,634.15,376.23,543.67,367.85
536.51,453.65,626.18,461.88,634.08,375.89,544.41,367.66
536.61,453.58,626.32,462.00,634.39,375.96,544.68,367.55
536.93,453.49,626.89,461.94,635.00,375.67,545.04,367.22
537.57,452.12,626.04,460.76,634.33,375.91,545.86,367.27
537.70,452.29,626.88,460.73,634.97,375.21,545.79,366.78
538.20,451.67,626.45,460.38,634.80,375.75,546.55,367.04
537.24,452.39,626.06,461.31,634.61,376.13,545.80,367.21
532.19,441.00,621.15,474.96,653.71,389.65,564.75,355.69
532.01,440.25,620.74,474.67,653.76,389.58,565.02,355.15
531.59,440.40,620.59,474.22,653.02,388.87,564.02,355.05
531.06,440.89,620.94,474.46,653.14,388.27,563.26,354.70
530.54,442.92,621.46,475.18,652.40,387.98,561.47,355.73
529.30,443.14,621.50,475.60,652.63,387.19,560.43,354.73
528.53,444.25,622.23,476.41,653.08,386.55,559.37,354.39
527.48,444.38,622.31,476.58,653.20,385.64,558.36,353.44
526.18,444.67,622.42,477.15,653.56,384.86,557.33,352.38
525.34,444.70,622.33,477.31,653.60,384.29,556.61,351.68
524.91,445.64,623.22,478.68,654.90,384.41,556.60,351.36
523.93,445.43,623.03,478.70,654.94,383.67,555.84,350.39
523.32,446.40,623.64,479.64,655.51,383.43,555.19,350.20
523.23,446.07,623.61,479.10,655.29,382.84,554.91,349.81
523.56,446.51,624.36,479.49,655.98,382.83,555.19,349.85
523.09,446.12,623.79,479.27,655.58,382.69,554.87,349.55
523.12,445.98,623.82,479.05,655.52,382.48,554.82,349.41
523.48,445.79,624.27,479.01,656.14,382.35,555.34,349.13
523.62,445.53,624.22,478.70,656.04,382.23,555.44,349.05
523.90,445.99,624.62,479.44,656.70,382.85,555.98,349.40
524.14,444.86,624.53,478.48,656.77,382.21,556.38,348.59
542.98,466.32,632.86,482.21,648.10,396.01,558.21,380.12
542.76,466.53,633.48,482.79,649.08,395.79,558.35,379.53
542.79,466.53,633.70,483.01,649.51,395.82,558.59,379.34
542.57,466.41,633.77,483.57,650.23,396.11,559.03,378.95
539.66,478.55,647.33,490.75,659.03,387.49,551.36,375.29
540.10,478.43,647.69,491.13,659.86,387.94,552.27,375.25
540.72,478.39,648.06,490.75,659.91,387.82,552.58,375.46
540.97,478.37,648.17,490.80,660.09,388.00,552.89,375.57
541.40,478.49,648.41,490.89,660.30,388.27,553.29,375.87
554.83,488.06,664.04,473.28,649.86,368.55,540.65,383.33
554.49,487.27,663.60,473.37,650.26,368.72,541.15,382.63
520.21,479.52,641.00,472.87,634.62,357.03,513.83,363.68
532.20,455.95,617.41,449.37,611.09,367.65,525.89,374.24
531.86,456.67,616.44,449.86,609.91,368.75,525.33,375.55
529.67,450.94,608.96,453.12,611.04,377.08,531.75,374.90
532.16,441.95,596.52,445.87,600.27,384.15,535.92,380.23
531.31,442.79,596.95,445.67,599.72,382.73,534.08,379.84
530.70,443.20,596.35,445.91,598.96,382.96,533.31,380.24
529.36,443.36,596.19,446.17,598.88,382.09,532.05,379.28
529.16,443.23,595.86,445.64,598.17,381.68,531.47,379.26
529.40,442.44,595.82,443.95,597.27,380.25,530.85,378.74
529.65,442.34,595.79,443.80,597.19,380.37,531.05,378.91
529.83,442.04,595.76,443.37,597.03,380.14,531.10,378.81
528.73,442.27,596.21,443.16,597.06,378.44,529.57,377.56
528.89,442.10,596.11,443.00,596.97,378.53,529.75,377.63
528.99,441.99,596.03,442.82,596.82,378.53,529.78,377.70
527.62,441.15,594.60,443.21,596.58,378.99,529.60,376.92
527.74,440.94,594.51,442.96,596.44,378.92,529.67,376.91
527.01,440.93,593.43,443.17,595.58,379.47,529.15,377.23
527.54,440.65,593.01,441.48,593.81,378.70,528.35,377.86
526.83,440.48,592.37,441.40,593.25,378.54,527.71,377.62
526.90,440.17,591.72,441.42,592.92,379.26,528.10,378.01
526.40,438.89,590.12,441.30,592.44,380.19,528.72,377.78
525.65,439.49,590.45,441.03,591.93,378.89,527.13,377.35
524.92,440.10,590.67,441.07,591.60,378.01,525.85,377.04
524.31,440.73,589.96,441.48,590.69,378.51,525.03,377.76
523.85,441.05,589.97,441.88,590.76,378.48,524.65,377.65
523.76,440.62,589.67,441.20,590.23,378.00,524.32,377.41
523.90,438.28,588.74,440.24,590.61,378.05,525.77,376.10
524.09,438.17,588.59,439.93,590.27,378.07,525.77,376.32
523.39,437.74,587.93,440.46,590.54,378.57,526.00,375.85
532.63,449.54,601.59,443.69,595.98,377.55,527.01,383.41
534.89,446.05,598.10,440.05,592.34,379.43,529.13,385.43
535.99,441.06,598.14,439.73,596.87,380.13,534.72,381.46
536.23,441.00,597.86,440.37,597.27,381.27,535.64,381.89
536.51,440.36,597.70,439.65,597.02,380.97,535.83,381.69
528.73,440.33,593.38,449.71,602.38,387.72,537.73,378.34
536.58,433.97,590.98,438.58,595.40,386.42,541.01,381.80
537.34,433.40,590.89,437.58,594.90,386.23,541.35,382.04
537.94,432.56,590.15,436.74,594.16,386.67,541.95,382.49
537.17,433.95,590.31,437.95,594.15,386.99,541.01,382.99
537.02,434.11,590.47,438.20,594.39,386.94,540.94,382.86
536.90,427.97,586.27,439.27,597.11,391.93,547.74,380.62
536.57,427.36,585.40,439.50,597.04,392.66,548.21,380.53
535.79,428.58,586.38,440.71,598.02,392.19,547.42,380.05
536.14,428.40,586.36,440.81,598.25,392.65,548.04,380.24
536.54,427.96,586.08,440.57,598.17,393.06,548.64,380.45
535.31,428.42,586.00,441.33,598.38,392.71,547.68,379.81
