1
290.00,343.00,290.00,149.00,374.00,149.00,374.00,343.00
290.00,343.00,290.00,149.00,374.00,149.00,374.00,343.00
290.00,343.00,290.00,149.00,374.00,149.00,374.00,343.00
290.00,343.00,290.00,149.00,374.00,149.00,374.00,343.00
290.00,343.00,290.00,149.00,374.00,149.00,374.00,343.00
290.00,343.00,290.00,149.00,374.00,149.00,374.00,343.00
290.00,343.00,290.00,149.00,374.00,149.00,374.00,343.00
290.00,343.00,290.00,149.00,374.00,149.00,374.00,343.00
290.00,343.00,290.00,149.00,374.00,149.00,374.00,343.00
290.00,343.00,290.00,149.00,374.00,149.00,374.00,343.00
290.00,335.00,290.00,141.00,374.00,141.00,374.00,335.00
290.00,335.00,290.00,141.00,374.00,141.00,374.00,335.00
290.00,335.00,290.00,141.00,374.00,141.00,374.00,335.00
290.00,335.00,290.00,141.00,374.00,141.00,374.00,335.00
298.00,335.00,298.00,141.00,382.00,141.00,382.00,335.00
298.00,335.00,298.00,141.00,382.00,141.00,382.00,335.00
298.00,335.00,298.00,141.00,382.00,141.00,382.00,335.00
298.00,327.00,298.00,133.00,382.00,133.00,382.00,327.00
298.00,327.00,298.00,133.00,382.00,133.00,382.00,327.00
298.00,327.00,298.00,133.00,382.00,133.00,382.00,327.00
298.00,327.00,298.00,133.00,382.00,133.00,382.00,327.00
298.00,327.00,298.00,133.00,382.00,133.00,382.00,327.00
298.00,327.00,298.00,133.00,382.00,133.00,382.00,327.00
298.00,327.00,298.00,133.00,382.00,133.00,382.00,327.00
298.00,319.00,298.00,125.00,382.00,125.00,382.00,319.00
298.00,319.00,298.00,125.00,382.00,125.00,382.00,319.00
298.00,319.00,298.00,125.00,382.00,125.00,382.00,319.00
298.00,319.00,298.00,125.00,382.00,125.00,382.00,319.00
298.00,319.00,298.00,125.00,382.00,125.00,382.00,319.00
298.00,311.00,298.00,117.00,382.00,117.00,382.00,311.00
298.00,311.00,298.00,117.00,382.00,117.00,382.00,311.00
298.00,311.00,298.00,117.00,382.00,117.00,382.00,311.00
298.00,311.00,298.00,117.00,382.00,117.00,382.00,311.00
298.00,311.00,298.00,117.00,382.00,117.00,382.00,311.00
298.00,311.00,298.00,117.00,382.00,117.00,382.00,311.00
298.00,311.00,298.00,117.00,382.00,117.00,382.00,311.00
298.00,311.00,298.00,117.00,382.00,117.00,382.00,311.00
298.00,311.00,298.00,117.00,382.00,117.00,382.00,311.00
298.00,311.00,298.00,117.00,382.00,117.00,382.00,311.00
298.00,311.00,298.00,117.00,382.00,117.00,382.00,311.00
306.00,311.00,306.00,117.00,390.00,117.00,390.00,311.00
306.00,311.00,306.00,117.00,390.00,117.00,390.00,311.00
306.00,311.00,306.00,117.00,390.00,117.00,390.00,311.00
314.00,311.00,314.00,117.00,398.00,117.00,398.00,311.00
314.00,311.00,314.00,117.00,398.00,117.00,398.00,311.00
314.00,311.00,314.00,117.00,398.00,117.00,398.00,311.00
314.00,311.00,314.00,117.00,398.00,117.00,398.00,311.00
314.00,311.00,314.00,117.00,398.00,117.00,398.00,311.00
314.00,311.00,314.00,117.00,398.00,117.00,398.00,311.00
314.00,311.00,314.00,117.00,398.00,117.00,398.00,311.00
314.00,311.00,314.00,117.00,398.00,117.00,398.00,311.00
314.00,311.00,314.00,117.00,398.00,117.00,398.00,311.00
322.00,303.00,322.00,109.00,406.00,109.00,406.00,303.00
322.00,303.00,322.00,109.00,406.00,109.00,406.00,303.00
322.00,303.00,322.00,109.00,406.00,109.00,406.00,303.00
322.00,303.00,322.00,109.00,406.00,109.00,406.00,303.00
322.00,303.00,322.00,109.00,406.00,109.00,406.00,303.00
322.00,311.00,322.00,117.00,406.00,117.00,406.00,311.00
322.00,311.00,322.00,117.00,406.00,117.00,406.00,311.00
322.00,311.00,322.00,117.00,406.00,117.00,406.00,311.00
330.00,311.00,330.00,117.00,414.00,117.00,414.00,311.00
330.00,303.00,330.00,109.00,414.00,109.00,414.00,303.00
330.00,311.00,330.00,117.00,414.00,117.00,414.00,311.00
330.00,303.00,330.00,109.00,414.00,109.00,414.00,303.00
338.00,303.00,338.00,109.00,422.00,109.00,422.00,303.00
338.00,303.00,338.00,109.00,422.00,109.00,422.00,303.00
338.00,303.00,338.00,109.00,422.00,109.00,422.00,303.00
338.00,303.00,338.00,109.00,422.00,109.00,422.00,303.00
338.00,303.00,338.00,109.00,422.00,109.00,422.00,303.00
338.00,303.00,338.00,109.00,422.00,109.00,422.00,303.00
346.00,303.00,346.00,109.00,430.00,109.00,430.00,303.00
346.00,303.00,346.00,109.00,430.00,109.00,430.00,303.00
346.00,303.00,346.00,109.00,430.00,109.00,430.00,303.00
346.00,303.00,346.00,109.00,430.00,109.00,430.00,303.00
346.00,303.00,346.00,109.00,430.00,109.00,430.00,303.00
346.00,303.00,346.00,109.00,430.00,109.00,430.00,303.00
346.00,295.00,346.00,101.00,430.00,101.00,430.00,295.00
346.00,295.00,346.00,101.00,430.00,101.00,430.00,295.00
346.00,295.00,346.00,101.00,430.00,101.00,430.00,295.00
354.00,295.00,354.00,101.00,438.00,101.00,438.00,295.00
354.00,295.00,354.00,101.00,438.00,101.00,438.00,295.00
354.00,295.00,354.00,101.00,438.00,101.00,438.00,295.00
354.00,295.00,354.00,101.00,438.00,101.00,438.00,295.00
354.00,295.00,354.00,101.00,438.00,101.00,438.00,295.00
362.00,295.00,362.00,101.00,446.00,101.00,446.00,295.00
362.00,295.00,362.00,101.00,446.00,101.00,446.00,295.00
362.00,295.00,362.00,101.00,446.00,101.00,446.00,295.00
370.00,287.00,370.00,93.00,454.00,93.00,454.00,287.00
370.00,295.00,370.00,101.00,454.00,101.00,454.00,295.00
370.00,295.00,370.00,101.00,454.00,101.00,454.00,295.00
370.00,295.00,370.00,101.00,454.00,101.00,454.00,295.00
370.00,295.00,370.00,101.00,454.00,101.00,454.00,295.00
370.00,295.00,370.00,101.00,454.00,101.00,454.00,295.00
370.00,295.00,370.00,101.00,454.00,101.00,454.00,295.00
378.00,295.00,378.00,101.00,462.00,101.00,462.00,295.00
378.00,295.00,378.00,101.00,462.00,101.00,462.00,295.00
378.00,295.00,378.00,101.00,462.00,101.00,462.00,295.00
378.00,295.00,378.00,101.00,462.00,101.00,462.00,295.00
386.00,295.00,386.00,101.00,470.00,101.00,470.00,295.00
386.00,295.00,386.00,101.00,470.00,101.00,470.00,295.00
386.00,295.00,386.00,101.00,470.00,101.00,470.00,295.00
386.00,295.00,386.00,101.00,470.00,101.00,470.00,295.00
386.00,295.00,386.00,101.00,470.00,101.00,470.00,295.00
386.00,295.00,386.00,101.00,470.00,101.00,470.00,295.00
386.00,295.00,386.00,101.00,470.00,101.00,470.00,295.00
386.00,295.00,386.00,101.00,470.00,101.00,470.00,295.00
386.00,295.00,386.00,101.00,470.00,101.00,470.00,295.00
386.00,295.00,386.00,101.00,470.00,101.00,470.00,295.00
386.00,295.00,386.00,101.00,470.00,101.00,470.00,295.00
386.00,295.00,386.00,101.00,470.00,101.00,470.00,295.00
378.00,295.00,378.00,101.00,462.00,101.00,462.00,295.00
378.00,295.00,378.00,101.00,462.00,101.00,462.00,295.00
378.00,295.00,378.00,101.00,462.00,101.00,462.00,295.00
378.00,295.00,378.00,101.00,462.00,101.00,462.00,295.00
378.00,295.00,378.00,101.00,462.00,101.00,462.00,295.00
378.00,295.00,378.00,101.00,462.00,101.00,462.00,295.00
378.00,295.00,378.00,101.00,462.00,101.00,462.00,295.00
378.00,295.00,378.00,101.00,462.00,101.00,462.00,295.00
378.00,295.00,378.00,101.00,462.00,101.00,462.00,295.00
370.00,295.00,370.00,101.00,454.00,101.00,454.00,295.00
370.00,295.00,370.00,101.00,454.00,101.00,454.00,295.00
370.00,295.00,370.00,101.00,454.00,101.00,454.00,295.00
370.00,295.00,370.00,101.00,454.00,101.00,454.00,295.00
370.00,295.00,370.00,101.00,454.00,101.00,454.00,295.00
370.00,295.00,370.00,101.00,454.00,101.00,454.00,295.00
370.00,295.00,370.00,101.00,454.00,101.00,454.00,295.00
370.00,295.00,370.00,101.00,454.00,101.00,454.00,295.00
370.00,295.00,370.00,101.00,454.00,101.00,454.00,295.00
370.00,295.00,370.00,101.00,454.00,101.00,454.00,295.00
362.00,295.00,362.00,101.00,446.00,101.00,446.00,295.00
362.00,295.00,362.00,101.00,446.00,101.00,446.00,295.00
362.00,295.00,362.00,101.00,446.00,101.00,446.00,295.00
362.00,295.00,362.00,101.00,446.00,101.00,446.00,295.00
362.00,295.00,362.00,101.00,446.00,101.00,446.00,295.00
362.00,295.00,362.00,101.00,446.00,101.00,446.00,295.00
362.00,295.00,362.00,101.00,446.00,101.00,446.00,295.00
362.00,295.00,362.00,101.00,446.00,101.00,446.00,295.00
362.00,303.00,362.00,109.00,446.00,109.00,446.00,303.00
362.00,303.00,362.00,109.00,446.00,109.00,446.00,303.00
362.00,303.00,362.00,109.00,446.00,109.00,446.00,303.00
362.00,303.00,362.00,109.00,446.00,109.00,446.00,303.00
362.00,303.00,362.00,109.00,446.00,109.00,446.00,303.00
362.00,303.00,362.00,109.00,446.00,109.00,446.00,303.00
362.00,303.00,362.00,109.00,446.00,109.00,446.00,303.00
362.00,303.00,362.00,109.00,446.00,109.00,446.00,303.00
362.00,303.00,362.00,109.00,446.00,109.00,446.00,303.00
362.00,303.00,362.00,109.00,446.00,109.00,446.00,303.00
362.00,303.00,362.00,109.00,446.00,109.00,446.00,303.00
362.00,303.00,362.00,109.00,446.00,109.00,446.00,303.00
362.00,311.00,362.00,117.00,446.00,117.00,446.00,311.00
362.00,311.00,362.00,117.00,446.00,117.00,446.00,311.00
362.00,311.00,362.00,117.00,446.00,117.00,446.00,311.00
362.00,311.00,362.00,117.00,446.00,117.00,446.00,311.00
362.00,311.00,362.00,117.00,446.00,117.00,446.00,311.00
362.00,311.00,362.00,117.00,446.00,117.00,446.00,311.00
362.00,311.00,362.00,117.00,446.00,117.00,446.00,311.00
362.00,311.00,362.00,117.00,446.00,117.00,446.00,311.00
362.00,311.00,362.00,117.00,446.00,117.00,446.00,311.00
354.00,311.00,354.00,117.00,438.00,117.00,438.00,311.00
354.00,311.00,354.00,117.00,438.00,117.00,438.00,311.00
354.00,311.00,354.00,117.00,438.00,117.00,438.00,311.00
354.00,311.00,354.00,117.00,438.00,117.00,438.00,311.00
346.00,311.00,346.00,117.00,430.00,117.00,430.00,311.00
346.00,303.00,346.00,109.00,430.00,109.00,430.00,303.00
346.00,303.00,346.00,109.00,430.00,109.00,430.00,303.00
346.00,303.00,346.00,109.00,430.00,109.00,430.00,303.00
346.00,303.00,346.00,109.00,430.00,109.00,430.00,303.00
338.00,303.00,338.00,109.00,422.00,109.00,422.00,303.00
338.00,303.00,338.00,109.00,422.00,109.00,422.00,303.00
338.00,303.00,338.00,109.00,422.00,109.00,422.00,303.00
338.00,303.00,338.00,109.00,422.00,109.00,422.00,303.00
338.00,303.00,338.00,109.00,422.00,109.00,422.00,303.00
338.00,303.00,338.00,109.00,422.00,109.00,422.00,303.00
338.00,303.00,338.00,109.00,422.00,109.00,422.00,303.00
338.00,303.00,338.00,109.00,422.00,109.00,422.00,303.00
338.00,303.00,338.00,109.00,422.00,109.00,422.00,303.00
338.00,303.00,338.00,109.00,422.00,109.00,422.00,303.00
338.00,303.00,338.00,109.00,422.00,109.00,422.00,303.00
338.00,303.00,338.00,109.00,422.00,109.00,422.00,303.00
338.00,311.00,338.00,117.00,422.00,117.00,422.00,311.00
338.00,311.00,338.00,117.00,422.00,117.00,422.00,311.00
338.00,311.00,338.00,117.00,422.00,117.00,422.00,311.00
338.00,311.00,338.00,117.00,422.00,117.00,422.00,311.00
338.00,303.00,338.00,109.00,422.00,109.00,422.00,303.00
338.00,303.00,338.00,109.00,422.00,109.00,422.00,303.00
330.00,311.00,330.00,117.00,414.00,117.00,414.00,311.00
330.00,311.00,330.00,117.00,414.00,117.00,414.00,311.00
330.00,311.00,330.00,117.00,414.00,117.00,414.00,311.00
330.00,311.00,330.00,117.00,414.00,117.00,414.00,311.00
322.00,311.00,322.00,117.00,406.00,117.00,406.00,311.00
322.00,311.00,322.00,117.00,406.00,117.00,406.00,311.00
322.00,311.00,322.00,117.00,406.00,117.00,406.00,311.00
322.00,311.00,322.00,117.00,406.00,117.00,406.00,311.00
322.00,311.00,322.00,117.00,406.00,117.00,406.00,311.00
314.00,311.00,314.00,117.00,398.00,117.00,398.00,311.00
314.00,311.00,314.00,117.00,398.00,117.00,398.00,311.00
314.00,311.00,314.00,117.00,398.00,117.00,398.00,311.00
314.00,303.00,314.00,109.00,398.00,109.00,398.00,303.00
314.00,303.00,314.00,109.00,398.00,109.00,398.00,303.00
306.00,303.00,306.00,109.00,390.00,109.00,390.00,303.00
306.00,303.00,306.00,109.00,390.00,109.00,390.00,303.00
306.00,303.00,306.00,109.00,390.00,109.00,390.00,303.00
306.00,303.00,306.00,109.00,390.00,109.00,390.00,303.00
306.00,303.00,306.00,109.00,390.00,109.00,390.00,303.00
306.00,303.00,306.00,109.00,390.00,109.00,390.00,303.00
306.00,303.00,306.00,109.00,390.00,109.00,390.00,303.00
314.00,303.00,314.00,109.00,398.00,109.00,398.00,303.00
314.00,303.00,314.00,109.00,398.00,109.00,398.00,303.00
314.00,303.00,314.00,109.00,398.00,109.00,398.00,303.00
314.00,303.00,314.00,109.00,398.00,109.00,398.00,303.00
314.00,303.00,314.00,109.00,398.00,109.00,398.00,303.00
314.00,303.00,314.00,109.00,398.00,109.00,398.00,303.00
322.00,303.00,322.00,109.00,406.00,109.00,406.00,303.00
322.00,303.00,322.00,109.00,406.00,109.00,406.00,303.00
322.00,303.00,322.00,109.00,406.00,109.00,406.00,303.00
322.00,303.00,322.00,109.00,406.00,109.00,406.00,303.00
330.00,303.00,330.00,109.00,414.00,109.00,414.00,303.00
330.00,303.00,330.00,109.00,414.00,109.00,414.00,303.00
330.00,303.00,330.00,109.00,414.00,109.00,414.00,303.00
338.00,303.00,338.00,109.00,422.00,109.00,422.00,303.00
338.00,303.00,338.00,109.00,422.00,109.00,422.00,303.00
338.00,303.00,338.00,109.00,422.00,109.00,422.00,303.00
338.00,303.00,338.00,109.00,422.00,109.00,422.00,303.00
346.00,303.00,346.00,109.00,430.00,109.00,430.00,303.00
346.00,303.00,346.00,109.00,430.00,109.00,430.00,303.00
346.00,303.00,346.00,109.00,430.00,109.00,430.00,303.00
346.00,303.00,346.00,109.00,430.00,109.00,430.00,303.00
346.00,303.00,346.00,109.00,430.00,109.00,430.00,303.00
346.00,303.00,346.00,109.00,430.00,109.00,430.00,303.00
346.00,303.00,346.00,109.00,430.00,109.00,430.00,303.00
346.00,303.00,346.00,109.00,430.00,109.00,430.00,303.00
346.00,295.00,346.00,101.00,430.00,101.00,430.00,295.00
346.00,295.00,346.00,101.00,430.00,101.00,430.00,295.00
354.00,295.00,354.00,101.00,438.00,101.00,438.00,295.00
346.00,295.00,346.00,101.00,430.00,101.00,430.00,295.00
346.00,295.00,346.00,101.00,430.00,101.00,430.00,295.00
346.00,295.00,346.00,101.00,430.00,101.00,430.00,295.00
346.00,295.00,346.00,101.00,430.00,101.00,430.00,295.00
346.00,295.00,346.00,101.00,430.00,101.00,430.00,295.00
346.00,295.00,346.00,101.00,430.00,101.00,430.00,295.00
346.00,295.00,346.00,101.00,430.00,101.00,430.00,295.00
346.00,295.00,346.00,101.00,430.00,101.00,430.00,295.00
346.00,303.00,346.00,109.00,430.00,109.00,430.00,303.00
346.00,303.00,346.00,109.00,430.00,109.00,430.00,303.00
338.00,303.00,338.00,109.00,422.00,109.00,422.00,303.00
338.00,303.00,338.00,109.00,422.00,109.00,422.00,303.00
338.00,303.00,338.00,109.00,422.00,109.00,422.00,303.00
338.00,303.00,338.00,109.00,422.00,109.00,422.00,303.00
330.00,303.00,330.00,109.00,414.00,109.00,414.00,303.00
330.00,303.00,330.00,109.00,414.00,109.00,414.00,303.00
330.00,303.00,330.00,109.00,414.00,109.00,414.00,303.00
322.00,303.00,322.00,109.00,406.00,109.00,406.00,303.00
322.00,311.00,322.00,117.00,406.00,117.00,406.00,311.00
322.00,311.00,322.00,117.00,406.00,117.00,406.00,311.00
322.00,303.00,322.00,109.00,406.00,109.00,406.00,303.00
322.00,311.00,322.00,117.00,406.00,117.00,406.00,311.00
314.00,311.00,314.00,117.00,398.00,117.00,398.00,311.00
314.00,311.00,314.00,117.00,398.00,117.00,398.00,311.00
314.00,311.00,314.00,117.00,398.00,117.00,398.00,311.00
306.00,311.00,306.00,117.00,390.00,117.00,390.00,311.00
306.00,311.00,306.00,117.00,390.00,117.00,390.00,311.00
306.00,311.00,306.00,117.00,390.00,117.00,390.00,311.00
298.00,311.00,298.00,117.00,382.00,117.00,382.00,311.00
298.00,311.00,298.00,117.00,382.00,117.00,382.00,311.00
298.00,311.00,298.00,117.00,382.00,117.00,382.00,311.00
2
0
0
0
0
1
390.00,317.00,390.00,115.00,470.00,115.00,470.00,317.00
390.00,317.00,390.00,115.00,470.00,115.00,470.00,317.00
390.00,317.00,390.00,115.00,470.00,115.00,470.00,317.00
390.00,317.00,390.00,115.00,470.00,115.00,470.00,317.00
390.00,317.00,390.00,115.00,470.00,115.00,470.00,317.00
390.00,317.00,390.00,115.00,470.00,115.00,470.00,317.00
390.00,317.00,390.00,115.00,470.00,115.00,470.00,317.00
390.00,317.00,390.00,115.00,470.00,115.00,470.00,317.00
382.00,317.00,382.00,115.00,462.00,115.00,462.00,317.00
382.00,317.00,382.00,115.00,462.00,115.00,462.00,317.00
382.00,317.00,382.00,115.00,462.00,115.00,462.00,317.00
374.00,317.00,374.00,115.00,454.00,115.00,454.00,317.00
374.00,317.00,374.00,115.00,454.00,115.00,454.00,317.00
366.00,317.00,366.00,115.00,446.00,115.00,446.00,317.00
366.00,317.00,366.00,115.00,446.00,115.00,446.00,317.00
358.00,317.00,358.00,115.00,438.00,115.00,438.00,317.00
358.00,317.00,358.00,115.00,438.00,115.00,438.00,317.00
350.00,317.00,350.00,115.00,430.00,115.00,430.00,317.00
350.00,317.00,350.00,115.00,430.00,115.00,430.00,317.00
342.00,317.00,342.00,115.00,422.00,115.00,422.00,317.00
334.00,325.00,334.00,123.00,414.00,123.00,414.00,325.00
334.00,325.00,334.00,123.00,414.00,123.00,414.00,325.00
326.00,325.00,326.00,123.00,406.00,123.00,406.00,325.00
326.00,325.00,326.00,123.00,406.00,123.00,406.00,325.00
326.00,325.00,326.00,123.00,406.00,123.00,406.00,325.00
318.00,325.00,318.00,123.00,398.00,123.00,398.00,325.00
318.00,317.00,318.00,115.00,398.00,115.00,398.00,317.00
318.00,317.00,318.00,115.00,398.00,115.00,398.00,317.00
310.00,317.00,310.00,115.00,390.00,115.00,390.00,317.00
310.00,317.00,310.00,115.00,390.00,115.00,390.00,317.00
310.00,317.00,310.00,115.00,390.00,115.00,390.00,317.00
310.00,317.00,310.00,115.00,390.00,115.00,390.00,317.00
310.00,317.00,310.00,115.00,390.00,115.00,390.00,317.00
310.00,317.00,310.00,115.00,390.00,115.00,390.00,317.00
310.00,317.00,310.00,115.00,390.00,115.00,390.00,317.00
302.00,325.00,302.00,123.00,382.00,123.00,382.00,325.00
302.00,325.00,302.00,123.00,382.00,123.00,382.00,325.00
302.00,325.00,302.00,123.00,382.00,123.00,382.00,325.00
302.00,325.00,302.00,123.00,382.00,123.00,382.00,325.00
302.00,325.00,302.00,123.00,382.00,123.00,382.00,325.00
302.00,325.00,302.00,123.00,382.00,123.00,382.00,325.00
302.00,325.00,302.00,123.00,382.00,123.00,382.00,325.00
302.00,325.00,302.00,123.00,382.00,123.00,382.00,325.00
302.00,325.00,302.00,123.00,382.00,123.00,382.00,325.00
302.00,325.00,302.00,123.00,382.00,123.00,382.00,325.00
302.00,325.00,302.00,123.00,382.00,123.00,382.00,325.00
302.00,325.00,302.00,123.00,382.00,123.00,382.00,325.00
302.00,325.00,302.00,123.00,382.00,123.00,382.00,325.00
302.00,325.00,302.00,123.00,382.00,123.00,382.00,325.00
302.00,325.00,302.00,123.00,382.00,123.00,382.00,325.00
294.00,325.00,294.00,123.00,374.00,123.00,374.00,325.00
294.00,317.00,294.00,115.00,374.00,115.00,374.00,317.00
294.00,325.00,294.00,123.00,374.00,123.00,374.00,325.00
294.00,325.00,294.00,123.00,374.00,123.00,374.00,325.00
286.00,325.00,286.00,123.00,366.00,123.00,366.00,325.00
286.00,325.00,286.00,123.00,366.00,123.00,366.00,325.00
286.00,325.00,286.00,123.00,366.00,123.00,366.00,325.00
294.00,325.00,294.00,123.00,374.00,123.00,374.00,325.00
294.00,325.00,294.00,123.00,374.00,123.00,374.00,325.00
294.00,325.00,294.00,123.00,374.00,123.00,374.00,325.00
294.00,325.00,294.00,123.00,374.00,123.00,374.00,325.00
294.00,325.00,294.00,123.00,374.00,123.00,374.00,325.00
286.00,317.00,286.00,115.00,366.00,115.00,366.00,317.00
286.00,317.00,286.00,115.00,366.00,115.00,366.00,317.00
286.00,317.00,286.00,115.00,366.00,115.00,366.00,317.00
286.00,317.00,286.00,115.00,366.00,115.00,366.00,317.00
286.00,317.00,286.00,115.00,366.00,115.00,366.00,317.00
286.00,317.00,286.00,115.00,366.00,115.00,366.00,317.00
286.00,317.00,286.00,115.00,366.00,115.00,366.00,317.00
286.00,309.00,286.00,107.00,366.00,107.00,366.00,309.00
286.00,301.00,286.00,99.00,366.00,99.00,366.00,301.00
286.00,293.00,286.00,91.00,366.00,91.00,366.00,293.00
286.00,293.00,286.00,91.00,366.00,91.00,366.00,293.00
286.00,301.00,286.00,99.00,366.00,99.00,366.00,301.00
294.00,309.00,294.00,107.00,374.00,107.00,374.00,309.00
294.00,309.00,294.00,107.00,374.00,107.00,374.00,309.00
302.00,309.00,302.00,107.00,382.00,107.00,382.00,309.00
302.00,309.00,302.00,107.00,382.00,107.00,382.00,309.00
302.00,309.00,302.00,107.00,382.00,107.00,382.00,309.00
302.00,317.00,302.00,115.00,382.00,115.00,382.00,317.00
302.00,317.00,302.00,115.00,382.00,115.00,382.00,317.00
302.00,317.00,302.00,115.00,382.00,115.00,382.00,317.00
302.00,317.00,302.00,115.00,382.00,115.00,382.00,317.00
302.00,317.00,302.00,115.00,382.00,115.00,382.00,317.00
302.00,317.00,302.00,115.00,382.00,115.00,382.00,317.00
310.00,317.00,310.00,115.00,390.00,115.00,390.00,317.00
310.00,317.00,310.00,115.00,390.00,115.00,390.00,317.00
318.00,325.00,318.00,123.00,398.00,123.00,398.00,325.00
318.00,325.00,318.00,123.00,398.00,123.00,398.00,325.00
318.00,325.00,318.00,123.00,398.00,123.00,398.00,325.00
310.00,325.00,310.00,123.00,390.00,123.00,390.00,325.00
286.00,325.00,286.00,123.00,366.00,123.00,366.00,325.00
286.00,325.00,286.00,123.00,366.00,123.00,366.00,325.00
286.00,325.00,286.00,123.00,366.00,123.00,366.00,325.00
