1
149.22,320.80,226.66,320.89,226.88,133.25,149.44,133.16
147.48,320.01,224.50,319.99,224.46,133.38,147.44,133.40
145.93,319.39,223.29,318.70,221.60,131.25,144.24,131.95
154.47,324.28,231.81,315.76,211.18,128.35,133.83,136.87
147.82,318.90,226.40,313.34,212.93,122.92,134.34,128.48
157.90,319.77,237.84,302.80,196.73,109.11,116.80,126.07
121.94,323.05,209.62,332.30,232.02,119.84,144.34,110.60
117.27,324.49,206.71,333.48,228.49,116.76,139.05,107.78
135.08,293.43,210.48,287.42,195.93,104.73,120.53,110.73
130.66,291.85,206.04,285.57,190.83,102.93,115.45,109.20
127.48,291.86,203.78,285.08,187.37,100.22,111.07,106.99
126.00,294.74,203.55,286.56,183.73,98.66,106.18,106.84
124.76,296.21,203.18,286.88,180.57,96.86,102.15,106.19
120.76,297.17,199.73,287.55,176.41,96.20,97.44,105.82
118.37,298.17,197.39,288.13,173.06,96.67,94.04,106.71
116.85,299.42,196.03,289.20,171.25,97.34,92.07,107.57
114.75,301.27,194.33,291.17,169.86,98.34,90.28,108.44
113.71,302.52,192.88,292.88,169.52,101.04,90.34,110.68
113.11,302.68,192.50,293.51,170.28,101.13,90.89,110.30
113.03,303.87,192.24,294.51,169.56,102.56,90.34,111.92
113.06,305.37,191.90,296.24,169.75,105.20,90.92,114.34
112.31,306.02,191.11,296.83,168.84,105.88,90.04,115.07
112.90,308.02,191.96,298.27,168.33,106.70,89.27,116.45
112.97,309.91,192.46,299.99,168.42,107.39,88.93,117.31
112.01,309.57,191.06,299.53,166.72,107.99,87.67,118.04
111.80,311.08,191.59,300.69,166.43,107.34,86.63,117.73
111.96,310.44,191.38,300.39,167.02,107.96,87.61,118.01
111.62,310.36,190.91,300.28,166.48,108.16,87.19,118.25
112.14,311.04,191.60,300.75,166.67,108.20,87.21,118.49
112.18,311.08,191.46,300.85,166.68,108.76,87.40,118.99
113.13,311.61,191.76,300.58,165.05,110.05,86.42,121.08
113.75,313.41,193.06,301.62,164.49,109.45,85.18,121.24
115.33,314.75,194.44,302.57,164.91,110.86,85.80,123.05
115.73,314.51,194.48,302.27,164.83,111.44,86.07,123.68
117.17,315.33,195.40,302.59,164.53,113.04,86.30,125.78
116.82,317.30,195.96,304.45,164.82,112.68,85.68,125.53
117.50,316.81,196.16,304.01,165.13,113.40,86.46,126.21
117.67,317.56,196.21,304.72,165.08,114.42,86.55,127.27
119.13,318.60,197.37,305.62,165.92,116.05,87.68,129.02
118.48,318.80,196.86,306.10,166.08,116.19,87.70,128.89
118.40,319.11,196.93,306.55,166.50,116.28,87.98,128.84
118.42,319.38,197.08,306.91,166.85,116.32,88.19,128.80
118.19,319.41,196.99,307.12,167.23,116.18,88.43,128.46
118.15,319.12,196.99,306.31,165.95,115.26,87.11,128.07
119.23,317.94,197.61,304.89,165.98,114.96,87.60,128.02
123.05,315.41,200.24,300.89,165.06,113.87,87.88,128.39
129.76,312.56,206.30,295.36,164.62,109.90,88.08,127.10
138.69,307.95,212.34,288.62,165.50,110.17,91.86,129.50
152.44,305.44,224.71,281.38,166.43,106.27,94.16,130.32
179.74,298.12,245.75,265.12,165.79,105.17,99.78,138.17
202.78,285.85,254.44,247.75,162.12,122.58,110.46,160.68
196.93,282.53,246.56,248.13,163.20,127.88,113.57,162.28
187.13,299.95,238.75,281.46,193.94,156.40,142.33,174.89
183.26,296.40,234.99,286.41,210.76,161.08,159.04,171.08
179.44,290.96,228.65,289.19,224.36,169.96,175.15,171.73
173.26,290.27,222.03,294.78,232.98,176.59,184.20,172.07
194.30,305.59,242.72,302.94,236.31,185.62,187.89,188.26
187.00,302.75,236.57,312.55,260.32,192.43,210.74,182.63
184.73,301.89,235.61,312.63,261.63,189.34,210.75,178.60
200.04,303.80,253.33,304.03,253.87,174.91,200.59,174.68
191.51,297.46,244.41,303.44,258.90,175.27,206.00,169.29
187.97,297.37,243.50,302.99,257.12,168.45,201.59,162.82
162.48,289.07,216.08,313.85,276.12,183.96,222.52,159.18
154.34,289.19,211.13,314.72,272.99,177.11,216.20,151.59
151.00,291.31,210.79,314.82,267.74,169.94,207.95,146.43
148.88,291.81,209.91,314.76,265.52,166.88,204.49,143.93
146.40,292.07,208.13,314.51,262.52,164.95,200.79,142.51
144.26,292.53,206.53,314.56,259.90,163.67,197.63,141.65
144.37,294.27,207.01,315.21,257.75,163.43,195.11,142.49
144.73,295.78,207.46,316.05,256.57,164.07,193.85,143.80
145.96,296.19,208.60,315.88,256.31,164.11,193.67,144.42
145.32,297.17,208.18,316.84,255.84,164.50,192.98,144.84
145.67,298.75,208.80,317.76,254.87,164.77,191.73,145.76
145.71,299.10,209.03,318.04,254.93,164.61,191.61,145.67
146.37,300.63,210.35,319.13,255.19,164.11,191.21,145.60
147.14,300.79,211.15,318.95,255.17,163.84,191.15,145.68
147.20,300.96,211.21,318.66,254.11,163.56,190.10,145.85
148.22,301.49,212.08,318.66,253.69,163.93,189.83,146.76
148.06,302.73,212.05,319.47,252.61,164.42,188.63,147.68
148.12,302.52,211.85,319.20,252.26,164.78,188.53,148.10
147.96,304.14,212.47,320.25,251.49,163.95,186.98,147.84
148.38,304.63,212.85,320.63,251.60,164.43,187.14,148.44
147.66,305.31,212.15,321.25,250.80,164.99,186.31,149.04
148.05,306.00,212.33,321.87,250.79,166.11,186.51,150.24
147.77,307.53,212.59,323.57,251.45,166.50,186.63,150.46
148.00,307.56,212.32,323.52,251.00,167.66,186.68,151.70
149.69,308.54,213.77,323.97,251.17,168.71,187.10,153.27
149.48,309.06,213.44,324.77,251.51,169.79,187.55,154.08
150.69,309.99,214.47,325.50,252.04,170.96,188.26,155.45
151.12,311.53,215.36,326.99,252.84,171.36,188.61,155.89
152.48,312.35,216.48,327.67,253.58,172.58,189.58,157.27
152.96,313.91,217.11,328.91,253.46,173.46,189.31,158.46
154.19,314.28,218.10,329.28,254.44,174.44,190.54,159.44
156.42,315.62,220.06,329.75,254.29,175.56,190.66,161.43
158.40,316.58,221.77,330.17,254.68,176.60,191.31,163.02
158.85,316.90,221.77,330.70,255.22,178.23,192.29,164.42
160.26,317.78,223.04,331.37,255.96,179.26,193.18,165.68
160.50,318.46,223.40,332.07,256.38,179.66,193.48,166.05
161.39,319.83,224.67,333.45,257.66,180.11,194.38,166.50
161.63,319.48,224.40,333.70,258.87,181.62,196.11,167.39
162.89,320.22,226.02,334.31,260.16,181.33,197.02,167.25
163.12,320.45,226.09,334.61,260.40,182.03,197.43,167.87
163.88,320.38,226.78,334.26,260.40,181.85,197.50,167.97
165.04,321.14,228.37,334.87,261.63,181.40,198.29,167.67
165.71,320.73,228.81,334.75,262.79,181.85,199.69,167.83
167.32,321.28,230.70,334.48,262.68,180.91,199.31,167.71
167.63,320.12,230.85,333.69,263.74,180.50,200.52,166.93
168.57,320.53,232.02,333.88,264.37,180.13,200.92,166.78
168.86,320.59,232.32,334.01,264.83,180.25,201.38,166.83
170.37,320.60,233.63,333.68,265.35,180.40,202.09,167.32
170.66,319.98,233.43,333.05,265.11,180.95,202.33,167.88
170.32,320.54,233.57,333.73,265.55,180.46,202.29,167.27
170.48,319.76,233.36,333.38,266.38,181.03,203.50,167.41
170.79,319.39,233.34,333.17,266.75,181.61,204.19,167.82
171.76,317.99,233.51,331.77,266.89,182.14,205.14,168.37
172.08,318.52,233.90,332.36,267.43,182.55,205.61,168.72
171.98,318.43,234.21,332.40,268.06,181.61,205.83,167.64
172.79,318.99,235.14,332.52,267.92,181.44,205.57,167.91
173.59,318.42,235.65,331.80,268.08,181.41,206.01,168.03
174.08,318.67,236.23,331.63,267.64,181.03,205.49,168.07
174.09,319.21,236.50,332.17,267.92,180.96,205.51,167.99
175.57,318.08,237.38,330.86,268.35,181.09,206.53,168.31
175.73,317.81,237.37,330.61,268.40,181.24,206.75,168.43
176.43,317.26,237.69,330.08,268.75,181.65,207.49,168.83
177.05,316.71,238.28,329.05,268.19,180.69,206.96,168.35
178.78,316.41,239.69,328.71,269.50,181.13,208.59,168.83
179.11,315.53,239.86,327.59,269.07,180.39,208.32,168.33
179.44,314.67,240.22,326.67,269.29,179.39,208.51,167.39
179.86,313.80,240.52,325.68,269.32,178.69,208.65,166.81
181.17,312.99,241.71,324.62,269.89,177.93,209.35,166.30
181.22,313.17,241.64,324.73,269.66,178.33,209.24,166.76
181.69,312.02,242.03,323.42,269.64,177.20,209.30,165.80
181.73,312.02,242.56,323.11,269.44,175.72,208.61,164.63
180.03,312.53,241.05,323.73,268.21,175.86,207.18,164.65
179.55,311.69,240.62,322.80,267.55,174.83,206.48,163.71
179.07,310.37,240.51,320.99,266.24,172.11,204.80,161.49
178.18,309.99,240.16,320.65,266.00,170.46,204.02,159.80
177.78,308.44,239.77,319.47,266.50,169.25,204.50,158.23
177.23,308.74,239.30,320.00,266.59,169.59,204.52,158.33
175.08,309.68,237.73,321.80,267.11,170.01,204.46,157.88
174.61,309.24,236.80,321.50,266.49,170.81,204.31,158.56
173.69,309.20,235.63,321.56,265.57,171.48,203.64,159.13
172.03,307.88,233.32,320.57,264.06,172.05,202.77,159.36
170.54,307.94,232.07,320.56,262.65,171.47,201.12,158.85
169.44,307.62,230.84,319.00,258.40,170.23,197.01,158.85
169.11,308.34,230.69,318.39,255.06,169.18,193.48,159.13
167.30,308.59,228.30,317.72,250.42,169.92,189.42,160.79
169.73,309.28,230.25,317.43,249.98,170.79,189.47,162.64
168.99,309.56,229.25,317.58,248.68,171.57,188.42,163.55
167.03,308.44,226.80,316.63,246.64,171.80,186.87,163.62
167.27,308.96,227.34,316.10,244.64,170.53,184.56,163.40
166.11,309.09,226.12,315.80,242.36,170.36,182.35,163.66
165.01,308.64,225.26,315.04,240.77,169.05,180.52,162.65
162.85,307.53,223.00,314.10,238.91,168.33,178.75,161.76
161.15,308.00,222.14,314.56,238.05,166.77,177.06,160.20
160.00,307.64,221.23,313.66,235.82,165.31,174.60,159.29
158.71,306.94,219.98,312.73,234.02,164.26,172.74,158.47
157.73,307.51,219.87,312.98,233.14,162.42,171.01,156.94
156.48,308.30,219.58,313.79,232.87,160.90,169.78,155.41
155.42,308.99,219.05,314.65,232.77,160.45,169.13,154.79
153.71,308.15,217.17,314.00,231.35,160.25,167.90,154.39
153.16,307.66,216.62,313.23,230.11,159.45,166.65,153.88
150.12,306.41,213.36,312.44,227.95,159.21,164.72,153.18
147.25,306.97,211.43,313.61,227.52,158.11,163.34,151.47
143.85,305.90,207.79,314.37,228.33,159.45,164.39,150.97
141.01,305.95,205.65,315.20,228.05,158.58,163.42,149.34
141.36,305.65,206.47,314.84,228.74,157.07,163.63,147.88
125.81,304.76,189.16,330.40,251.30,176.91,187.95,151.27
131.89,304.07,192.68,328.38,251.60,181.08,190.81,156.77
120.18,314.68,190.07,341.35,254.69,172.01,184.81,145.34
107.74,346.84,196.71,357.41,222.32,141.82,133.34,131.26
105.55,341.93,192.51,352.42,217.92,141.72,130.96,131.23
111.31,369.02,197.41,364.22,185.76,155.59,99.66,160.39
105.39,367.77,192.11,365.83,187.41,155.70,100.69,157.64
111.13,370.79,197.50,363.19,179.09,153.90,92.72,161.50
111.67,370.27,195.78,359.54,169.77,155.72,85.66,166.46
100.68,350.50,175.19,333.50,133.98,152.95,59.47,169.95
102.85,352.22,177.02,331.65,127.20,151.94,53.03,172.50
105.83,355.48,180.18,331.82,122.85,151.68,48.50,175.34
107.28,357.02,181.84,330.07,116.53,149.39,41.97,176.35
105.68,355.44,179.64,326.80,110.23,147.59,36.27,176.23
77.75,339.47,151.03,325.05,116.10,147.48,42.81,161.89
85.28,329.22,158.43,318.94,133.51,141.69,60.36,151.98
68.43,303.33,128.84,307.17,138.14,160.82,77.74,156.98
109.39,311.70,161.84,278.66,81.79,151.57,29.33,184.61
115.46,306.97,168.13,268.81,75.67,141.19,23.00,179.35
119.99,311.58,174.96,270.97,76.57,137.77,21.60,178.38
118.40,314.37,174.95,272.46,73.39,135.43,16.84,177.35
102.86,312.08,156.91,274.09,64.86,143.11,10.81,181.10
101.29,301.54,155.15,267.29,72.16,136.77,18.29,171.02
73.78,304.55,131.45,280.13,72.29,140.38,14.61,164.80
73.81,303.17,126.72,279.99,70.55,151.78,17.64,174.96
67.72,310.27,121.79,290.91,74.88,159.91,20.82,179.27
59.52,298.97,105.61,294.55,94.89,182.87,48.80,187.29
60.14,295.92,102.81,293.46,96.84,190.06,54.17,192.53
62.87,298.64,103.45,297.11,99.74,198.76,59.15,200.29
66.47,293.59,102.99,292.08,99.32,203.58,62.80,205.09
66.29,292.92,101.25,290.45,95.26,205.74,60.30,208.21
69.00,293.20,101.79,290.42,95.05,210.95,62.26,213.73
73.02,292.04,102.41,289.00,95.04,217.79,65.65,220.83
78.35,293.72,107.02,289.17,96.02,219.70,67.35,224.24
82.23,292.33,109.31,286.55,95.31,220.95,68.24,226.73
86.41,294.22,115.54,285.66,94.80,215.09,65.68,223.64
2
0
0
0
0
1
122.10,246.67,189.64,249.62,193.44,162.51,125.91,159.56
142.03,270.66,211.63,264.02,203.07,174.24,133.46,180.89
142.99,271.18,212.41,265.96,205.67,176.42,136.25,181.64
143.57,271.40,213.25,268.01,208.88,178.14,139.20,181.53
145.77,270.37,215.74,267.84,212.48,177.58,142.50,180.11
146.34,272.31,216.59,269.44,212.88,178.83,142.63,181.70
148.84,272.40,218.20,269.21,214.08,179.75,144.72,182.94
149.63,273.78,218.70,270.45,214.41,181.36,145.34,184.69
149.18,274.37,219.68,270.66,214.91,179.73,144.41,183.43
148.95,275.45,220.65,271.35,215.37,178.87,143.67,182.96
147.68,278.55,221.07,274.74,216.15,180.07,142.76,183.89
147.24,279.18,221.86,274.18,215.40,177.93,140.79,182.94
148.73,278.42,222.97,272.68,215.57,176.92,141.33,182.66
149.48,279.85,224.44,274.31,217.28,177.62,142.32,183.16
149.33,280.18,226.06,274.86,219.20,175.89,142.47,181.21
150.13,281.27,228.91,275.34,221.27,173.73,142.48,179.66
152.54,281.46,232.01,273.90,222.26,171.39,142.78,178.95
153.72,282.92,235.57,274.57,224.79,169.00,142.95,177.36
155.70,283.83,238.85,275.04,227.52,167.79,144.37,176.57
159.02,283.31,243.24,274.32,231.64,165.68,147.41,174.67
160.31,280.25,245.45,271.33,233.94,161.51,148.80,170.44
163.26,275.17,246.59,269.28,238.98,161.81,155.66,167.70
165.77,272.39,248.50,267.19,241.79,160.48,159.06,165.68
167.72,272.62,248.37,267.99,242.40,163.97,161.75,168.60
170.16,273.52,249.03,269.58,243.95,167.84,165.07,171.78
172.23,272.88,250.30,269.09,245.41,168.40,167.35,172.19
178.94,271.61,249.74,268.74,246.04,177.41,175.23,180.28
183.11,271.11,247.56,269.35,245.28,186.21,180.83,187.98
187.25,270.99,246.40,270.08,245.22,193.78,186.07,194.70
189.41,271.23,245.11,270.61,244.31,198.75,188.60,199.38
192.80,269.87,243.46,270.40,244.16,205.05,193.49,204.51
200.68,264.87,242.56,265.61,243.52,211.59,201.64,210.85
211.22,265.88,244.18,268.24,247.23,225.73,214.27,223.37
215.34,265.33,241.07,272.51,250.34,239.32,224.61,232.14
218.61,265.29,240.66,274.99,253.18,246.54,231.12,236.84
220.88,260.19,238.50,269.31,250.27,246.58,232.64,237.45
221.15,258.86,235.68,264.09,242.43,245.36,227.91,240.12
226.79,259.91,237.19,258.18,234.95,244.75,224.55,246.49
234.42,260.21,236.02,252.95,226.67,250.89,225.07,258.14
230.12,258.65,234.49,260.18,236.47,254.54,232.10,253.01
2
0
0
0
0
1
239.31,324.95,285.24,295.55,239.56,224.21,193.63,253.61
237.68,323.47,281.50,290.95,230.97,222.87,187.15,255.39
235.33,318.67,280.92,284.70,228.14,213.88,182.55,247.84
237.93,311.42,284.67,275.46,228.80,202.84,182.05,238.80
243.26,306.21,288.71,265.49,225.44,194.87,179.99,235.59
247.54,308.04,292.80,264.62,225.34,194.31,180.08,237.73
250.81,307.56,296.92,262.72,227.24,191.10,181.14,235.94
258.35,284.81,282.66,231.48,199.79,193.72,175.48,247.05
260.10,276.73,282.29,219.76,193.76,185.29,171.57,242.27
263.07,272.06,284.11,211.30,189.71,178.62,168.67,239.38
266.30,269.02,285.41,205.27,186.36,175.59,167.25,239.34
266.14,265.80,283.03,202.15,184.13,175.91,167.24,239.57
266.89,263.65,281.83,200.08,183.06,176.88,168.13,240.45
268.40,256.99,277.59,194.35,180.26,180.07,171.06,242.72
270.95,246.62,270.41,188.02,179.37,188.87,179.91,247.47
272.25,237.39,262.64,184.27,180.11,199.21,189.72,252.33
274.06,228.68,255.94,179.50,179.53,207.66,197.65,256.84
275.92,226.05,250.63,183.49,184.50,222.79,209.79,265.35
279.02,231.76,250.90,192.15,189.36,235.83,217.47,275.45
275.43,229.77,240.37,198.26,191.42,252.74,226.48,284.25
270.29,221.37,233.10,191.79,187.14,249.58,224.34,279.16
251.52,199.99,205.39,210.14,221.16,281.81,267.29,271.66
262.42,202.50,207.06,216.47,228.78,302.48,284.14,288.51
213.74,214.79,197.26,268.04,279.99,293.63,296.47,240.38
246.89,215.24,204.93,249.56,258.25,314.73,300.21,280.42
263.79,221.07,216.52,247.56,257.68,321.01,304.96,294.52
253.91,222.41,225.69,265.64,292.85,309.49,321.08,266.26
273.63,227.89,243.35,266.95,304.04,314.00,334.32,274.94
271.90,228.56,242.30,270.13,306.89,316.11,336.49,274.54
298.80,228.38,255.51,258.45,302.24,325.69,345.52,295.62
318.87,222.88,266.51,245.38,301.47,326.73,353.84,304.23
343.79,230.03,283.42,247.32,310.30,341.11,370.67,323.81
340.11,358.90,404.00,318.94,341.91,219.69,278.02,259.65
345.46,374.46,410.02,342.60,360.52,242.31,295.97,274.16
404.68,362.40,431.54,301.31,336.63,259.58,309.76,320.67
431.60,350.75,419.06,288.32,322.08,307.81,334.61,370.24
