1
140.637146,331.200348,56.840000,100.485001
131.982269,330.446716,57.692600,101.992271
128.357819,331.211670,56.827209,100.462387
124.158615,326.903351,57.111347,100.964706
119.930122,330.736664,57.396904,101.469528
128.417740,299.269104,56.535950,99.947487
136.784622,292.075867,55.687912,98.448273
136.923828,300.207703,55.409470,97.956032
132.508270,267.473022,56.240612,99.425369
132.648865,247.864456,55.959412,98.928246
140.426208,239.312668,56.519005,99.917526
140.426208,235.284088,56.519005,99.917526
140.143616,234.784500,57.084194,100.916702
139.715485,238.141922,57.940456,102.430450
135.080933,237.373688,58.809563,103.966911
135.522003,229.924866,57.927422,102.407402
143.430405,220.813950,58.796333,103.943520
156.091675,233.588104,58.502350,103.423798
164.110062,220.126709,59.379887,104.975159
163.813156,202.573257,59.973686,106.024910
154.677643,167.035217,60.873291,107.615280
146.201248,154.361404,60.568924,107.077202
145.898407,140.797440,61.174614,108.147980
159.214355,133.037125,60.256992,106.525757
171.791000,127.895325,61.160847,108.123642
176.009537,131.996445,61.466652,108.664261
180.130768,131.453125,62.081318,109.750900
179.665161,130.629990,63.012539,111.397163
179.192566,129.794510,63.957726,113.068123
183.735428,134.337372,63.957726,113.068123
183.895309,134.620041,63.637939,112.502785
179.915451,135.463806,62.683369,110.815239
175.087753,134.909729,63.310204,111.923393
175.562576,135.749161,62.360550,110.244545
175.094879,134.922318,63.295959,111.898209
174.778397,134.362839,63.928917,113.017197
175.257858,139.696182,62.969986,111.321938
175.257858,139.696182,62.969986,111.321938
179.614731,134.903580,63.284836,111.878548
184.517929,140.171249,62.335560,110.200371
175.447815,130.981461,62.647240,110.751366
215.517670,149.412094,61.707531,109.090096
219.791962,140.282227,62.016068,109.635551
224.347000,127.356316,61.705990,109.087372
210.752762,104.668022,62.323048,110.178246
210.285339,81.270256,63.257893,111.830917
223.525192,66.717239,64.206764,113.508385
246.417648,58.256207,63.564693,112.373299
255.344452,53.432419,63.882519,112.935165
268.825043,48.267742,64.521339,114.064514
282.776215,44.295208,63.876129,112.923874
246.981323,44.859825,63.237370,111.794632
278.507050,30.307081,64.185928,113.471550
282.946564,34.623402,64.506859,114.038910
283.430359,39.992981,63.539257,112.328323
279.449768,31.921156,62.586166,110.643402
278.980377,4.005616,63.524960,112.303055
283.783722,-22.347155,62.889709,111.180023
251.512039,-41.352432,63.833054,112.847725
269.683472,-18.638147,63.833054,112.847725
274.647949,-13.306075,62.875561,111.155006
274.176361,-9.596880,63.818691,112.822334
270.169281,-13.236427,62.861412,111.129997
266.240753,-12.402952,61.918491,109.463051
266.395538,-12.129294,61.608898,108.915733
262.543335,-11.312427,60.684765,107.281998
258.741333,-14.764955,59.774494,105.672768
259.040192,-18.436590,59.176750,104.616035
258.892242,-18.698132,59.472633,105.139122
254.663681,-18.698132,59.472633,105.139122
249.931931,-19.486673,60.364723,106.716202
249.479187,-15.915617,61.270191,108.316948
249.326019,-16.186409,61.576546,108.858536
249.018127,-16.730701,62.192310,109.947121
249.018127,-12.302131,62.192310,109.947121
249.173615,-12.027263,61.881348,109.397385
244.223785,-12.847743,62.809566,111.038345
243.752716,-13.680531,63.751713,112.703918
243.593338,-9.390862,64.070473,113.267441
243.112808,-10.240368,65.031525,114.966454
243.275391,-9.952951,64.706367,114.391617
242.951859,-10.524910,65.353432,115.535530
238.486664,-10.236071,65.026665,114.957855
238.974365,-9.373887,64.051270,113.233490
238.974365,-9.373887,64.051270,113.233490
238.654114,-9.940055,64.691780,114.365822
238.492386,-14.854541,65.015236,114.937653
238.817459,-14.279852,64.365082,113.788277
243.814484,-13.426440,63.399609,112.081451
248.068909,-13.986847,64.033607,113.202263
248.389084,-17.935122,63.393269,112.070244
248.547562,-13.169231,63.076302,111.509895
253.449203,-12.332908,62.130157,109.837242
253.915176,-15.851986,61.198204,108.189682
262.409180,-11.992934,61.810188,109.271584
271.111816,-12.266113,62.119240,109.817940
271.577698,-15.785336,61.187450,108.170670
280.608032,-14.974055,60.269638,106.548111
281.060059,-22.632088,59.365593,104.949890
256.328308,-30.450195,58.771938,103.900391
255.887527,-39.743732,59.653519,105.458893
252.163498,-22.267078,58.758713,103.877014
256.718475,-25.602285,57.877335,102.318855
261.209686,-24.834894,57.009174,100.784073
269.637268,-20.079014,56.154037,99.272316
269.918030,-19.582653,55.592495,98.279587
273.640076,-16.074051,56.148422,99.262390
273.499695,-16.322206,56.429161,99.758698
273.076477,-17.070396,57.275600,101.255081
272.790100,-17.576672,57.848354,102.267632
272.356232,-14.172251,58.716080,103.801643
276.144440,-14.950763,59.596821,105.358665
275.697479,-11.426667,60.490776,106.939049
275.243774,-12.228710,61.398136,108.543137
274.783295,-13.042784,62.319107,110.171280
274.471710,-9.107925,62.942299,111.272995
273.999634,-9.942473,63.886433,112.942093
273.520477,-10.789538,64.844734,114.636223
277.719879,-11.649310,65.817398,116.355766
277.226227,-7.750550,66.804665,118.101097
271.896637,-3.807737,67.806732,119.872620
266.473785,0.207504,68.823837,121.670708
265.957611,4.266402,69.856194,123.495766
265.433685,3.340184,70.904037,125.348206
264.901917,7.514359,71.967598,127.228424
259.162170,11.760145,73.047112,129.136856
259.162170,16.960146,73.047112,129.136856
259.527405,22.748686,72.316635,127.845482
259.165802,22.109459,73.039803,129.123932
259.531006,27.897936,72.309402,127.832703
259.531006,33.040794,72.309402,127.832703
260.073334,39.085251,71.224762,125.915207
260.607513,45.029617,70.156395,124.026482
260.081360,44.099419,71.208740,125.886879
264.690125,43.155266,72.276871,127.775185
275.099396,48.588989,71.915489,127.136307
290.810181,54.599655,70.836754,125.229263
311.227173,65.481735,69.774200,123.350822
316.636200,71.292580,68.727592,121.500557
317.151672,81.860977,67.696678,119.678055
317.490143,92.002220,67.019707,118.481270
317.155060,101.066956,67.689903,119.666084
317.662720,116.193024,66.674561,117.871094
312.529358,120.403671,67.341301,119.049805
313.034393,130.725113,66.331184,117.264053
313.200226,135.703995,65.999527,116.677734
318.187378,140.944519,65.339531,115.510956
318.024017,140.655746,65.666229,116.088516
317.859863,140.365524,65.994560,116.668953
322.136322,139.490509,66.984482,118.418991
