1
442.51,339.11,490.35,334.72,493.49,368.89,445.65,373.28
442.56,339.03,490.41,334.79,493.44,368.97,445.59,373.21
437.97,338.86,486.76,334.29,490.03,369.14,441.24,373.71
437.91,338.97,486.68,334.20,490.09,369.03,441.32,373.80
437.28,338.86,486.99,333.64,490.72,369.14,441.01,374.36
436.68,338.67,487.36,333.13,491.32,369.33,440.64,374.87
436.67,334.69,487.34,329.11,491.33,365.31,440.66,370.89
436.11,334.41,487.80,328.68,491.89,365.59,440.20,371.32
436.13,334.37,487.83,328.71,491.87,365.63,440.17,371.29
431.48,334.24,484.16,328.13,488.52,365.76,435.84,371.87
431.43,334.32,484.10,328.06,488.57,365.68,435.90,371.94
431.98,334.64,483.62,328.48,488.02,365.36,436.38,371.52
427.36,335.45,480.00,328.95,484.64,366.55,432.00,373.05
427.44,335.30,480.12,329.08,484.56,366.70,431.88,372.92
423.44,336.31,476.11,330.07,480.56,367.69,427.89,373.93
424.00,332.60,475.65,326.51,480.00,363.40,428.35,369.49
423.99,332.63,475.62,326.48,480.01,363.37,428.38,369.52
427.41,331.36,480.07,325.03,484.59,362.64,431.93,368.97
416.32,333.01,467.35,318.54,477.68,354.99,426.65,369.46
416.48,332.58,467.70,318.83,477.52,355.42,426.30,369.17
411.93,333.18,464.26,319.44,474.07,356.82,421.74,370.56
410.41,328.68,463.90,315.12,473.59,353.32,420.10,366.88
409.85,328.25,464.49,314.73,474.15,353.75,419.51,367.27
409.92,328.09,464.62,314.84,474.08,353.91,419.38,367.16
409.96,327.99,464.70,314.91,474.04,354.01,419.30,367.09
408.94,324.04,463.66,310.87,473.06,349.96,418.34,363.13
408.28,323.81,464.09,310.33,473.72,350.19,417.91,363.67
413.27,322.84,469.06,309.31,478.73,349.16,422.94,362.69
418.29,321.80,474.10,308.34,483.71,348.20,427.90,361.66
417.66,321.47,474.61,307.85,484.34,348.53,427.39,362.15
422.98,320.93,477.74,307.95,487.02,347.07,432.26,360.05
426.97,319.97,481.72,306.92,491.03,346.03,436.28,359.08
430.95,319.01,485.69,305.90,495.05,344.99,440.31,358.10
434.95,317.99,489.70,304.90,499.05,344.01,444.30,357.10
434.27,317.83,490.07,304.31,499.73,344.17,443.93,357.69
434.24,317.91,490.01,304.26,499.76,344.09,443.99,357.74
438.55,316.75,495.38,302.65,505.45,343.25,448.62,357.35
443.82,316.32,498.43,302.68,508.18,341.68,453.57,355.32
443.78,316.43,498.34,302.60,508.22,341.57,453.66,355.40
446.13,310.18,501.78,296.07,511.87,335.82,456.22,349.93
452.68,313.68,507.13,299.42,517.32,338.32,462.87,352.58
453.26,314.08,506.57,299.84,516.74,337.92,463.43,352.16
455.82,307.32,510.43,293.68,520.18,332.68,465.57,346.32
455.84,307.28,510.47,293.71,520.16,332.72,465.53,346.29
459.82,306.32,514.43,292.67,524.18,331.68,469.57,345.33
463.77,305.47,518.31,291.57,528.23,330.53,473.69,344.43
462.07,300.35,517.65,285.95,527.93,325.65,472.35,340.05
461.37,300.21,518.00,285.33,528.63,325.79,472.00,340.67
466.27,299.46,522.80,284.16,533.73,324.54,477.20,339.84
465.20,294.67,521.63,279.03,532.80,319.33,476.37,334.97
467.46,288.59,524.94,272.35,536.54,313.41,479.06,329.65
469.73,282.46,528.31,265.70,540.27,307.54,481.69,324.30
469.38,277.82,526.75,261.20,538.62,302.18,481.25,318.80
468.66,277.65,527.15,260.58,539.34,302.35,480.85,319.42
468.34,272.93,525.66,256.13,537.66,297.07,480.34,313.87
466.59,267.87,524.96,250.43,537.41,292.13,479.04,309.57
464.14,262.40,524.87,244.22,537.86,287.60,477.13,305.78
460.67,256.87,523.85,238.00,537.33,283.13,474.15,302.00
460.62,257.00,523.75,237.91,537.38,283.00,474.25,302.09
458.62,252.01,521.73,232.90,535.38,277.99,472.27,297.10
458.58,252.11,521.65,232.84,535.42,277.89,472.35,297.16
456.54,247.23,519.55,227.76,533.46,272.77,470.45,292.24
460.28,240.53,522.03,221.36,535.72,265.47,473.97,284.64
460.20,240.79,521.81,221.20,535.80,265.21,474.19,284.80
463.89,235.17,524.23,215.74,538.11,258.83,477.77,278.26
463.11,235.07,524.57,215.02,538.89,258.93,477.43,278.98
461.88,230.22,522.18,210.70,536.12,253.78,475.82,273.30
454.85,227.32,515.10,207.64,529.15,250.68,468.90,270.36
454.11,227.07,515.57,207.02,529.89,250.93,468.43,270.98
452.13,221.99,513.65,202.08,527.87,246.01,466.35,265.92
452.14,221.95,513.68,202.10,527.86,246.05,466.32,265.90
452.14,221.96,513.67,202.10,527.86,246.04,466.33,265.90
449.45,216.51,512.32,196.58,526.55,241.49,463.68,261.42
449.48,216.43,512.39,196.64,526.52,241.57,463.61,261.36
449.45,216.53,512.30,196.57,526.55,241.47,463.70,261.43
453.69,214.25,517.82,193.95,532.31,239.75,468.18,260.05
460.66,218.32,524.76,197.90,539.34,243.68,475.24,264.10
460.64,218.39,524.69,197.86,539.36,243.61,475.31,264.14
471.87,220.08,537.23,199.23,552.13,245.92,486.77,266.77
483.85,222.13,549.19,201.20,564.15,247.87,498.81,268.80
496.09,223.75,562.80,202.60,577.91,250.25,511.20,271.40
515.91,229.95,581.35,209.31,596.09,256.05,530.65,276.69
528.70,232.21,592.85,211.97,607.30,257.79,543.15,278.03
528.70,232.20,592.85,211.97,607.30,257.80,543.15,278.03
542.71,239.18,606.87,218.99,621.29,264.82,557.13,285.01
549.72,243.15,613.90,223.01,628.28,268.85,564.10,288.99
555.99,246.72,621.54,226.46,636.01,273.28,570.46,293.54
557.18,251.47,624.04,230.78,638.82,278.53,571.96,299.22
560.18,262.47,627.04,241.78,641.82,289.53,574.96,310.22
560.99,262.70,626.55,242.47,641.01,289.30,575.45,309.53
567.18,266.46,634.04,245.78,648.82,293.54,581.96,314.22
576.99,275.70,642.55,255.47,657.01,302.30,591.45,322.53
584.03,279.60,649.64,259.53,663.97,306.40,598.36,326.47
593.04,288.57,658.66,268.55,672.96,315.43,607.34,335.45
595.84,293.78,660.21,274.25,674.16,320.22,609.79,339.75
595.86,293.73,660.25,274.27,674.14,320.27,609.75,339.73
602.89,297.64,667.32,278.33,681.11,324.36,616.68,343.67
604.89,302.63,669.33,283.34,683.11,329.37,618.67,348.66
611.87,306.68,676.29,287.31,690.13,333.32,625.71,352.69
618.13,310.29,683.90,290.74,697.87,337.71,632.10,357.26
618.90,310.60,683.35,291.36,697.10,337.40,632.65,356.64
618.90,310.61,683.35,291.35,697.10,337.39,632.65,356.65
622.18,303.15,688.02,283.83,701.82,330.85,635.98,350.17
619.81,299.14,687.85,290.26,694.19,338.86,626.15,347.74
625.92,310.03,695.24,300.45,702.08,349.97,632.76,359.55
626.71,316.43,695.93,306.13,703.29,355.57,634.07,365.87
625.73,316.45,696.23,305.20,704.27,355.55,633.77,366.80
625.55,316.82,695.93,304.90,704.45,355.18,634.07,367.10
624.63,316.72,696.33,304.06,705.37,355.28,633.67,367.94
624.48,317.03,696.08,303.82,705.52,354.97,633.92,368.18
624.35,317.32,695.86,303.60,705.65,354.68,634.14,368.40
631.13,316.72,701.22,303.21,710.87,353.28,640.78,366.79
630.30,316.41,701.78,302.53,711.70,353.59,640.22,367.47
630.30,316.43,701.77,302.52,711.70,353.57,640.23,367.48
630.19,316.67,701.58,302.34,711.81,353.33,640.42,367.66
630.07,316.94,701.36,302.14,711.93,353.06,640.64,367.86
630.02,317.06,701.26,302.05,711.98,352.94,640.74,367.95
630.79,317.48,700.61,302.64,711.21,352.52,641.39,367.36
631.67,317.62,700.20,303.43,710.33,352.38,641.80,366.57
624.62,313.74,693.10,299.34,703.38,348.26,634.90,362.66
626.25,314.16,692.17,300.76,701.75,347.84,635.83,361.24
626.36,313.93,692.35,300.93,701.64,348.07,635.65,361.07
621.31,315.04,687.27,301.85,696.69,348.96,630.73,362.15
621.25,315.17,687.16,301.75,696.75,348.83,630.84,362.25
621.31,315.04,687.27,301.85,696.69,348.96,630.73,362.15
621.35,314.95,687.34,301.92,696.65,349.05,630.66,362.08
610.48,316.66,676.57,304.13,685.52,351.34,619.43,363.87
614.79,315.35,683.41,301.63,693.21,350.65,624.59,364.37
607.74,311.47,676.32,297.55,686.26,346.53,617.68,360.45
607.65,311.66,676.16,297.40,686.35,346.34,617.84,360.60
607.77,317.52,677.58,302.62,688.23,352.48,618.42,367.38
607.69,317.70,677.44,302.48,688.31,352.30,618.56,367.52
607.63,317.84,677.32,302.38,688.37,352.16,618.68,367.62
606.78,317.60,677.82,301.65,689.22,352.40,618.18,368.35
607.61,317.89,677.28,302.34,688.39,352.11,618.72,367.66
601.57,319.00,671.19,303.27,682.43,353.00,612.81,368.73
601.57,319.00,671.19,303.26,682.43,353.00,612.81,368.74
601.56,319.02,671.18,303.25,682.44,352.98,612.82,368.75
595.34,315.39,663.58,299.87,674.66,348.61,606.42,364.13
588.46,316.24,658.00,300.09,669.54,349.76,600.00,365.91
587.76,315.66,658.78,299.61,670.24,350.34,599.22,366.39
582.54,317.07,652.13,301.21,663.46,350.93,593.87,366.79
575.69,317.82,646.65,301.50,658.31,352.18,587.35,368.50
575.68,317.85,646.62,301.47,658.32,352.15,587.38,368.53
574.95,317.27,647.41,300.97,659.05,352.73,586.59,369.03
567.89,312.41,640.29,295.87,652.11,347.59,579.71,364.13
561.78,313.69,634.07,296.67,646.22,348.31,573.93,365.33
556.48,315.34,627.23,298.13,639.52,348.66,568.77,365.87
555.63,315.04,627.78,297.42,640.37,348.96,568.22,366.58
555.62,315.08,627.75,297.40,640.38,348.92,568.25,366.60
556.50,315.29,627.27,298.16,639.50,348.71,568.73,365.84
551.23,316.81,620.53,299.69,632.77,349.19,563.47,366.31
550.42,316.48,621.12,299.03,633.58,349.52,562.88,366.97
550.48,316.34,621.22,299.12,633.52,349.66,562.78,366.88
543.41,312.50,614.09,295.01,626.59,345.50,555.91,362.99
543.36,312.63,613.99,294.92,626.64,345.37,556.01,363.08
543.39,312.57,614.04,294.96,626.61,345.43,555.96,363.04
537.36,313.65,607.97,295.91,620.64,346.35,550.03,364.09
530.47,314.47,602.43,296.13,615.53,347.53,543.57,365.87
530.32,308.74,600.90,290.85,613.68,341.26,543.10,359.15
523.42,309.59,595.33,291.04,608.58,342.41,536.67,360.96
523.36,309.73,595.22,290.94,608.64,342.27,536.78,361.06
523.36,309.75,595.20,290.94,608.64,342.25,536.80,361.06
517.30,311.90,589.08,292.83,602.70,344.10,530.92,363.17
515.32,305.85,587.12,286.86,600.68,338.15,528.88,357.14
509.29,307.93,581.05,288.81,594.71,340.07,522.95,359.19
503.08,304.37,573.38,285.42,586.92,335.63,516.62,354.58
503.05,304.44,573.32,285.36,586.95,335.56,516.68,354.64
496.84,300.86,565.68,281.97,579.16,331.14,510.32,350.03
493.36,302.65,559.43,284.16,572.64,331.35,506.57,349.84
486.31,298.78,552.32,280.07,565.69,327.22,499.68,345.93
478.49,294.56,545.79,275.37,559.51,323.44,492.21,342.63
471.48,290.59,538.77,271.35,552.52,319.41,485.23,338.65
470.66,290.33,539.28,270.66,553.34,319.67,484.72,339.34
462.86,285.98,532.88,266.01,547.14,316.02,477.12,335.99
456.70,282.22,525.37,262.73,539.30,311.78,470.63,331.27
448.87,277.95,518.90,258.03,533.13,308.05,463.10,327.97
441.85,274.01,511.85,253.99,526.15,303.99,456.15,324.01
434.81,270.11,504.77,249.92,519.19,299.89,449.23,320.08
433.94,269.89,505.25,249.17,520.06,300.11,448.75,320.83
425.90,265.99,497.17,245.10,512.10,296.01,440.83,316.90
413.69,264.45,483.49,243.70,498.31,293.55,428.51,314.30
406.65,260.57,476.38,239.62,491.35,289.43,421.62,310.38
400.45,256.94,468.77,236.26,483.55,285.06,415.23,305.74
393.47,252.89,461.82,232.29,476.53,281.11,408.18,301.71
394.32,253.05,461.39,233.05,475.68,280.95,408.61,300.95
387.42,248.78,454.61,229.22,468.58,277.22,401.39,296.78
377.24,251.98,443.16,232.94,456.76,280.02,390.84,299.06
370.24,247.97,436.16,228.94,449.76,276.03,383.84,295.06
364.54,249.44,431.90,230.45,445.46,278.56,378.10,297.55
359.63,251.19,427.11,232.62,440.37,280.81,372.89,299.38
345.76,248.06,414.51,228.83,428.24,277.94,359.49,297.17
346.55,248.42,413.92,229.46,427.45,277.58,360.08,296.54
341.60,250.28,409.03,231.56,422.40,279.72,354.97,298.44
335.62,252.20,403.09,233.61,416.38,281.80,348.91,300.39
332.47,259.35,398.68,241.36,411.53,288.65,345.32,306.64
333.36,259.32,398.42,242.21,410.64,288.68,345.58,305.79
329.47,266.04,394.65,249.41,406.53,295.96,341.35,312.59
330.33,266.07,394.34,250.21,405.67,295.93,341.66,311.79
331.42,270.84,395.53,255.37,406.58,301.16,342.47,316.63
327.44,276.80,391.56,261.40,402.56,307.20,338.44,322.60
330.57,286.49,394.82,271.62,405.43,317.51,341.18,332.38
330.88,291.04,396.47,276.11,407.12,322.96,341.53,337.89
331.91,295.95,397.54,281.18,408.09,328.05,342.46,342.82
331.94,295.88,397.59,281.23,408.06,328.12,342.41,342.77
328.24,307.43,395.25,292.71,405.76,340.57,338.75,355.29
329.19,312.54,396.16,297.63,406.81,345.46,339.84,360.37
330.94,317.88,396.59,303.23,407.06,350.12,341.41,364.77
338.13,321.45,403.94,307.54,413.87,354.55,348.06,368.46
339.20,326.29,405.07,312.66,414.80,359.71,348.93,373.34
339.25,326.16,405.17,312.76,414.75,359.84,348.83,373.24
339.44,330.96,406.62,317.05,416.56,365.04,349.38,378.95
346.32,335.02,412.28,321.86,421.68,368.98,355.72,382.14
348.08,340.31,412.76,327.48,421.92,373.69,357.24,386.52
353.17,339.11,417.93,326.64,426.83,372.89,362.07,385.36
354.32,343.79,419.18,331.88,427.68,378.21,362.82,390.12
354.46,343.49,419.41,332.11,427.54,378.51,362.59,389.89
354.53,343.34,419.54,332.23,427.47,378.66,362.46,389.77
354.46,343.48,419.43,332.12,427.54,378.52,362.57,389.88
359.54,342.32,424.55,331.24,432.46,377.68,367.45,388.76
360.27,342.62,424.02,331.84,431.73,377.38,367.98,388.16
361.02,342.88,423.54,332.46,430.98,377.12,368.46,387.54
361.05,342.81,423.60,332.52,430.95,377.19,368.40,387.48
360.35,342.47,424.14,331.96,431.65,377.53,367.86,388.04
365.52,341.12,429.42,331.24,436.48,376.88,372.58,386.76
366.36,341.19,429.08,332.01,435.64,376.81,372.92,385.99
366.47,340.99,429.24,332.18,435.53,377.01,372.76,385.82
366.19,336.25,427.76,327.78,433.81,371.75,372.24,380.22
371.38,334.89,433.04,327.08,438.62,371.11,376.96,378.92
371.59,334.52,433.32,327.39,438.41,371.48,376.68,378.61
372.37,334.64,432.94,328.09,437.63,371.36,377.06,377.91
372.41,334.59,432.99,328.14,437.59,371.41,377.01,377.86
371.41,329.57,432.00,323.15,436.59,366.43,376.00,372.85
371.50,329.41,432.12,323.29,436.50,366.59,375.88,372.71
370.91,328.94,432.76,322.88,437.09,367.06,375.24,373.12
370.98,328.83,432.84,322.98,437.02,367.17,375.16,373.02
371.75,323.99,432.44,318.66,436.25,362.01,375.56,367.34
371.29,323.30,433.24,318.44,436.71,362.70,374.76,367.56
366.28,323.32,428.23,318.43,431.72,362.68,369.77,367.57
366.91,318.72,427.65,313.90,431.09,357.28,370.35,362.10
367.57,319.04,427.13,314.42,430.43,356.96,370.87,361.58
366.99,318.59,427.74,314.01,431.01,357.41,370.26,361.99
366.99,313.59,427.75,309.02,431.01,352.41,370.25,356.98
361.99,313.58,422.75,309.02,426.01,352.42,365.25,356.98
357.02,313.54,417.78,309.06,420.98,352.46,360.22,356.94
357.14,308.34,417.93,304.24,420.86,347.66,360.07,351.76
356.59,307.80,418.62,303.90,421.41,348.20,359.38,352.10
351.62,307.77,413.64,303.93,416.38,348.23,354.36,352.07
346.62,307.76,408.65,303.93,411.38,348.24,349.35,352.07
347.27,303.13,408.08,299.43,410.73,342.87,349.92,346.57
342.35,303.01,403.17,299.54,405.65,342.99,344.83,346.46
337.99,303.37,397.63,300.03,400.01,342.63,340.37,345.97
338.01,303.34,397.65,300.06,399.99,342.66,340.35,345.94
338.07,303.25,397.72,300.14,399.93,342.75,340.28,345.86
333.62,303.72,392.09,300.52,394.38,342.28,335.91,345.48
334.17,304.18,391.48,300.88,393.83,341.82,336.52,345.12
334.12,304.24,391.43,300.82,393.88,341.76,336.57,345.18
334.06,304.34,391.36,300.74,393.94,341.66,336.64,345.26
333.44,304.01,391.88,300.25,394.56,341.99,336.12,345.75
333.50,303.91,391.95,300.34,394.50,342.09,336.05,345.66
329.07,304.32,386.37,300.75,388.93,341.68,331.63,345.25
328.48,303.94,386.93,300.31,389.52,342.06,331.07,345.69
328.54,303.84,387.00,300.40,389.46,342.16,331.00,345.60
323.48,303.95,381.92,300.31,384.52,342.05,326.08,345.69
328.52,303.87,386.98,300.38,389.48,342.13,331.02,345.62
322.90,303.51,382.52,299.90,385.10,342.49,325.48,346.10
323.49,303.93,381.94,300.32,384.51,342.07,326.06,345.68
323.42,304.03,381.86,300.23,384.58,341.97,326.14,345.77
322.77,303.73,382.36,299.71,385.23,342.27,325.64,346.29
322.74,303.77,382.33,299.67,385.26,342.23,325.67,346.33
322.09,303.42,382.87,299.17,385.91,342.58,325.13,346.83
317.03,303.53,377.79,299.07,380.97,342.47,320.21,346.93
317.55,304.08,377.10,299.39,380.45,341.92,320.90,346.61
318.71,304.92,375.93,300.21,379.29,341.08,322.07,345.79
319.86,305.66,374.85,301.06,378.14,340.34,323.15,344.94
320.44,306.00,374.35,301.50,377.56,340.00,323.65,344.50
320.44,305.99,374.35,301.50,377.56,340.01,323.65,344.50
319.80,305.77,374.77,300.97,378.20,340.23,323.23,345.03
320.45,305.98,374.36,301.51,377.55,340.02,323.64,344.49
323.97,305.48,378.99,301.23,382.03,340.52,327.01,344.77
323.33,305.23,379.43,300.69,382.67,340.77,326.57,345.31
323.30,305.28,379.39,300.65,382.70,340.72,326.61,345.35
322.71,304.91,379.93,300.22,383.29,341.09,326.07,345.78
322.81,304.75,380.06,300.36,383.19,341.25,325.94,345.64
322.81,304.75,380.05,300.36,383.19,341.25,325.95,345.64
322.73,304.88,379.95,300.24,383.27,341.12,326.05,345.76
328.10,305.26,383.15,301.42,385.90,340.74,330.85,344.58
328.29,304.96,383.38,301.69,385.71,341.04,330.62,344.31
327.82,304.44,384.02,301.42,386.18,341.56,329.98,344.58
328.49,304.65,383.60,301.98,385.51,341.35,330.40,344.02
328.60,300.48,383.73,298.14,385.40,337.52,330.27,339.86
323.58,296.50,378.72,294.12,380.42,333.50,325.28,335.88
328.11,295.98,384.36,293.84,385.89,334.02,329.64,336.16
328.17,290.89,384.43,288.93,385.83,329.11,329.57,331.07
328.23,290.81,384.49,289.01,385.77,329.19,329.51,330.99
323.70,291.33,378.84,289.28,380.30,328.67,325.16,330.72
324.29,282.64,378.36,280.74,379.71,319.36,325.64,321.26
320.85,278.98,373.85,277.16,375.15,315.02,322.15,316.84
316.92,274.86,369.94,273.27,371.08,311.14,318.06,312.73
313.02,270.72,366.04,269.41,366.98,307.28,313.96,308.59
312.54,270.26,366.63,269.11,367.46,307.74,313.37,308.89
309.14,266.54,362.17,265.58,362.86,303.46,309.83,304.42
305.22,262.42,358.26,261.70,358.78,299.58,305.74,300.30
300.81,257.87,354.91,257.48,355.19,296.13,301.09,296.52
296.96,253.67,351.06,253.69,351.04,292.33,296.94,292.31
293.10,249.47,347.20,249.89,346.90,288.53,292.80,288.11
292.65,248.95,347.83,249.63,347.35,289.05,292.17,288.37
289.28,245.22,343.37,246.14,342.72,284.78,288.63,283.86
285.34,241.14,339.43,242.22,338.66,280.86,284.57,279.78
279.90,240.62,335.06,241.97,334.10,281.38,278.94,280.03
275.93,235.59,331.09,237.01,330.07,276.41,274.91,274.99
270.94,235.57,326.11,237.03,325.06,276.43,269.89,274.97
275.50,235.03,331.76,236.79,330.50,276.97,274.24,275.21
265.99,229.55,323.37,231.46,322.01,272.45,264.63,270.54
261.00,229.54,318.38,231.48,317.00,272.46,259.62,270.52
256.11,229.40,313.47,231.62,311.89,272.60,254.53,270.38
251.18,224.31,308.54,226.72,306.82,267.69,249.46,265.28
246.31,224.15,303.65,226.89,301.69,267.85,244.35,265.11
246.41,224.01,303.75,227.04,301.59,267.99,244.25,264.96
242.11,224.25,298.29,227.61,295.89,267.75,239.71,264.39
239.29,224.92,293.27,228.52,290.71,267.08,236.73,263.48
235.35,229.67,287.23,233.28,284.65,270.33,232.77,266.72
235.91,229.98,286.75,233.70,284.09,270.02,233.25,266.30
232.99,234.59,281.83,238.53,279.01,273.41,230.17,269.47
233.06,234.50,281.89,238.63,278.94,273.50,230.11,269.37
232.68,238.02,282.47,242.42,279.32,277.98,229.53,273.58
229.64,242.73,277.48,247.10,274.36,281.27,226.52,276.90
229.72,246.63,277.55,251.21,274.28,285.37,226.45,280.79
233.26,250.27,282.04,254.89,278.74,289.73,229.96,285.11
232.74,258.62,280.56,263.23,277.26,297.38,229.44,292.77
232.77,258.58,280.58,263.27,277.23,297.42,229.42,292.73
236.93,262.39,284.70,267.49,281.07,301.61,233.30,296.51
239.96,270.36,287.72,275.52,284.04,309.64,236.28,304.48
243.06,278.25,290.80,283.65,286.94,317.75,239.20,312.35
249.65,286.83,298.33,292.40,294.35,327.17,245.67,321.60
256.18,295.45,305.84,301.08,301.82,336.55,252.16,330.92
256.18,295.45,305.84,301.07,301.82,336.55,252.16,330.93
260.13,300.18,307.84,305.74,303.87,339.82,256.16,334.26
267.00,309.32,314.75,314.58,311.00,348.68,263.25,343.42
267.04,309.27,314.78,314.63,310.96,348.73,263.22,343.37
270.58,312.90,319.28,318.31,315.42,353.10,266.72,347.69
274.00,317.65,323.71,322.85,320.00,358.35,270.29,353.15
273.88,317.78,323.62,322.69,320.12,358.22,270.38,353.31
273.21,321.63,323.99,326.10,320.79,362.37,270.01,357.90
273.52,322.21,323.34,326.20,320.48,361.79,270.66,357.80
269.43,318.31,319.27,322.09,316.57,357.69,266.73,353.91
260.88,317.01,311.73,320.67,309.12,356.99,258.27,353.33
252.88,316.02,303.73,319.66,301.12,355.98,250.27,352.34
252.87,316.03,303.72,319.65,301.13,355.97,250.28,352.35
249.33,312.43,299.19,315.96,296.67,351.57,246.81,348.04
241.83,311.77,290.71,315.32,288.17,350.23,239.29,346.68
234.87,311.35,281.82,315.11,279.13,348.65,232.18,344.89
230.85,307.37,277.80,311.09,275.15,344.63,228.20,340.91
222.99,306.21,269.91,310.27,267.01,343.79,220.09,339.73
223.95,306.82,269.03,310.99,266.05,343.18,220.97,339.01
217.08,305.66,262.13,310.16,258.92,342.34,213.87,337.84
213.15,301.02,260.04,305.49,256.85,338.98,209.96,334.51
204.32,299.19,253.09,303.97,249.68,338.81,200.91,334.03
195.91,297.75,245.64,302.73,242.09,338.25,192.36,333.27
191.44,297.36,242.17,302.41,238.56,338.64,187.83,333.59
191.89,297.78,241.63,302.70,238.11,338.22,188.37,333.30
179.58,296.20,230.27,301.59,226.42,337.80,175.73,332.41
175.17,295.72,226.86,301.35,222.83,338.28,171.14,332.65
167.57,291.21,218.27,296.58,214.43,332.79,163.73,327.42
160.42,291.08,209.17,296.10,205.58,330.92,156.83,325.90
152.42,290.08,201.16,295.10,197.58,329.92,148.84,324.90
152.84,290.50,200.63,295.37,197.16,329.50,149.37,324.63
144.90,289.43,192.68,294.44,189.10,328.57,141.32,323.56
141.28,289.88,188.13,294.66,184.72,328.12,137.87,323.34
137.15,290.03,184.03,294.48,180.85,327.97,133.97,323.52
133.12,293.06,180.01,297.44,176.88,330.94,129.99,326.56
133.42,293.58,179.43,297.57,176.58,330.42,130.57,326.43
133.33,293.69,179.35,297.44,176.67,330.31,130.65,326.56
140.25,297.78,186.29,301.34,183.75,334.22,137.71,330.66
146.50,304.89,194.37,308.92,191.50,343.11,143.63,339.08
154.05,305.51,202.88,309.61,199.95,344.49,151.12,340.39
180.33,316.46,229.97,328.08,221.67,363.54,172.03,351.92
191.42,323.39,241.01,335.19,232.58,370.61,182.99,358.81
196.13,325.38,243.84,336.54,235.87,370.62,188.16,359.46
207.14,332.37,254.85,343.55,246.86,377.63,199.15,366.45
217.75,338.91,266.41,350.33,258.25,385.09,209.59,373.67
229.56,342.08,278.31,353.10,270.44,387.92,221.69,376.90
236.08,347.69,285.84,358.77,277.92,394.31,228.16,383.23
240.66,349.80,288.60,359.96,281.34,394.20,233.40,384.04
240.85,350.43,287.94,359.94,281.15,393.57,234.06,384.06
244.23,355.86,290.40,365.16,283.77,398.14,237.60,388.84
248.07,357.01,294.31,365.96,287.93,398.99,241.69,390.04
252.26,358.62,297.68,366.94,291.74,399.38,246.32,391.06
255.97,359.90,301.51,367.57,296.03,400.10,250.49,392.43
262.46,364.62,308.94,372.18,303.54,405.38,257.06,397.82
269.71,366.16,315.34,373.24,310.29,405.84,264.66,398.76
270.00,366.67,314.77,373.35,310.00,405.33,265.23,398.65
280.50,368.39,326.20,374.96,321.50,407.61,275.80,401.04
290.95,373.15,337.61,379.52,333.05,412.85,286.39,406.48
301.86,375.24,348.55,381.41,344.14,414.76,297.45,408.59
309.17,380.74,354.98,386.54,350.83,419.26,305.02,413.46
316.37,382.35,361.34,387.53,357.63,419.65,312.66,414.47
320.26,382.46,365.26,387.40,361.74,419.54,316.74,414.60
327.10,386.64,372.14,391.18,368.90,423.36,323.86,418.82
333.58,391.39,379.55,395.78,376.42,428.61,330.45,424.22
341.06,392.13,387.97,396.37,384.94,429.87,338.03,425.63
345.37,392.64,391.38,396.50,388.63,429.36,342.62,425.50
352.68,394.14,397.81,397.62,395.32,429.86,350.19,426.38
352.59,394.24,397.74,397.51,395.41,429.76,350.26,426.49
359.52,398.33,404.68,401.41,402.48,433.67,357.32,430.59
366.54,399.31,411.70,402.43,409.46,434.69,364.30,431.57
377.08,399.99,423.15,403.10,420.92,436.01,374.85,432.90
383.49,403.81,430.51,406.61,428.51,440.19,381.49,437.39
391.74,404.41,437.86,406.65,436.26,439.59,390.14,437.35
391.58,404.61,437.72,406.43,436.42,439.39,390.28,437.57
399.05,408.37,446.12,410.01,444.95,443.63,397.88,441.99
406.56,408.05,454.58,409.65,453.44,443.95,405.42,442.35
418.56,412.07,466.57,413.64,465.44,447.93,417.43,446.36
426.01,411.81,474.99,413.20,473.99,448.19,425.01,446.80
437.98,415.84,486.97,417.17,486.02,452.16,437.03,450.83
437.97,415.86,486.96,417.16,486.03,452.14,437.04,450.84
449.97,415.86,498.96,417.16,498.03,452.14,449.04,450.84
457.40,419.62,507.37,420.69,506.60,456.38,456.63,455.31
465.81,420.08,514.80,420.93,514.19,455.92,465.20,455.07
473.85,420.03,522.84,420.98,522.15,455.97,473.16,455.02
477.80,420.09,526.79,420.92,526.20,455.91,477.21,455.08
477.77,420.13,526.76,420.87,526.23,455.87,477.24,455.13
485.82,420.06,534.82,420.95,534.18,455.94,485.18,455.05
493.62,420.33,542.62,420.67,542.38,455.67,493.38,455.33
505.03,420.12,555.01,420.18,554.97,455.88,504.99,455.82
516.44,419.90,567.42,419.69,567.56,456.10,516.58,456.31
528.86,419.62,580.86,419.23,581.14,456.38,529.14,456.77
528.28,419.33,581.32,418.78,581.72,456.67,528.68,457.22
540.68,419.06,594.78,418.30,595.32,456.94,541.22,457.70
553.51,418.39,609.79,417.41,610.49,457.61,554.21,458.59
567.44,418.49,623.71,417.31,624.56,457.51,568.29,458.69
576.94,413.97,632.10,412.62,633.06,452.03,577.90,453.38
590.26,413.76,646.52,412.06,647.74,452.24,591.48,453.94
590.21,413.84,646.46,411.97,647.79,452.16,591.54,454.03
598.54,413.60,655.91,411.42,657.46,452.40,600.09,454.58
612.70,409.33,667.84,407.28,669.30,446.67,614.16,448.72
617.17,409.82,671.22,407.57,672.83,446.18,618.78,448.43
621.02,409.13,677.25,406.70,678.98,446.87,622.75,449.30
620.99,404.16,677.23,401.67,679.01,441.84,622.77,444.33
620.44,403.75,677.79,401.28,679.56,442.25,622.21,444.72
621.02,404.13,677.25,401.70,678.98,441.87,622.75,444.30
621.08,399.03,677.32,396.79,678.92,436.97,622.68,439.21
616.60,399.48,671.73,397.14,673.40,436.52,618.27,438.86
615.97,399.20,672.20,396.64,674.03,436.80,617.80,439.36
610.86,399.38,667.07,396.47,669.14,436.62,612.93,439.53
611.35,399.86,666.45,396.78,668.65,436.14,613.55,439.22
606.32,395.92,661.41,392.73,663.68,432.08,608.59,435.27
605.73,395.58,661.92,392.29,664.27,432.42,608.08,435.71
600.76,391.53,656.96,388.33,659.24,428.47,603.04,431.67
595.21,391.10,652.54,387.95,654.79,428.90,597.46,432.05
589.63,390.71,648.10,387.53,650.37,429.29,591.90,432.47
590.81,391.45,647.01,388.40,649.19,428.55,592.99,431.60
585.77,391.51,641.97,388.35,644.23,428.49,588.03,431.65
581.34,387.88,636.44,384.77,638.66,424.12,583.56,427.23
575.78,387.50,631.98,384.36,634.22,424.50,578.02,427.64
570.77,387.52,626.96,384.34,629.23,424.48,573.04,427.66
565.11,387.26,622.42,383.81,624.89,424.74,567.58,428.19
565.06,387.35,622.35,383.72,624.94,424.65,567.65,428.28
565.65,387.70,621.83,384.17,624.35,424.30,568.17,427.83
560.71,383.60,616.90,380.26,619.29,420.40,563.10,423.74
557.32,383.91,612.42,380.74,614.68,420.09,559.58,423.26
553.91,384.23,607.92,381.19,610.09,419.77,556.08,422.81
552.79,383.48,608.99,380.38,611.21,420.52,555.01,423.62
552.81,383.46,609.01,380.40,611.19,420.54,554.99,423.60
547.85,383.39,604.06,380.46,606.15,420.61,549.94,423.54
542.86,383.38,599.07,380.47,601.14,420.62,544.93,423.53
542.86,383.37,599.07,380.48,601.14,420.63,544.93,423.52
538.47,379.67,593.59,376.96,595.53,416.33,540.41,419.04
538.55,379.55,593.68,377.07,595.45,416.45,540.32,418.93
539.18,379.81,593.23,377.58,594.82,416.19,540.77,418.42
535.67,380.24,588.66,377.91,590.33,415.76,537.34,418.09
535.25,379.69,589.32,377.69,590.75,416.31,536.68,418.31
534.14,378.95,590.38,376.88,591.86,417.05,535.62,419.12
529.69,379.34,584.84,377.27,586.31,416.66,531.16,418.73
529.66,379.38,584.80,377.23,586.34,416.62,531.20,418.77
529.64,379.42,584.78,377.20,586.36,416.58,531.22,418.80
529.59,379.49,584.72,377.13,586.41,416.51,531.28,418.87
529.59,379.50,584.72,377.12,586.41,416.50,531.28,418.88
529.61,379.46,584.74,377.16,586.39,416.54,531.26,418.84
529.62,379.44,584.76,377.18,586.38,416.56,531.24,418.82
534.03,383.11,590.26,380.72,591.97,420.89,535.74,423.28
534.01,383.15,590.24,380.69,591.99,420.85,535.76,423.31
533.97,383.20,590.20,380.64,592.03,420.80,535.80,423.36
533.98,383.19,590.21,380.65,592.02,420.81,535.79,423.35
539.55,383.55,594.68,381.07,596.45,420.45,541.32,422.93
539.57,383.52,594.70,381.11,596.43,420.48,541.30,422.89
544.57,383.52,599.70,381.10,601.43,420.48,546.30,422.90
544.58,383.51,599.71,381.11,601.42,420.49,546.29,422.89
549.19,383.79,603.25,381.60,604.81,420.21,550.75,422.40
553.63,383.43,608.76,381.18,610.37,420.57,555.24,422.82
562.12,382.98,618.36,380.85,619.88,421.02,563.64,423.15
567.71,383.31,622.85,381.30,624.29,420.69,569.15,422.70
572.73,383.29,627.87,381.32,629.27,420.71,574.13,422.68
572.74,383.27,627.89,381.34,629.26,420.73,574.11,422.66
581.12,382.97,637.37,380.85,638.88,421.03,582.63,423.15
585.81,378.16,640.96,376.44,642.19,415.84,587.04,417.56
595.37,378.52,649.45,376.86,650.63,415.48,596.55,417.14
604.95,378.82,657.97,377.31,659.05,415.18,606.03,416.69
613.49,379.16,665.47,377.71,666.51,414.84,614.53,416.29
613.50,379.14,665.48,377.73,666.50,414.86,614.52,416.27
622.10,375.38,673.07,374.22,673.90,410.62,622.93,411.78
625.60,375.01,677.58,373.86,678.40,410.99,626.42,412.14
634.08,375.42,685.04,374.18,685.92,410.58,634.96,411.82
637.49,375.17,689.46,373.70,690.51,410.83,638.54,412.30
642.00,371.53,692.96,370.07,694.00,406.47,643.04,407.93
641.48,371.17,693.46,369.70,694.52,406.83,642.54,408.30
645.52,367.11,697.51,365.76,698.48,402.89,646.49,404.24
645.50,367.14,697.48,365.73,698.50,402.86,646.52,404.27
648.93,362.86,701.94,361.28,703.07,399.14,650.06,400.72
653.46,363.22,705.43,361.66,706.54,398.78,654.57,400.34
652.34,358.56,706.41,356.82,707.66,395.44,653.59,397.18
652.30,358.62,706.37,356.76,707.70,395.38,653.63,397.24
656.33,358.58,710.40,356.80,711.67,395.42,657.60,397.20
656.91,354.89,709.92,353.25,711.09,391.11,658.08,392.75
656.91,354.89,709.92,353.24,711.09,391.11,658.08,392.76
656.33,350.58,710.40,348.80,711.67,387.42,657.60,389.20
655.14,349.94,711.39,347.89,712.86,388.06,656.61,390.11
655.10,350.01,711.34,347.82,712.90,387.99,656.66,390.18
650.67,346.37,705.81,344.25,707.33,383.63,652.19,385.75
651.25,346.70,705.31,344.68,706.75,383.30,652.69,385.32
646.29,342.64,700.36,340.74,701.71,379.36,647.64,381.26
645.22,341.81,701.48,340.00,702.78,380.19,646.52,382.00
640.30,341.70,696.57,340.12,697.70,380.30,641.43,381.88
640.37,341.59,696.64,340.21,697.63,380.41,641.36,381.79
635.93,337.98,691.10,336.62,692.07,376.02,636.90,377.38
632.46,338.39,686.54,336.98,687.54,375.61,633.46,377.02
628.42,338.45,682.49,336.92,683.58,375.55,629.51,377.08
624.95,334.83,677.96,333.30,679.05,371.17,626.04,372.70
620.90,334.90,673.91,333.24,675.10,371.10,622.09,372.76
620.32,334.59,674.39,332.79,675.68,371.41,621.61,373.21
614.75,330.25,669.90,328.36,671.25,367.75,616.10,369.64
615.29,330.63,669.36,328.75,670.71,367.37,616.64,369.25
615.83,331.00,668.84,329.14,670.17,367.00,617.16,368.86
615.85,330.97,668.86,329.17,670.15,367.03,617.14,368.83
615.33,326.57,669.41,324.81,670.67,363.43,616.59,365.19
615.35,326.54,669.43,324.83,670.65,363.46,616.57,365.17
615.94,326.84,668.96,325.29,670.06,363.16,617.04,364.71
615.37,326.52,669.44,324.86,670.63,363.48,616.56,365.14
615.36,326.54,669.43,324.84,670.64,363.46,616.57,365.16
619.81,326.16,674.97,324.45,676.19,363.84,621.03,365.55
620.32,326.59,674.39,324.79,675.68,363.41,621.61,365.21
620.29,326.63,674.36,324.75,675.71,363.37,621.64,365.25
624.79,326.19,679.95,324.42,681.21,363.81,626.05,365.58
624.80,326.18,679.95,324.42,681.20,363.82,626.05,365.58
625.35,326.54,679.43,324.83,680.65,363.46,626.57,365.17
629.36,326.54,683.43,324.84,684.64,363.46,630.57,365.16
629.88,326.94,682.89,325.20,684.13,363.06,631.11,364.80
629.86,326.96,682.86,325.17,684.14,363.04,631.14,364.83
629.82,327.02,682.83,325.12,684.18,362.98,631.17,364.88
629.29,326.64,683.35,324.74,684.71,363.36,630.65,365.26
629.27,322.67,683.34,320.72,684.73,359.33,630.66,361.28
629.25,322.70,683.31,320.69,684.75,359.30,630.69,361.31
629.29,318.64,683.36,316.74,684.71,355.36,630.64,357.26
629.32,318.60,683.39,316.78,684.68,355.40,630.61,357.22
629.36,318.53,683.43,316.84,684.64,355.47,630.57,357.16
629.91,314.89,682.92,313.24,684.09,351.11,631.08,352.76
629.93,314.85,682.94,313.28,684.07,351.15,631.06,352.72
