1
507.000000,194.000000,56.000000,32.000000
501.000000,194.000000,56.000000,32.000000
485.000000,195.000000,56.000000,32.000000
484.000000,192.000000,56.000000,32.000000
462.000000,197.000000,56.000000,32.000000
462.000000,195.000000,56.000000,32.000000
473.000000,206.500000,54.000000,31.000000
473.000000,209.500000,54.000000,31.000000
469.000000,211.500000,54.000000,31.000000
2
0
0
0
0
1
335.670013,160.429993,63.000000,59.000000
328.170013,158.429993,62.000000,57.000000
316.170013,154.429993,62.000000,57.000000
323.170013,145.429993,62.000000,57.000000
311.670013,150.929993,61.000000,56.000000
302.670013,145.929993,61.000000,56.000000
318.670013,147.929993,61.000000,56.000000
302.170013,154.429993,62.000000,57.000000
297.170013,159.429993,62.000000,57.000000
304.670013,162.929993,61.000000,56.000000
2
0
0
0
0
1
195.500000,169.500000,61.000000,27.000000
184.500000,173.500000,61.000000,27.000000
209.000000,172.500000,58.000000,25.000000
207.000000,175.500000,58.000000,25.000000
205.000000,181.500000,58.000000,25.000000
197.500000,181.500000,57.000000,25.000000
2
0
0
0
0
1
132.500000,173.500000,47.000000,39.000000
136.500000,176.500000,47.000000,39.000000
140.000000,181.000000,46.000000,38.000000
142.000000,183.000000,46.000000,38.000000
145.000000,187.000000,46.000000,38.000000
148.000000,190.000000,46.000000,38.000000
150.500000,191.500000,45.000000,37.000000
152.500000,193.500000,45.000000,37.000000
156.500000,197.500000,45.000000,37.000000
157.500000,200.500000,45.000000,37.000000
161.500000,206.500000,45.000000,37.000000
2
0
0
0
0
1
171.500000,177.000000,33.000000,34.000000
172.500000,177.000000,33.000000,34.000000
174.000000,176.500000,32.000000,33.000000
176.000000,180.500000,32.000000,33.000000
173.500000,179.000000,33.000000,34.000000
176.000000,180.500000,32.000000,33.000000
179.000000,179.500000,32.000000,33.000000
181.500000,181.000000,33.000000,34.000000
187.000000,184.500000,32.000000,33.000000
191.500000,187.000000,31.000000,32.000000
192.000000,187.500000,32.000000,33.000000
195.500000,188.000000,31.000000,32.000000
194.000000,183.500000,32.000000,33.000000
197.000000,182.500000,32.000000,33.000000
192.000000,180.500000,32.000000,33.000000
197.500000,184.000000,31.000000,32.000000
200.500000,185.000000,31.000000,32.000000
204.500000,188.000000,31.000000,32.000000
206.500000,189.000000,31.000000,32.000000
208.500000,190.000000,31.000000,32.000000
209.500000,193.000000,31.000000,32.000000
213.500000,195.000000,31.000000,32.000000
216.500000,197.000000,31.000000,32.000000
204.500000,196.000000,31.000000,32.000000
2
0
0
0
0
1
236.630005,223.559998,52.000000,44.000000
239.630005,224.559998,52.000000,44.000000
243.630005,226.559998,52.000000,44.000000
250.130005,227.059998,53.000000,45.000000
254.130005,229.059998,53.000000,45.000000
262.630005,232.559998,54.000000,46.000000
253.630005,232.559998,54.000000,46.000000
252.630005,235.559998,54.000000,46.000000
252.630005,238.559998,54.000000,46.000000
247.630005,242.559998,54.000000,46.000000
246.130005,249.559998,57.000000,48.000000
244.630005,251.059998,58.000000,49.000000
246.630005,258.059998,58.000000,49.000000
247.630005,265.059998,58.000000,49.000000
249.630005,266.059998,58.000000,49.000000
250.630005,267.059998,58.000000,49.000000
252.630005,268.059998,58.000000,49.000000
253.630005,270.059998,58.000000,49.000000
254.130005,269.559998,57.000000,48.000000
258.130005,272.059998,55.000000,47.000000
259.630005,273.559998,54.000000,46.000000
257.630005,274.559998,54.000000,46.000000
258.130005,277.059998,55.000000,47.000000
258.130005,278.059998,55.000000,47.000000
258.130005,278.059998,55.000000,47.000000
256.130005,276.559998,57.000000,48.000000
253.130005,274.559998,57.000000,48.000000
252.130005,275.059998,55.000000,47.000000
252.130005,278.059998,55.000000,47.000000
252.630005,280.559998,54.000000,46.000000
252.130005,284.059998,53.000000,45.000000
249.630005,287.559998,54.000000,46.000000
247.630005,288.559998,54.000000,46.000000
248.130005,293.059998,53.000000,45.000000
248.130005,296.059998,53.000000,45.000000
248.130005,298.059998,53.000000,45.000000
248.130005,302.059998,53.000000,45.000000
245.130005,305.059998,53.000000,45.000000
243.630005,308.559998,54.000000,46.000000
241.630005,312.559998,54.000000,46.000000
235.130005,308.059998,53.000000,45.000000
235.130005,310.059998,53.000000,45.000000
235.630005,313.559998,52.000000,44.000000
233.630005,314.559998,52.000000,44.000000
233.630005,316.559998,52.000000,44.000000
233.630005,321.559998,52.000000,44.000000
232.630005,329.559998,52.000000,44.000000
231.630005,332.559998,52.000000,44.000000
232.630005,339.559998,52.000000,44.000000
232.130005,344.559998,51.000000,44.000000
231.630005,345.559998,52.000000,44.000000
230.630005,349.559998,52.000000,44.000000
229.630005,355.559998,52.000000,44.000000
232.130005,354.559998,51.000000,44.000000
229.130005,355.559998,51.000000,44.000000
227.130005,354.559998,51.000000,44.000000
226.130005,352.559998,51.000000,44.000000
224.630005,349.059998,50.000000,43.000000
224.630005,347.059998,50.000000,43.000000
223.630005,346.059998,50.000000,43.000000
223.130005,344.559998,49.000000,42.000000
223.130005,344.559998,49.000000,42.000000
222.130005,345.559998,49.000000,42.000000
229.130005,348.559998,49.000000,42.000000
227.630005,348.059998,50.000000,43.000000
220.630005,342.059998,50.000000,43.000000
218.630005,341.059998,50.000000,43.000000
