1
491.000000,401.000000,46.000000,45.000000
496.000000,389.000000,46.000000,45.000000
496.000000,377.000000,47.000000,46.000000
495.000000,370.000000,49.000000,48.000000
497.000000,366.000000,48.000000,47.000000
498.000000,364.000000,48.000000,47.000000
499.000000,367.000000,46.000000,45.000000
499.000000,374.000000,46.000000,45.000000
500.000000,379.000000,47.000000,46.000000
501.000000,389.000000,47.000000,46.000000
504.000000,405.000000,46.000000,45.000000
506.000000,423.000000,46.000000,45.000000
509.000000,420.000000,47.000000,46.000000
508.000000,397.000000,46.000000,45.000000
506.000000,370.000000,47.000000,46.000000
504.000000,352.000000,47.000000,46.000000
506.000000,334.000000,47.000000,46.000000
508.000000,321.000000,48.000000,47.000000
509.000000,309.000000,49.000000,48.000000
502.000000,300.000000,50.000000,49.000000
506.000000,297.000000,48.000000,47.000000
508.000000,294.000000,46.000000,45.000000
506.000000,297.000000,46.000000,45.000000
509.000000,301.000000,46.000000,45.000000
510.000000,313.000000,46.000000,45.000000
510.000000,321.000000,48.000000,47.000000
506.000000,334.000000,48.000000,47.000000
509.000000,350.000000,48.000000,47.000000
511.000000,371.000000,51.000000,50.000000
510.000000,395.000000,49.000000,48.000000
512.000000,425.000000,52.000000,51.000000
515.000000,431.000000,48.000000,47.000000
518.000000,406.000000,53.000000,52.000000
518.000000,381.000000,53.000000,52.000000
520.000000,368.000000,52.000000,51.000000
523.000000,352.000000,50.000000,49.000000
524.000000,340.000000,49.000000,48.000000
526.000000,331.000000,49.000000,48.000000
530.000000,326.000000,49.000000,48.000000
532.000000,323.000000,50.000000,49.000000
533.000000,323.000000,49.000000,48.000000
536.000000,328.000000,49.000000,48.000000
546.000000,337.000000,46.000000,45.000000
547.000000,344.000000,49.000000,48.000000
546.000000,357.000000,47.000000,46.000000
553.000000,375.000000,46.000000,45.000000
557.000000,392.000000,48.000000,47.000000
553.000000,375.000000,45.000000,44.000000
542.000000,354.000000,49.000000,48.000000
534.000000,322.000000,51.000000,50.000000
531.000000,303.000000,51.000000,50.000000
524.000000,278.000000,51.000000,50.000000
517.000000,268.000000,51.000000,50.000000
506.000000,255.000000,50.000000,49.000000
503.000000,246.000000,50.000000,49.000000
492.000000,240.000000,48.000000,47.000000
485.000000,235.000000,50.000000,49.000000
479.000000,234.000000,47.000000,46.000000
476.000000,239.000000,47.000000,46.000000
467.000000,246.000000,47.000000,46.000000
458.000000,254.000000,47.000000,46.000000
454.000000,271.000000,44.000000,43.000000
446.000000,286.000000,45.000000,44.000000
439.000000,311.000000,45.000000,44.000000
435.000000,335.000000,44.000000,44.000000
425.000000,362.000000,45.000000,44.000000
417.000000,377.000000,46.000000,45.000000
411.000000,376.000000,46.000000,45.000000
411.000000,365.000000,46.000000,45.000000
409.000000,351.000000,46.000000,45.000000
403.000000,343.000000,48.000000,47.000000
401.000000,338.000000,48.000000,47.000000
401.000000,336.000000,46.000000,45.000000
399.000000,339.000000,47.000000,46.000000
394.000000,340.000000,47.000000,46.000000
395.000000,348.000000,48.000000,47.000000
388.000000,357.000000,48.000000,47.000000
391.000000,373.000000,47.000000,46.000000
386.000000,390.000000,46.000000,45.000000
382.000000,410.000000,48.000000,47.000000
381.000000,431.000000,48.000000,47.000000
381.000000,455.000000,48.000000,47.000000
383.000000,443.000000,48.000000,47.000000
382.000000,424.000000,48.000000,47.000000
385.000000,406.000000,50.000000,49.000000
388.000000,390.000000,49.000000,48.000000
385.000000,381.000000,48.000000,47.000000
387.000000,374.000000,44.000000,43.000000
384.000000,365.000000,49.000000,48.000000
387.000000,366.000000,48.000000,47.000000
387.000000,365.000000,46.000000,45.000000
396.000000,375.000000,46.000000,45.000000
393.000000,378.000000,47.000000,46.000000
393.000000,390.000000,47.000000,46.000000
394.000000,405.000000,44.000000,43.000000
393.000000,419.000000,47.000000,46.000000
397.000000,439.000000,45.000000,44.000000
401.000000,456.000000,44.000000,43.000000
405.000000,433.000000,45.000000,44.000000
409.000000,413.000000,44.000000,43.000000
410.000000,386.000000,48.000000,47.000000
420.000000,371.000000,46.000000,45.000000
428.000000,358.000000,43.000000,42.000000
434.000000,347.000000,45.000000,44.000000
