1
627.619995,276.765015,152.759995,94.470001
628.001892,277.001190,151.996201,93.997650
635.283997,276.531189,153.516159,94.937630
634.900208,276.293854,154.283737,95.412315
636.057373,277.009430,151.969482,93.981133
644.015259,277.009430,151.969482,93.981133
643.635315,276.774475,152.729340,94.451035
643.635315,284.774475,152.729340,94.451035
642.871704,284.302216,154.256622,95.395546
641.714783,283.586761,156.570480,96.826477
642.106201,283.828827,155.787628,96.342346
642.106201,283.828827,155.787628,96.342346
640.937805,283.106262,158.124435,97.787483
640.937805,283.106262,158.124435,97.787483
640.937805,283.106262,158.124435,97.787483
648.879333,282.861786,158.915054,98.276421
647.687439,290.587860,161.298782,99.750565
647.284180,290.338501,162.105286,100.249321
648.094727,290.839752,160.484222,99.246826
657.593079,291.584106,158.076965,97.758125
657.197876,291.339691,158.867355,98.246910
658.389404,292.076538,156.484344,96.773209
657.998169,300.087250,157.266754,97.257072
656.818726,299.357819,159.625763,98.715935
658.015869,300.098206,157.231369,97.235191
657.622803,299.855103,158.017532,97.721367
657.622803,299.855103,158.017532,97.721367
657.227783,299.610809,158.807617,98.209976
656.036682,298.874237,161.189728,99.683128
656.842651,299.372650,159.577835,98.686295
656.044800,307.342377,161.173615,99.673157
655.641846,307.093201,161.979477,100.171524
654.831909,306.592316,163.599274,101.173241
655.649963,307.098206,161.963287,100.161507
654.840149,306.597382,163.582916,101.163124
653.613220,305.838654,166.036667,102.680565
654.443420,306.352081,164.376297,101.653763
653.210632,305.589661,166.841934,103.178566
651.959290,304.815826,169.344574,104.726250
644.006042,305.339447,167.651123,103.678986
643.167786,304.821075,169.327637,104.715775
642.321106,304.297485,171.020905,105.762932
641.893555,304.033081,171.876022,106.291748
640.604492,303.235901,174.454163,107.886124
639.296082,302.426727,177.070969,109.504417
638.853394,302.152985,177.956329,110.051933
629.506042,302.152985,177.956329,110.051933
629.950928,302.428101,177.066544,109.501678
629.508301,302.154358,177.951874,110.049187
629.508301,302.154358,177.951874,110.049187
629.953125,302.429474,177.062119,109.498940
629.510498,302.155731,177.947418,110.046432
629.065613,301.880615,178.837158,110.596664
628.618530,301.604126,179.731354,111.149651
627.270569,300.770508,182.427322,112.816895
627.270569,300.770508,182.427322,112.816895
627.270569,300.770508,182.427322,112.816895
626.814453,300.488464,183.339462,113.380981
627.272827,300.771912,182.422760,112.814072
628.640991,301.618011,179.686417,111.121864
629.090210,301.895813,178.787979,110.566254
628.643250,301.619415,179.681931,111.119087
628.643250,301.619415,179.681931,111.119087
627.744812,301.063812,181.478745,112.230278
627.291138,300.783234,182.386139,112.791428
626.835205,300.501251,183.298065,113.355385
627.293396,300.784637,182.381577,112.788605
635.651855,299.938721,185.117294,114.480438
634.263489,299.080139,187.894058,116.197639
635.202942,299.661102,186.015121,115.035667
636.598083,300.523895,183.224899,113.310135
635.223877,299.674042,185.973267,115.009781
634.758972,299.386536,186.903137,115.584831
633.357178,298.519653,189.706680,117.318604
631.934387,297.639771,192.552277,119.078384
631.453003,297.342072,193.515045,119.673775
630.969238,297.042877,194.482620,120.272148
630.969238,297.042877,194.482620,120.272148
630.969238,297.042877,194.482620,120.272148
630.969238,297.042877,194.482620,120.272148
640.756714,296.742188,195.455032,120.873505
640.756714,296.742188,195.455032,120.873505
640.756714,296.742188,195.455032,120.873505
639.290771,306.235657,198.386856,122.686607
638.794800,305.928925,199.378784,123.300041
638.296387,305.620667,200.375687,123.916542
636.793579,304.691315,203.381317,125.775291
635.268188,303.747986,206.432037,127.661919
635.268188,303.747986,206.432037,127.661919
634.752136,303.428833,207.464203,128.300232
634.233459,303.108093,208.501526,128.941727
635.797241,304.075134,205.373993,127.007607
636.310669,304.392670,204.347122,126.372566
634.778015,303.444885,207.412338,128.268158
633.222473,302.482849,210.523514,130.192169
634.801392,303.459290,207.365662,128.239288
633.246155,302.497498,210.476151,130.162888
632.193726,301.846680,212.580917,131.464508
633.256653,302.504028,210.455109,130.149872
634.308960,303.154755,208.350555,128.848373
632.746277,302.188416,211.475815,130.781097
631.160217,301.207550,214.647949,132.742813
631.696838,301.539398,213.574707,132.079102
630.628967,300.878998,215.710449,133.399887
629.550415,300.212006,217.867554,134.733887
629.550415,300.212006,217.867554,134.733887
629.550415,300.212006,217.867554,134.733887
629.550415,300.212006,217.867554,134.733887
629.550415,300.212006,217.867554,134.733887
628.461121,299.538330,220.046234,136.081223
627.360840,298.857941,222.246704,137.442032
627.916504,299.201538,221.135468,136.754822
629.575012,300.227203,217.818436,134.703506
627.941345,299.216919,221.085709,136.724060
615.088562,298.533295,223.296570,138.091293
613.972046,297.842834,225.529526,139.472214
612.280579,296.796814,228.912476,141.564301
613.997437,297.858521,225.478790,139.440826
613.997437,297.858521,225.478790,139.440826
615.124817,298.555725,223.223999,138.046417
613.450684,297.520386,226.572357,140.117111
614.017090,297.870667,225.439499,139.416534
612.889893,297.173584,227.693893,140.810699
612.889893,297.173584,227.693893,140.810699
614.028381,297.877655,225.416962,139.402588
612.337708,296.832123,228.798203,141.493622
612.337708,296.832123,228.798203,141.493622
612.337708,296.832123,228.798203,141.493622
611.193726,296.124664,231.086197,142.908569
610.616028,295.767395,232.241623,143.623108
609.454834,295.049286,234.564041,145.059341
608.868408,294.686615,235.736862,145.784637
610.636414,295.780029,232.200806,143.597870
610.636414,295.780029,232.200806,143.597870
622.308594,295.421021,233.361816,144.315857
624.058777,296.503387,229.861389,142.151123
622.909485,295.792633,232.159988,143.572632
624.070251,296.510498,229.838394,142.136902
624.070251,296.510498,229.838394,142.136902
622.346497,295.444458,233.285965,144.268951
620.596863,294.362457,236.785263,146.432983
619.412903,293.630280,239.153107,147.897324
618.217163,292.890808,241.544647,149.376297
618.820984,293.264252,240.336929,148.629410
618.220154,292.892670,241.538605,149.372559
616.408630,291.772369,245.161682,151.613144
617.634460,292.530426,242.710068,150.097015
618.847961,293.280914,240.282974,148.596039
617.045837,292.166443,243.887207,150.824982
615.216736,291.035278,247.545517,153.087357
613.979004,290.269836,250.020981,154.618240
625.451172,289.110199,253.771286,156.937515
623.547913,287.933167,257.577850,159.291565
621.616089,286.738464,261.441528,161.680939
619.655273,285.525879,265.363159,164.106155
618.991882,299.136658,266.689972,164.926697
618.991882,299.136658,266.689972,164.926697
616.991699,297.899719,270.690308,167.400589
614.961487,296.644196,274.750671,169.911606
614.961487,296.644196,274.750671,169.911606
613.587769,295.794647,277.498169,171.610718
612.893982,295.365601,278.885681,172.468765
612.196777,294.934448,280.280090,173.331116
614.298889,296.234436,276.075897,170.731140
612.918518,310.033417,278.836639,172.438461
613.615601,310.464508,277.442474,171.576263
612.921997,310.035553,278.829681,172.434143
613.619080,310.466644,277.435547,171.571976
612.231873,309.608795,280.209900,173.287689
610.130310,308.309113,284.413025,175.887009
608.708252,307.429688,287.257172,177.645874
607.271973,306.541473,290.129730,179.422333
606.546631,306.092896,291.580383,180.319458
607.275574,306.543701,290.122498,179.417847
605.099670,305.198059,294.474335,182.109116
602.891113,303.832245,298.891449,184.840759
584.691528,302.445953,303.374817,187.613373
582.416260,301.038849,307.925446,190.427567
581.646423,300.562775,309.465057,191.379715
583.193726,301.519684,306.370422,189.465912
580.895935,283.761841,310.965973,192.307907
579.341125,282.800293,314.075623,194.230972
579.341125,282.800293,314.075623,194.230972
576.985596,281.343567,318.786774,197.144440
574.594666,279.864990,323.568573,200.101608
572.167908,278.364227,328.422089,203.103134
569.704712,276.840942,333.348419,206.149689
567.204651,275.294830,338.348633,209.241928
568.896362,276.341034,334.965149,207.149506
566.384155,274.787415,339.989624,210.256744
563.834229,273.210480,345.089478,213.410599
584.275024,274.811066,339.913147,210.209442
584.275024,274.811066,339.913147,210.209442
584.275024,274.811066,339.913147,210.209442
581.725647,291.381866,345.011841,213.362579
600.651367,291.915283,343.286774,212.295776
598.076721,308.638855,348.436066,215.480209
598.076721,326.954620,348.436066,215.480209
597.205627,326.415924,350.178253,216.557602
597.205627,344.815918,350.178253,216.557602
613.273987,361.886475,355.430939,219.805969
611.496826,360.787445,358.985229,222.004028
612.394287,380.121429,357.190308,220.894012
609.715393,378.464722,362.548187,224.207428
610.621765,379.025238,360.735443,223.086380
609.719910,378.467499,362.539124,224.201813
629.573608,379.028015,360.726410,223.080811
632.279114,380.701111,355.315521,219.734604
634.943970,400.749146,349.985779,216.438583
634.068970,400.208038,351.735718,217.520767
636.707031,401.839447,346.459686,214.257965
634.974731,400.768158,349.924286,216.400543
637.599121,402.391144,344.675415,213.154526
638.460815,402.924042,342.952026,212.088760
636.746094,401.863586,346.381561,214.209641
637.612000,402.399109,344.649658,213.138596
635.027161,400.800598,349.819397,216.335678
618.586792,401.882263,346.321198,214.172318
619.452576,402.417694,344.589600,213.101456
622.036987,404.015961,339.420746,209.904938
605.117126,404.540710,337.723633,208.855408
607.650024,406.107117,332.657776,205.722580
605.155090,404.564209,337.647644,208.808426
603.466858,403.520172,341.024139,210.896500
606.024536,405.101898,335.908783,207.733047
606.024536,405.101898,335.908783,207.733047
603.505249,403.543884,340.947388,210.849045
586.505005,404.071014,339.242676,209.794800
588.201172,405.119995,335.850250,207.696854
589.880432,406.158478,332.491730,205.619888
589.880432,406.158478,332.491730,205.619888
589.049194,405.644440,334.154205,206.647995
573.330505,406.677673,330.812653,204.581512
574.984558,407.700562,327.504517,202.535690
572.528320,388.707886,332.417084,205.573730
570.035156,369.439758,337.403351,208.657333
567.504639,367.874817,342.464386,211.787201
565.792297,366.815887,345.889038,213.905060
567.521790,349.864349,342.430145,211.766022
566.665710,349.334930,344.142303,212.824844
564.084595,347.738770,349.304443,216.017212
561.464844,346.118622,354.544006,219.257477
561.464844,346.118622,354.544006,219.257477
558.805786,344.474213,359.862152,222.546341
557.006470,343.361481,363.460785,224.771805
555.189148,342.237610,367.095398,227.019516
554.271423,341.670074,368.930878,228.154617
551.504395,339.958893,374.464844,231.576935
554.312927,341.695740,368.847870,228.103287
554.312927,341.695740,368.847870,228.103287
557.079285,343.406494,363.315155,224.681732
557.987549,343.968201,361.498566,223.558319
576.977051,343.968201,361.498566,223.558319
557.987549,343.968201,361.498566,223.558319
556.180054,342.850403,365.113556,225.793915
556.180054,342.850403,365.113556,225.793915
555.267273,342.285919,366.939117,226.922882
558.019348,343.987854,361.435028,223.519028
559.826477,345.105438,357.820679,221.283844
561.615601,364.822388,354.242493,219.070999
562.501221,365.370056,352.471252,217.975647
565.144714,367.004883,347.184204,214.706024
581.067200,383.920898,352.391968,217.926605
581.067200,383.920898,352.391968,217.926605
578.424255,382.286469,357.677826,221.195511
581.106812,402.471741,352.312683,217.877579
581.987610,403.016418,350.551117,216.788193
584.616760,404.642334,345.292847,213.536362
605.101196,406.243866,340.113464,210.333313
606.801758,407.295532,336.712311,208.229980
605.959961,406.774963,338.395874,209.271133
605.959961,406.774963,338.395874,209.271133
607.651917,407.821320,335.011932,207.178421
606.814392,407.303375,336.686981,208.214310
608.497864,408.344452,333.320099,206.132172
628.260925,409.890442,328.320313,203.040192
629.902527,410.905640,325.037109,201.009781
628.277344,409.900574,328.287476,203.019882
630.739502,411.423218,323.363159,199.974594
647.750000,411.423218,323.363159,199.974594
646.133179,410.423370,326.596802,201.974335
647.766174,411.433228,323.330811,199.954590
647.766174,411.433228,323.330811,199.954590
646.149536,410.433472,326.564148,201.954132
644.516663,409.423676,329.829773,203.973679
644.516663,409.423676,329.829773,203.973679
662.604431,409.933624,328.180634,202.953812
643.531921,408.918854,331.462433,204.983353
658.730164,407.381470,336.434357,208.058090
656.206909,405.821045,341.480896,211.178970
