1
714.400024,218.050003,193.000000,113.000000
716.099976,218.050003,193.000000,113.000000
717.799988,218.050003,193.000000,113.000000
717.799988,218.050003,193.000000,113.000000
717.799988,218.050003,193.000000,113.000000
720.349976,218.050003,193.000000,113.000000
720.349976,218.050003,193.000000,113.000000
722.049988,218.050003,193.000000,113.000000
722.900024,218.050003,193.000000,113.000000
724.599976,218.050003,193.000000,113.000000
725.450012,216.350006,193.000000,113.000000
725.450012,216.350006,193.000000,113.000000
728.000000,217.199997,193.000000,113.000000
732.250000,218.899994,193.000000,113.000000
732.250000,218.899994,193.000000,113.000000
736.500000,218.899994,193.000000,113.000000
737.349976,218.899994,193.000000,113.000000
738.200012,217.199997,193.000000,113.000000
739.049988,216.350006,193.000000,113.000000
740.750000,216.350006,193.000000,113.000000
746.700012,216.350006,193.000000,113.000000
750.099976,216.350006,193.000000,113.000000
750.950012,216.350006,193.000000,113.000000
750.950012,214.649994,193.000000,113.000000
755.200012,213.800003,193.000000,113.000000
757.750000,213.800003,193.000000,113.000000
759.450012,213.800003,193.000000,113.000000
762.000000,213.800003,193.000000,113.000000
762.849976,218.050003,193.000000,113.000000
764.549988,220.600006,193.000000,113.000000
765.400024,225.699997,193.000000,113.000000
767.950012,226.550003,193.000000,113.000000
772.200012,224.850006,193.000000,113.000000
773.049988,224.850006,193.000000,113.000000
775.599976,224.000000,193.000000,113.000000
778.150024,221.449997,193.000000,113.000000
777.299988,218.899994,193.000000,113.000000
778.150024,217.199997,193.000000,113.000000
781.549988,218.050003,193.000000,113.000000
782.400024,217.199997,193.000000,113.000000
784.950012,212.949997,193.000000,113.000000
785.799988,214.649994,193.000000,113.000000
786.650024,216.350006,193.000000,113.000000
787.500000,213.800003,193.000000,113.000000
784.950012,219.750000,193.000000,113.000000
777.299988,226.550003,193.000000,113.000000
759.450012,229.100006,193.000000,113.000000
745.849976,237.600006,193.000000,113.000000
745.000000,238.449997,193.000000,113.000000
750.099976,241.850006,193.000000,113.000000
785.799988,229.949997,193.000000,113.000000
796.849976,224.000000,193.000000,113.000000
796.000000,224.000000,193.000000,113.000000
801.950012,212.949997,193.000000,113.000000
798.549988,212.949997,193.000000,113.000000
801.099976,218.899994,193.000000,113.000000
802.799988,207.000000,193.000000,113.000000
803.650024,204.449997,193.000000,113.000000
801.950012,206.149994,193.000000,113.000000
804.500000,202.750000,193.000000,113.000000
804.500000,208.699997,193.000000,113.000000
804.500000,212.100006,193.000000,113.000000
803.650024,212.949997,193.000000,113.000000
802.799988,212.100006,193.000000,113.000000
801.950012,222.300003,193.000000,113.000000
803.650024,224.000000,193.000000,113.000000
806.200012,212.949997,193.000000,113.000000
807.049988,211.250000,193.000000,113.000000
807.900024,212.949997,193.000000,113.000000
808.750000,213.800003,193.000000,113.000000
808.750000,214.649994,193.000000,113.000000
807.049988,218.899994,193.000000,113.000000
806.200012,216.350006,193.000000,113.000000
806.200012,212.949997,193.000000,113.000000
807.049988,211.250000,193.000000,113.000000
805.349976,210.399994,193.000000,113.000000
805.349976,209.550003,193.000000,113.000000
803.650024,207.850006,193.000000,113.000000
806.200012,208.699997,193.000000,113.000000
805.349976,205.300003,193.000000,113.000000
805.349976,205.300003,193.000000,113.000000
805.349976,206.149994,193.000000,113.000000
806.200012,206.149994,193.000000,113.000000
806.200012,207.850006,193.000000,113.000000
806.200012,207.850006,193.000000,113.000000
804.500000,209.550003,193.000000,113.000000
805.349976,207.850006,193.000000,113.000000
805.349976,205.300003,193.000000,113.000000
807.049988,209.550003,193.000000,113.000000
807.900024,206.149994,193.000000,113.000000
809.599976,204.449997,193.000000,113.000000
806.200012,210.399994,193.000000,113.000000
806.200012,210.399994,193.000000,113.000000
805.349976,211.250000,193.000000,113.000000
804.500000,209.550003,193.000000,113.000000
807.049988,211.250000,193.000000,113.000000
802.799988,212.100006,193.000000,113.000000
805.349976,213.800003,193.000000,113.000000
805.349976,210.399994,193.000000,113.000000
805.349976,210.399994,193.000000,113.000000
803.650024,207.850006,193.000000,113.000000
804.500000,215.500000,193.000000,113.000000
804.500000,210.399994,193.000000,113.000000
805.349976,208.699997,193.000000,113.000000
807.900024,202.750000,193.000000,113.000000
806.200012,203.600006,193.000000,113.000000
806.200012,208.699997,193.000000,113.000000
806.200012,207.850006,193.000000,113.000000
807.049988,206.149994,193.000000,113.000000
806.200012,207.000000,193.000000,113.000000
804.500000,208.699997,193.000000,113.000000
807.049988,206.149994,193.000000,113.000000
807.049988,206.149994,193.000000,113.000000
807.900024,206.149994,193.000000,113.000000
807.049988,204.449997,193.000000,113.000000
807.900024,201.050003,193.000000,113.000000
808.750000,198.500000,193.000000,113.000000
809.599976,201.050003,193.000000,113.000000
808.750000,200.199997,193.000000,113.000000
809.599976,200.199997,193.000000,113.000000
807.900024,201.050003,193.000000,113.000000
808.750000,200.199997,193.000000,113.000000
807.049988,198.500000,193.000000,113.000000
806.200012,197.649994,193.000000,113.000000
807.049988,195.949997,193.000000,113.000000
806.200012,193.399994,193.000000,113.000000
809.599976,187.449997,193.000000,113.000000
812.150024,186.600006,193.000000,113.000000
811.299988,184.899994,193.000000,113.000000
811.299988,182.350006,193.000000,113.000000
812.150024,181.500000,193.000000,113.000000
812.150024,182.350006,193.000000,113.000000
812.150024,182.350006,193.000000,113.000000
811.299988,181.500000,193.000000,113.000000
812.150024,180.649994,193.000000,113.000000
811.299988,181.500000,193.000000,113.000000
812.150024,185.750000,193.000000,113.000000
811.299988,187.449997,193.000000,113.000000
811.299988,186.600006,193.000000,113.000000
810.450012,186.600006,193.000000,113.000000
811.299988,186.600006,193.000000,113.000000
811.299988,187.449997,193.000000,113.000000
811.299988,188.300003,193.000000,113.000000
811.299988,188.300003,193.000000,113.000000
811.299988,184.899994,193.000000,113.000000
811.299988,184.050003,193.000000,113.000000
811.299988,184.050003,193.000000,113.000000
812.150024,183.199997,193.000000,113.000000
813.000000,182.350006,193.000000,113.000000
813.000000,184.899994,193.000000,113.000000
812.150024,186.600006,193.000000,113.000000
812.150024,181.500000,193.000000,113.000000
812.150024,177.250000,193.000000,113.000000
812.150024,178.100006,193.000000,113.000000
812.150024,177.250000,193.000000,113.000000
811.299988,177.250000,193.000000,113.000000
811.299988,175.550003,193.000000,113.000000
811.299988,175.550003,193.000000,113.000000
812.150024,174.699997,193.000000,113.000000
811.299988,174.699997,193.000000,113.000000
810.450012,175.550003,193.000000,113.000000
808.750000,174.699997,193.000000,113.000000
807.049988,174.699997,193.000000,113.000000
807.049988,175.550003,193.000000,113.000000
807.049988,174.699997,193.000000,113.000000
807.049988,175.550003,193.000000,113.000000
807.049988,174.699997,193.000000,113.000000
806.200012,177.250000,193.000000,113.000000
804.500000,177.250000,193.000000,113.000000
801.950012,179.800003,193.000000,113.000000
800.250000,181.500000,193.000000,113.000000
798.549988,186.600006,193.000000,113.000000
797.700012,187.449997,193.000000,113.000000
798.549988,187.449997,193.000000,113.000000
797.700012,187.449997,193.000000,113.000000
796.000000,187.449997,193.000000,113.000000
797.700012,187.449997,193.000000,113.000000
795.150024,189.149994,193.000000,113.000000
795.150024,190.000000,193.000000,113.000000
796.000000,190.850006,193.000000,113.000000
796.849976,190.850006,193.000000,113.000000
796.000000,190.000000,193.000000,113.000000
796.000000,190.000000,193.000000,113.000000
793.450012,190.000000,193.000000,113.000000
793.450012,191.699997,193.000000,113.000000
790.900024,191.699997,193.000000,113.000000
789.200012,192.550003,193.000000,113.000000
786.650024,195.100006,193.000000,113.000000
785.799988,194.250000,193.000000,113.000000
785.799988,194.250000,193.000000,113.000000
784.099976,191.699997,193.000000,113.000000
780.700012,194.250000,193.000000,113.000000
779.000000,195.949997,193.000000,113.000000
777.299988,196.800003,193.000000,113.000000
773.049988,196.800003,193.000000,113.000000
768.799988,198.500000,193.000000,113.000000
760.299988,198.500000,193.000000,113.000000
754.349976,199.350006,193.000000,113.000000
746.700012,201.050003,193.000000,113.000000
745.000000,200.199997,193.000000,113.000000
740.750000,200.199997,193.000000,113.000000
733.950012,200.199997,193.000000,113.000000
731.400024,201.050003,193.000000,113.000000
732.250000,201.050003,193.000000,113.000000
730.549988,200.199997,193.000000,113.000000
728.849976,201.050003,193.000000,113.000000
722.049988,200.199997,193.000000,113.000000
717.799988,200.199997,193.000000,113.000000
713.549988,200.199997,193.000000,113.000000
711.000000,200.199997,193.000000,113.000000
707.599976,201.050003,193.000000,113.000000
707.599976,200.199997,193.000000,113.000000
705.900024,200.199997,193.000000,113.000000
705.900024,200.199997,193.000000,113.000000
705.900024,200.199997,193.000000,113.000000
705.900024,200.199997,193.000000,113.000000
705.900024,200.199997,193.000000,113.000000
705.900024,200.199997,193.000000,113.000000
711.000000,198.500000,193.000000,113.000000
711.000000,198.500000,193.000000,113.000000
707.599976,199.350006,193.000000,113.000000
689.750000,207.850006,193.000000,113.000000
686.349976,210.399994,193.000000,113.000000
681.250000,209.550003,193.000000,113.000000
681.250000,210.399994,193.000000,113.000000
677.000000,211.250000,193.000000,113.000000
674.450012,212.100006,193.000000,113.000000
670.200012,210.399994,193.000000,113.000000
655.750000,212.100006,193.000000,113.000000
645.549988,212.949997,193.000000,113.000000
641.299988,212.949997,193.000000,113.000000
630.250000,208.699997,193.000000,113.000000
626.849976,203.600006,193.000000,113.000000
621.750000,201.899994,193.000000,113.000000
622.599976,206.149994,193.000000,113.000000
616.650024,206.149994,193.000000,113.000000
609.000000,208.699997,193.000000,113.000000
609.849976,207.000000,193.000000,113.000000
606.450012,207.000000,193.000000,113.000000
607.299988,207.000000,193.000000,113.000000
607.299988,203.600006,193.000000,113.000000
605.599976,203.600006,193.000000,113.000000
600.500000,207.850006,193.000000,113.000000
598.799988,207.850006,193.000000,113.000000
606.450012,212.100006,193.000000,113.000000
620.049988,211.250000,193.000000,113.000000
607.299988,213.800003,193.000000,113.000000
603.049988,210.399994,193.000000,113.000000
601.349976,213.800003,193.000000,113.000000
598.799988,213.800003,193.000000,113.000000
598.799988,212.100006,193.000000,113.000000
603.900024,201.050003,193.000000,113.000000
589.450012,226.550003,193.000000,113.000000
588.599976,226.550003,193.000000,113.000000
594.549988,216.350006,193.000000,113.000000
610.700012,230.800003,193.000000,113.000000
615.799988,232.500000,193.000000,113.000000
607.299988,220.600006,193.000000,113.000000
609.000000,220.600006,193.000000,113.000000
2
0
0
0
0
1
409.200226,200.667618,176.130005,95.930000
406.177338,200.667618,176.130005,95.930000
398.620117,200.667618,176.130005,95.930000
398.620117,200.667618,176.130005,95.930000
396.352936,202.179062,176.130005,95.930000
393.330048,202.179062,176.130005,95.930000
389.551453,202.179062,176.130005,95.930000
385.772827,202.179062,176.130005,95.930000
381.994232,202.179062,176.130005,95.930000
378.971344,202.179062,176.130005,95.930000
375.948456,202.179062,176.130005,95.930000
372.925568,202.179062,176.130005,95.930000
370.658386,202.179062,176.130005,95.930000
366.879791,202.179062,176.130005,95.930000
366.124054,202.179062,176.130005,95.930000
364.612610,202.179062,176.130005,95.930000
364.612610,202.179062,176.130005,95.930000
363.101166,202.179062,176.130005,95.930000
363.856903,202.179062,176.130005,95.930000
363.856903,202.179062,176.130005,95.930000
363.856903,202.179062,176.130005,95.930000
363.856903,202.934784,176.130005,95.930000
369.146942,202.934784,176.130005,95.930000
368.391235,201.423340,176.130005,95.930000
365.368347,202.179062,176.130005,95.930000
365.368347,204.446228,176.130005,95.930000
366.124054,206.713394,176.130005,95.930000
365.368347,208.980560,176.130005,95.930000
365.368347,210.492004,176.130005,95.930000
365.368347,211.247726,176.130005,95.930000
365.368347,211.247726,176.130005,95.930000
365.368347,212.759171,176.130005,95.930000
363.856903,215.782059,176.130005,95.930000
363.101166,218.049225,176.130005,95.930000
363.101166,218.804947,176.130005,95.930000
359.322571,223.339279,176.130005,95.930000
358.566833,223.339279,176.130005,95.930000
357.811096,222.583557,176.130005,95.930000
354.032501,222.583557,176.130005,95.930000
354.032501,221.072113,176.130005,95.930000
350.253876,221.072113,176.130005,95.930000
351.009613,221.072113,176.130005,95.930000
350.253876,221.072113,176.130005,95.930000
350.253876,223.339279,176.130005,95.930000
350.253876,223.339279,176.130005,95.930000
349.498169,223.339279,176.130005,95.930000
349.498169,223.339279,176.130005,95.930000
345.719543,223.339279,176.130005,95.930000
344.963837,223.339279,176.130005,95.930000
344.963837,223.339279,176.130005,95.930000
344.208099,223.339279,176.130005,95.930000
343.452393,223.339279,176.130005,95.930000
343.452393,223.339279,176.130005,95.930000
342.696655,223.339279,176.130005,95.930000
343.452393,223.339279,176.130005,95.930000
341.185211,223.339279,176.130005,95.930000
342.696655,223.339279,176.130005,95.930000
343.452393,222.583557,176.130005,95.930000
342.696655,223.339279,176.130005,95.930000
341.940948,223.339279,176.130005,95.930000
341.940948,223.339279,176.130005,95.930000
342.696655,222.583557,176.130005,95.930000
338.162323,224.850723,176.130005,95.930000
336.650879,224.850723,176.130005,95.930000
335.895172,224.850723,176.130005,95.930000
335.139435,224.850723,176.130005,95.930000
334.383728,224.850723,176.130005,95.930000
334.383728,224.095001,176.130005,95.930000
333.627991,224.095001,176.130005,95.930000
331.360840,224.095001,176.130005,95.930000
331.360840,224.095001,176.130005,95.930000
330.605103,224.095001,176.130005,95.930000
329.093658,223.339279,176.130005,95.930000
328.337952,221.827835,176.130005,95.930000
325.315063,221.827835,176.130005,95.930000
325.315063,220.316391,176.130005,95.930000
324.559326,221.072113,176.130005,95.930000
324.559326,219.560669,176.130005,95.930000
323.047882,218.049225,176.130005,95.930000
320.024994,218.049225,176.130005,95.930000
318.513550,217.293503,176.130005,95.930000
315.490662,217.293503,176.130005,95.930000
313.979218,216.537781,176.130005,95.930000
310.956329,215.782059,176.130005,95.930000
307.933441,215.782059,176.130005,95.930000
307.177734,215.782059,176.130005,95.930000
303.399109,215.782059,176.130005,95.930000
300.376221,215.782059,176.130005,95.930000
298.864777,215.782059,176.130005,95.930000
297.353333,215.026337,176.130005,95.930000
296.597626,214.270615,176.130005,95.930000
295.086182,214.270615,176.130005,95.930000
296.597626,213.514893,176.130005,95.930000
296.597626,213.514893,176.130005,95.930000
297.353333,213.514893,176.130005,95.930000
295.086182,213.514893,176.130005,95.930000
295.086182,213.514893,176.130005,95.930000
295.086182,212.759171,176.130005,95.930000
294.330444,213.514893,176.130005,95.930000
294.330444,213.514893,176.130005,95.930000
292.819000,214.270615,176.130005,95.930000
289.796112,214.270615,176.130005,95.930000
283.750336,216.537781,176.130005,95.930000
277.704559,216.537781,176.130005,95.930000
273.925934,216.537781,176.130005,95.930000
270.147339,216.537781,176.130005,95.930000
263.345825,215.026337,176.130005,95.930000
255.032883,215.026337,176.130005,95.930000
250.498550,215.026337,176.130005,95.930000
248.987106,215.026337,176.130005,95.930000
245.208496,215.026337,176.130005,95.930000
240.674164,215.026337,176.130005,95.930000
235.384109,215.026337,176.130005,95.930000
233.872665,214.270615,176.130005,95.930000
230.849777,212.003448,176.130005,95.930000
230.849777,211.247726,176.130005,95.930000
227.071167,210.492004,176.130005,95.930000
225.559723,210.492004,176.130005,95.930000
225.559723,210.492004,176.130005,95.930000
224.804001,210.492004,176.130005,95.930000
224.048279,210.492004,176.130005,95.930000
224.804001,210.492004,176.130005,95.930000
221.781113,210.492004,176.130005,95.930000
223.292557,209.736282,176.130005,95.930000
221.781113,209.736282,176.130005,95.930000
219.513947,211.247726,176.130005,95.930000
215.735336,212.759171,176.130005,95.930000
209.689560,213.514893,176.130005,95.930000
208.178116,213.514893,176.130005,95.930000
206.666672,214.270615,176.130005,95.930000
201.376617,213.514893,176.130005,95.930000
199.865173,214.270615,176.130005,95.930000
192.307938,214.270615,176.130005,95.930000
192.307938,214.270615,176.130005,95.930000
190.040771,214.270615,176.130005,95.930000
188.529327,214.270615,176.130005,95.930000
185.506439,214.270615,176.130005,95.930000
177.949219,215.026337,176.130005,95.930000
174.170609,214.270615,176.130005,95.930000
174.170609,214.270615,176.130005,95.930000
173.414886,214.270615,176.130005,95.930000
172.659164,214.270615,176.130005,95.930000
170.391998,214.270615,176.130005,95.930000
161.323334,216.537781,176.130005,95.930000
159.056168,217.293503,176.130005,95.930000
156.033279,217.293503,176.130005,95.930000
156.789001,218.804947,176.130005,95.930000
155.277557,218.049225,176.130005,95.930000
154.521835,218.049225,176.130005,95.930000
153.010391,218.049225,176.130005,95.930000
150.743225,218.049225,176.130005,95.930000
151.498947,218.049225,176.130005,95.930000
149.987503,218.049225,176.130005,95.930000
147.720337,218.049225,176.130005,95.930000
144.697449,217.293503,176.130005,95.930000
145.453171,218.049225,176.130005,95.930000
143.186005,218.049225,176.130005,95.930000
145.453171,218.049225,176.130005,95.930000
146.208893,217.293503,176.130005,95.930000
145.453171,215.782059,176.130005,95.930000
145.453171,215.026337,176.130005,95.930000
143.941727,215.026337,176.130005,95.930000
143.186005,215.026337,176.130005,95.930000
142.430283,212.759171,176.130005,95.930000
142.430283,212.003448,176.130005,95.930000
141.674561,211.247726,176.130005,95.930000
140.918839,211.247726,176.130005,95.930000
141.674561,210.492004,176.130005,95.930000
143.186005,210.492004,176.130005,95.930000
142.430283,210.492004,176.130005,95.930000
143.186005,212.003448,176.130005,95.930000
143.186005,212.003448,176.130005,95.930000
143.186005,212.759171,176.130005,95.930000
142.430283,214.270615,176.130005,95.930000
141.674561,213.514893,176.130005,95.930000
141.674561,214.270615,176.130005,95.930000
142.430283,215.026337,176.130005,95.930000
138.651672,215.026337,176.130005,95.930000
133.361618,216.537781,176.130005,95.930000
132.605896,218.049225,176.130005,95.930000
129.582993,218.804947,176.130005,95.930000
125.048668,218.804947,176.130005,95.930000
122.781502,221.072113,176.130005,95.930000
115.980003,221.072113,176.130005,95.930000
112.957108,221.072113,176.130005,95.930000
111.445663,221.827835,176.130005,95.930000
106.155609,221.072113,176.130005,95.930000
105.399887,221.827835,176.130005,95.930000
101.621277,220.316391,176.130005,95.930000
99.354111,219.560669,176.130005,95.930000
97.086945,219.560669,176.130005,95.930000
94.819778,219.560669,176.130005,95.930000
94.819778,219.560669,176.130005,95.930000
92.552612,219.560669,176.130005,95.930000
92.552612,219.560669,176.130005,95.930000
91.796890,217.293503,176.130005,95.930000
90.285446,217.293503,176.130005,95.930000
88.774002,216.537781,176.130005,95.930000
88.018280,217.293503,176.130005,95.930000
88.018280,219.560669,176.130005,95.930000
88.018280,217.293503,176.130005,95.930000
84.995392,217.293503,176.130005,95.930000
84.995392,217.293503,176.130005,95.930000
81.972504,218.049225,176.130005,95.930000
81.972504,218.049225,176.130005,95.930000
81.972504,217.293503,176.130005,95.930000
78.949608,217.293503,176.130005,95.930000
78.949608,215.782059,176.130005,95.930000
77.438164,216.537781,176.130005,95.930000
75.926720,215.782059,176.130005,95.930000
74.415276,215.782059,176.130005,95.930000
74.415276,215.782059,176.130005,95.930000
73.659554,215.782059,176.130005,95.930000
71.392387,215.026337,176.130005,95.930000
72.903831,215.026337,176.130005,95.930000
69.880943,213.514893,176.130005,95.930000
69.125221,213.514893,176.130005,95.930000
69.880943,212.759171,176.130005,95.930000
66.102333,209.736282,176.130005,95.930000
66.102333,208.980560,176.130005,95.930000
66.102333,208.980560,176.130005,95.930000
65.346611,208.980560,176.130005,95.930000
66.102333,208.980560,176.130005,95.930000
64.590889,206.713394,176.130005,95.930000
64.590889,205.201950,176.130005,95.930000
62.323723,203.690506,176.130005,95.930000
63.079445,202.934784,176.130005,95.930000
63.079445,202.934784,176.130005,95.930000
60.056557,205.957672,176.130005,95.930000
59.300835,205.957672,176.130005,95.930000
59.300835,206.713394,176.130005,95.930000
60.056557,207.469116,176.130005,95.930000
60.812279,207.469116,176.130005,95.930000
59.300835,207.469116,176.130005,95.930000
60.056557,208.980560,176.130005,95.930000
59.300835,210.492004,176.130005,95.930000
60.056557,211.247726,176.130005,95.930000
60.812279,211.247726,176.130005,95.930000
60.812279,211.247726,176.130005,95.930000
60.812279,209.736282,176.130005,95.930000
60.812279,209.736282,176.130005,95.930000
62.323723,208.224838,176.130005,95.930000
62.323723,208.224838,176.130005,95.930000
62.323723,208.980560,176.130005,95.930000
61.568001,208.224838,176.130005,95.930000
61.568001,208.224838,176.130005,95.930000
60.056557,208.224838,176.130005,95.930000
60.056557,208.224838,176.130005,95.930000
59.300835,208.224838,176.130005,95.930000
59.300835,206.713394,176.130005,95.930000
57.789391,205.201950,176.130005,95.930000
57.789391,205.201950,176.130005,95.930000
57.033669,205.201950,176.130005,95.930000
57.033669,205.201950,176.130005,95.930000
56.277943,204.446228,176.130005,95.930000
57.033669,204.446228,176.130005,95.930000
57.789391,203.690506,176.130005,95.930000
57.789391,203.690506,176.130005,95.930000
59.300835,202.934784,176.130005,95.930000
58.545113,200.667618,176.130005,95.930000
60.812279,202.934784,176.130005,95.930000
60.056557,202.934784,176.130005,95.930000
60.056557,202.934784,176.130005,95.930000
57.033669,202.934784,176.130005,95.930000
57.789391,201.423340,176.130005,95.930000
57.789391,201.423340,176.130005,95.930000
58.545113,202.179062,176.130005,95.930000
57.033669,201.423340,176.130005,95.930000
57.789391,201.423340,176.130005,95.930000
58.545113,201.423340,176.130005,95.930000
58.545113,202.934784,176.130005,95.930000
58.545113,202.934784,176.130005,95.930000
57.789391,202.934784,176.130005,95.930000
55.522221,202.934784,176.130005,95.930000
57.033669,205.201950,176.130005,95.930000
54.766499,203.690506,176.130005,95.930000
54.010777,203.690506,176.130005,95.930000
54.766499,203.690506,176.130005,95.930000
54.010777,202.179062,176.130005,95.930000
56.277943,202.934784,176.130005,95.930000
56.277943,202.934784,176.130005,95.930000
56.277943,202.934784,176.130005,95.930000
56.277943,202.934784,176.130005,95.930000
56.277943,202.934784,176.130005,95.930000
56.277943,201.423340,176.130005,95.930000
56.277943,201.423340,176.130005,95.930000
56.277943,201.423340,176.130005,95.930000
56.277943,201.423340,176.130005,95.930000
54.766499,201.423340,176.130005,95.930000
53.255054,201.423340,176.130005,95.930000
53.255054,201.423340,176.130005,95.930000
53.255054,201.423340,176.130005,95.930000
52.499332,201.423340,176.130005,95.930000
53.255054,201.423340,176.130005,95.930000
54.010777,202.179062,176.130005,95.930000
53.255054,203.690506,176.130005,95.930000
54.766499,203.690506,176.130005,95.930000
57.033669,204.446228,176.130005,95.930000
57.789391,205.201950,176.130005,95.930000
59.300835,205.957672,176.130005,95.930000
57.033669,207.469116,176.130005,95.930000
57.033669,208.980560,176.130005,95.930000
58.545113,208.980560,176.130005,95.930000
50.987888,205.957672,176.130005,95.930000
53.255054,205.957672,176.130005,95.930000
57.789391,205.957672,176.130005,95.930000
57.789391,201.423340,176.130005,95.930000
57.033669,199.911896,176.130005,95.930000
51.743610,193.110382,176.130005,95.930000
53.255054,190.843216,176.130005,95.930000
54.010777,189.331772,176.130005,95.930000
51.743610,187.820328,176.130005,95.930000
51.743610,187.820328,176.130005,95.930000
51.743610,186.308884,176.130005,95.930000
51.743610,184.041718,176.130005,95.930000
52.499332,185.553162,176.130005,95.930000
54.766499,185.553162,176.130005,95.930000
55.522221,182.530273,176.130005,95.930000
56.277943,179.507385,176.130005,95.930000
57.789391,181.018829,176.130005,95.930000
61.568001,181.774551,176.130005,95.930000
76.682442,188.576050,176.130005,95.930000
78.193886,187.820328,176.130005,95.930000
86.506836,190.843216,176.130005,95.930000
91.041168,190.843216,176.130005,95.930000
93.308334,190.087494,176.130005,95.930000
94.064056,192.354660,176.130005,95.930000
96.331223,193.110382,176.130005,95.930000
97.842667,195.377563,176.130005,95.930000
97.842667,197.644730,176.130005,95.930000
97.842667,199.156174,176.130005,95.930000
98.598389,200.667618,176.130005,95.930000
99.354111,200.667618,176.130005,95.930000
101.621277,203.690506,176.130005,95.930000
115.980003,207.469116,176.130005,95.930000
121.270058,208.224838,176.130005,95.930000
127.315834,209.736282,176.130005,95.930000
130.338715,208.980560,176.130005,95.930000
131.850174,209.736282,176.130005,95.930000
131.850174,208.224838,176.130005,95.930000
131.850174,208.224838,176.130005,95.930000
133.361618,208.224838,176.130005,95.930000
135.628784,207.469116,176.130005,95.930000
134.873062,208.224838,176.130005,95.930000
132.605896,208.980560,176.130005,95.930000
132.605896,208.980560,176.130005,95.930000
132.605896,208.224838,176.130005,95.930000
131.850174,206.713394,176.130005,95.930000
131.850174,208.224838,176.130005,95.930000
131.850174,205.957672,176.130005,95.930000
131.850174,205.201950,176.130005,95.930000
131.850174,205.201950,176.130005,95.930000
131.094437,205.201950,176.130005,95.930000
130.338715,205.957672,176.130005,95.930000
130.338715,205.201950,176.130005,95.930000
131.094437,205.201950,176.130005,95.930000
134.873062,208.980560,176.130005,95.930000
139.407394,215.026337,176.130005,95.930000
140.918839,218.804947,176.130005,95.930000
133.361618,214.270615,176.130005,95.930000
128.827271,212.759171,176.130005,95.930000
127.315834,212.759171,176.130005,95.930000
127.315834,211.247726,176.130005,95.930000
128.071548,212.759171,176.130005,95.930000
128.071548,212.759171,176.130005,95.930000
131.850174,212.759171,176.130005,95.930000
135.628784,214.270615,176.130005,95.930000
137.895950,215.026337,176.130005,95.930000
146.964615,220.316391,176.130005,95.930000
151.498947,221.827835,176.130005,95.930000
145.453171,216.537781,176.130005,95.930000
152.254669,220.316391,176.130005,95.930000
152.254669,218.804947,176.130005,95.930000
152.254669,218.804947,176.130005,95.930000
153.766113,216.537781,176.130005,95.930000
156.033279,219.560669,176.130005,95.930000
153.010391,218.049225,176.130005,95.930000
152.254669,218.049225,176.130005,95.930000
153.010391,219.560669,176.130005,95.930000
156.033279,219.560669,176.130005,95.930000
155.277557,221.072113,176.130005,95.930000
149.231781,221.072113,176.130005,95.930000
153.766113,221.827835,176.130005,95.930000
153.010391,223.339279,176.130005,95.930000
153.766113,223.339279,176.130005,95.930000
156.789001,224.850723,176.130005,95.930000
160.567612,224.095001,176.130005,95.930000
160.567612,223.339279,176.130005,95.930000
162.079056,223.339279,176.130005,95.930000
164.346222,223.339279,176.130005,95.930000
165.101944,223.339279,176.130005,95.930000
165.101944,223.339279,176.130005,95.930000
165.101944,223.339279,176.130005,95.930000
165.101944,223.339279,176.130005,95.930000
165.101944,223.339279,176.130005,95.930000
164.346222,223.339279,176.130005,95.930000
162.834778,223.339279,176.130005,95.930000
162.834778,223.339279,176.130005,95.930000
161.323334,221.827835,176.130005,95.930000
160.567612,223.339279,176.130005,95.930000
161.323334,223.339279,176.130005,95.930000
162.079056,223.339279,176.130005,95.930000
164.346222,221.072113,176.130005,95.930000
165.857666,220.316391,176.130005,95.930000
171.147720,219.560669,176.130005,95.930000
176.437775,219.560669,176.130005,95.930000
177.949219,218.049225,176.130005,95.930000
179.460663,215.782059,176.130005,95.930000
177.949219,216.537781,176.130005,95.930000
177.949219,215.026337,176.130005,95.930000
178.704941,213.514893,176.130005,95.930000
178.704941,213.514893,176.130005,95.930000
177.193497,213.514893,176.130005,95.930000
178.704941,212.759171,176.130005,95.930000
180.216385,213.514893,176.130005,95.930000
183.239273,211.247726,176.130005,95.930000
183.994995,211.247726,176.130005,95.930000
180.216385,209.736282,176.130005,95.930000
177.193497,209.736282,176.130005,95.930000
174.170609,209.736282,176.130005,95.930000
172.659164,207.469116,176.130005,95.930000
172.659164,205.201950,176.130005,95.930000
174.926331,205.201950,176.130005,95.930000
174.170609,208.224838,176.130005,95.930000
172.659164,211.247726,176.130005,95.930000
169.636276,209.736282,176.130005,95.930000
165.857666,211.247726,176.130005,95.930000
167.369110,211.247726,176.130005,95.930000
168.124832,210.492004,176.130005,95.930000
167.369110,210.492004,176.130005,95.930000
167.369110,206.713394,176.130005,95.930000
168.124832,206.713394,176.130005,95.930000
171.903442,206.713394,176.130005,95.930000
171.903442,207.469116,176.130005,95.930000
174.926331,206.713394,176.130005,95.930000
176.437775,207.469116,176.130005,95.930000
176.437775,206.713394,176.130005,95.930000
177.949219,206.713394,176.130005,95.930000
175.682053,207.469116,176.130005,95.930000
178.704941,209.736282,176.130005,95.930000
181.727829,208.980560,176.130005,95.930000
184.750717,207.469116,176.130005,95.930000
182.483551,208.980560,176.130005,95.930000
183.239273,207.469116,176.130005,95.930000
184.750717,205.957672,176.130005,95.930000
187.017883,205.957672,176.130005,95.930000
187.773605,205.957672,176.130005,95.930000
187.773605,205.957672,176.130005,95.930000
187.773605,205.957672,176.130005,95.930000
189.285049,205.957672,176.130005,95.930000
191.552216,206.713394,176.130005,95.930000
193.819382,205.957672,176.130005,95.930000
194.575104,206.713394,176.130005,95.930000
202.132339,207.469116,176.130005,95.930000
214.223892,205.201950,176.130005,95.930000
213.468170,207.469116,176.130005,95.930000
220.269669,202.179062,176.130005,95.930000
222.536835,202.934784,176.130005,95.930000
221.781113,204.446228,176.130005,95.930000
227.826889,205.201950,176.130005,95.930000
230.849777,205.957672,176.130005,95.930000
232.361221,205.201950,176.130005,95.930000
234.628387,206.713394,176.130005,95.930000
236.895554,205.201950,176.130005,95.930000
236.895554,205.201950,176.130005,95.930000
238.406998,205.957672,176.130005,95.930000
240.674164,204.446228,176.130005,95.930000
242.185608,206.713394,176.130005,95.930000
242.941330,204.446228,176.130005,95.930000
242.185608,204.446228,176.130005,95.930000
239.918442,206.713394,176.130005,95.930000
240.674164,205.201950,176.130005,95.930000
243.697052,205.957672,176.130005,95.930000
249.742828,204.446228,176.130005,95.930000
251.254272,204.446228,176.130005,95.930000
251.254272,205.201950,176.130005,95.930000
248.231384,205.201950,176.130005,95.930000
248.231384,205.201950,176.130005,95.930000
248.987106,205.201950,176.130005,95.930000
251.254272,203.690506,176.130005,95.930000
252.009995,205.201950,176.130005,95.930000
251.254272,205.201950,176.130005,95.930000
250.498550,206.713394,176.130005,95.930000
252.009995,205.957672,176.130005,95.930000
254.277161,202.934784,176.130005,95.930000
255.032883,202.179062,176.130005,95.930000
256.544342,202.179062,176.130005,95.930000
260.322937,202.179062,176.130005,95.930000
257.300049,202.179062,176.130005,95.930000
268.635895,200.667618,176.130005,95.930000
266.368713,200.667618,176.130005,95.930000
266.368713,199.911896,176.130005,95.930000
267.124451,200.667618,176.130005,95.930000
268.635895,200.667618,176.130005,95.930000
265.613007,200.667618,176.130005,95.930000
269.391602,201.423340,176.130005,95.930000
274.681671,199.911896,176.130005,95.930000
274.681671,199.911896,176.130005,95.930000
275.437378,199.911896,176.130005,95.930000
282.238892,198.400436,176.130005,95.930000
276.193115,196.889008,176.130005,95.930000
276.193115,196.133286,176.130005,95.930000
277.704559,195.377563,176.130005,95.930000
277.704559,197.644730,176.130005,95.930000
282.994598,196.133286,176.130005,95.930000
279.971710,196.889008,176.130005,95.930000
279.216003,196.889008,176.130005,95.930000
280.727448,196.889008,176.130005,95.930000
285.261780,196.889008,176.130005,95.930000
286.017487,196.133286,176.130005,95.930000
286.017487,195.377563,176.130005,95.930000
282.994598,196.133286,176.130005,95.930000
280.727448,196.889008,176.130005,95.930000
283.750336,196.889008,176.130005,95.930000
283.750336,196.133286,176.130005,95.930000
282.994598,195.377563,176.130005,95.930000
284.506042,196.133286,176.130005,95.930000
279.971710,195.377563,176.130005,95.930000
280.727448,196.133286,176.130005,95.930000
282.238892,196.133286,176.130005,95.930000
278.460266,196.133286,176.130005,95.930000
277.704559,196.889008,176.130005,95.930000
276.948822,196.133286,176.130005,95.930000
277.704559,196.889008,176.130005,95.930000
278.460266,196.133286,176.130005,95.930000
280.727448,196.889008,176.130005,95.930000
279.971710,196.889008,176.130005,95.930000
282.994598,195.377563,176.130005,95.930000
279.971710,196.133286,176.130005,95.930000
275.437378,196.889008,176.130005,95.930000
275.437378,196.889008,176.130005,95.930000
278.460266,191.598938,176.130005,95.930000
284.506042,183.285995,176.130005,95.930000
273.170227,178.751663,176.130005,95.930000
271.658783,185.553162,176.130005,95.930000
267.880157,179.507385,176.130005,95.930000
291.307556,183.285995,176.130005,95.930000
270.903046,188.576050,176.130005,95.930000
270.903046,190.843216,176.130005,95.930000
271.658783,190.087494,176.130005,95.930000
271.658783,187.820328,176.130005,95.930000
282.994598,177.240219,176.130005,95.930000
269.391602,183.285995,176.130005,95.930000
280.727448,183.285995,176.130005,95.930000
277.704559,182.530273,176.130005,95.930000
276.948822,183.285995,176.130005,95.930000
274.681671,184.041718,176.130005,95.930000
273.170227,187.064606,176.130005,95.930000
274.681671,187.064606,176.130005,95.930000
273.925934,187.064606,176.130005,95.930000
273.925934,186.308884,176.130005,95.930000
273.925934,187.820328,176.130005,95.930000
272.414490,189.331772,176.130005,95.930000
272.414490,189.331772,176.130005,95.930000
273.925934,187.820328,176.130005,95.930000
274.681671,188.576050,176.130005,95.930000
274.681671,188.576050,176.130005,95.930000
273.170227,189.331772,176.130005,95.930000
273.925934,188.576050,176.130005,95.930000
274.681671,187.820328,176.130005,95.930000
278.460266,187.820328,176.130005,95.930000
279.216003,187.820328,176.130005,95.930000
279.216003,188.576050,176.130005,95.930000
279.216003,189.331772,176.130005,95.930000
279.216003,189.331772,176.130005,95.930000
279.216003,189.331772,176.130005,95.930000
279.971710,189.331772,176.130005,95.930000
280.727448,190.087494,176.130005,95.930000
279.216003,190.087494,176.130005,95.930000
279.216003,190.087494,176.130005,95.930000
279.971710,190.843216,176.130005,95.930000
279.216003,192.354660,176.130005,95.930000
278.460266,193.866104,176.130005,95.930000
279.216003,193.866104,176.130005,95.930000
279.216003,193.866104,176.130005,95.930000
279.971710,193.866104,176.130005,95.930000
282.238892,193.866104,176.130005,95.930000
279.971710,193.866104,176.130005,95.930000
282.238892,193.866104,176.130005,95.930000
282.238892,193.866104,176.130005,95.930000
282.238892,196.133286,176.130005,95.930000
282.238892,195.377563,176.130005,95.930000
281.483154,195.377563,176.130005,95.930000
281.483154,195.377563,176.130005,95.930000
281.483154,196.133286,176.130005,95.930000
281.483154,196.133286,176.130005,95.930000
280.727448,197.644730,176.130005,95.930000
281.483154,197.644730,176.130005,95.930000
280.727448,197.644730,176.130005,95.930000
281.483154,197.644730,176.130005,95.930000
282.238892,196.133286,176.130005,95.930000
282.238892,196.133286,176.130005,95.930000
282.994598,196.889008,176.130005,95.930000
282.994598,196.889008,176.130005,95.930000
282.994598,196.889008,176.130005,95.930000
282.994598,197.644730,176.130005,95.930000
282.994598,197.644730,176.130005,95.930000
282.994598,198.400436,176.130005,95.930000
282.994598,199.156174,176.130005,95.930000
282.994598,199.156174,176.130005,95.930000
283.750336,197.644730,176.130005,95.930000
282.994598,198.400436,176.130005,95.930000
282.994598,197.644730,176.130005,95.930000
283.750336,197.644730,176.130005,95.930000
284.506042,197.644730,176.130005,95.930000
282.994598,197.644730,176.130005,95.930000
282.994598,197.644730,176.130005,95.930000
282.994598,197.644730,176.130005,95.930000
282.994598,198.400436,176.130005,95.930000
283.750336,198.400436,176.130005,95.930000
284.506042,198.400436,176.130005,95.930000
284.506042,197.644730,176.130005,95.930000
284.506042,198.400436,176.130005,95.930000
284.506042,198.400436,176.130005,95.930000
284.506042,198.400436,176.130005,95.930000
285.261780,198.400436,176.130005,95.930000
283.750336,198.400436,176.130005,95.930000
284.506042,198.400436,176.130005,95.930000
283.750336,198.400436,176.130005,95.930000
282.994598,199.156174,176.130005,95.930000
284.506042,198.400436,176.130005,95.930000
284.506042,198.400436,176.130005,95.930000
284.506042,198.400436,176.130005,95.930000
284.506042,198.400436,176.130005,95.930000
285.261780,197.644730,176.130005,95.930000
284.506042,197.644730,176.130005,95.930000
284.506042,197.644730,176.130005,95.930000
282.994598,197.644730,176.130005,95.930000
282.994598,198.400436,176.130005,95.930000
282.238892,198.400436,176.130005,95.930000
284.506042,198.400436,176.130005,95.930000
284.506042,198.400436,176.130005,95.930000
286.017487,198.400436,176.130005,95.930000
286.017487,198.400436,176.130005,95.930000
289.796112,198.400436,176.130005,95.930000
289.796112,198.400436,176.130005,95.930000
291.307556,198.400436,176.130005,95.930000
290.551819,198.400436,176.130005,95.930000
290.551819,198.400436,176.130005,95.930000
292.063263,197.644730,176.130005,95.930000
295.086182,197.644730,176.130005,95.930000
295.086182,195.377563,176.130005,95.930000
295.841888,194.621826,176.130005,95.930000
295.841888,193.866104,176.130005,95.930000
296.597626,192.354660,176.130005,95.930000
296.597626,191.598938,176.130005,95.930000
298.864777,189.331772,176.130005,95.930000
299.620514,189.331772,176.130005,95.930000
299.620514,189.331772,176.130005,95.930000
298.864777,189.331772,176.130005,95.930000
290.551819,177.240219,176.130005,95.930000
295.841888,182.530273,176.130005,95.930000
304.154846,192.354660,176.130005,95.930000
310.200623,193.866104,176.130005,95.930000
313.223511,193.866104,176.130005,95.930000
313.223511,193.866104,176.130005,95.930000
323.047882,196.133286,176.130005,95.930000
333.627991,196.133286,176.130005,95.930000
338.162323,196.133286,176.130005,95.930000
340.429504,196.133286,176.130005,95.930000
344.208099,191.598938,176.130005,95.930000
351.765320,190.843216,176.130005,95.930000
359.322571,190.843216,176.130005,95.930000
362.345459,190.843216,176.130005,95.930000
364.612610,190.843216,176.130005,95.930000
365.368347,190.087494,176.130005,95.930000
367.635498,189.331772,176.130005,95.930000
371.414124,188.576050,176.130005,95.930000
372.169830,188.576050,176.130005,95.930000
374.437012,189.331772,176.130005,95.930000
374.437012,189.331772,176.130005,95.930000
378.215607,190.843216,176.130005,95.930000
379.727051,190.843216,176.130005,95.930000
381.238495,190.843216,176.130005,95.930000
382.749939,190.843216,176.130005,95.930000
383.505676,193.110382,176.130005,95.930000
390.307159,196.889008,176.130005,95.930000
392.574341,195.377563,176.130005,95.930000
394.085785,194.621826,176.130005,95.930000
391.818604,197.644730,176.130005,95.930000
397.864380,202.934784,176.130005,95.930000
442.451996,218.804947,176.130005,95.930000
498.375458,235.430832,176.130005,95.930000
499.131165,239.965164,176.130005,95.930000
468.146545,223.339279,176.130005,95.930000
472.680878,221.827835,176.130005,95.930000
484.772430,218.049225,176.130005,95.930000
479.482391,216.537781,176.130005,95.930000
480.993835,217.293503,176.130005,95.930000
493.085388,218.049225,176.130005,95.930000
487.795319,220.316391,176.130005,95.930000
505.932678,164.392944,176.130005,95.930000
2
0
0
0
0
1
677.372925,235.678467,134.000000,73.250000
679.099976,235.678467,134.000000,73.250000
680.251404,233.951385,134.000000,73.250000
680.251404,237.981247,134.000000,73.250000
680.827087,237.981247,134.000000,73.250000
681.402771,237.981247,134.000000,73.250000
681.402771,237.981247,134.000000,73.250000
681.402771,237.981247,134.000000,73.250000
681.402771,237.981247,134.000000,73.250000
681.402771,237.981247,134.000000,73.250000
681.402771,237.981247,134.000000,73.250000
681.402771,237.981247,134.000000,73.250000
681.402771,237.981247,134.000000,73.250000
683.129883,239.708328,134.000000,73.250000
683.129883,239.708328,134.000000,73.250000
686.008362,240.859726,134.000000,73.250000
686.584045,240.859726,134.000000,73.250000
686.584045,240.859726,134.000000,73.250000
688.311096,242.586807,134.000000,73.250000
688.311096,242.586807,134.000000,73.250000
688.311096,242.011108,134.000000,73.250000
687.735413,241.435410,134.000000,73.250000
688.886780,242.011108,134.000000,73.250000
690.613892,244.313889,134.000000,73.250000
690.613892,244.313889,134.000000,73.250000
690.613892,244.313889,134.000000,73.250000
691.765259,244.313889,134.000000,73.250000
692.916687,244.313889,134.000000,73.250000
692.916687,244.313889,134.000000,73.250000
694.068054,244.313889,134.000000,73.250000
694.068054,244.313889,134.000000,73.250000
694.068054,244.889587,134.000000,73.250000
694.068054,244.889587,134.000000,73.250000
694.068054,244.313889,134.000000,73.250000
695.795166,244.313889,134.000000,73.250000
