1
172.638885,31.597221,24.000000,61.000000
173.583328,32.069443,24.000000,61.000000
175.944443,29.236111,24.000000,61.000000
178.305557,25.694445,24.000000,61.000000
175.472229,26.402779,24.000000,61.000000
174.055557,26.402779,24.000000,61.000000
169.569443,27.347221,24.000000,61.000000
166.027771,28.527779,24.000000,61.000000
163.194443,29.000000,24.000000,61.000000
161.305557,29.000000,24.000000,61.000000
158.000000,27.583332,24.000000,61.000000
155.402771,26.875000,24.000000,61.000000
153.986115,27.583332,24.000000,61.000000
152.569443,30.416668,24.000000,61.000000
153.750000,33.013889,24.000000,61.000000
156.347229,37.027779,24.000000,61.000000
158.000000,37.263889,24.000000,61.000000
158.000000,37.736111,24.000000,61.000000
156.819443,39.388889,24.000000,61.000000
156.111115,40.805557,24.000000,61.000000
154.222229,43.638889,24.000000,61.000000
150.680557,46.472221,24.000000,61.000000
145.250000,49.305557,24.000000,61.000000
139.819443,53.319443,24.000000,61.000000
132.263885,56.861111,24.000000,61.000000
131.791672,57.097221,24.000000,61.000000
133.208328,59.694443,24.000000,61.000000
137.222229,63.708332,24.000000,61.000000
140.055557,67.486115,24.000000,61.000000
146.666672,75.277779,24.000000,61.000000
151.152771,79.763885,24.000000,61.000000
153.986115,84.958336,24.000000,61.000000
155.402771,88.263885,24.000000,61.000000
155.638885,97.944443,24.000000,61.000000
155.402771,101.486115,24.000000,61.000000
155.402771,104.555557,24.000000,61.000000
154.694443,107.625000,24.000000,61.000000
154.694443,113.527779,24.000000,61.000000
154.694443,116.125000,24.000000,61.000000
155.166672,119.666664,24.000000,61.000000
155.402771,124.861115,24.000000,61.000000
154.930557,129.347229,24.000000,61.000000
153.041672,133.361115,24.000000,61.000000
153.041672,132.888885,24.000000,61.000000
153.041672,133.361115,24.000000,61.000000
154.222229,134.541672,24.000000,61.000000
154.930557,136.430557,24.000000,61.000000
155.402771,136.430557,24.000000,61.000000
156.583328,135.486115,24.000000,61.000000
156.819443,132.888885,24.000000,61.000000
156.347229,131.000000,24.000000,61.000000
157.055557,119.666664,24.000000,61.000000
156.819443,115.652779,24.000000,61.000000
157.055557,112.111115,24.000000,61.000000
159.180557,106.916664,24.000000,61.000000
162.013885,99.833336,24.000000,61.000000
164.375000,89.680557,24.000000,61.000000
165.083328,86.847221,24.000000,61.000000
167.444443,82.833336,24.000000,61.000000
171.930557,81.652779,24.000000,61.000000
172.166672,87.791664,24.000000,61.000000
170.277771,84.250000,24.000000,61.000000
167.680557,78.583336,24.000000,61.000000
166.736115,77.402779,24.000000,61.000000
166.736115,76.458336,24.000000,61.000000
164.138885,68.666664,24.000000,61.000000
164.847229,69.138885,24.000000,61.000000
164.375000,64.652779,24.000000,61.000000
162.250000,59.222221,24.000000,61.000000
158.708328,55.208332,24.000000,61.000000
157.291672,55.916668,24.000000,61.000000
154.222229,55.444443,24.000000,61.000000
153.041672,58.277779,24.000000,61.000000
152.097229,58.277779,24.000000,61.000000
147.611115,56.861111,24.000000,61.000000
145.486115,58.277779,24.000000,61.000000
144.777771,57.569443,24.000000,61.000000
146.430557,58.750000,24.000000,61.000000
149.500000,57.569443,24.000000,61.000000
154.930557,60.875000,24.000000,61.000000
158.944443,61.347221,24.000000,61.000000
161.541672,59.930557,24.000000,61.000000
163.666672,60.638889,24.000000,61.000000
162.250000,62.527779,24.000000,61.000000
164.611115,63.236111,24.000000,61.000000
163.666672,63.472221,24.000000,61.000000
157.291672,65.125000,24.000000,61.000000
155.402771,66.305557,24.000000,61.000000
154.222229,66.069443,24.000000,61.000000
152.097229,66.069443,24.000000,61.000000
152.333328,64.416664,24.000000,61.000000
151.625000,64.416664,24.000000,61.000000
152.097229,64.888885,24.000000,61.000000
153.513885,65.361115,24.000000,61.000000
154.222229,65.361115,24.000000,61.000000
154.458328,66.069443,24.000000,61.000000
155.402771,65.597221,24.000000,61.000000
155.166672,64.888885,24.000000,61.000000
155.638885,64.652779,24.000000,61.000000
155.638885,64.652779,24.000000,61.000000
154.222229,64.416664,24.000000,61.000000
154.222229,64.180557,24.000000,61.000000
153.513885,63.708332,24.000000,61.000000
152.805557,64.180557,24.000000,61.000000
153.041672,64.652779,24.000000,61.000000
152.805557,64.652779,24.000000,61.000000
153.277771,65.833336,24.000000,61.000000
153.277771,66.305557,24.000000,61.000000
152.805557,66.305557,24.000000,61.000000
153.750000,66.305557,24.000000,61.000000
153.750000,65.597221,24.000000,61.000000
153.986115,65.597221,24.000000,61.000000
154.222229,65.833336,24.000000,61.000000
154.222229,64.888885,24.000000,61.000000
154.694443,64.416664,24.000000,61.000000
154.694443,64.180557,24.000000,61.000000
154.930557,64.180557,24.000000,61.000000
154.930557,64.416664,24.000000,61.000000
154.930557,64.888885,24.000000,61.000000
154.458328,65.597221,24.000000,61.000000
154.222229,66.305557,24.000000,61.000000
153.513885,66.305557,24.000000,61.000000
153.750000,65.833336,24.000000,61.000000
153.513885,64.416664,24.000000,61.000000
153.277771,63.944443,24.000000,61.000000
153.513885,63.472221,24.000000,61.000000
153.277771,62.055557,24.000000,61.000000
152.569443,60.402779,24.000000,61.000000
152.569443,60.875000,24.000000,61.000000
154.222229,60.638889,24.000000,61.000000
154.930557,61.111111,24.000000,61.000000
156.347229,60.875000,24.000000,61.000000
156.111115,60.638889,24.000000,61.000000
155.166672,60.638889,24.000000,61.000000
154.930557,59.930557,24.000000,61.000000
154.458328,60.638889,24.000000,61.000000
154.694443,63.944443,24.000000,61.000000
154.930557,64.888885,24.000000,61.000000
154.458328,65.597221,24.000000,61.000000
154.222229,65.597221,24.000000,61.000000
154.222229,66.305557,24.000000,61.000000
154.222229,66.069443,24.000000,61.000000
154.222229,66.305557,24.000000,61.000000
154.222229,66.541664,24.000000,61.000000
153.986115,66.305557,24.000000,61.000000
154.458328,66.541664,24.000000,61.000000
154.222229,67.486115,24.000000,61.000000
154.222229,67.958336,24.000000,61.000000
154.222229,69.375000,24.000000,61.000000
152.805557,69.611115,24.000000,61.000000
149.972229,72.444443,24.000000,61.000000
145.958328,76.694443,24.000000,61.000000
144.305557,77.875000,24.000000,61.000000
143.125000,76.694443,24.000000,61.000000
142.888885,75.986115,24.000000,61.000000
142.888885,76.222221,24.000000,61.000000
142.888885,77.402779,24.000000,61.000000
143.125000,77.638885,24.000000,61.000000
143.833328,77.638885,24.000000,61.000000
144.541672,77.638885,24.000000,61.000000
145.486115,77.402779,24.000000,61.000000
145.722229,76.222221,24.000000,61.000000
145.722229,76.222221,24.000000,61.000000
146.902771,74.805557,24.000000,61.000000
146.902771,72.916664,24.000000,61.000000
147.138885,71.972221,24.000000,61.000000
147.611115,70.555557,24.000000,61.000000
147.611115,69.847221,24.000000,61.000000
147.611115,69.138885,24.000000,61.000000
147.611115,69.138885,24.000000,61.000000
147.375000,69.138885,24.000000,61.000000
147.847229,68.666664,24.000000,61.000000
147.375000,68.902779,24.000000,61.000000
146.902771,67.722221,24.000000,61.000000
147.138885,66.305557,24.000000,61.000000
147.375000,65.833336,24.000000,61.000000
148.555557,63.000000,24.000000,61.000000
148.555557,59.222221,24.000000,61.000000
147.138885,54.972221,24.000000,61.000000
147.138885,52.138889,24.000000,61.000000
146.666672,51.430557,24.000000,61.000000
146.902771,53.083332,24.000000,61.000000
146.902771,54.027779,24.000000,61.000000
147.611115,53.319443,24.000000,61.000000
149.263885,54.027779,24.000000,61.000000
149.736115,53.555557,24.000000,61.000000
149.736115,52.138889,24.000000,61.000000
148.083328,49.069443,24.000000,61.000000
145.486115,48.361111,24.000000,61.000000
145.486115,51.666668,24.000000,61.000000
145.250000,53.791668,24.000000,61.000000
145.958328,53.083332,24.000000,61.000000
147.375000,52.847221,24.000000,61.000000
147.375000,52.138889,24.000000,61.000000
145.958328,53.083332,24.000000,61.000000
144.541672,54.500000,24.000000,61.000000
142.888885,54.736111,24.000000,61.000000
140.763885,54.027779,24.000000,61.000000
137.458328,55.916668,24.000000,61.000000
134.152771,58.277779,24.000000,61.000000
131.319443,61.347221,24.000000,61.000000
130.847229,61.347221,24.000000,61.000000
129.666672,61.347221,24.000000,61.000000
130.611115,62.763889,24.000000,61.000000
130.847229,63.000000,24.000000,61.000000
130.847229,62.291668,24.000000,61.000000
131.083328,60.638889,24.000000,61.000000
130.611115,60.166668,24.000000,61.000000
130.611115,59.222221,24.000000,61.000000
130.611115,58.986111,24.000000,61.000000
130.138885,57.805557,24.000000,61.000000
129.194443,55.680557,24.000000,61.000000
129.194443,54.972221,24.000000,61.000000
129.430557,55.208332,24.000000,61.000000
129.666672,55.444443,24.000000,61.000000
129.902771,54.500000,24.000000,61.000000
130.138885,54.500000,24.000000,61.000000
130.375000,53.555557,24.000000,61.000000
130.611115,53.319443,24.000000,61.000000
130.847229,52.138889,24.000000,61.000000
130.847229,50.722221,24.000000,61.000000
130.611115,50.250000,24.000000,61.000000
131.083328,49.305557,24.000000,61.000000
131.555557,49.305557,24.000000,61.000000
