1
67.904060,64.282394,72.073196,277.992706
69.453964,63.364967,72.366035,279.102295
74.452667,62.463833,72.628441,280.048035
76.132202,60.938759,72.747818,280.537567
79.440575,61.053333,72.871391,281.002106
80.465805,62.571815,72.967567,281.331360
83.644196,59.135540,72.589119,279.891418
90.233551,58.642498,72.173164,278.324768
91.286949,60.964691,72.235542,278.553070
93.348518,63.664429,72.042381,277.806915
97.685310,57.808598,71.277084,274.896515
100.724365,62.683945,71.337189,275.131927
103.015579,67.007317,71.336792,275.156982
106.641083,65.567451,71.502724,275.916290
108.710747,61.553234,72.041275,277.992706
113.251701,68.250763,71.907135,277.486237
114.014023,62.281830,72.022980,277.988251
114.460327,63.100216,71.872223,277.470032
119.329666,61.391373,71.550766,276.243500
122.280090,63.909111,71.450638,275.776276
123.041328,61.988205,71.542412,276.062927
126.805992,64.067841,71.461258,275.720886
129.783890,63.800491,71.457298,275.598297
133.816711,69.065147,71.292519,275.047943
136.387451,64.887871,71.226524,274.781677
137.835739,63.672112,71.140610,274.359589
135.870239,101.101250,71.663429,276.321899
142.378677,64.703178,71.291611,274.858063
146.292023,63.095375,71.051552,273.845642
146.269165,63.430103,70.991699,273.561676
149.965622,64.111351,70.748749,272.656097
152.499023,69.564522,70.750961,272.653473
156.080307,67.365471,70.944649,273.461884
155.618408,56.882042,71.420212,275.176849
156.637512,57.832245,71.350029,274.878204
160.495010,63.286217,71.467026,275.224518
163.057800,62.463352,71.338890,274.700195
169.909317,73.125122,70.914734,273.004517
168.741974,70.495430,70.869812,272.831085
173.635895,61.479496,70.959518,273.217987
173.237274,62.751659,70.595352,271.699921
173.021790,54.266827,70.660278,272.008026
179.207214,61.167034,70.504173,271.435181
179.735397,64.556343,70.526703,271.490692
183.121857,61.247330,70.518784,271.520538
182.258453,58.901672,70.545326,271.731842
185.868942,64.231438,70.357239,271.131104
185.843430,58.644127,70.632011,272.098846
188.888504,60.515499,70.500244,271.549164
189.821945,60.552341,70.480743,271.439514
193.157074,64.767326,69.875000,269.081635
193.957840,63.771648,69.791512,268.660522
198.174088,61.693199,69.812355,268.729309
199.011383,60.303730,70.104118,269.744507
198.774353,63.212513,70.279320,270.338745
201.394012,64.203743,70.106766,269.778809
204.222824,58.494987,70.080154,269.607483
204.455841,64.765068,69.740898,268.370026
205.585693,61.667351,70.403336,270.951904
207.397797,60.803989,69.942505,269.154663
211.778305,67.551636,70.213760,270.117493
213.548126,65.690521,70.010796,269.255920
215.562729,59.273312,69.989098,269.189575
217.592346,59.631756,69.826691,268.474030
217.947723,57.387108,69.634018,267.689392
220.527740,55.974834,69.649147,267.846893
221.979935,63.397678,69.583710,267.685455
223.529358,59.424778,69.622986,267.904999
224.773178,57.893932,69.350868,266.952057
222.768738,55.217476,69.594429,267.972992
224.430557,59.402279,69.630852,268.158051
225.128891,57.621460,69.913185,269.163269
222.196121,55.521851,69.465508,267.326782
227.675674,55.447689,69.423515,267.199768
228.151642,62.895241,69.245811,266.550812
228.231003,52.618195,69.474144,267.498199
225.530365,52.497166,69.863953,269.055756
233.684952,51.203434,69.200935,266.516083
233.863510,55.392227,69.195129,266.457733
231.458984,50.825405,69.466393,267.511444
223.958115,58.105343,68.999603,265.682617
233.717056,168.205933,70.001656,269.364838
226.226181,238.258774,70.282631,270.394318
228.681732,249.097031,70.293404,270.444366
226.644684,236.763550,70.179535,270.089783
232.779068,233.609360,70.026802,269.501709
240.742493,236.088379,70.252487,270.296112
236.326614,240.014603,69.908905,268.972229
236.624878,233.067352,69.409409,267.142700
238.155136,240.736725,69.171654,266.070007
237.211746,236.849594,68.874458,264.863129
236.719421,233.067749,69.436920,267.126099
244.223297,237.787796,69.803909,268.559204
240.516998,241.705841,67.957954,261.595734
244.918427,244.168976,67.732651,260.738800
241.636032,236.715683,67.586151,260.218292
242.996796,237.521881,67.488701,259.842102
252.544937,239.004135,67.828506,261.257782
248.623993,238.435852,68.016891,261.933441
254.932129,242.643127,68.079803,262.246246
252.928757,237.397949,68.103874,262.317474
249.482468,233.038651,67.913208,261.633118
253.292786,231.349792,67.699554,260.753723
256.927368,237.117569,67.579895,260.303406
257.414368,239.754578,67.233536,258.847046
257.327759,235.030731,67.092262,258.224457
257.569366,236.784790,67.172287,258.618530
260.444275,238.963196,66.799240,257.224243
262.469574,234.126389,66.886635,257.617737
263.853271,236.626663,66.536415,256.354614
263.767456,241.581879,66.475464,256.209991
267.810089,239.577515,66.179863,255.061752
267.454163,236.626099,65.979507,254.320618
269.138031,234.760132,66.466766,256.134338
268.265533,235.196426,66.615700,256.681213
267.091248,232.754395,66.623734,256.745850
267.999176,236.582932,66.377892,255.891357
271.314056,233.721695,66.227974,255.354156
271.758118,232.172928,66.487503,256.259186
261.937164,229.347839,66.945450,258.057831
270.618958,226.302063,67.335968,259.564911
263.202942,225.992950,67.313057,259.486847
272.843384,227.505188,67.053352,258.525269
277.712708,225.536087,66.846367,257.728149
266.177032,226.293167,67.265793,259.260315
266.401093,226.739349,67.210197,259.126862
273.425720,223.667892,67.558769,260.378845
273.894165,220.468903,67.465797,260.076538
280.671844,217.557312,67.542542,260.374268
281.421631,217.411682,67.665756,260.841217
270.771149,217.798981,67.355354,259.691956
281.630127,215.029327,67.225182,259.224701
280.804047,210.307205,67.265244,259.393066
276.520813,214.057480,67.264725,259.432922
280.621735,209.386581,66.881996,257.970947
283.398407,210.476379,66.805611,257.683777
281.551819,210.946213,66.913696,258.105408
276.429626,216.751434,67.225197,259.366882
279.807037,218.516647,66.732277,257.312744
283.960663,207.541229,66.955521,258.173737
278.729095,216.392624,66.910324,257.938843
286.587982,210.648331,66.999817,258.278900
277.400696,212.686234,67.331444,259.523682
290.189240,206.072449,67.783783,261.362549
281.678314,215.070038,67.058983,258.417816
275.454773,211.117752,67.315132,259.452240
285.459412,217.472366,67.888664,261.637543
281.001526,217.036209,67.467880,260.111389
297.895294,209.025131,67.905655,261.718689
296.752045,209.738342,68.152061,262.615234
291.587891,206.236115,67.813744,261.376953
293.966766,218.861160,67.186478,258.871796
296.659424,217.299622,67.088730,258.470581
301.139648,207.477127,67.238327,258.984283
294.829437,218.502823,67.961349,261.737732
297.324463,216.212494,68.206688,262.724609
295.262329,213.792328,68.010399,261.970947
299.314636,210.629501,68.005676,261.930176
297.722168,214.458359,68.163185,262.587524
302.978790,211.806732,67.929039,261.662720
299.254578,207.192810,68.114319,262.387634
304.618134,205.368668,68.575500,264.251709
305.130768,203.931992,68.607994,264.396149
306.485229,208.740280,68.372849,263.525085
310.926544,205.610184,68.249840,263.161621
307.393738,203.970245,67.702705,261.050018
307.752380,209.078934,67.588959,260.546936
306.200165,206.097885,68.017891,262.098206
306.531708,211.862167,67.487091,260.212616
304.103882,211.317352,67.480759,260.199219
306.440125,206.465973,67.573723,260.573303
305.927948,206.962448,67.265526,259.342896
311.684204,205.703751,67.247421,259.254059
307.119934,203.397217,67.551422,260.518188
309.195618,202.539505,67.167686,259.126007
308.397400,203.717072,67.204674,259.189331
311.346283,201.564026,66.904991,258.002563
312.224060,201.592789,67.170700,259.066986
314.661255,205.424973,67.127632,258.900696
314.766327,200.466949,67.675560,261.031342
315.853485,201.642914,67.486160,260.247650
314.553467,198.906235,67.489960,260.200195
323.358368,201.527267,67.243553,259.316803
316.150482,195.494080,67.366684,259.866119
317.392853,201.651245,66.732498,257.349884
324.928864,196.900070,66.912560,257.975037
322.438080,196.585220,67.326035,259.613403
324.725983,200.829086,67.728668,261.157074
324.991241,201.046768,67.519867,260.237610
326.183960,203.160431,67.630569,260.678833
328.963470,197.938629,67.501328,260.195496
328.431061,200.447433,67.327660,259.671936
324.906250,199.506012,67.203690,259.212616
330.553833,194.643677,67.727684,261.331329
331.355896,195.743546,67.968102,262.271576
330.453156,197.178741,67.814552,261.745056
331.552826,203.609970,67.766472,261.463043
335.808533,198.902191,68.361511,263.825012
330.097046,201.039108,68.461769,264.278168
329.163055,196.278152,68.334694,263.710571
336.339691,197.293091,67.948204,262.150787
333.824097,196.580933,67.514488,260.489655
335.763153,200.923691,67.491997,260.450745
335.754425,198.382660,67.387413,259.939667
336.127441,202.715698,67.555473,260.605072
337.387604,200.615570,67.485474,260.409943
336.416077,197.300705,67.745529,261.503784
337.273071,198.398895,67.530281,260.740540
331.284363,198.807495,67.462303,260.407043
336.201721,199.749771,67.082840,258.963287
337.671082,203.050873,67.239281,259.544647
340.084625,200.940140,67.049271,258.801941
337.562683,198.628571,66.806877,257.938934
345.162292,202.885269,66.915596,258.334595
341.253998,199.016327,67.120026,259.032471
337.808563,200.562729,67.606880,260.895264
339.554382,193.727631,68.102890,262.728149
339.118958,192.612183,68.313339,263.522522
343.061615,192.812210,67.945564,262.165924
341.106903,190.054489,67.912308,261.992371
340.862213,190.400558,68.146004,262.889954
341.118774,192.920395,67.578056,260.704590
337.961975,189.983353,67.836510,261.742340
338.005157,194.555237,67.483589,260.450043
337.021881,193.605209,67.734726,261.398102
338.602570,191.226868,67.431099,260.259491
341.475403,187.385544,66.864296,258.110901
347.293152,191.599365,67.146858,259.234924
345.015686,190.803650,66.831581,258.011383
342.910492,189.856064,66.866684,258.178345
341.813812,188.084000,66.871391,258.225189
343.698334,190.077866,66.868050,258.214355
341.853699,185.742889,66.866280,258.152985
345.186859,188.410461,66.636360,257.208405
344.144806,184.113831,66.592888,257.052490
347.054993,185.692947,66.390442,256.284363
346.920685,185.043915,66.649391,257.371552
341.350800,186.602173,66.323112,256.144196
345.826019,187.032562,66.254074,255.916138
348.013550,181.819595,66.233505,255.778000
346.482697,187.565430,66.249252,255.777328
343.508392,183.505539,66.446556,256.463135
344.410767,180.493500,66.370872,256.228577
345.307617,184.507660,66.087708,255.149033
346.489594,185.965057,65.898628,254.382614
342.757111,183.932053,66.358032,256.128479
343.500031,180.517441,66.349602,256.115723
345.186523,183.175980,66.121582,255.273712
345.387817,184.245529,66.604393,257.160339
346.325867,185.080368,66.944695,258.506042
345.095673,181.676849,66.981674,258.580078
344.528381,184.405014,66.931313,258.495361
344.119263,181.562454,67.234894,259.605408
348.342743,182.576874,67.418678,260.365051
346.167572,179.437592,67.848404,262.101776
343.440979,178.059814,67.782509,261.920197
346.857971,179.869797,67.561798,261.097046
344.017609,183.132141,67.238991,259.824829
346.133331,181.646576,66.966057,258.757629
348.190002,181.251465,66.705002,257.830841
343.821899,181.695816,66.565971,257.398834
349.765228,181.024841,66.364716,256.694214
347.400940,182.128632,66.393982,256.871124
351.135529,178.135513,66.454277,257.103485
351.668854,180.249207,66.422318,257.054016
349.148895,178.562454,66.940941,259.092377
351.060028,177.083832,66.979240,259.231995
342.569397,180.316422,66.722099,258.194611
348.531708,180.120575,66.905289,258.945953
344.205231,177.268326,66.711578,258.232483
348.890503,178.110397,66.439583,257.167175
350.574524,176.168762,66.538460,257.480865
346.887054,172.853424,66.758698,258.404114
350.660431,172.183960,66.840034,258.645294
351.123566,174.140564,66.819504,258.550262
346.560608,177.638489,66.815514,258.555817
342.898346,176.602798,67.059982,259.465973
345.215973,174.866150,66.938148,259.021423
346.241913,173.048843,67.399178,260.877075
353.269745,171.644424,67.107460,259.780914
352.252960,172.735641,66.879036,258.954498
352.471130,178.236771,66.396042,256.995544
349.690369,179.062393,66.173622,256.174774
347.933044,176.750961,65.895889,255.023102
354.280304,173.950546,66.010971,255.446869
353.035248,172.978378,66.343842,256.717957
354.559387,170.348267,65.657318,253.989120
354.178558,169.904678,65.420662,253.095856
350.908966,170.973785,65.681183,254.081268
354.691681,173.721954,65.485466,253.250168
356.971375,169.786880,65.307281,252.593735
354.832825,166.991623,65.367210,252.855865
354.261047,169.147690,65.111099,251.801529
354.650391,171.350937,64.956970,251.186798
355.791626,168.068832,64.729355,250.430023
353.795593,169.975891,65.365768,252.948883
353.186096,169.557220,65.648766,254.066284
354.299652,165.551147,66.228020,256.284363
352.269684,168.321304,65.886963,254.905731
355.537201,167.271286,65.682106,254.089981
355.849976,166.999451,65.420441,253.129669
355.351471,168.391022,65.668472,254.034225
353.153564,165.269760,66.167313,255.926392
355.460358,163.942505,66.007370,255.295395
355.434235,166.610229,66.478279,257.094208
353.927277,161.971313,66.560135,257.550781
355.020020,162.423630,66.835938,258.636536
355.985077,162.455200,66.735451,258.276672
354.413910,159.193481,66.564804,257.706238
352.250732,161.465164,65.980293,255.444794
349.410553,163.687515,66.354317,256.831238
352.387085,158.371429,66.416840,257.124725
348.186646,162.942398,66.297958,256.685364
347.858765,162.420258,66.222923,256.413910
350.808411,159.649460,66.559181,257.737183
351.691284,157.089828,66.573586,257.938324
349.781158,155.046066,66.870628,259.167542
348.050964,159.096069,66.509216,257.726868
351.081482,160.590927,66.584862,257.936920
349.919708,164.555527,66.064522,255.999603
346.508667,162.516724,66.174477,256.372681
350.343811,157.515961,66.393181,257.280792
348.935364,159.051834,66.428276,257.332947
353.749207,155.303040,66.855537,259.025085
345.227112,158.541306,67.074509,259.869843
350.742462,154.747147,66.703941,258.589752
349.696777,158.013062,66.065384,256.112915
350.321075,158.222305,65.895645,255.481110
339.898254,161.950287,65.766838,255.053848
349.463074,158.219849,65.764359,254.938049
348.634277,158.167892,65.728500,254.751266
350.069946,156.578049,65.353004,253.316849
346.296661,162.691589,65.625526,254.441788
345.543365,156.101517,65.878365,255.456696
344.875427,160.374847,65.376762,253.446381
346.165070,158.848190,65.134964,252.490967
347.781281,160.603531,65.113113,252.415695
347.819092,157.879318,65.259415,252.980881
349.123566,159.464401,65.024155,252.083786
347.190460,159.053589,65.032791,252.102478
349.174255,161.559143,64.619194,250.534637
351.009521,161.460175,64.088821,248.485977
342.464935,163.540253,63.633247,246.716583
348.930511,162.512680,63.857498,247.444305
343.162170,162.550705,63.754864,247.090988
344.404144,161.852890,63.869068,247.582718
347.114716,159.361816,64.214958,248.929031
346.626282,158.816696,64.211655,248.896378
347.221893,159.159210,63.978477,247.986832
345.686371,161.586121,63.537411,246.239655
