1
68.286186,68.135597,68.820694,265.347687
69.423706,66.577171,68.805550,265.214935
72.239616,65.744621,68.842735,265.181152
77.411201,71.042206,68.890625,265.319550
80.222786,67.479774,68.524010,263.817291
78.992226,62.586338,68.769043,264.651947
84.476059,66.580086,68.766403,264.646210
85.977249,66.775497,68.402504,263.274994
90.513145,67.330223,68.097771,262.111023
93.703934,67.246025,67.911751,261.371155
95.081535,63.465244,67.673592,260.387512
101.360519,67.256760,66.863937,257.307678
105.055885,71.200348,66.455193,255.741119
106.674934,106.526176,66.272598,255.048141
109.139839,72.958801,66.383278,255.514984
112.010696,73.353882,65.837708,253.446167
111.939049,70.068031,66.117134,254.483276
118.716316,74.396584,66.475876,255.804123
119.186897,68.267708,66.492302,255.863678
123.548233,72.842163,66.347450,255.285110
124.724213,71.768890,66.304550,255.035065
126.774963,76.824150,66.584641,256.149780
129.831619,70.753746,66.030533,254.015839
132.140610,71.783463,65.939201,253.565552
133.873856,73.974823,66.448502,255.512360
137.136032,72.438362,66.424858,255.325607
140.704559,69.660439,66.462502,255.403091
141.404526,72.458267,66.856438,257.013245
147.845093,66.507797,66.475571,255.545059
146.801193,72.777100,66.250557,254.631760
146.282028,72.715057,66.032524,253.808502
148.811020,69.254280,66.240723,254.643127
158.278183,67.385986,66.157372,254.315613
158.667587,67.607719,65.903809,253.252716
159.571899,69.041298,65.700432,252.471405
159.298676,65.811607,65.358078,251.202759
165.235107,65.791275,65.671898,252.356186
165.418747,73.383392,66.190628,254.349503
171.383331,72.391739,66.223671,254.476227
170.506317,67.201744,66.761375,256.437347
174.662506,71.008308,66.131844,254.011566
176.635651,68.510025,65.839081,252.814789
182.620926,61.885578,66.153839,254.052170
177.476440,69.708679,66.676163,256.091614
180.924576,70.603271,66.010185,253.535660
183.654449,68.794174,65.539093,251.743439
185.483521,67.460373,65.120094,250.222885
187.621735,72.246758,65.298172,250.931946
188.528656,68.254059,65.263153,250.761139
192.683289,70.544380,65.366325,251.164902
190.753036,74.319519,65.209686,250.568893
193.893707,68.131401,65.468796,251.508255
195.894775,68.449684,65.405304,251.318130
199.891357,69.253670,65.191658,250.442688
200.130783,69.439079,64.981743,249.605881
200.585403,70.580727,64.810638,248.974915
202.979630,68.896072,64.513603,247.783371
207.795944,66.391121,64.705338,248.516174
208.855286,71.328835,64.399460,247.294998
207.360596,64.946716,64.717270,248.563828
211.837616,71.095055,65.064819,249.878052
214.645020,72.862465,64.792282,248.845398
215.052124,70.491997,65.023056,249.806137
215.364273,63.160667,64.638939,248.227997
222.552994,71.604530,64.719788,248.568405
218.065613,63.222630,64.718666,248.529694
221.441818,65.464600,64.405014,247.344940
221.991867,67.140945,63.575119,244.099060
227.303146,66.155853,63.865879,245.297668
226.134857,66.067215,63.115765,242.336075
229.123001,70.484947,63.052444,242.072128
228.786499,70.279640,62.904598,241.434509
230.479370,71.512062,62.589943,240.267609
233.412140,74.332184,62.524021,239.980820
235.416916,79.090477,62.450493,239.748672
206.693054,69.210197,62.868198,241.286728
218.014633,74.381546,62.649654,240.491501
232.365829,79.753586,62.879147,241.378128
228.278488,79.108818,62.830704,241.112839
212.968384,163.748138,63.027985,241.828186
232.872986,260.764191,63.996887,245.528198
236.496613,256.248108,63.950115,245.308777
235.081879,260.606537,63.332607,242.722595
237.982742,260.347107,63.457508,243.260452
217.952393,273.850250,63.123459,241.962677
234.269119,254.419144,63.188988,242.323486
242.885498,258.799896,63.823830,244.890991
224.879288,273.368073,63.545776,243.787460
240.501389,255.558929,63.834274,244.876480
226.861954,270.500031,63.533440,243.775894
233.298981,279.084381,63.402229,243.291656
244.361374,257.376282,63.191776,242.470428
232.293655,267.009399,63.090355,242.200424
244.638092,257.954254,63.238464,242.790588
238.936523,259.689331,62.929749,241.725388
249.821991,255.126236,63.403580,243.447891
246.310822,256.311615,63.275227,242.886765
249.333130,254.048615,63.361763,243.300369
251.704468,256.028168,63.193398,242.707047
250.010727,250.057098,63.485191,243.709610
255.118439,252.263107,63.433914,243.556442
255.831604,253.471237,63.464378,243.753555
255.284683,252.638657,63.101379,242.411636
260.425293,253.158112,62.998943,242.112427
262.425354,255.167038,62.733578,241.160950
261.831665,253.412537,63.319283,243.379700
264.711395,251.827255,63.397953,243.733063
263.640045,249.105133,63.144241,242.713745
261.699005,251.420441,63.226879,243.056732
260.824127,251.640152,62.894150,241.861542
264.143097,248.905869,62.977341,242.164017
264.731598,252.583862,62.223328,239.229950
268.807678,249.144684,62.688370,240.951447
268.122986,247.902008,62.358788,239.739822
268.521332,241.827744,62.570465,240.620285
269.227753,242.424591,62.792343,241.481781
266.909210,244.145752,62.933529,242.050888
260.714325,244.808594,62.689625,241.122696
269.890381,238.344391,63.211517,243.157059
268.651184,240.715134,63.343620,243.608337
273.135071,242.321533,62.857922,241.785660
270.961517,240.707382,63.112617,242.782761
274.766937,238.958038,63.379433,243.913925
263.844574,236.939545,63.352394,243.765762
275.464722,237.616165,63.196789,243.201157
264.981049,235.557632,63.447315,244.243546
269.754761,234.392654,63.476189,244.336670
267.500519,231.673004,63.585022,244.841980
265.336884,233.374359,63.555374,244.731049
272.088318,230.298187,63.569164,244.816437
267.505402,229.404831,63.519859,244.636002
273.456390,227.061279,63.441746,244.309708
270.077667,228.019012,63.323551,243.845825
278.249207,225.492966,63.260521,243.630005
280.375671,222.614288,63.304619,243.788284
281.291260,219.422287,63.055569,242.840179
279.043335,220.497803,63.114410,243.128693
280.981812,218.399628,63.303467,243.845718
284.213226,217.644516,63.308117,243.750443
272.799530,225.114929,63.507290,244.546356
275.895508,223.132339,63.648670,245.093903
281.565582,217.772186,63.888012,246.046173
267.906647,210.029419,64.022575,246.544601
282.887726,223.973602,63.742485,245.469452
278.528503,214.395004,63.444862,244.374252
258.427826,219.013351,63.538654,244.778702
269.116211,225.608810,63.037785,242.878540
242.734818,221.080475,62.765888,241.826843
250.730453,220.200974,62.689281,241.544952
253.545319,217.681900,63.468502,244.501694
257.617523,217.604446,63.507446,244.686981
256.627991,213.295807,63.211250,243.495743
2
0
0
0
0
1
306.748627,89.977638,44.244648,169.591782
307.067749,92.489326,44.327110,169.876022
308.766144,88.429710,44.621239,170.982590
308.435516,88.659653,44.543491,170.718292
309.065399,94.017502,44.544674,170.770203
308.889252,93.791161,44.659744,171.205475
310.201294,93.444191,44.826214,171.800705
310.152985,91.826050,45.445763,174.187775
311.090027,90.611229,45.738148,175.327042
311.474152,90.810188,45.881638,175.853119
312.875305,93.664314,45.799084,175.550903
312.845398,90.082420,45.773335,175.453064
313.553162,89.995033,45.799812,175.494049
313.642883,90.729286,46.202187,177.063461
313.117157,90.736893,46.323288,177.529526
315.844055,88.138626,46.144772,176.834930
316.828339,88.558868,46.215218,177.034103
315.353943,91.050766,46.250248,177.147369
318.207764,87.494453,45.619392,174.738419
317.916046,89.670891,45.693268,175.060669
318.995087,89.417160,46.163177,176.861908
320.032745,87.816597,46.219826,177.077179
320.180359,88.314926,45.894009,175.788498
320.002869,90.259270,46.165779,176.818680
322.703827,89.346748,45.982620,176.101410
322.974854,89.648254,45.076767,172.592987
322.135498,87.834831,45.455952,174.044235
323.326019,91.393509,45.222248,173.218155
324.602081,89.978996,45.446274,174.105804
327.525360,90.115540,45.314720,173.603409
326.285706,86.634460,44.942619,172.140335
326.480164,90.059158,44.869061,171.870514
327.800171,90.572823,44.865242,171.871597
327.664703,89.802361,44.761974,171.386292
328.525940,87.495338,44.770874,171.358719
329.473083,88.115044,45.307930,173.355911
328.772186,86.519173,45.859596,175.483856
328.924896,86.580307,46.314472,177.183380
330.381653,88.029099,46.308323,177.158035
331.592346,89.771240,46.347984,177.333740
331.674652,84.438499,46.499172,177.897766
330.560242,86.338211,46.663868,178.575790
333.438629,83.638535,46.366993,177.457230
332.405243,86.313583,45.871616,175.605652
333.734100,86.721146,45.779495,175.197739
334.730225,85.455147,45.633675,174.758469
334.419586,88.128815,45.841694,175.578598
334.457703,83.996140,46.484196,178.062607
335.185394,89.174736,46.231873,177.121643
335.426514,83.127579,45.750584,175.354263
335.492340,87.127487,45.284550,173.534515
335.767761,88.089394,45.458832,174.180664
337.137054,87.832954,44.989838,172.361786
336.564362,87.068878,45.077869,172.692780
337.635742,87.176033,45.273205,173.482773
337.063904,85.380295,45.444988,174.164917
337.716644,84.343842,45.382553,173.965622
337.675354,81.974983,45.058224,172.694962
338.512054,85.102699,45.368294,173.949295
337.772858,87.287590,44.755146,171.554596
340.939606,84.451889,44.663795,171.221924
339.309357,86.050003,44.654819,171.213089
339.371307,89.748116,44.602016,170.997452
338.865509,85.632141,44.884972,172.015091
338.405396,83.967171,45.350960,173.809586
338.557587,86.024818,44.926228,172.205490
338.303986,85.249771,44.756935,171.622314
340.557800,82.547523,44.443619,170.453583
340.709167,86.899368,44.645618,171.276459
338.893158,87.351219,44.890495,172.127029
340.229584,82.248482,45.354027,173.902390
340.319916,80.035492,45.495197,174.467270
340.585999,83.670441,45.573780,174.766571
342.350372,81.884171,45.784847,175.603851
342.965210,79.241241,45.663620,175.134506
341.080017,83.843834,45.870525,175.889130
340.416321,80.499397,45.792309,175.634186
340.774475,86.813507,45.561237,174.708542
341.765564,80.447289,45.413685,174.161469
341.618347,83.256668,45.069687,172.870682
342.547058,85.283501,44.960155,172.463348
340.411102,82.732384,45.188568,173.318283
340.427002,79.045891,45.159241,173.259781
342.251343,85.044479,45.113152,173.116348
342.123505,86.096382,45.225773,173.548172
341.762146,84.274445,45.169033,173.353394
341.405304,86.428329,44.669655,171.443207
342.035156,85.552948,44.169270,169.542496
341.447052,84.451630,44.126534,169.379669
341.687256,82.445320,44.440937,170.620239
343.343475,85.147209,44.346188,170.272888
340.298950,84.204071,43.725777,167.902283
341.567780,83.862144,43.758827,168.062744
339.884766,88.155617,43.610451,167.463165
342.032135,88.825752,43.334404,166.428421
340.826965,87.629105,43.257549,166.173004
342.322937,85.353348,43.616577,167.543503
342.029633,84.558624,43.139385,165.667252
341.511444,85.551071,43.788090,168.224899
341.367462,86.294060,43.576088,167.430923
340.415588,85.574615,43.755562,168.081131
340.796631,84.140717,44.250187,169.887207
342.109009,84.140343,44.141556,169.402512
341.573120,87.888138,44.168404,169.482559
342.267792,84.511780,43.808094,168.093292
342.909302,86.329811,43.507610,166.878174
343.159088,85.782837,43.447754,166.589432
342.259308,87.644379,43.334049,166.189178
343.262238,84.447296,43.283649,165.991470
343.461914,87.765923,43.208233,165.698166
343.249054,82.309853,42.930889,164.600113
345.440735,82.980309,43.227448,165.720093
343.863953,83.609955,43.167683,165.474670
345.041077,84.746849,43.095917,165.175201
344.063873,84.979271,42.726650,163.741180
345.696472,86.117188,42.481113,162.857132
345.051300,86.628983,42.460274,162.764084
343.731140,87.343391,42.321232,162.258804
344.882507,86.919525,42.080776,161.421432
343.630585,85.823540,42.030468,161.230225
344.199768,89.705467,42.196815,161.809723
345.155273,85.408394,42.448433,162.800720
344.927582,86.841957,42.552036,163.256042
345.104523,89.168526,42.611542,163.483917
344.701782,86.106674,42.537415,163.152924
346.245819,83.399673,42.484699,162.991898
344.570221,84.750519,43.000572,164.941101
346.328949,80.280800,43.533161,166.952194
344.922028,77.791611,43.859413,168.204834
347.159363,78.155396,44.053158,168.910889
344.625824,82.112656,43.623604,167.279755
344.919861,81.562080,43.137726,165.450684
347.341919,77.020020,43.388401,166.391281
346.748444,78.993309,43.282738,166.024200
344.288910,82.405319,43.201096,165.742523
347.119507,76.099411,43.476952,166.881836
345.931122,81.407166,42.801376,164.296814
347.570709,80.326866,42.929523,164.816071
346.930328,81.517303,42.540901,163.307571
347.151215,82.231262,42.524574,163.171936
346.248932,81.446800,42.282150,162.288589
346.516968,85.314278,42.322411,162.476578
348.153778,83.213913,41.943607,161.026382
347.325073,84.854874,42.150177,161.862396
347.431610,84.662567,41.537502,159.491287
347.977112,82.457596,41.567127,159.573822
346.634216,84.523712,41.925243,160.923233
347.787170,86.880737,41.731266,160.247635
346.980347,87.027992,41.364819,158.809174
347.413452,85.631020,41.056400,157.597763
348.169403,86.199738,41.114403,157.866623
346.687805,84.726936,41.224102,158.219467
347.993561,81.393181,41.716496,160.112747
346.766205,79.887253,41.757069,160.224747
346.899628,81.431007,41.823608,160.457001
346.686493,83.211708,41.800785,160.387466
347.767517,79.205574,41.585129,159.547943
347.617462,82.107559,41.297791,158.442627
345.348602,80.546379,41.663780,159.795609
347.769196,80.735405,41.932697,160.804337
347.409607,80.553780,41.920887,160.823730
345.525818,82.203156,42.081825,161.390564
345.538666,82.819916,42.300858,162.191971
346.124054,79.301125,42.206898,161.874374
344.819641,80.019753,41.921337,160.739075
346.283142,78.680641,42.001106,161.051544
343.809265,80.504135,42.365757,162.443771
343.224823,76.312050,42.226990,161.891891
344.451843,77.476242,42.492332,162.872101
341.669678,74.564804,43.030586,164.917801
342.375488,71.820152,43.206974,165.540817
341.808899,75.774017,43.588825,167.019775
343.059479,74.316666,43.519165,166.843948
340.395935,73.985359,43.553806,166.959045
341.857483,71.367813,43.484596,166.709229
343.844727,70.319603,43.510128,166.768646
341.041077,75.699295,43.751839,167.692062
340.661896,75.876579,43.249371,165.706299
343.590973,74.678497,42.846210,164.171997
340.934052,73.938499,43.364796,166.172073
343.408020,73.527092,43.648140,167.244202
343.174255,72.416512,43.916630,168.255203
342.858459,71.795258,44.246918,169.498840
343.398926,73.514572,44.137314,169.056931
344.143768,70.643837,44.110909,168.914047
343.708801,73.407333,43.827255,167.833908
344.622253,75.990456,43.433674,166.321152
344.098236,74.442314,43.970325,168.285965
344.069153,67.445450,44.099300,168.810959
343.182404,75.298141,43.627842,167.009109
345.239716,71.132935,43.305149,165.719528
344.535309,74.243073,43.260952,165.579544
