1
490.000000,425.000000,48.000000,47.000000
489.000000,411.000000,48.000000,47.000000
489.000000,399.000000,48.000000,47.000000
491.000000,394.000000,48.000000,47.000000
496.000000,390.000000,48.000000,47.000000
496.000000,390.000000,48.000000,47.000000
497.000000,390.000000,48.000000,47.000000
498.000000,393.000000,48.000000,47.000000
498.000000,402.000000,48.000000,47.000000
499.000000,415.000000,48.000000,47.000000
499.000000,429.000000,48.000000,47.000000
494.000000,443.000000,48.000000,47.000000
498.000000,442.000000,48.000000,47.000000
499.000000,428.000000,48.000000,47.000000
2
0
0
0
0
1
507.000000,292.000000,48.000000,47.000000
506.000000,292.000000,48.000000,47.000000
507.000000,294.000000,48.000000,47.000000
509.000000,300.000000,48.000000,47.000000
510.000000,309.000000,48.000000,47.000000
509.000000,320.000000,48.000000,47.000000
509.000000,334.000000,48.000000,47.000000
510.000000,348.000000,48.000000,47.000000
505.000000,362.000000,48.000000,47.000000
495.000000,373.000000,48.000000,47.000000
2
0
0
0
0
1
527.000000,340.000000,49.000000,46.000000
528.000000,331.000000,49.000000,46.000000
530.000000,326.000000,49.000000,46.000000
531.000000,323.000000,49.000000,46.000000
534.000000,324.000000,49.000000,46.000000
539.000000,328.000000,49.000000,46.000000
546.000000,336.000000,49.000000,46.000000
545.000000,345.000000,49.000000,46.000000
546.000000,357.000000,49.000000,46.000000
551.000000,371.000000,49.000000,46.000000
551.000000,385.000000,49.000000,46.000000
551.000000,373.000000,49.000000,46.000000
565.000000,368.000000,49.000000,46.000000
2
0
0
0
0
1
507.000000,236.000000,49.000000,46.000000
504.000000,238.000000,49.000000,46.000000
498.000000,238.000000,49.000000,46.000000
497.000000,240.000000,49.000000,46.000000
509.000000,240.000000,49.000000,46.000000
2
0
0
0
0
1
420.000000,360.000000,50.000000,46.000000
425.000000,346.000000,50.000000,46.000000
434.000000,335.000000,50.000000,46.000000
448.000000,335.000000,50.000000,46.000000
2
0
0
0
0
1
380.000000,357.000000,50.000000,46.000000
377.000000,368.000000,50.000000,46.000000
378.000000,382.000000,50.000000,46.000000
378.000000,396.000000,50.000000,46.000000
376.000000,410.000000,50.000000,46.000000
2
0
0
0
0
1
379.000000,369.000000,50.000000,45.000000
379.000000,366.000000,50.000000,45.000000
378.000000,364.000000,50.000000,45.000000
375.000000,365.000000,50.000000,45.000000
379.000000,368.000000,50.000000,45.000000
385.000000,379.000000,50.000000,45.000000
387.000000,390.000000,50.000000,45.000000
388.000000,403.000000,50.000000,45.000000
383.000000,417.000000,50.000000,45.000000
385.000000,431.000000,50.000000,45.000000
390.000000,445.000000,50.000000,45.000000
395.000000,431.000000,50.000000,45.000000
393.000000,417.000000,50.000000,45.000000
401.000000,429.000000,50.000000,45.000000
2
0
0
