1
336.000000,119.000000,17.000000,24.000000
330.000000,118.000000,17.000000,24.000000
325.000000,118.000000,17.000000,24.000000
320.000000,117.000000,17.000000,24.000000
315.000000,117.000000,17.000000,24.000000
312.109985,116.150002,16.782000,23.691999
311.220001,116.309998,16.566000,23.386999
320.320007,116.459999,16.353001,23.087000
2
0
0
0
0
1
287.000000,118.000000,14.000000,23.000000
284.000000,117.000000,14.000000,23.000000
282.000000,118.000000,14.000000,23.000000
279.000000,118.000000,14.000000,23.000000
276.000000,119.000000,14.000000,23.000000
273.100006,118.160004,13.810000,22.687000
268.190002,118.309998,13.622000,22.379000
262.279999,119.459999,13.437000,22.075001
258.369995,119.610001,13.254000,21.775000
255.460007,119.760002,13.074000,21.479000
251.550003,119.910004,12.896000,21.187000
247.639999,118.050003,12.721000,20.899000
243.860001,118.410004,12.284000,20.180000
240.070007,116.760002,11.861000,19.486000
235.270004,118.089996,11.454000,18.816999
230.470001,117.419998,11.060000,18.170000
225.660004,118.730003,10.680000,17.545000
220.839996,118.029999,10.313000,16.941999
217.020004,120.320000,9.958000,16.360001
212.089996,119.440002,9.813300,16.122000
208.160004,120.559998,9.670700,15.888000
204.229996,120.669998,9.530200,15.657000
199.300003,121.790001,9.391800,15.429000
195.369995,121.900002,9.255300,15.205000
190.440002,123.010002,9.120800,14.984000
185.509995,122.120003,8.988300,14.766000
181.539993,123.169998,8.918800,14.652000
177.580002,124.230003,8.849900,14.539000
176.610001,130.289993,8.781500,14.427000
173.639999,130.339996,8.713600,14.315000
176.679993,120.400002,8.646300,14.205000
2
0
0
0
0
1
152.000000,124.000000,16.000000,21.000000
152.000000,125.000000,16.000000,21.000000
149.000000,125.000000,16.000000,21.000000
148.000000,126.000000,16.000000,21.000000
148.000000,125.000000,16.000000,21.000000
148.179993,125.239998,15.636000,20.521999
147.360001,125.470001,15.280000,20.055000
2
0
0
0
0
1
170.000000,133.000000,17.000000,21.000000
172.000000,133.000000,17.000000,21.000000
175.000000,135.000000,17.000000,21.000000
179.000000,135.000000,17.000000,21.000000
183.000000,136.000000,17.000000,21.000000
187.100006,136.130005,16.794001,20.746000
192.199997,137.250000,16.591000,20.495001
196.300003,137.380005,16.391001,20.247000
200.399994,138.500000,16.193001,20.003000
204.500000,138.619995,15.997000,19.761000
210.600006,139.740005,15.803000,19.521999
214.690002,139.860001,15.612000,19.285999
219.750000,140.929993,15.500000,19.148001
224.809998,140.990005,15.389000,19.010000
228.860001,142.059998,15.279000,18.874001
229.919998,140.130005,15.170000,18.739000
233.970001,141.199997,15.061000,18.605000
239.020004,140.259995,14.953000,18.471001
243.080002,141.330002,14.846000,18.339001
247.009995,141.250000,14.975000,18.499001
250.949997,142.169998,15.106000,18.660999
2
0
0
0
0
1
289.000000,146.000000,19.000000,24.000000
291.000000,146.000000,19.000000,24.000000
292.000000,145.000000,19.000000,24.000000
293.000000,145.000000,19.000000,24.000000
294.000000,144.000000,19.000000,24.000000
294.130005,145.160004,18.743000,23.674999
292.260010,159.320007,18.490000,23.355000
2
0
0
0
0
1
298.000000,142.000000,20.000000,23.000000
298.000000,141.000000,20.000000,23.000000
298.000000,142.000000,20.000000,23.000000
299.000000,141.000000,20.000000,23.000000
300.000000,141.000000,20.000000,23.000000
300.040009,141.050003,19.920000,22.908001
301.079987,141.089996,19.840000,22.816000
302.119995,141.139999,19.761000,22.725000
303.160004,141.179993,19.681000,22.634001
303.200012,141.229996,19.603001,22.542999
304.239990,141.270004,19.524000,22.452999
304.279999,141.320007,19.445999,22.363001
305.299988,141.339996,19.402000,22.312000
305.320007,140.369995,19.357000,22.261000
305.339996,140.389999,19.313000,22.209999
305.369995,139.419998,19.268999,22.160000
306.390015,139.449997,19.225000,22.108999
306.410004,138.470001,19.181000,22.059000
306.429993,139.500000,19.138000,22.007999
307.459991,138.529999,19.086000,21.948999
307.480011,138.550003,19.035000,21.889999
309.510010,138.580002,18.983999,21.830999
309.529999,138.610001,18.933001,21.771999
309.559998,138.639999,18.882000,21.714001
310.579987,138.669998,18.830999,21.655001
310.609985,138.699997,18.780001,21.597000
310.640015,138.729996,18.724001,21.533001
311.670013,138.770004,18.667999,21.468000
311.690002,137.800003,18.612000,21.403999
311.720001,137.830002,18.556999,21.340000
311.750000,136.860001,18.500999,21.275999
311.779999,137.889999,18.445999,21.212999
312.799988,136.929993,18.391001,21.149000
312.829987,137.949997,18.343000,21.094000
312.850006,136.979996,18.295000,21.040001
312.880005,137.009995,18.247999,20.985001
313.899994,136.029999,18.201000,20.931000
313.920013,136.059998,18.153000,20.877001
313.950012,136.089996,18.106001,20.822001
313.970001,136.119995,18.059000,20.768000
314.000000,135.149994,18.002001,20.702000
314.029999,135.179993,17.945000,20.636999
314.059998,134.210007,17.888000,20.570999
314.079987,134.250000,17.830999,20.506001
314.109985,133.279999,17.775000,20.441000
314.140015,133.309998,17.718000,20.375999
314.170013,133.339996,17.662001,20.311001
315.179993,133.350006,17.648001,20.296000
315.179993,132.360001,17.635000,20.280001
315.190002,133.369995,17.621000,20.264000
315.200012,132.380005,17.607000,20.247999
315.200012,132.380005,17.593000,20.232000
315.209991,132.389999,17.579000,20.216000
315.220001,132.399994,17.566000,20.200001
314.209991,131.389999,17.584000,20.222000
314.200012,131.380005,17.603001,20.243999
313.190002,131.369995,17.622000,20.266001
313.179993,131.360001,17.641001,20.288000
312.170013,130.350006,17.660000,20.309000
312.160004,130.330002,17.679001,20.330999
312.149994,129.320007,17.698000,20.353001
312.119995,129.289993,17.750999,20.414000
312.100006,129.259995,17.804001,20.475000
312.070007,129.229996,17.857000,20.535999
312.040009,129.199997,17.910000,20.597000
312.019989,129.169998,17.964001,20.658001
311.989990,129.139999,18.017000,20.719999
311.959991,130.110001,18.070999,20.781000
311.940002,129.080002,18.115000,20.833000
311.920013,130.059998,18.160000,20.884001
311.899994,129.029999,18.205000,20.934999
311.880005,129.009995,18.249001,20.987000
311.850006,128.979996,18.294001,21.039000
310.829987,128.949997,18.339001,21.090000
310.809998,127.930000,18.385000,21.142000
310.779999,127.900002,18.434000,21.198999
310.760010,126.870003,18.483000,21.256001
309.730011,126.839996,18.533001,21.313000
309.709991,125.809998,18.583000,21.370001
309.679993,126.790001,18.632000,21.427000
309.660004,125.760002,18.681999,21.485001
309.630005,124.730003,18.733000,21.542000
309.609985,124.699997,18.778999,21.596001
309.589996,124.680000,18.826000,21.650000
309.559998,124.650002,18.872999,21.704000
309.540009,124.620003,18.920000,21.757999
309.519989,124.589996,18.966999,21.812000
309.489990,123.570000,19.014000,21.867001
309.470001,123.540001,19.062000,21.921000
309.459991,123.529999,19.070999,21.931999
310.459991,123.529999,19.080999,21.943001
310.450012,122.519997,19.090000,21.954000
310.450012,123.519997,19.100000,21.964001
310.450012,122.510002,19.108999,21.975000
310.440002,122.510002,19.118000,21.986000
311.440002,122.500000,19.128000,21.997000
311.519989,122.599998,18.952999,21.796000
311.609985,122.699997,18.780001,21.597000
311.700012,122.800003,18.608000,21.399000
312.779999,122.900002,18.438000,21.202999
313.869995,123.000000,18.268999,21.010000
314.950012,122.089996,18.101999,20.816999
316.029999,122.190002,17.937000,20.627001
317.179993,121.349998,17.650000,20.297001
317.320007,121.510002,17.368000,19.973000
318.459991,120.669998,17.090000,19.653000
318.589996,120.830002,16.816999,19.339001
319.730011,119.989998,16.548000,19.030001
319.859985,121.139999,16.283001,18.726000
320.989990,121.290001,16.023001,18.426001
321.079987,121.400002,15.834000,18.209000
321.179993,121.500000,15.647000,17.993999
321.269989,121.610001,15.463000,17.782000
2
0
0
0
0
1
306.000000,111.000000,13.000000,26.000000
306.000000,112.000000,13.000000,26.000000
305.000000,111.000000,13.000000,26.000000
304.000000,112.000000,13.000000,26.000000
303.000000,111.000000,13.000000,26.000000
301.019989,112.029999,12.969000,25.938000
300.029999,111.059998,12.939000,25.877001
298.049988,112.089996,12.908000,25.816000
297.059998,111.120003,12.877000,25.754999
295.079987,112.150002,12.847000,25.694000
295.089996,111.180000,12.816000,25.632999
294.109985,112.209999,12.786000,25.572001
293.149994,112.309998,12.693000,25.386000
292.200012,112.400002,12.600000,25.201000
291.250000,112.489998,12.509000,25.017000
290.290009,113.580002,12.417000,24.834999
289.339996,112.669998,12.327000,24.653999
288.380005,112.760002,12.237000,24.474001
287.429993,112.849998,12.148000,24.295000
286.519989,113.040001,11.958000,23.916000
285.609985,113.230003,11.772000,23.542999
284.709991,113.410004,11.588000,23.176001
284.799988,113.589996,11.407000,22.813999
283.890015,114.769997,11.229000,22.458000
282.970001,113.949997,11.054000,22.107000
282.059998,115.120003,10.881000,21.761999
281.100006,114.199997,10.803000,21.606001
280.140015,115.279999,10.725000,21.450001
278.179993,114.349998,10.648000,21.295000
277.209991,115.430000,10.571000,21.142000
276.250000,114.510002,10.495000,20.989000
275.290009,114.580002,10.419000,20.837999
274.329987,114.660004,10.344000,20.688000
273.359985,114.720001,10.283000,20.566000
272.390015,114.779999,10.222000,20.445000
271.420013,114.839996,10.162000,20.323999
270.450012,114.900002,10.102000,20.204000
2
0
0
0
0
1
250.000000,114.000000,14.000000,24.000000
249.000000,114.000000,14.000000,24.000000
249.000000,114.000000,14.000000,24.000000
248.000000,114.000000,14.000000,24.000000
247.000000,114.000000,14.000000,24.000000
246.100006,113.160004,13.809000,23.673000
246.190002,108.320000,13.621000,23.351000
245.279999,107.480003,13.436000,23.033001
245.369995,107.639999,13.253000,22.719000
245.460007,107.800003,13.072000,22.410000
245.550003,107.949997,12.894000,22.105000
245.639999,108.099998,12.719000,21.804001
244.729996,108.250000,12.542000,21.500999
244.820007,108.400002,12.368000,21.202000
243.899994,109.550003,12.196000,20.907000
243.990005,108.690002,12.026000,20.617001
244.070007,109.839996,11.859000,20.330000
244.149994,109.980003,11.694000,20.047001
244.229996,110.120003,11.532000,19.768999
244.330002,109.290001,11.331000,19.424000
244.429993,108.459999,11.133000,19.086000
244.529999,107.620003,10.939000,18.753000
243.630005,108.790001,10.749000,18.426001
242.720001,108.949997,10.561000,18.105000
242.809998,109.110001,10.377000,17.789000
241.899994,109.260002,10.196000,17.479000
241.940002,109.320000,10.122000,17.351000
240.979996,109.389999,10.047000,17.224001
241.009995,109.449997,9.973600,17.098000
241.050003,108.510002,9.900400,16.972000
240.089996,109.580002,9.827800,16.848000
240.119995,108.639999,9.755700,16.724001
240.160004,108.699997,9.684100,16.601000
239.199997,107.769997,9.600200,16.457001
239.240005,108.839996,9.516900,16.315001
238.279999,107.910004,9.434400,16.173000
237.320007,108.980003,9.352600,16.033001
236.360001,108.050003,9.271500,15.894000
236.399994,109.120003,9.191100,15.756000
235.440002,109.190002,9.111400,15.619000
234.470001,109.230003,9.061800,15.534000
2
0
0
0
0
1
206.000000,116.000000,14.000000,25.000000
204.000000,117.000000,14.000000,25.000000
202.000000,117.000000,14.000000,25.000000
200.000000,117.000000,14.000000,25.000000
197.000000,117.000000,14.000000,25.000000
195.020004,117.040001,13.954000,24.917999
194.050003,116.080002,13.909000,24.837000
198.070007,126.120003,13.863000,24.756001
2
0
0
0
0
1
171.000000,116.000000,18.000000,25.000000
168.000000,117.000000,18.000000,25.000000
166.000000,116.000000,18.000000,25.000000
164.000000,117.000000,18.000000,25.000000
162.000000,117.000000,18.000000,25.000000
160.000000,117.000000,17.993000,24.990999
159.009995,117.010002,17.987000,24.982000
158.009995,117.010002,17.980000,24.973000
155.009995,117.019997,17.974001,24.964001
152.020004,116.019997,17.966999,24.955000
150.020004,116.029999,17.961000,24.945999
148.020004,116.029999,17.954000,24.937000
147.039993,117.050003,17.924000,24.895000
145.050003,116.070000,17.893999,24.851999
143.070007,116.089996,17.863001,24.809999
141.080002,115.120003,17.833000,24.768000
138.100006,116.139999,17.802999,24.726000
135.110001,115.160004,17.773001,24.684000
132.130005,114.180000,17.742001,24.642000
129.240005,114.330002,17.518999,24.330999
126.349998,114.489998,17.298000,24.024000
122.459999,113.639999,17.079000,23.721001
118.570000,113.790001,16.864000,23.422001
113.669998,112.940002,16.650999,23.127001
109.779999,114.080002,16.441000,22.834999
104.879997,113.230003,16.233999,22.547001
100.870003,114.209999,16.256001,22.577000
96.861000,114.199997,16.278000,22.608000
92.849998,115.180000,16.299999,22.639000
88.838997,115.169998,16.322001,22.670000
84.828003,116.150002,16.344999,22.701000
80.817001,116.129997,16.367001,22.732000
75.805000,117.120003,16.389000,22.763000
70.775002,117.080002,16.448999,22.846001
66.745003,118.040001,16.509001,22.930000
61.715000,116.989998,16.570000,23.014000
56.685001,117.949997,16.631001,23.098000
51.653999,116.910004,16.691000,23.183001
46.624001,117.870003,16.753000,23.267000
41.592999,116.820000,16.813999,23.353001
36.591999,116.820000,16.816000,23.355000
31.591000,116.820000,16.818001,23.358000
26.590000,116.820000,16.819000,23.360001
21.589001,116.820000,16.820999,23.363001
17.589001,116.820000,16.823000,23.365000
13.588000,116.820000,16.825001,23.368000
9.586700,116.809998,16.827000,23.370001
5.649300,116.900002,16.701000,23.195999
2
