1
338.000000,119.000000,18.000000,25.000000
330.000000,119.000000,18.000000,25.000000
326.000000,119.000000,18.000000,25.000000
322.000000,119.000000,18.000000,25.000000
318.000000,119.000000,18.000000,25.000000
314.000000,119.000000,18.000000,25.000000
310.000000,119.000000,18.000000,25.000000
306.000000,119.000000,18.000000,25.000000
302.000000,115.000000,18.000000,25.000000
298.000000,115.000000,18.000000,25.000000
294.000000,115.000000,18.000000,25.000000
290.000000,115.000000,18.000000,25.000000
290.000000,115.000000,18.000000,25.000000
290.000000,111.000000,18.000000,25.000000
286.000000,111.000000,18.000000,25.000000
282.000000,111.000000,18.000000,25.000000
282.000000,111.000000,18.000000,25.000000
278.000000,111.000000,18.000000,25.000000
282.000000,111.000000,18.000000,25.000000
282.000000,111.000000,18.000000,25.000000
278.000000,111.000000,18.000000,25.000000
270.000000,111.000000,18.000000,25.000000
266.000000,111.000000,18.000000,25.000000
262.000000,111.000000,18.000000,25.000000
254.000000,111.000000,18.000000,25.000000
250.000000,111.000000,18.000000,25.000000
242.000000,111.000000,18.000000,25.000000
238.000000,111.000000,18.000000,25.000000
234.000000,111.000000,18.000000,25.000000
230.000000,111.000000,18.000000,25.000000
226.000000,111.000000,18.000000,25.000000
218.000000,111.000000,18.000000,25.000000
214.000000,111.000000,18.000000,25.000000
210.000000,111.000000,18.000000,25.000000
210.000000,111.000000,18.000000,25.000000
206.000000,111.000000,18.000000,25.000000
206.000000,111.000000,18.000000,25.000000
202.000000,111.000000,18.000000,25.000000
194.000000,111.000000,18.000000,25.000000
190.000000,111.000000,18.000000,25.000000
186.000000,111.000000,18.000000,25.000000
182.000000,111.000000,18.000000,25.000000
178.000000,111.000000,18.000000,25.000000
174.000000,111.000000,18.000000,25.000000
170.000000,111.000000,18.000000,25.000000
166.000000,111.000000,18.000000,25.000000
162.000000,111.000000,18.000000,25.000000
158.000000,111.000000,18.000000,25.000000
154.000000,111.000000,18.000000,25.000000
154.000000,111.000000,18.000000,25.000000
154.000000,111.000000,18.000000,25.000000
154.000000,111.000000,18.000000,25.000000
150.000000,111.000000,18.000000,25.000000
150.000000,111.000000,18.000000,25.000000
150.000000,115.000000,18.000000,25.000000
150.000000,115.000000,18.000000,25.000000
154.000000,115.000000,18.000000,25.000000
154.000000,115.000000,18.000000,25.000000
154.000000,115.000000,18.000000,25.000000
154.000000,115.000000,18.000000,25.000000
154.000000,115.000000,18.000000,25.000000
154.000000,119.000000,18.000000,25.000000
154.000000,119.000000,18.000000,25.000000
154.000000,119.000000,18.000000,25.000000
154.000000,119.000000,18.000000,25.000000
2
0
0
0
0
1
195.000000,139.000000,16.000000,24.000000
199.000000,139.000000,16.000000,24.000000
203.000000,139.000000,16.000000,24.000000
207.000000,143.000000,16.000000,24.000000
211.000000,143.000000,16.000000,24.000000
219.000000,143.000000,16.000000,24.000000
223.000000,143.000000,16.000000,24.000000
227.000000,143.000000,16.000000,24.000000
235.000000,143.000000,16.000000,24.000000
239.000000,143.000000,16.000000,24.000000
247.000000,143.000000,16.000000,24.000000
251.000000,143.000000,16.000000,24.000000
255.000000,143.000000,16.000000,24.000000
259.000000,147.000000,16.000000,24.000000
263.000000,147.000000,16.000000,24.000000
267.000000,147.000000,16.000000,24.000000
271.000000,147.000000,16.000000,24.000000
271.000000,147.000000,16.000000,24.000000
2
0
0
0
0
1
294.000000,145.000000,20.000000,24.000000
294.000000,145.000000,20.000000,24.000000
294.000000,145.000000,20.000000,24.000000
298.000000,145.000000,20.000000,24.000000
298.000000,145.000000,20.000000,24.000000
298.000000,145.000000,20.000000,24.000000
298.000000,141.000000,20.000000,24.000000
298.000000,141.000000,20.000000,24.000000
298.000000,141.000000,20.000000,24.000000
298.000000,141.000000,20.000000,24.000000
298.000000,141.000000,20.000000,24.000000
298.000000,141.000000,20.000000,24.000000
298.000000,141.000000,20.000000,24.000000
298.000000,141.000000,20.000000,24.000000
298.000000,141.000000,20.000000,24.000000
298.000000,141.000000,20.000000,24.000000
302.000000,141.000000,20.000000,24.000000
302.000000,141.000000,20.000000,24.000000
302.000000,141.000000,20.000000,24.000000
302.000000,141.000000,20.000000,24.000000
302.000000,141.000000,20.000000,24.000000
302.000000,141.000000,20.000000,24.000000
302.000000,141.000000,20.000000,24.000000
302.000000,141.000000,20.000000,24.000000
302.000000,141.000000,20.000000,24.000000
302.000000,141.000000,20.000000,24.000000
306.000000,137.000000,20.000000,24.000000
306.000000,137.000000,20.000000,24.000000
306.000000,137.000000,20.000000,24.000000
306.000000,137.000000,20.000000,24.000000
306.000000,137.000000,20.000000,24.000000
306.000000,137.000000,20.000000,24.000000
306.000000,137.000000,20.000000,24.000000
306.000000,137.000000,20.000000,24.000000
306.000000,137.000000,20.000000,24.000000
310.000000,137.000000,20.000000,24.000000
310.000000,137.000000,20.000000,24.000000
310.000000,137.000000,20.000000,24.000000
310.000000,137.000000,20.000000,24.000000
310.000000,137.000000,20.000000,24.000000
310.000000,137.000000,20.000000,24.000000
310.000000,137.000000,20.000000,24.000000
310.000000,137.000000,20.000000,24.000000
310.000000,137.000000,20.000000,24.000000
310.000000,137.000000,20.000000,24.000000
310.000000,133.000000,20.000000,24.000000
310.000000,133.000000,20.000000,24.000000
310.000000,133.000000,20.000000,24.000000
310.000000,133.000000,20.000000,24.000000
310.000000,133.000000,20.000000,24.000000
310.000000,133.000000,20.000000,24.000000
310.000000,133.000000,20.000000,24.000000
310.000000,133.000000,20.000000,24.000000
310.000000,133.000000,20.000000,24.000000
310.000000,133.000000,20.000000,24.000000
310.000000,133.000000,20.000000,24.000000
310.000000,133.000000,20.000000,24.000000
310.000000,133.000000,20.000000,24.000000
310.000000,133.000000,20.000000,24.000000
310.000000,133.000000,20.000000,24.000000
310.000000,133.000000,20.000000,24.000000
310.000000,133.000000,20.000000,24.000000
310.000000,133.000000,20.000000,24.000000
310.000000,129.000000,20.000000,24.000000
310.000000,129.000000,20.000000,24.000000
310.000000,129.000000,20.000000,24.000000
310.000000,129.000000,20.000000,24.000000
310.000000,129.000000,20.000000,24.000000
310.000000,129.000000,20.000000,24.000000
310.000000,129.000000,20.000000,24.000000
310.000000,129.000000,20.000000,24.000000
310.000000,129.000000,20.000000,24.000000
310.000000,129.000000,20.000000,24.000000
310.000000,129.000000,20.000000,24.000000
310.000000,129.000000,20.000000,24.000000
310.000000,129.000000,20.000000,24.000000
310.000000,129.000000,20.000000,24.000000
310.000000,129.000000,20.000000,24.000000
310.000000,129.000000,20.000000,24.000000
310.000000,129.000000,20.000000,24.000000
310.000000,129.000000,20.000000,24.000000
310.000000,129.000000,20.000000,24.000000
310.000000,129.000000,20.000000,24.000000
310.000000,129.000000,20.000000,24.000000
310.000000,129.000000,20.000000,24.000000
310.000000,129.000000,20.000000,24.000000
310.000000,129.000000,20.000000,24.000000
310.000000,125.000000,20.000000,24.000000
310.000000,125.000000,20.000000,24.000000
306.000000,125.000000,20.000000,24.000000
306.000000,125.000000,20.000000,24.000000
306.000000,125.000000,20.000000,24.000000
306.000000,125.000000,20.000000,24.000000
306.000000,125.000000,20.000000,24.000000
306.000000,125.000000,20.000000,24.000000
306.000000,125.000000,20.000000,24.000000
306.000000,125.000000,20.000000,24.000000
306.000000,125.000000,20.000000,24.000000
306.000000,125.000000,20.000000,24.000000
306.000000,125.000000,20.000000,24.000000
306.000000,125.000000,20.000000,24.000000
310.000000,125.000000,20.000000,24.000000
310.000000,125.000000,20.000000,24.000000
310.000000,125.000000,20.000000,24.000000
310.000000,125.000000,20.000000,24.000000
306.000000,125.000000,20.000000,24.000000
306.000000,125.000000,20.000000,24.000000
306.000000,125.000000,20.000000,24.000000
306.000000,125.000000,20.000000,24.000000
306.000000,125.000000,20.000000,24.000000
306.000000,125.000000,20.000000,24.000000
306.000000,125.000000,20.000000,24.000000
306.000000,121.000000,20.000000,24.000000
306.000000,121.000000,20.000000,24.000000
306.000000,121.000000,20.000000,24.000000
306.000000,121.000000,20.000000,24.000000
310.000000,121.000000,20.000000,24.000000
310.000000,121.000000,20.000000,24.000000
310.000000,121.000000,20.000000,24.000000
310.000000,121.000000,20.000000,24.000000
310.000000,121.000000,20.000000,24.000000
310.000000,121.000000,20.000000,24.000000
310.000000,121.000000,20.000000,24.000000
310.000000,121.000000,20.000000,24.000000
310.000000,117.000000,20.000000,24.000000
310.000000,117.000000,20.000000,24.000000
310.000000,117.000000,20.000000,24.000000
310.000000,117.000000,20.000000,24.000000
310.000000,117.000000,20.000000,24.000000
310.000000,117.000000,20.000000,24.000000
310.000000,117.000000,20.000000,24.000000
306.000000,117.000000,20.000000,24.000000
306.000000,117.000000,20.000000,24.000000
306.000000,117.000000,20.000000,24.000000
302.000000,117.000000,20.000000,24.000000
302.000000,117.000000,20.000000,24.000000
302.000000,117.000000,20.000000,24.000000
298.000000,117.000000,20.000000,24.000000
298.000000,117.000000,20.000000,24.000000
298.000000,117.000000,20.000000,24.000000
294.000000,117.000000,20.000000,24.000000
294.000000,117.000000,20.000000,24.000000
294.000000,117.000000,20.000000,24.000000
294.000000,117.000000,20.000000,24.000000
294.000000,117.000000,20.000000,24.000000
294.000000,117.000000,20.000000,24.000000
294.000000,117.000000,20.000000,24.000000
294.000000,117.000000,20.000000,24.000000
290.000000,117.000000,20.000000,24.000000
290.000000,117.000000,20.000000,24.000000
290.000000,117.000000,20.000000,24.000000
286.000000,117.000000,20.000000,24.000000
286.000000,117.000000,20.000000,24.000000
286.000000,117.000000,20.000000,24.000000
282.000000,117.000000,20.000000,24.000000
282.000000,117.000000,20.000000,24.000000
2
0
0
0
0
1
262.000000,110.000000,14.000000,27.000000
262.000000,110.000000,14.000000,27.000000
258.000000,110.000000,14.000000,27.000000
258.000000,110.000000,14.000000,27.000000
258.000000,110.000000,14.000000,27.000000
258.000000,110.000000,14.000000,27.000000
254.000000,110.000000,14.000000,27.000000
254.000000,110.000000,14.000000,27.000000
254.000000,110.000000,14.000000,27.000000
254.000000,110.000000,14.000000,27.000000
250.000000,110.000000,14.000000,27.000000
250.000000,110.000000,14.000000,27.000000
250.000000,110.000000,14.000000,27.000000
250.000000,110.000000,14.000000,27.000000
250.000000,110.000000,14.000000,27.000000
250.000000,110.000000,14.000000,27.000000
250.000000,110.000000,14.000000,27.000000
250.000000,110.000000,14.000000,27.000000
246.000000,110.000000,14.000000,27.000000
246.000000,110.000000,14.000000,27.000000
246.000000,110.000000,14.000000,27.000000
246.000000,110.000000,14.000000,27.000000
246.000000,110.000000,14.000000,27.000000
246.000000,110.000000,14.000000,27.000000
246.000000,110.000000,14.000000,27.000000
246.000000,110.000000,14.000000,27.000000
246.000000,110.000000,14.000000,27.000000
246.000000,110.000000,14.000000,27.000000
246.000000,110.000000,14.000000,27.000000
246.000000,110.000000,14.000000,27.000000
246.000000,110.000000,14.000000,27.000000
246.000000,110.000000,14.000000,27.000000
246.000000,110.000000,14.000000,27.000000
246.000000,110.000000,14.000000,27.000000
246.000000,110.000000,14.000000,27.000000
246.000000,110.000000,14.000000,27.000000
246.000000,110.000000,14.000000,27.000000
246.000000,110.000000,14.000000,27.000000
246.000000,106.000000,14.000000,27.000000
246.000000,110.000000,14.000000,27.000000
242.000000,110.000000,14.000000,27.000000
242.000000,110.000000,14.000000,27.000000
242.000000,110.000000,14.000000,27.000000
242.000000,110.000000,14.000000,27.000000
2
0
0
0
0
1
221.000000,115.000000,15.000000,24.000000
221.000000,115.000000,15.000000,24.000000
217.000000,115.000000,15.000000,24.000000
217.000000,115.000000,15.000000,24.000000
213.000000,115.000000,15.000000,24.000000
213.000000,115.000000,15.000000,24.000000
209.000000,115.000000,15.000000,24.000000
205.000000,115.000000,15.000000,24.000000
205.000000,115.000000,15.000000,24.000000
205.000000,115.000000,15.000000,24.000000
205.000000,115.000000,15.000000,24.000000
201.000000,115.000000,15.000000,24.000000
197.000000,115.000000,15.000000,24.000000
193.000000,115.000000,15.000000,24.000000
189.000000,115.000000,15.000000,24.000000
185.000000,115.000000,15.000000,24.000000
185.000000,115.000000,15.000000,24.000000
181.000000,115.000000,15.000000,24.000000
177.000000,115.000000,15.000000,24.000000
177.000000,115.000000,15.000000,24.000000
173.000000,115.000000,15.000000,24.000000
173.000000,115.000000,15.000000,24.000000
173.000000,119.000000,15.000000,24.000000
173.000000,119.000000,15.000000,24.000000
173.000000,115.000000,15.000000,24.000000
173.000000,115.000000,15.000000,24.000000
173.000000,115.000000,15.000000,24.000000
173.000000,115.000000,15.000000,24.000000
169.000000,115.000000,15.000000,24.000000
2
0
0
0
0
1
137.000000,111.000000,18.000000,25.000000
137.000000,111.000000,18.000000,25.000000
133.000000,111.000000,18.000000,25.000000
129.000000,111.000000,18.000000,25.000000
129.000000,111.000000,18.000000,25.000000
125.000000,111.000000,18.000000,25.000000
121.000000,111.000000,18.000000,25.000000
117.000000,111.000000,18.000000,25.000000
113.000000,107.000000,18.000000,25.000000
109.000000,111.000000,18.000000,25.000000
105.000000,111.000000,18.000000,25.000000
97.000000,111.000000,18.000000,25.000000
93.000000,111.000000,18.000000,25.000000
89.000000,111.000000,18.000000,25.000000
85.000000,111.000000,18.000000,25.000000
81.000000,111.000000,18.000000,25.000000
81.000000,111.000000,18.000000,25.000000
81.000000,111.000000,18.000000,25.000000
81.000000,111.000000,18.000000,25.000000
77.000000,111.000000,18.000000,25.000000
73.000000,111.000000,18.000000,25.000000
69.000000,111.000000,18.000000,25.000000
65.000000,111.000000,18.000000,25.000000
61.000000,111.000000,18.000000,25.000000
57.000000,111.000000,18.000000,25.000000
53.000000,111.000000,18.000000,25.000000
57.000000,107.000000,18.000000,25.000000
57.000000,111.000000,18.000000,25.000000
53.000000,111.000000,18.000000,25.000000
49.000000,111.000000,18.000000,25.000000
45.000000,111.000000,18.000000,25.000000
41.000000,115.000000,18.000000,25.000000
2
0
