1
236.225006,157.024994,33.000000,66.000000
236.225006,160.324997,33.000000,66.000000
231.550003,158.675003,33.000000,66.000000
233.475006,165.274994,33.000000,66.000000
233.475006,168.850006,33.000000,66.000000
231.550003,178.750000,33.000000,66.000000
220.274994,184.524994,33.000000,66.000000
233.199997,201.024994,33.000000,66.000000
250.250000,225.774994,33.000000,66.000000
265.649994,245.850006,33.000000,66.000000
262.075012,280.774994,33.000000,66.000000
246.399994,277.750000,33.000000,66.000000
236.774994,284.350006,33.000000,66.000000
224.125000,269.774994,33.000000,66.000000
216.975006,271.149994,33.000000,66.000000
2
0
0
0
0
1
51.602165,272.039001,66.540001,60.240002
38.219833,267.108673,66.540001,60.240002
41.389332,259.713165,66.540001,60.240002
43.150166,246.330826,66.540001,60.240002
95.623001,233.300674,66.540001,60.240002
163.591171,244.570007,66.540001,60.240002
200.216507,253.726334,66.540001,60.240002
217.472672,264.291321,66.540001,60.240002
220.289993,261.121826,66.540001,60.240002
228.389832,260.769653,66.540001,60.240002
234.728836,263.587006,66.540001,60.240002
241.067841,269.925995,66.540001,60.240002
245.293839,271.334656,66.540001,60.240002
258.676178,275.912842,66.540001,60.240002
265.719513,278.025818,66.540001,60.240002
280.862671,281.899658,66.540001,60.240002
301.992676,287.886505,66.540001,60.240002
319.953156,292.464661,66.540001,60.240002
330.518158,299.860168,66.540001,60.240002
330.518158,303.029663,66.540001,60.240002
326.292175,305.494843,66.540001,60.240002
345.309174,314.299011,66.540001,60.240002
369.256500,330.850830,66.540001,60.240002
364.326172,328.737823,66.540001,60.240002
360.100159,319.933655,66.540001,60.240002
370.665161,323.455322,66.540001,60.240002
390.386505,332.259491,66.540001,60.240002
406.234009,334.372498,66.540001,60.240002
418.559845,336.837677,66.540001,60.240002
431.237823,353.037323,66.540001,60.240002
434.407318,354.093842,66.540001,60.240002
409.403503,345.289673,66.540001,60.240002
388.977844,330.146515,66.540001,60.240002
377.004181,306.199158,66.540001,60.240002
364.326172,292.112488,66.540001,60.240002
355.874176,280.490997,66.540001,60.240002
336.857178,275.208496,66.540001,60.240002
320.657501,268.517334,66.540001,60.240002
301.992676,264.643494,66.540001,60.240002
284.736511,260.769653,66.540001,60.240002
276.284485,251.261169,66.540001,60.240002
261.493500,242.104828,66.540001,60.240002
241.419998,228.018173,66.540001,60.240002
226.628998,213.931503,66.540001,60.240002
213.598831,205.479507,66.540001,60.240002
196.694839,199.140503,66.540001,60.240002
169.578003,185.053833,66.540001,60.240002
148.447998,172.375839,66.540001,60.240002
126.965836,164.628174,66.540001,60.240002
119.922501,159.697830,66.540001,60.240002
111.470497,147.019836,66.540001,60.240002
101.257668,140.680832,66.540001,60.240002
90.340500,148.780670,66.540001,60.240002
101.257668,167.093338,66.540001,60.240002
119.922501,197.027496,66.540001,60.240002
119.570335,194.562332,66.540001,60.240002
117.105164,177.658340,66.540001,60.240002
113.583504,178.362671,66.540001,60.240002
115.696503,192.097168,66.540001,60.240002
118.161667,212.170670,66.540001,60.240002
130.487503,224.144333,66.540001,60.240002
163.238998,230.483337,66.540001,60.240002
191.764496,230.835495,66.540001,60.240002
2
0
0
0
0
1
151.611115,75.055557,34.000000,66.000000
146.611115,67.555557,34.000000,66.000000
155.222229,73.666664,34.000000,66.000000
161.888885,76.444443,34.000000,66.000000
162.722229,76.722221,34.000000,66.000000
164.388885,78.111115,34.000000,66.000000
174.388885,78.388885,34.000000,66.000000
193.000000,80.055557,34.000000,66.000000
199.388885,75.333336,34.000000,66.000000
194.388885,71.444443,34.000000,66.000000
187.722229,68.388885,34.000000,66.000000
181.055557,70.611115,34.000000,66.000000
177.722229,68.388885,34.000000,66.000000
159.666672,71.722221,34.000000,66.000000
140.777771,75.611115,34.000000,66.000000
130.777771,84.500000,34.000000,66.000000
126.055557,91.444443,34.000000,66.000000
116.888885,105.611115,34.000000,66.000000
109.111115,114.500000,34.000000,66.000000
102.722221,115.333336,34.000000,66.000000
101.055557,115.055557,34.000000,66.000000
104.388885,130.055557,34.000000,66.000000
104.388885,135.611115,34.000000,66.000000
106.055557,140.055557,34.000000,66.000000
114.666664,138.388885,34.000000,66.000000
122.722221,128.944443,34.000000,66.000000
117.722221,120.611115,34.000000,66.000000
111.333336,116.166664,34.000000,66.000000
107.722221,103.944443,34.000000,66.000000
