1
237.600006,156.475006,33.000000,66.000000
237.600006,159.774994,33.000000,66.000000
233.475006,158.125000,33.000000,66.000000
235.675003,164.725006,33.000000,66.000000
235.675003,168.300003,33.000000,66.000000
232.649994,177.925003,33.000000,66.000000
222.199997,184.250000,33.000000,66.000000
235.399994,200.199997,33.000000,66.000000
251.625000,223.850006,33.000000,66.000000
267.575012,242.000000,33.000000,66.000000
262.899994,259.600006,33.000000,66.000000
248.050003,269.225006,33.000000,66.000000
237.600006,282.700012,33.000000,66.000000
227.425003,268.674988,33.000000,66.000000
2
0
0
0
0
1
61.452221,267.914215,67.820000,64.220001
55.583778,263.879669,67.820000,64.220001
40.545891,261.678986,67.820000,64.220001
41.279446,249.575333,67.820000,64.220001
44.580444,238.572006,67.820000,64.220001
102.898109,231.603226,67.820000,64.220001
148.011780,209.229782,67.820000,64.220001
184.322784,216.198563,67.820000,64.220001
203.761993,225.001221,67.820000,64.220001
209.263672,223.534103,67.820000,64.220001
215.865662,221.700226,67.820000,64.220001
222.467667,218.766006,67.820000,64.220001
228.336105,225.367996,67.820000,64.220001
232.737442,226.468338,67.820000,64.220001
245.574661,230.136108,67.820000,64.220001
252.543442,233.803894,67.820000,64.220001
269.048431,237.104889,67.820000,64.220001
289.221222,243.706894,67.820000,64.220001
305.726227,247.374664,67.820000,64.220001
317.829895,254.343445,67.820000,64.220001
318.196655,258.377991,67.820000,64.220001
313.061768,260.578674,67.820000,64.220001
329.200012,267.914215,67.820000,64.220001
353.040558,284.786011,67.820000,64.220001
348.272430,281.484985,67.820000,64.220001
343.871124,272.315552,67.820000,64.220001
354.874451,276.716888,67.820000,64.220001
374.680450,283.318878,67.820000,64.220001
390.085114,285.886322,67.820000,64.220001
401.455231,286.619904,67.820000,64.220001
416.126343,300.924225,67.820000,64.220001
421.627991,303.124878,67.820000,64.220001
400.721680,290.654449,67.820000,64.220001
381.649231,272.682343,67.820000,64.220001
369.178772,251.776001,67.820000,64.220001
358.175446,238.938782,67.820000,64.220001
349.739563,227.935440,67.820000,64.220001
327.366119,223.534103,67.820000,64.220001
309.760773,216.932114,67.820000,64.220001
290.688324,213.264328,67.820000,64.220001
271.982666,210.330109,67.820000,64.220001
263.546783,201.160660,67.820000,64.220001
248.142105,190.524109,67.820000,64.220001
229.069672,173.285553,67.820000,64.220001
213.664993,160.081558,67.820000,64.220001
203.395218,149.078217,67.820000,64.220001
186.523438,142.476227,67.820000,64.220001
161.949326,126.704781,67.820000,64.220001
141.042999,113.500778,67.820000,64.220001
118.302780,105.431664,67.820000,64.220001
112.801109,99.196442,67.820000,64.220001
105.098778,85.258888,67.820000,64.220001
96.296112,76.822998,67.820000,64.220001
88.593781,81.591110,67.820000,64.220001
99.597115,99.196442,67.820000,64.220001
119.403114,128.538666,67.820000,64.220001
117.935997,127.071556,67.820000,64.220001
113.901443,110.933334,67.820000,64.220001
109.500114,113.134003,67.820000,64.220001
108.766556,128.171890,67.820000,64.220001
105.098778,149.445007,67.820000,64.220001
115.368553,163.382553,67.820000,64.220001
145.811111,176.219772,67.820000,64.220001
174.052994,183.555328,67.820000,64.220001
197.160004,190.890884,67.820000,64.220001
2
0
0
0
0
1
129.033386,53.453835,63.619999,89.160004
138.369949,58.970890,63.619999,89.160004
146.008942,61.517223,63.619999,89.160004
146.008942,61.517223,63.619999,89.160004
148.555283,63.639168,63.619999,89.160004
157.467438,64.487946,63.619999,89.160004
175.291779,66.185501,63.619999,89.160004
182.082001,61.517223,63.619999,89.160004
177.413727,56.424557,63.619999,89.160004
170.199112,53.029446,63.619999,89.160004
164.257660,55.575779,63.619999,89.160004
161.711334,53.029446,63.619999,89.160004
144.735779,56.424557,63.619999,89.160004
125.638275,61.092834,63.619999,89.160004
115.452942,70.004997,63.619999,89.160004
110.784668,76.795219,63.619999,89.160004
100.174942,91.224442,63.619999,89.160004
92.535942,100.985390,63.619999,89.160004
84.896942,101.834167,63.619999,89.160004
84.472557,101.834167,63.619999,89.160004
87.443275,117.536552,63.619999,89.160004
87.443275,122.629219,63.619999,89.160004
87.443275,127.721886,63.619999,89.160004
97.628609,126.024330,63.619999,89.160004
105.267609,117.112167,63.619999,89.160004
100.174942,108.199997,63.619999,89.160004
95.082275,102.258553,63.619999,89.160004
91.262779,89.951279,63.619999,89.160004
