1
67.78,65.10,137.51,65.10,137.51,334.05,67.78,334.05
70.61,65.20,140.06,65.20,140.06,333.09,70.61,333.09
73.59,65.50,142.74,65.50,142.74,332.20,73.59,332.20
76.60,66.10,145.37,66.10,145.37,331.32,76.60,331.32
79.61,66.78,147.93,66.78,147.93,330.31,79.61,330.31
82.68,67.42,150.56,67.42,150.56,329.22,82.68,329.22
85.71,67.92,153.23,67.92,153.23,328.34,85.71,328.34
88.84,68.48,156.05,68.48,156.05,327.70,88.84,327.70
91.98,69.09,158.86,69.09,158.86,327.06,91.98,327.06
95.08,69.63,161.67,69.63,161.67,326.48,95.08,326.48
98.14,70.10,164.46,70.10,164.46,325.90,98.14,325.90
101.18,70.61,167.23,70.61,167.23,325.37,101.18,325.37
104.21,71.09,170.00,71.09,170.00,324.85,104.21,324.85
107.15,71.71,172.66,71.71,172.66,324.40,107.15,324.40
110.09,72.27,175.34,72.27,175.34,323.94,110.09,323.94
112.89,72.78,177.93,72.78,177.93,323.63,112.89,323.63
115.74,73.40,180.51,73.40,180.51,323.21,115.74,323.21
118.50,74.09,183.01,74.09,183.01,322.93,118.50,322.93
121.27,74.77,185.51,74.77,185.51,322.54,121.27,322.54
124.10,75.34,188.07,75.34,188.07,322.09,124.10,322.09
126.89,75.96,190.57,75.96,190.57,321.59,126.89,321.59
129.65,76.49,193.08,76.49,193.08,321.12,129.65,321.12
132.37,77.01,195.53,77.01,195.53,320.62,132.37,320.62
135.07,77.47,197.96,77.47,197.96,320.07,135.07,320.07
137.70,77.78,200.38,77.78,200.38,319.54,137.70,319.54
140.17,78.12,202.63,78.12,202.63,319.05,140.17,319.05
142.59,78.43,204.85,78.43,204.85,318.58,142.59,318.58
145.04,78.84,207.05,78.84,207.05,318.02,145.04,318.02
147.42,79.09,209.23,79.09,209.23,317.49,147.42,317.49
149.82,79.34,211.43,79.34,211.43,317.00,149.82,317.00
152.32,79.51,213.72,79.51,213.72,316.33,152.32,316.33
154.77,79.72,215.98,79.72,215.98,315.79,154.77,315.79
157.30,79.83,218.31,79.83,218.31,315.15,157.30,315.15
159.83,80.01,220.62,80.01,220.62,314.48,159.83,314.48
162.39,80.16,222.98,80.16,222.98,313.87,162.39,313.87
164.91,80.26,225.31,80.26,225.31,313.25,164.91,313.25
167.52,80.44,227.68,80.44,227.68,312.50,167.52,312.50
169.98,80.73,229.89,80.73,229.89,311.81,169.98,311.81
172.43,81.02,232.07,81.02,232.07,311.05,172.43,311.05
174.73,81.33,234.10,81.33,234.10,310.34,174.73,310.34
176.98,81.60,236.13,81.60,236.13,309.73,176.98,309.73
178.96,81.93,237.87,81.93,237.87,309.14,178.96,309.14
180.86,82.24,239.51,82.24,239.51,308.48,180.86,308.48
182.71,82.49,241.14,82.49,241.14,307.86,182.71,307.86
184.57,82.73,242.75,82.73,242.75,307.13,184.57,307.13
186.44,82.95,244.36,82.95,244.36,306.36,186.44,306.36
188.34,83.12,246.03,83.12,246.03,305.63,188.34,305.63
190.21,83.26,247.68,83.26,247.68,304.93,190.21,304.93
192.19,83.47,249.42,83.47,249.42,304.21,192.19,304.21
194.16,83.67,251.17,83.67,251.17,303.54,194.16,303.54
196.16,84.03,252.87,84.03,252.87,302.75,196.16,302.75
198.14,84.37,254.57,84.37,254.57,302.02,198.14,302.02
200.16,84.62,256.36,84.62,256.36,301.38,200.16,301.38
202.16,84.88,258.12,84.88,258.12,300.72,202.16,300.72
204.06,85.16,259.79,85.16,259.79,300.10,204.06,300.10
206.01,85.46,261.47,85.46,261.47,299.38,206.01,299.38
207.88,85.68,263.12,85.68,263.12,298.73,207.88,298.73
209.71,85.89,264.72,85.89,264.72,298.05,209.71,298.05
211.49,86.12,266.28,86.12,266.28,297.46,211.49,297.46
213.26,86.43,267.80,86.43,267.80,296.82,213.26,296.82
215.01,86.84,269.32,86.84,269.32,296.34,215.01,296.34
216.72,87.19,270.80,87.19,270.80,295.77,216.72,295.77
218.38,87.58,272.20,87.58,272.20,295.17,218.38,295.17
220.02,88.04,273.58,88.04,273.58,294.61,220.02,294.61
221.66,88.69,274.83,88.69,274.83,293.76,221.66,293.76
223.20,88.99,276.09,88.99,276.09,292.99,223.20,292.99
224.71,89.36,277.25,89.36,277.25,292.02,224.71,292.02
226.14,89.69,278.44,89.69,278.44,291.41,226.14,291.41
227.51,89.86,279.61,89.86,279.61,290.81,227.51,290.81
228.87,90.09,280.74,90.09,280.74,290.16,228.87,290.16
230.21,90.28,281.89,90.28,281.89,289.62,230.21,289.62
231.56,90.40,283.06,90.40,283.06,289.05,231.56,289.05
233.02,90.50,284.36,90.50,284.36,288.54,233.02,288.54
234.37,90.51,285.57,90.51,285.57,288.01,234.37,288.01
235.81,90.38,286.95,90.38,286.95,287.63,235.81,287.63
237.40,90.57,288.36,90.57,288.36,287.14,237.40,287.14
238.76,89.98,289.95,89.98,289.95,287.41,238.76,287.41
240.22,89.89,291.33,89.89,291.33,287.05,240.22,287.05
241.58,89.93,292.53,89.93,292.53,286.47,241.58,286.47
242.94,90.00,293.74,90.00,293.74,285.95,242.94,285.95
244.39,90.13,295.01,90.13,295.01,285.39,244.39,285.39
245.74,90.30,296.19,90.30,296.19,284.89,245.74,284.89
246.90,90.42,297.19,90.42,297.19,284.41,246.90,284.41
248.09,90.58,298.24,90.58,298.24,284.01,248.09,284.01
249.24,90.94,299.18,90.94,299.18,283.58,249.24,283.58
250.38,91.23,300.14,91.23,300.14,283.17,250.38,283.17
251.56,91.54,301.12,91.54,301.12,282.71,251.56,282.71
252.65,91.66,302.08,91.66,302.08,282.31,252.65,282.31
253.87,92.26,302.99,92.26,302.99,281.72,253.87,281.72
254.97,92.50,303.93,92.50,303.93,281.35,254.97,281.35
256.08,92.76,304.84,92.76,304.84,280.84,256.08,280.84
257.24,92.95,305.83,92.95,305.83,280.37,257.24,280.37
258.38,93.21,306.79,93.21,306.79,279.95,258.38,279.95
259.57,93.44,307.80,93.44,307.80,279.48,259.57,279.48
260.71,93.78,308.71,93.78,308.71,278.93,260.71,278.93
261.86,94.08,309.63,94.08,309.63,278.33,261.86,278.33
263.08,94.47,310.58,94.47,310.58,277.69,263.08,277.69
264.26,94.62,311.56,94.62,311.56,277.04,264.26,277.04
265.56,95.02,312.60,95.02,312.60,276.47,265.56,276.47
266.79,95.25,313.64,95.25,313.64,275.94,266.79,275.94
268.09,95.63,314.68,95.63,314.68,275.37,268.09,275.37
269.35,95.55,315.87,95.55,315.87,275.01,269.35,275.01
270.68,95.76,317.03,95.76,317.03,274.53,270.68,274.53
272.00,96.21,318.13,96.21,318.13,274.12,272.00,274.12
273.28,96.59,319.21,96.59,319.21,273.74,273.28,273.74
274.61,97.22,320.20,97.22,320.20,273.06,274.61,273.06
275.79,97.22,321.28,97.22,321.28,272.69,275.79,272.69
276.91,97.45,322.26,97.45,322.26,272.34,276.91,272.34
278.04,97.81,323.16,97.81,323.16,271.85,278.04,271.85
279.05,98.03,323.96,98.03,323.96,271.26,279.05,271.26
280.13,98.46,324.79,98.46,324.79,270.71,280.13,270.71
281.05,98.56,325.51,98.56,325.51,270.02,281.05,270.02
281.98,98.52,326.25,98.52,326.25,269.29,281.98,269.29
282.78,98.64,326.86,98.64,326.86,268.64,282.78,268.64
283.59,98.77,327.42,98.77,327.42,267.83,283.59,267.83
284.19,98.19,328.14,98.19,328.14,267.74,284.19,267.74
284.75,97.71,328.66,97.71,328.66,267.07,284.75,267.07
285.19,97.07,329.10,97.07,329.10,266.43,285.19,266.43
285.75,96.82,329.53,96.82,329.53,265.66,285.75,265.66
286.19,96.24,329.95,96.24,329.95,265.01,286.19,265.01
286.82,96.04,330.44,96.04,330.44,264.31,286.82,264.31
287.36,95.86,330.86,95.86,330.86,263.66,287.36,263.66
288.10,95.76,331.53,95.76,331.53,263.28,288.10,263.28
288.67,95.57,331.96,95.57,331.96,262.55,288.67,262.55
289.25,95.43,332.36,95.43,332.36,261.72,289.25,261.72
289.87,95.16,332.89,95.16,332.89,261.11,289.87,261.11
290.71,95.30,333.40,95.30,333.40,259.94,290.71,259.94
291.40,95.14,333.95,95.14,333.95,259.25,291.40,259.25
292.21,95.18,334.53,95.18,334.53,258.42,292.21,258.42
293.16,95.41,335.12,95.41,335.12,257.23,293.16,257.23
293.86,94.65,335.85,94.65,335.85,256.62,293.86,256.62
294.60,94.63,336.43,94.63,336.43,255.99,294.60,255.99
295.31,94.28,337.09,94.28,337.09,255.45,295.31,255.45
296.17,94.38,337.74,94.38,337.74,254.72,296.17,254.72
296.95,94.22,338.41,94.22,338.41,254.12,296.95,254.12
297.80,94.33,339.04,94.33,339.04,253.41,297.80,253.41
298.64,94.53,339.68,94.53,339.68,252.84,298.64,252.84
299.45,94.81,340.29,94.81,340.29,252.33,299.45,252.33
300.36,95.12,341.02,95.12,341.02,251.96,300.36,251.96
301.21,95.25,341.76,95.25,341.76,251.69,301.21,251.69
302.12,95.45,342.55,95.45,342.55,251.40,302.12,251.40
302.97,95.90,343.21,95.90,343.21,251.12,302.97,251.12
303.80,96.16,343.94,96.16,343.94,251.01,303.80,251.01
304.71,96.83,344.62,96.83,344.62,250.76,304.71,250.76
305.56,96.84,345.52,96.84,345.52,250.99,305.56,250.99
306.33,97.09,346.19,97.09,346.19,250.84,306.33,250.84
307.08,97.36,346.85,97.36,346.85,250.74,307.08,250.74
307.95,97.49,347.59,97.49,347.59,250.38,307.95,250.38
308.75,97.32,348.40,97.32,348.40,250.29,308.75,250.29
309.62,97.38,349.18,97.38,349.18,249.95,309.62,249.95
310.46,97.58,349.88,97.58,349.88,249.61,310.46,249.61
311.19,97.68,350.52,97.68,350.52,249.38,311.19,249.38
311.88,97.87,351.11,97.87,351.11,249.19,311.88,249.19
312.62,98.35,351.66,98.35,351.66,248.94,312.62,248.94
313.35,98.84,352.18,98.84,352.18,248.63,313.35,248.63
313.98,99.28,352.61,99.28,352.61,248.30,313.98,248.30
314.61,99.59,353.10,99.59,353.10,248.06,314.61,248.06
315.16,99.88,353.45,99.88,353.45,247.59,315.16,247.59
315.74,100.43,353.75,100.43,353.75,247.07,315.74,247.07
316.18,100.58,354.01,100.58,354.01,246.51,316.18,246.51
316.63,100.68,354.30,100.68,354.30,245.99,316.63,245.99
317.01,100.71,354.52,100.71,354.52,245.40,317.01,245.40
317.43,100.61,354.84,100.61,354.84,244.92,317.43,244.92
318.04,101.17,355.14,101.17,355.14,244.30,318.04,244.30
318.53,101.09,355.52,101.09,355.52,243.78,318.53,243.78
319.11,101.08,355.95,101.08,355.95,243.21,319.11,243.21
319.71,100.99,356.44,100.99,356.44,242.67,319.71,242.67
320.35,101.10,356.93,101.10,356.93,242.22,320.35,242.22
321.07,101.23,357.49,101.23,357.49,241.72,321.07,241.72
321.77,101.28,358.05,101.28,358.05,241.21,321.77,241.21
322.56,101.36,358.64,101.36,358.64,240.55,322.56,240.55
323.23,101.34,359.14,101.34,359.14,239.87,323.23,239.87
323.87,101.16,359.71,101.16,359.71,239.41,323.87,239.41
324.48,101.15,360.19,101.15,360.19,238.89,324.48,238.89
325.11,101.15,360.68,101.15,360.68,238.37,325.11,238.37
325.72,101.23,361.14,101.23,361.14,237.85,325.72,237.85
326.53,101.51,361.70,101.51,361.70,237.17,326.53,237.17
327.21,101.54,362.26,101.54,362.26,236.71,327.21,236.71
327.87,101.57,362.76,101.57,362.76,236.15,327.87,236.15
328.52,101.59,363.28,101.59,363.28,235.67,328.52,235.67
329.14,101.55,363.77,101.55,363.77,235.13,329.14,235.13
329.71,101.54,364.24,101.54,364.24,234.71,329.71,234.71
330.31,101.54,364.72,101.54,364.72,234.28,330.31,234.28
330.94,101.64,365.22,101.64,365.22,233.85,330.94,233.85
331.54,101.79,365.69,101.79,365.69,233.53,331.54,233.53
332.14,101.92,366.17,101.92,366.17,233.18,332.14,233.18
332.76,102.12,366.67,102.12,366.67,232.91,332.76,232.91
333.45,102.51,367.19,102.51,367.19,232.62,333.45,232.62
334.10,102.78,367.71,102.78,367.71,232.44,334.10,232.44
334.71,103.21,368.16,103.21,368.16,232.24,334.71,232.24
335.31,103.64,368.58,103.64,368.58,231.99,335.31,231.99
335.90,104.02,369.02,104.02,369.02,231.81,335.90,231.81
336.50,104.32,369.51,104.32,369.51,231.63,336.50,231.63
337.12,104.72,369.97,104.72,369.97,231.42,337.12,231.42
337.72,104.97,370.43,104.97,370.43,231.14,337.72,231.14
338.28,105.15,370.89,105.15,370.89,230.91,338.28,230.91
338.84,105.49,371.28,105.49,371.28,230.63,338.84,230.63
339.39,105.68,371.72,105.68,371.72,230.36,339.39,230.36
339.89,105.90,372.09,105.90,372.09,230.09,339.89,230.09
340.38,106.18,372.42,106.18,372.42,229.76,340.38,229.76
340.86,106.53,372.73,106.53,372.73,229.44,340.86,229.44
341.30,106.64,373.06,106.64,373.06,229.15,341.30,229.15
341.55,106.14,373.39,106.14,373.39,228.95,341.55,228.95
341.95,106.30,373.68,106.30,373.68,228.68,341.95,228.68
342.36,106.47,373.95,106.47,373.95,228.31,342.36,228.31
342.75,106.53,374.24,106.53,374.24,227.98,342.75,227.98
343.09,106.59,374.47,106.59,374.47,227.63,343.09,227.63
343.41,106.66,374.67,106.66,374.67,227.23,343.41,227.23
343.73,106.74,374.85,106.74,374.85,226.78,343.73,226.78
343.98,106.71,375.02,106.71,375.02,226.43,343.98,226.43
344.25,106.74,375.16,106.74,375.16,225.96,344.25,225.96
344.54,106.68,375.40,106.68,375.40,225.70,344.54,225.70
344.81,106.75,375.55,106.75,375.55,225.35,344.81,225.35
344.98,106.78,375.60,106.78,375.60,224.88,344.98,224.88
345.27,106.71,375.83,106.71,375.83,224.60,345.27,224.60
345.52,106.67,376.03,106.67,376.03,224.33,345.52,224.33
345.82,106.84,376.17,106.84,376.17,223.88,345.82,223.88
345.98,106.72,376.25,106.72,376.25,223.51,345.98,223.51
346.19,106.55,376.45,106.55,376.45,223.30,346.19,223.30
346.34,106.36,376.57,106.36,376.57,222.96,346.34,222.96
346.48,106.19,376.68,106.19,376.68,222.68,346.48,222.68
346.65,106.31,376.73,106.31,376.73,222.34,346.65,222.34
346.87,106.44,376.79,106.44,376.79,221.84,346.87,221.84
347.15,106.72,376.92,106.72,376.92,221.52,347.15,221.52
347.39,106.84,377.02,106.84,377.02,221.13,347.39,221.13
347.50,106.84,376.99,106.84,376.99,220.63,347.50,220.63
347.62,106.68,377.07,106.68,377.07,220.31,347.62,220.31
347.69,106.39,377.15,106.39,377.15,219.99,347.69,219.99
347.81,106.23,377.21,106.23,377.21,219.62,347.81,219.62
347.93,106.14,377.26,106.14,377.26,219.26,347.93,219.26
348.11,106.30,377.27,106.30,377.27,218.78,348.11,218.78
348.35,106.59,377.36,106.59,377.36,218.49,348.35,218.49
348.64,107.01,377.48,107.01,377.48,218.24,348.64,218.24
348.86,107.35,377.56,107.35,377.56,218.05,348.86,218.05
349.01,107.43,377.66,107.43,377.66,217.96,349.01,217.96
349.09,107.46,377.70,107.46,377.70,217.80,349.09,217.80
349.16,107.42,377.73,107.42,377.73,217.61,349.16,217.61
349.16,107.11,377.78,107.11,377.78,217.49,349.16,217.49
349.20,107.02,377.79,107.02,377.79,217.28,349.20,217.28
349.24,107.04,377.76,107.04,377.76,217.05,349.24,217.05
349.31,107.34,377.67,107.34,377.67,216.73,349.31,216.73
349.43,107.83,377.57,107.83,377.57,216.39,349.43,216.39
349.51,108.17,377.49,108.17,377.49,216.12,349.51,216.12
349.63,108.66,377.40,108.66,377.40,215.78,349.63,215.78
349.68,109.00,377.29,109.00,377.29,215.50,349.68,215.50
349.71,109.15,377.28,109.15,377.28,215.49,349.71,215.49
349.74,109.44,377.18,109.44,377.18,215.26,349.74,215.26
349.70,109.54,377.07,109.54,377.07,215.09,349.70,215.09
349.64,109.67,376.93,109.67,376.93,214.91,349.64,214.91
349.57,109.86,376.76,109.86,376.76,214.73,349.57,214.73
349.49,110.07,376.59,110.07,376.59,214.58,349.49,214.58
349.49,110.44,376.47,110.44,376.47,214.49,349.49,214.49
349.51,110.86,376.34,110.86,376.34,214.37,349.51,214.37
349.53,111.28,376.17,111.28,376.17,214.02,349.53,214.02
349.55,111.46,376.11,111.46,376.11,213.93,349.55,213.93
349.53,111.62,376.01,111.62,376.01,213.74,349.53,213.74
349.48,111.67,375.91,111.67,375.91,213.62,349.48,213.62
349.44,111.63,375.86,111.63,375.86,213.55,349.44,213.55
349.42,111.69,375.80,111.69,375.80,213.48,349.42,213.48
349.44,111.81,375.76,111.81,375.76,213.34,349.44,213.34
349.46,111.98,375.71,111.98,375.71,213.21,349.46,213.21
349.60,112.23,375.73,112.23,375.73,213.03,349.60,213.03
349.73,112.53,375.73,112.53,375.73,212.82,349.73,212.82
349.87,112.75,375.76,112.75,375.76,212.59,349.87,212.59
350.02,112.98,375.78,112.98,375.78,212.36,350.02,212.36
350.18,113.12,375.85,113.12,375.85,212.10,350.18,212.10
350.33,113.12,375.94,113.12,375.94,211.90,350.33,211.90
350.49,113.15,376.01,113.15,376.01,211.60,350.49,211.60
350.67,113.14,376.12,113.14,376.12,211.32,350.67,211.32
350.85,113.25,376.18,113.25,376.18,210.97,350.85,210.97
351.01,113.39,376.22,113.39,376.22,210.63,351.01,210.63
351.18,113.52,376.26,113.52,376.26,210.27,351.18,210.27
351.34,113.65,376.30,113.65,376.30,209.92,351.34,209.92
351.56,113.81,376.39,113.81,376.39,209.61,351.56,209.61
351.71,113.97,376.38,113.97,376.38,209.13,351.71,209.13
351.84,114.10,376.42,114.10,376.42,208.93,351.84,208.93
351.91,114.12,376.42,114.12,376.42,208.65,351.91,208.65
351.96,114.20,376.36,114.20,376.36,208.32,351.96,208.32
352.09,114.33,376.36,114.33,376.36,207.94,352.09,207.94
352.13,114.44,376.33,114.44,376.33,207.77,352.13,207.77
352.24,114.49,376.35,114.49,376.35,207.47,352.24,207.47
352.35,114.60,376.37,114.60,376.37,207.24,352.35,207.24
352.37,114.72,376.32,114.72,376.32,207.09,352.37,207.09
352.48,114.76,376.34,114.76,376.34,206.79,352.48,206.79
352.57,114.76,376.37,114.76,376.37,206.55,352.57,206.55
352.60,114.82,376.34,114.82,376.34,206.42,352.60,206.42
352.69,114.84,376.35,114.84,376.35,206.09,352.69,206.09
352.84,114.84,376.42,114.84,376.42,205.83,352.84,205.83
352.86,114.77,376.43,114.77,376.43,205.72,352.86,205.72
352.96,114.83,376.47,114.83,376.47,205.53,352.96,205.53
353.02,114.87,376.47,114.87,376.47,205.35,353.02,205.35
353.01,114.89,376.44,114.89,376.44,205.29,353.01,205.29
353.10,114.95,376.46,114.95,376.46,205.09,353.10,205.09
353.17,114.97,376.49,114.97,376.49,204.90,353.17,204.90
353.18,115.04,376.44,115.04,376.44,204.75,353.18,204.75
353.28,115.22,376.43,115.22,376.43,204.54,353.28,204.54
353.39,115.37,376.44,115.37,376.44,204.27,353.39,204.27
353.46,115.64,376.39,115.64,376.39,204.08,353.46,204.08
353.56,115.79,376.38,115.79,376.38,203.82,353.56,203.82
353.72,116.10,376.38,116.10,376.38,203.51,353.72,203.51
353.78,116.34,376.35,116.34,376.35,203.41,353.78,203.41
353.93,116.66,376.34,116.66,376.34,203.10,353.93,203.10
354.00,117.00,376.26,117.00,376.26,202.83,354.00,202.83
354.08,117.33,376.20,117.33,376.20,202.64,354.08,202.64
354.12,117.45,376.16,117.45,376.16,202.46,354.12,202.46
354.04,117.46,376.04,117.46,376.04,202.34,354.04,202.34
354.06,117.54,375.99,117.54,375.99,202.14,354.06,202.14
353.99,117.56,375.86,117.56,375.86,201.88,353.99,201.88
353.87,117.56,375.66,117.56,375.66,201.61,353.87,201.61
353.82,117.49,375.62,117.49,375.62,201.57,353.82,201.57
353.69,117.51,375.43,117.51,375.43,201.35,353.69,201.35
353.54,117.50,375.20,117.50,375.20,201.05,353.54,201.05
353.48,117.42,375.16,117.42,375.16,201.04,353.48,201.04
353.32,117.36,374.93,117.36,374.93,200.72,353.32,200.72
353.16,117.31,374.72,117.31,374.72,200.45,353.16,200.45
353.15,117.32,374.64,117.32,374.64,200.22,353.15,200.22
352.99,117.29,374.44,117.29,374.44,200.03,352.99,200.03
352.86,117.29,374.25,117.29,374.25,199.82,352.86,199.82
352.86,117.35,374.20,117.35,374.20,199.62,352.86,199.62
352.74,117.39,373.99,117.39,373.99,199.36,352.74,199.36
352.61,117.46,373.78,117.46,373.78,199.10,352.61,199.10
352.60,117.49,373.73,117.49,373.73,199.02,352.60,199.02
352.45,117.55,373.52,117.55,373.52,198.79,352.45,198.79
352.31,117.61,373.30,117.61,373.30,198.59,352.31,198.59
352.29,117.63,373.26,117.63,373.26,198.51,352.29,198.51
352.18,117.75,373.05,117.75,373.05,198.26,352.18,198.26
352.12,117.87,372.91,117.87,372.91,198.04,352.12,198.04
352.11,117.87,372.89,117.87,372.89,198.04,352.11,198.04
352.04,118.00,372.74,118.00,372.74,197.83,352.04,197.83
352.01,118.15,372.61,118.15,372.61,197.63,352.01,197.63
351.99,118.14,372.60,118.14,372.60,197.63,351.99,197.63
351.95,118.32,372.47,118.32,372.47,197.44,351.95,197.44
351.92,118.57,372.32,118.57,372.32,197.24,351.92,197.24
351.92,118.66,372.29,118.66,372.29,197.20,351.92,197.20
351.88,118.83,372.16,118.83,372.16,197.05,351.88,197.05
351.90,119.02,372.08,119.02,372.08,196.85,351.90,196.85
351.90,119.06,372.06,119.06,372.06,196.83,351.90,196.83
351.92,119.25,371.99,119.25,371.99,196.65,351.92,196.65
352.00,119.33,372.01,119.33,372.01,196.51,352.00,196.51
352.05,119.52,371.99,119.52,371.99,196.42,352.05,196.42
352.16,119.73,372.02,119.73,372.02,196.34,352.16,196.34
352.29,119.85,372.10,119.85,372.10,196.25,352.29,196.25
352.30,119.90,372.10,119.90,372.10,196.25,352.30,196.25
352.43,120.01,372.17,120.01,372.17,196.12,352.43,196.12
352.62,120.17,372.27,120.17,372.27,195.96,352.62,195.96
352.65,120.23,372.27,120.23,372.27,195.91,352.65,195.91
352.86,120.45,372.38,120.45,372.38,195.75,352.86,195.75
353.13,120.67,372.55,120.67,372.55,195.56,353.13,195.56
353.22,120.87,372.55,120.87,372.55,195.43,353.22,195.43
353.49,121.14,372.68,121.14,372.68,195.17,353.49,195.17
