1
235.000000,157.000000,31.000000,63.000000
235.000000,160.000000,31.000000,63.000000
230.000000,159.000000,31.000000,63.000000
232.000000,165.000000,31.000000,63.000000
232.000000,169.000000,31.000000,63.000000
230.000000,180.000000,31.000000,63.000000
222.000000,187.000000,31.000000,63.000000
219.000000,206.000000,29.000000,61.000000
238.000000,187.000000,29.000000,61.000000
2
0
0
0
0
1
149.000000,314.000000,47.000000,33.000000
129.000000,304.000000,47.000000,33.000000
109.000000,299.000000,47.000000,33.000000
97.000000,300.000000,49.000000,33.000000
81.000000,294.000000,49.000000,33.000000
70.000000,289.000000,49.000000,33.000000
62.000000,285.000000,51.000000,33.000000
50.000000,279.000000,51.000000,35.000000
58.000000,265.000000,49.000000,33.000000
61.000000,240.000000,51.000000,35.000000
76.000000,224.000000,51.000000,35.000000
2
0
0
0
0
1
259.000000,280.000000,37.000000,31.000000
265.000000,283.000000,37.000000,31.000000
278.000000,287.000000,37.000000,31.000000
286.000000,288.000000,37.000000,33.000000
301.000000,293.000000,37.000000,31.000000
322.000000,299.000000,37.000000,31.000000
340.000000,304.000000,37.000000,31.000000
351.000000,310.000000,37.000000,31.000000
354.000000,315.000000,37.000000,33.000000
346.000000,317.000000,39.000000,33.000000
367.000000,328.000000,39.000000,33.000000
391.000000,343.000000,39.000000,33.000000
385.000000,340.000000,39.000000,35.000000
383.000000,331.000000,39.000000,35.000000
392.000000,336.000000,39.000000,35.000000
413.000000,345.000000,39.000000,35.000000
429.000000,348.000000,41.000000,35.000000
442.000000,349.000000,41.000000,35.000000
456.000000,366.000000,41.000000,35.000000
458.000000,369.000000,41.000000,35.000000
431.000000,359.000000,41.000000,35.000000
408.000000,340.000000,41.000000,35.000000
397.000000,316.000000,39.000000,35.000000
385.000000,304.000000,39.000000,35.000000
376.000000,292.000000,39.000000,35.000000
357.000000,287.000000,37.000000,33.000000
341.000000,279.000000,37.000000,33.000000
323.000000,276.000000,37.000000,33.000000
306.000000,272.000000,37.000000,33.000000
299.000000,263.000000,37.000000,33.000000
283.000000,253.000000,37.000000,33.000000
261.000000,240.000000,39.000000,33.000000
259.000000,233.000000,39.000000,33.000000
259.000000,235.000000,39.000000,33.000000
247.000000,232.000000,39.000000,33.000000
222.000000,219.000000,37.000000,33.000000
202.000000,207.000000,37.000000,33.000000
179.000000,199.000000,37.000000,33.000000
162.000000,195.000000,37.000000,31.000000
160.000000,182.000000,37.000000,31.000000
144.000000,174.000000,37.000000,33.000000
134.000000,185.000000,39.000000,33.000000
135.000000,196.000000,39.000000,35.000000
152.000000,225.000000,39.000000,35.000000
156.000000,227.000000,39.000000,33.000000
160.000000,213.000000,39.000000,33.000000
155.000000,213.000000,39.000000,33.000000
154.000000,221.000000,39.000000,35.000000
158.000000,239.000000,39.000000,35.000000
167.000000,243.000000,39.000000,35.000000
198.000000,254.000000,39.000000,33.000000
2
0
0
0
0
1
174.000000,59.000000,35.000000,83.000000
161.000000,65.000000,35.000000,81.000000
169.000000,60.000000,33.000000,77.000000
187.000000,74.000000,31.000000,73.000000
194.000000,80.000000,31.000000,73.000000
196.000000,82.000000,31.000000,73.000000
200.000000,80.000000,31.000000,71.000000
203.000000,82.000000,31.000000,71.000000
216.000000,82.000000,31.000000,71.000000
218.000000,80.000000,31.000000,71.000000
217.000000,81.000000,31.000000,71.000000
209.000000,79.000000,31.000000,71.000000
204.000000,80.000000,31.000000,69.000000
202.000000,79.000000,29.000000,69.000000
184.000000,84.000000,29.000000,67.000000
166.000000,89.000000,29.000000,69.000000
153.000000,95.000000,31.000000,69.000000
153.000000,99.000000,31.000000,71.000000
146.000000,111.000000,31.000000,71.000000
138.000000,122.000000,31.000000,73.000000
132.000000,122.000000,33.000000,75.000000
129.000000,126.000000,33.000000,75.000000
131.000000,138.000000,33.000000,75.000000
133.000000,145.000000,33.000000,75.000000
135.000000,150.000000,33.000000,75.000000
142.000000,150.000000,33.000000,75.000000
149.000000,142.000000,33.000000,75.000000
145.000000,135.000000,33.000000,75.000000
139.000000,128.000000,33.000000,75.000000
135.000000,117.000000,33.000000,75.000000
