1
75.00,133.00,105.00,133.00,105.00,156.00,75.00,156.00
74.00,134.00,104.00,134.00,104.00,157.00,74.00,157.00
75.00,135.00,105.00,135.00,105.00,158.00,75.00,158.00
74.00,134.00,104.00,134.00,104.00,157.00,74.00,157.00
76.00,135.00,106.00,135.00,106.00,158.00,76.00,158.00
78.00,130.00,108.00,130.00,108.00,153.00,78.00,153.00
77.00,134.00,107.00,134.00,107.00,157.00,77.00,157.00
79.00,133.00,109.00,133.00,109.00,156.00,79.00,156.00
76.00,136.00,106.00,136.00,106.00,159.00,76.00,159.00
75.00,135.00,105.00,135.00,105.00,158.00,75.00,158.00
77.00,136.00,107.00,136.00,107.00,159.00,77.00,159.00
76.00,135.00,106.00,135.00,106.00,158.00,76.00,158.00
78.00,135.00,108.00,135.00,108.00,158.00,78.00,158.00
77.00,138.00,107.00,138.00,107.00,161.00,77.00,161.00
79.00,138.00,109.00,138.00,109.00,161.00,79.00,161.00
78.00,135.00,108.00,135.00,108.00,158.00,78.00,158.00
80.00,136.00,110.00,136.00,110.00,159.00,80.00,159.00
82.00,137.00,112.00,137.00,112.00,160.00,82.00,160.00
82.00,134.00,112.00,134.00,112.00,157.00,82.00,157.00
81.00,135.00,111.00,135.00,111.00,158.00,81.00,158.00
83.00,136.00,113.00,136.00,113.00,159.00,83.00,159.00
82.00,137.00,112.00,137.00,112.00,160.00,82.00,160.00
81.00,138.00,111.00,138.00,111.00,161.00,81.00,161.00
83.00,135.00,113.00,135.00,113.00,158.00,83.00,158.00
82.00,138.00,112.00,138.00,112.00,161.00,82.00,161.00
81.00,136.00,111.00,136.00,111.00,159.00,81.00,159.00
83.00,135.00,113.00,135.00,113.00,158.00,83.00,158.00
82.00,136.00,112.00,136.00,112.00,159.00,82.00,159.00
81.00,141.00,111.00,141.00,111.00,164.00,81.00,164.00
83.00,138.00,113.00,138.00,113.00,161.00,83.00,161.00
82.00,137.00,112.00,137.00,112.00,160.00,82.00,160.00
84.00,138.00,114.00,138.00,114.00,161.00,84.00,161.00
83.00,137.00,113.00,137.00,113.00,160.00,83.00,160.00
82.00,136.00,112.00,136.00,112.00,159.00,82.00,159.00
84.00,139.00,114.00,139.00,114.00,162.00,84.00,162.00
83.00,138.00,113.00,138.00,113.00,161.00,83.00,161.00
82.00,139.00,112.00,139.00,112.00,162.00,82.00,162.00
81.00,140.00,111.00,140.00,111.00,163.00,81.00,163.00
80.00,139.00,110.00,139.00,110.00,162.00,80.00,162.00
79.00,140.00,109.00,140.00,109.00,163.00,79.00,163.00
78.00,141.00,108.00,141.00,108.00,164.00,78.00,164.00
79.00,142.00,109.00,142.00,109.00,165.00,79.00,165.00
78.00,143.00,108.00,143.00,108.00,166.00,78.00,166.00
80.00,146.00,110.00,146.00,110.00,169.00,80.00,169.00
79.00,146.00,109.00,146.00,109.00,169.00,79.00,169.00
2
0
0
0
0
1
109.00,126.00,137.00,126.00,137.00,149.00,109.00,149.00
95.00,125.00,123.00,125.00,123.00,148.00,95.00,148.00
91.00,125.00,119.00,125.00,119.00,148.00,91.00,148.00
91.00,130.00,119.00,130.00,119.00,153.00,91.00,153.00
91.00,126.00,119.00,126.00,119.00,149.00,91.00,149.00
86.00,127.00,114.00,127.00,114.00,150.00,86.00,150.00
87.00,124.00,115.00,124.00,115.00,147.00,87.00,147.00
85.00,127.00,113.00,127.00,113.00,150.00,85.00,150.00
85.00,128.00,113.00,128.00,113.00,151.00,85.00,151.00
86.00,127.00,114.00,127.00,114.00,150.00,86.00,150.00
93.00,130.00,121.00,130.00,121.00,153.00,93.00,153.00
100.00,130.00,128.00,130.00,128.00,153.00,100.00,153.00
100.00,129.00,128.00,129.00,128.00,152.00,100.00,152.00
93.00,131.00,121.00,131.00,121.00,154.00,93.00,154.00
95.00,124.00,123.00,124.00,123.00,147.00,95.00,147.00
94.00,126.00,122.00,126.00,122.00,149.00,94.00,149.00
96.00,127.00,124.00,127.00,124.00,150.00,96.00,150.00
94.00,126.00,122.00,126.00,122.00,149.00,94.00,149.00
94.00,123.00,122.00,123.00,122.00,146.00,94.00,146.00
94.00,125.00,122.00,125.00,122.00,148.00,94.00,148.00
95.00,123.00,123.00,123.00,123.00,146.00,95.00,146.00
96.00,124.00,124.00,124.00,124.00,147.00,96.00,147.00
97.00,125.00,125.00,125.00,125.00,148.00,97.00,148.00
95.00,124.00,123.00,124.00,123.00,147.00,95.00,147.00
96.00,125.00,124.00,125.00,124.00,148.00,96.00,148.00
94.00,124.00,122.00,124.00,122.00,147.00,94.00,147.00
95.00,123.00,123.00,123.00,123.00,146.00,95.00,146.00
93.00,122.00,121.00,122.00,121.00,145.00,93.00,145.00
94.00,123.00,122.00,123.00,122.00,146.00,94.00,146.00
92.00,124.00,120.00,124.00,120.00,147.00,92.00,147.00
93.00,123.00,121.00,123.00,121.00,146.00,93.00,146.00
91.00,124.00,119.00,124.00,119.00,147.00,91.00,147.00
89.00,123.00,117.00,123.00,117.00,146.00,89.00,146.00
86.00,122.00,114.00,122.00,114.00,145.00,86.00,145.00
86.00,123.00,114.00,123.00,114.00,146.00,86.00,146.00
83.00,122.00,111.00,122.00,111.00,145.00,83.00,145.00
80.00,123.00,108.00,123.00,108.00,146.00,80.00,146.00
80.00,124.00,108.00,124.00,108.00,147.00,80.00,147.00
77.00,123.00,105.00,123.00,105.00,146.00,77.00,146.00
77.00,124.00,105.00,124.00,105.00,147.00,77.00,147.00
77.00,123.00,105.00,123.00,105.00,146.00,77.00,146.00
77.00,124.00,105.00,124.00,105.00,147.00,77.00,147.00
2
0
0
0
0
1
101.00,132.00,129.00,132.00,129.00,156.00,101.00,156.00
102.00,131.00,130.00,131.00,130.00,155.00,102.00,155.00
102.00,132.00,130.00,132.00,130.00,156.00,102.00,156.00
101.00,134.00,129.00,134.00,129.00,158.00,101.00,158.00
102.00,133.00,130.00,133.00,130.00,157.00,102.00,157.00
100.00,134.00,128.00,134.00,128.00,158.00,100.00,158.00
104.00,133.00,132.00,133.00,132.00,157.00,104.00,157.00
103.00,134.00,131.00,134.00,131.00,158.00,103.00,158.00
104.00,133.00,132.00,133.00,132.00,157.00,104.00,157.00
102.00,134.00,130.00,134.00,130.00,158.00,102.00,158.00
100.00,135.00,128.00,135.00,128.00,159.00,100.00,159.00
101.00,134.00,129.00,134.00,129.00,158.00,101.00,158.00
102.00,133.00,130.00,133.00,130.00,157.00,102.00,157.00
103.00,132.00,131.00,132.00,131.00,156.00,103.00,156.00
101.00,133.00,129.00,133.00,129.00,157.00,101.00,157.00
99.00,132.00,127.00,132.00,127.00,156.00,99.00,156.00
100.00,133.00,128.00,133.00,128.00,157.00,100.00,157.00
101.00,132.00,129.00,132.00,129.00,156.00,101.00,156.00
99.00,133.00,127.00,133.00,127.00,157.00,99.00,157.00
100.00,132.00,128.00,132.00,128.00,156.00,100.00,156.00
98.00,131.00,126.00,131.00,126.00,155.00,98.00,155.00
102.00,132.00,130.00,132.00,130.00,156.00,102.00,156.00
101.00,131.00,129.00,131.00,129.00,155.00,101.00,155.00
99.00,130.00,127.00,130.00,127.00,154.00,99.00,154.00
100.00,133.00,128.00,133.00,128.00,157.00,100.00,157.00
104.00,132.00,132.00,132.00,132.00,156.00,104.00,156.00
100.00,131.00,128.00,131.00,128.00,155.00,100.00,155.00
101.00,134.00,129.00,134.00,129.00,158.00,101.00,158.00
99.00,135.00,127.00,135.00,127.00,159.00,99.00,159.00
100.00,136.00,128.00,136.00,128.00,160.00,100.00,160.00
98.00,136.00,126.00,136.00,126.00,160.00,98.00,160.00
99.00,137.00,127.00,137.00,127.00,161.00,99.00,161.00
99.00,137.00,127.00,137.00,127.00,161.00,99.00,161.00
100.00,137.00,128.00,137.00,128.00,161.00,100.00,161.00
98.00,138.00,126.00,138.00,126.00,162.00,98.00,162.00
99.00,137.00,127.00,137.00,127.00,161.00,99.00,161.00
100.00,136.00,128.00,136.00,128.00,160.00,100.00,160.00
98.00,137.00,126.00,137.00,126.00,161.00,98.00,161.00
99.00,136.00,127.00,136.00,127.00,160.00,99.00,160.00
100.00,137.00,128.00,137.00,128.00,161.00,100.00,161.00
101.00,136.00,129.00,136.00,129.00,160.00,101.00,160.00
99.00,137.00,127.00,137.00,127.00,161.00,99.00,161.00
100.00,136.00,128.00,136.00,128.00,160.00,100.00,160.00
98.00,137.00,126.00,137.00,126.00,161.00,98.00,161.00
99.00,136.00,127.00,136.00,127.00,160.00,99.00,160.00
97.00,139.00,125.00,139.00,125.00,163.00,97.00,163.00
98.00,136.00,126.00,136.00,126.00,160.00,98.00,160.00
96.00,139.00,124.00,139.00,124.00,163.00,96.00,163.00
94.00,142.00,122.00,142.00,122.00,166.00,94.00,166.00
2
0
0
0
0
1
104.00,128.00,130.00,128.00,130.00,148.00,104.00,148.00
107.00,129.00,133.00,129.00,133.00,149.00,107.00,149.00
104.00,128.00,130.00,128.00,130.00,148.00,104.00,148.00
101.00,131.00,127.00,131.00,127.00,151.00,101.00,151.00
97.00,129.00,123.00,129.00,123.00,149.00,97.00,149.00
105.00,128.00,131.00,128.00,131.00,148.00,105.00,148.00
103.00,131.00,129.00,131.00,129.00,151.00,103.00,151.00
103.00,132.00,129.00,132.00,129.00,152.00,103.00,152.00
106.00,129.00,132.00,129.00,132.00,149.00,106.00,149.00
106.00,132.00,132.00,132.00,132.00,152.00,106.00,152.00
107.00,129.00,133.00,129.00,133.00,149.00,107.00,149.00
102.00,132.00,128.00,132.00,128.00,152.00,102.00,152.00
104.00,130.00,130.00,130.00,130.00,150.00,104.00,150.00
101.00,133.00,127.00,133.00,127.00,153.00,101.00,153.00
104.00,128.00,130.00,128.00,130.00,148.00,104.00,148.00
104.00,129.00,130.00,129.00,130.00,149.00,104.00,149.00
101.00,132.00,127.00,132.00,127.00,152.00,101.00,152.00
106.00,128.00,132.00,128.00,132.00,148.00,106.00,148.00
104.00,128.00,130.00,128.00,130.00,148.00,104.00,148.00
101.00,133.00,127.00,133.00,127.00,153.00,101.00,153.00
101.00,132.00,127.00,132.00,127.00,152.00,101.00,152.00
101.00,132.00,127.00,132.00,127.00,152.00,101.00,152.00
104.00,131.00,130.00,131.00,130.00,151.00,104.00,151.00
102.00,132.00,128.00,132.00,128.00,152.00,102.00,152.00
104.00,132.00,130.00,132.00,130.00,152.00,104.00,152.00
101.00,133.00,127.00,133.00,127.00,153.00,101.00,153.00
104.00,132.00,130.00,132.00,130.00,152.00,104.00,152.00
107.00,131.00,133.00,131.00,133.00,151.00,107.00,151.00
108.00,132.00,134.00,132.00,134.00,152.00,108.00,152.00
102.00,133.00,128.00,133.00,128.00,153.00,102.00,153.00
102.00,134.00,128.00,134.00,128.00,154.00,102.00,154.00
108.00,129.00,134.00,129.00,134.00,149.00,108.00,149.00
103.00,133.00,129.00,133.00,129.00,153.00,103.00,153.00
106.00,130.00,132.00,130.00,132.00,150.00,106.00,150.00
109.00,129.00,135.00,129.00,135.00,149.00,109.00,149.00
106.00,134.00,132.00,134.00,132.00,154.00,106.00,154.00
107.00,131.00,133.00,131.00,133.00,151.00,107.00,151.00
108.00,130.00,134.00,130.00,134.00,150.00,108.00,150.00
108.00,129.00,134.00,129.00,134.00,149.00,108.00,149.00
109.00,129.00,135.00,129.00,135.00,149.00,109.00,149.00
106.00,128.00,132.00,128.00,132.00,148.00,106.00,148.00
106.00,129.00,132.00,129.00,132.00,149.00,106.00,149.00
109.00,129.00,135.00,129.00,135.00,149.00,109.00,149.00
106.00,132.00,132.00,132.00,132.00,152.00,106.00,152.00
109.00,129.00,135.00,129.00,135.00,149.00,109.00,149.00
109.00,128.00,135.00,128.00,135.00,148.00,109.00,148.00
109.00,127.00,135.00,127.00,135.00,147.00,109.00,147.00
109.00,128.00,135.00,128.00,135.00,148.00,109.00,148.00
109.00,129.00,135.00,129.00,135.00,149.00,109.00,149.00
109.00,128.00,135.00,128.00,135.00,148.00,109.00,148.00
106.00,120.00,132.00,120.00,132.00,140.00,106.00,140.00
109.00,124.00,135.00,124.00,135.00,144.00,109.00,144.00
109.00,129.00,135.00,129.00,135.00,149.00,109.00,149.00
109.00,128.00,135.00,128.00,135.00,148.00,109.00,148.00
109.00,125.00,135.00,125.00,135.00,145.00,109.00,145.00
106.00,123.00,132.00,123.00,132.00,143.00,106.00,143.00
112.00,125.00,138.00,125.00,138.00,145.00,112.00,145.00
107.00,121.00,133.00,121.00,133.00,141.00,107.00,141.00
110.00,123.00,136.00,123.00,136.00,143.00,110.00,143.00
110.00,125.00,136.00,125.00,136.00,145.00,110.00,145.00
107.00,124.00,133.00,124.00,133.00,144.00,107.00,144.00
107.00,125.00,133.00,125.00,133.00,145.00,107.00,145.00
110.00,124.00,136.00,124.00,136.00,144.00,110.00,144.00
107.00,123.00,133.00,123.00,133.00,143.00,107.00,143.00
107.00,124.00,133.00,124.00,133.00,144.00,107.00,144.00
107.00,123.00,133.00,123.00,133.00,143.00,107.00,143.00
101.00,124.00,127.00,124.00,127.00,144.00,101.00,144.00
103.00,123.00,129.00,123.00,129.00,143.00,103.00,143.00
106.00,124.00,132.00,124.00,132.00,144.00,106.00,144.00
109.00,125.00,135.00,125.00,135.00,145.00,109.00,145.00
106.00,124.00,132.00,124.00,132.00,144.00,106.00,144.00
103.00,123.00,129.00,123.00,129.00,143.00,103.00,143.00
106.00,122.00,132.00,122.00,132.00,142.00,106.00,142.00
107.00,123.00,133.00,123.00,133.00,143.00,107.00,143.00
104.00,122.00,130.00,122.00,130.00,142.00,104.00,142.00
104.00,121.00,130.00,121.00,130.00,141.00,104.00,141.00
109.00,124.00,135.00,124.00,135.00,144.00,109.00,144.00
107.00,123.00,133.00,123.00,133.00,143.00,107.00,143.00
104.00,122.00,130.00,122.00,130.00,142.00,104.00,142.00
110.00,123.00,136.00,123.00,136.00,143.00,110.00,143.00
107.00,124.00,133.00,124.00,133.00,144.00,107.00,144.00
107.00,123.00,133.00,123.00,133.00,143.00,107.00,143.00
107.00,122.00,133.00,122.00,133.00,142.00,107.00,142.00
110.00,125.00,136.00,125.00,136.00,145.00,110.00,145.00
104.00,122.00,130.00,122.00,130.00,142.00,104.00,142.00
107.00,123.00,133.00,123.00,133.00,143.00,107.00,143.00
104.00,122.00,130.00,122.00,130.00,142.00,104.00,142.00
107.00,123.00,133.00,123.00,133.00,143.00,107.00,143.00
107.00,124.00,133.00,124.00,133.00,144.00,107.00,144.00
107.00,123.00,133.00,123.00,133.00,143.00,107.00,143.00
107.00,124.00,133.00,124.00,133.00,144.00,107.00,144.00
102.00,125.00,128.00,125.00,128.00,145.00,102.00,145.00
104.00,124.00,130.00,124.00,130.00,144.00,104.00,144.00
104.00,123.00,130.00,123.00,130.00,143.00,104.00,143.00
104.00,124.00,130.00,124.00,130.00,144.00,104.00,144.00
104.00,123.00,130.00,123.00,130.00,143.00,104.00,143.00
104.00,122.00,130.00,122.00,130.00,142.00,104.00,142.00
107.00,123.00,133.00,123.00,133.00,143.00,107.00,143.00
105.00,124.00,131.00,124.00,131.00,144.00,105.00,144.00
105.00,121.00,131.00,121.00,131.00,141.00,105.00,141.00
105.00,122.00,131.00,122.00,131.00,142.00,105.00,142.00
2
0
0
0
0
1
144.00,122.00,173.00,122.00,173.00,141.00,144.00,141.00
141.00,124.00,170.00,124.00,170.00,143.00,141.00,143.00
148.00,122.00,177.00,122.00,177.00,141.00,148.00,141.00
158.00,124.00,187.00,124.00,187.00,143.00,158.00,143.00
2
0
0
0
0
1
143.00,123.00,169.00,123.00,169.00,143.00,143.00,143.00
143.00,122.00,169.00,122.00,169.00,142.00,143.00,142.00
139.00,122.00,165.00,122.00,165.00,142.00,139.00,142.00
143.00,123.00,169.00,123.00,169.00,143.00,143.00,143.00
143.00,124.00,169.00,124.00,169.00,144.00,143.00,144.00
143.00,125.00,169.00,125.00,169.00,145.00,143.00,145.00
146.00,122.00,172.00,122.00,172.00,142.00,146.00,142.00
143.00,123.00,169.00,123.00,169.00,143.00,143.00,143.00
146.00,122.00,172.00,122.00,172.00,142.00,146.00,142.00
147.00,125.00,173.00,125.00,173.00,145.00,147.00,145.00
150.00,132.00,176.00,132.00,176.00,152.00,150.00,152.00
148.00,122.00,174.00,122.00,174.00,142.00,148.00,142.00
154.00,114.00,180.00,114.00,180.00,134.00,154.00,134.00
146.00,106.00,172.00,106.00,172.00,126.00,146.00,126.00
143.00,105.00,169.00,105.00,169.00,125.00,143.00,125.00
140.00,106.00,166.00,106.00,166.00,126.00,140.00,126.00
139.00,107.00,165.00,107.00,165.00,127.00,139.00,127.00
138.00,107.00,164.00,107.00,164.00,127.00,138.00,127.00
149.00,109.00,175.00,109.00,175.00,129.00,149.00,129.00
146.00,108.00,172.00,108.00,172.00,128.00,146.00,128.00
134.00,113.00,160.00,113.00,160.00,133.00,134.00,133.00
130.00,113.00,156.00,113.00,156.00,133.00,130.00,133.00
144.00,109.00,170.00,109.00,170.00,129.00,144.00,129.00
157.00,112.00,183.00,112.00,183.00,132.00,157.00,132.00
147.00,106.00,173.00,106.00,173.00,126.00,147.00,126.00
143.00,106.00,169.00,106.00,169.00,126.00,143.00,126.00
158.00,111.00,184.00,111.00,184.00,131.00,158.00,131.00
149.00,108.00,175.00,108.00,175.00,128.00,149.00,128.00
145.00,102.00,171.00,102.00,171.00,122.00,145.00,122.00
142.00,104.00,168.00,104.00,168.00,124.00,142.00,124.00
143.00,108.00,169.00,108.00,169.00,128.00,143.00,128.00
140.00,108.00,166.00,108.00,166.00,128.00,140.00,128.00
143.00,107.00,169.00,107.00,169.00,127.00,143.00,127.00
156.00,109.00,182.00,109.00,182.00,129.00,156.00,129.00
148.00,124.00,174.00,124.00,174.00,144.00,148.00,144.00
151.00,116.00,177.00,116.00,177.00,136.00,151.00,136.00
149.00,110.00,175.00,110.00,175.00,130.00,149.00,130.00
150.00,113.00,176.00,113.00,176.00,133.00,150.00,133.00
151.00,119.00,177.00,119.00,177.00,139.00,151.00,139.00
146.00,123.00,172.00,123.00,172.00,143.00,146.00,143.00
147.00,127.00,173.00,127.00,173.00,147.00,147.00,147.00
147.00,134.00,173.00,134.00,173.00,154.00,147.00,154.00
150.00,131.00,176.00,131.00,176.00,151.00,150.00,151.00
147.00,122.00,173.00,122.00,173.00,142.00,147.00,142.00
147.00,130.00,173.00,130.00,173.00,150.00,147.00,150.00
147.00,132.00,173.00,132.00,173.00,152.00,147.00,152.00
150.00,132.00,176.00,132.00,176.00,152.00,150.00,152.00
153.00,129.00,179.00,129.00,179.00,149.00,153.00,149.00
148.00,121.00,174.00,121.00,174.00,141.00,148.00,141.00
145.00,121.00,171.00,121.00,171.00,141.00,145.00,141.00
145.00,120.00,171.00,120.00,171.00,140.00,145.00,140.00
142.00,124.00,168.00,124.00,168.00,144.00,142.00,144.00
144.00,120.00,170.00,120.00,170.00,140.00,144.00,140.00
140.00,122.00,166.00,122.00,166.00,142.00,140.00,142.00
141.00,118.00,167.00,118.00,167.00,138.00,141.00,138.00
141.00,121.00,167.00,121.00,167.00,141.00,141.00,141.00
138.00,118.00,164.00,118.00,164.00,138.00,138.00,138.00
140.00,117.00,166.00,117.00,166.00,137.00,140.00,137.00
137.00,119.00,163.00,119.00,163.00,139.00,137.00,139.00
139.00,118.00,165.00,118.00,165.00,138.00,139.00,138.00
136.00,119.00,162.00,119.00,162.00,139.00,136.00,139.00
132.00,118.00,158.00,118.00,158.00,138.00,132.00,138.00
131.00,119.00,157.00,119.00,157.00,139.00,131.00,139.00
133.00,118.00,159.00,118.00,159.00,138.00,133.00,138.00
129.00,119.00,155.00,119.00,155.00,139.00,129.00,139.00
137.00,120.00,163.00,120.00,163.00,140.00,137.00,140.00
128.00,119.00,154.00,119.00,154.00,139.00,128.00,139.00
124.00,120.00,150.00,120.00,150.00,140.00,124.00,140.00
123.00,123.00,149.00,123.00,149.00,143.00,123.00,143.00
122.00,120.00,148.00,120.00,148.00,140.00,122.00,140.00
121.00,121.00,147.00,121.00,147.00,141.00,121.00,141.00
114.00,122.00,140.00,122.00,140.00,142.00,114.00,142.00
123.00,121.00,149.00,121.00,149.00,141.00,123.00,141.00
120.00,122.00,146.00,122.00,146.00,142.00,120.00,142.00
117.00,121.00,143.00,121.00,143.00,141.00,117.00,141.00
107.00,124.00,133.00,124.00,133.00,144.00,107.00,144.00
117.00,122.00,143.00,122.00,143.00,142.00,117.00,142.00
105.00,125.00,131.00,125.00,131.00,145.00,105.00,145.00
104.00,124.00,130.00,124.00,130.00,144.00,104.00,144.00
102.00,125.00,128.00,125.00,128.00,145.00,102.00,145.00
103.00,126.00,129.00,126.00,129.00,146.00,103.00,146.00
102.00,126.00,128.00,126.00,128.00,146.00,102.00,146.00
102.00,127.00,128.00,127.00,128.00,147.00,102.00,147.00
97.00,127.00,123.00,127.00,123.00,147.00,97.00,147.00
96.00,128.00,122.00,128.00,122.00,148.00,96.00,148.00
2
0
0
0
0
1
118.00,127.00,149.00,127.00,149.00,151.00,118.00,151.00
113.00,119.00,144.00,119.00,144.00,143.00,113.00,143.00
109.00,123.00,140.00,123.00,140.00,147.00,109.00,147.00
110.00,122.00,141.00,122.00,141.00,146.00,110.00,146.00
109.00,121.00,140.00,121.00,140.00,145.00,109.00,145.00
111.00,108.00,142.00,108.00,142.00,132.00,111.00,132.00
2
0
0
0
0
1
99.00,127.00,131.00,127.00,131.00,152.00,99.00,152.00
99.00,124.00,131.00,124.00,131.00,149.00,99.00,149.00
99.00,125.00,131.00,125.00,131.00,150.00,99.00,150.00
96.00,125.00,128.00,125.00,128.00,150.00,96.00,150.00
95.00,128.00,127.00,128.00,127.00,153.00,95.00,153.00
103.00,128.00,135.00,128.00,135.00,153.00,103.00,153.00
92.00,128.00,124.00,128.00,124.00,153.00,92.00,153.00
91.00,125.00,123.00,125.00,123.00,150.00,91.00,150.00
90.00,125.00,122.00,125.00,122.00,150.00,90.00,150.00
89.00,122.00,121.00,122.00,121.00,147.00,89.00,147.00
88.00,128.00,120.00,128.00,120.00,153.00,88.00,153.00
93.00,131.00,125.00,131.00,125.00,156.00,93.00,156.00
86.00,125.00,118.00,125.00,118.00,150.00,86.00,150.00
92.00,131.00,124.00,131.00,124.00,156.00,92.00,156.00
92.00,132.00,124.00,132.00,124.00,157.00,92.00,157.00
83.00,124.00,115.00,124.00,115.00,149.00,83.00,149.00
67.00,121.00,99.00,121.00,99.00,146.00,67.00,146.00
82.00,123.00,114.00,123.00,114.00,148.00,82.00,148.00
