1
193.00,331.00,241.00,331.00,241.00,453.00,193.00,453.00
200.00,336.00,248.00,336.00,248.00,458.00,200.00,458.00
205.00,334.00,253.00,334.00,253.00,456.00,205.00,456.00
220.00,329.00,268.00,329.00,268.00,451.00,220.00,451.00
228.00,334.00,276.00,334.00,276.00,456.00,228.00,456.00
240.00,341.00,288.00,341.00,288.00,463.00,240.00,463.00
251.00,348.00,299.00,348.00,299.00,470.00,251.00,470.00
265.00,343.00,313.00,343.00,313.00,465.00,265.00,465.00
273.00,348.00,321.00,348.00,321.00,470.00,273.00,470.00
291.00,343.00,339.00,343.00,339.00,465.00,291.00,465.00
305.00,349.00,353.00,349.00,353.00,471.00,305.00,471.00
315.00,333.00,363.00,333.00,363.00,455.00,315.00,455.00
333.00,348.00,381.00,348.00,381.00,470.00,333.00,470.00
348.00,353.00,396.00,353.00,396.00,475.00,348.00,475.00
363.00,359.00,411.00,359.00,411.00,481.00,363.00,481.00
380.00,331.00,428.00,331.00,428.00,453.00,380.00,453.00
400.00,334.00,448.00,334.00,448.00,456.00,400.00,456.00
431.00,326.00,479.00,326.00,479.00,448.00,431.00,448.00
415.00,308.00,463.00,308.00,463.00,430.00,415.00,430.00
2
0
0
0
0
1
457.00,325.00,596.00,325.00,596.00,497.00,457.00,497.00
460.00,335.00,599.00,335.00,599.00,507.00,460.00,507.00
440.00,329.00,579.00,329.00,579.00,501.00,440.00,501.00
370.00,325.00,509.00,325.00,509.00,497.00,370.00,497.00
350.00,339.00,489.00,339.00,489.00,511.00,350.00,511.00
2
0
0
0
0
1
597.00,393.00,713.00,393.00,713.00,636.00,597.00,636.00
583.00,360.00,699.00,360.00,699.00,603.00,583.00,603.00
563.00,340.00,679.00,340.00,679.00,583.00,563.00,583.00
540.00,330.00,656.00,330.00,656.00,573.00,540.00,573.00
533.00,326.00,649.00,326.00,649.00,569.00,533.00,569.00
2
0
0
0
0
1
664.00,1.00,771.00,1.00,771.00,404.00,664.00,404.00
679.00,75.00,786.00,75.00,786.00,480.00,679.00,480.00
699.00,65.00,806.00,65.00,806.00,470.00,699.00,470.00
694.00,45.00,801.00,45.00,801.00,450.00,694.00,450.00
689.00,95.00,796.00,95.00,796.00,500.00,689.00,500.00
744.00,30.00,851.00,30.00,851.00,435.00,744.00,435.00
739.00,70.00,846.00,70.00,846.00,475.00,739.00,475.00
749.00,75.00,856.00,75.00,856.00,480.00,749.00,480.00
2
0
0
0
0
1
425.00,209.00,739.00,209.00,739.00,330.00,425.00,330.00
440.00,184.00,754.00,184.00,754.00,305.00,440.00,305.00
420.00,164.00,734.00,164.00,734.00,285.00,420.00,285.00
440.00,154.00,754.00,154.00,754.00,275.00,440.00,275.00
525.00,219.00,839.00,219.00,839.00,340.00,525.00,340.00
535.00,209.00,849.00,209.00,849.00,330.00,535.00,330.00
595.00,214.00,909.00,214.00,909.00,335.00,595.00,335.00
630.00,269.00,944.00,269.00,944.00,390.00,630.00,390.00
635.00,314.00,949.00,314.00,949.00,435.00,635.00,435.00
640.00,364.00,954.00,364.00,954.00,485.00,640.00,485.00
675.00,404.00,989.00,404.00,989.00,525.00,675.00,525.00
735.00,479.00,1049.00,479.00,1049.00,600.00,735.00,600.00
770.00,604.00,1084.00,604.00,1084.00,719.00,770.00,719.00
770.00,604.00,1084.00,604.00,1084.00,719.00,770.00,719.00
770.00,599.00,1084.00,599.00,1084.00,719.00,770.00,719.00
770.00,599.00,1084.00,599.00,1084.00,719.00,770.00,719.00
770.00,604.00,1084.00,604.00,1084.00,719.00,770.00,719.00
765.00,609.00,1079.00,609.00,1079.00,719.00,765.00,719.00
780.00,604.00,1094.00,604.00,1094.00,719.00,780.00,719.00
765.00,604.00,1079.00,604.00,1079.00,719.00,765.00,719.00
780.00,599.00,1094.00,599.00,1094.00,719.00,780.00,719.00
765.00,604.00,1079.00,604.00,1079.00,719.00,765.00,719.00
780.00,599.00,1094.00,599.00,1094.00,719.00,780.00,719.00
765.00,604.00,1079.00,604.00,1079.00,719.00,765.00,719.00
780.00,609.00,1094.00,609.00,1094.00,719.00,780.00,719.00
765.00,604.00,1079.00,604.00,1079.00,719.00,765.00,719.00
780.00,609.00,1094.00,609.00,1094.00,719.00,780.00,719.00
765.00,604.00,1079.00,604.00,1079.00,719.00,765.00,719.00
780.00,609.00,1094.00,609.00,1094.00,719.00,780.00,719.00
765.00,604.00,1079.00,604.00,1079.00,719.00,765.00,719.00
780.00,609.00,1094.00,609.00,1094.00,719.00,780.00,719.00
765.00,604.00,1079.00,604.00,1079.00,719.00,765.00,719.00
780.00,599.00,1094.00,599.00,1094.00,719.00,780.00,719.00
765.00,604.00,1079.00,604.00,1079.00,719.00,765.00,719.00
780.00,599.00,1094.00,599.00,1094.00,719.00,780.00,719.00
765.00,604.00,1079.00,604.00,1079.00,719.00,765.00,719.00
780.00,599.00,1094.00,599.00,1094.00,719.00,780.00,719.00
795.00,604.00,1109.00,604.00,1109.00,719.00,795.00,719.00
785.00,599.00,1099.00,599.00,1099.00,719.00,785.00,719.00
800.00,594.00,1114.00,594.00,1114.00,715.00,800.00,715.00
790.00,599.00,1104.00,599.00,1104.00,719.00,790.00,719.00
805.00,594.00,1119.00,594.00,1119.00,715.00,805.00,715.00
795.00,599.00,1109.00,599.00,1109.00,719.00,795.00,719.00
780.00,594.00,1094.00,594.00,1094.00,715.00,780.00,715.00
795.00,599.00,1109.00,599.00,1109.00,719.00,795.00,719.00
780.00,594.00,1094.00,594.00,1094.00,715.00,780.00,715.00
760.00,599.00,1074.00,599.00,1074.00,719.00,760.00,719.00
770.00,594.00,1084.00,594.00,1084.00,715.00,770.00,715.00
750.00,599.00,1064.00,599.00,1064.00,719.00,750.00,719.00
760.00,594.00,1074.00,594.00,1074.00,715.00,760.00,715.00
745.00,589.00,1059.00,589.00,1059.00,710.00,745.00,710.00
725.00,594.00,1039.00,594.00,1039.00,715.00,725.00,715.00
705.00,589.00,1019.00,589.00,1019.00,710.00,705.00,710.00
715.00,584.00,1029.00,584.00,1029.00,705.00,715.00,705.00
695.00,589.00,1009.00,589.00,1009.00,710.00,695.00,710.00
705.00,584.00,1019.00,584.00,1019.00,705.00,705.00,705.00
