1
171.437546,169.143372,114.202225,109.630310
169.123138,167.494400,113.392815,108.594460
166.454483,159.517090,114.452911,109.797272
168.205826,156.722092,114.657951,110.004555
169.878815,151.060516,114.888367,110.646866
171.757462,152.219727,115.453972,111.115143
170.813400,150.875595,115.184166,110.782784
171.306168,150.425888,113.712128,109.778770
172.738159,147.948578,115.216019,111.491447
172.738159,147.948578,115.216019,111.491447
172.738159,147.948578,115.216019,111.491447
172.738159,147.948578,115.216019,111.491447
173.165695,151.275497,115.291267,111.613281
174.350479,150.249741,115.166557,111.460533
174.205292,150.886047,115.008217,111.284073
175.026932,150.038055,115.882721,111.300461
176.553909,148.626617,113.231613,109.265579
177.896118,149.924789,114.256607,109.965103
178.028183,150.193298,115.604225,111.921791
183.198471,148.850357,115.259430,111.537956
186.248917,147.460892,113.582634,109.743454
192.189667,146.872131,116.596710,113.230690
203.117355,146.103836,115.117828,111.228737
212.647842,149.097580,116.728386,113.498817
223.204971,143.698349,116.801300,113.595062
230.518921,147.422012,114.926048,110.840195
235.915833,147.227432,115.060997,110.996315
241.861923,151.794739,114.776566,110.669350
252.852905,154.781189,115.783455,111.532867
263.161987,151.636795,115.434540,111.454758
268.994751,154.539093,114.830772,110.510132
280.027130,153.586182,117.463013,113.260864
281.532898,161.554901,114.913811,110.145737
290.394196,161.827759,115.561531,110.902504
286.771362,160.961121,115.191193,112.091301
295.266296,160.892502,113.775024,110.306801
285.966736,159.006302,113.581268,109.501663
285.966736,159.006302,113.581268,109.501663
289.335724,159.475250,112.917816,109.066254
286.964722,158.142441,113.461029,109.507980
286.964722,158.142441,113.461029,109.507980
283.986725,156.138321,113.319946,108.932411
278.980896,156.291107,113.464287,108.879845
267.657959,153.557358,115.652214,111.121750
265.929443,155.989517,115.140724,112.418755
255.943268,154.562332,117.348152,113.106461
245.815659,147.101807,114.601921,110.726219
240.488327,149.152298,114.553391,110.618401
235.871002,150.871887,115.017319,110.982689
227.569260,148.326736,114.853203,111.936790
214.495422,145.645752,114.639343,110.490433
210.556183,140.142715,113.839058,109.579559
189.538742,140.301636,114.860672,110.624397
188.086823,140.514236,115.551811,111.434296
175.487961,133.829269,114.737854,110.489212
169.421921,134.137222,115.931007,111.585136
158.009338,133.447144,114.229584,109.983490
145.498154,128.039856,115.055084,111.026703
136.154572,133.431854,115.958595,111.681824
124.058678,134.478180,116.095940,111.041611
106.775269,138.627853,115.320290,110.762779
101.530563,143.528366,115.328499,110.735794
94.636986,142.563919,115.499229,111.072830
78.695267,150.990997,115.007919,110.371552
68.655457,154.035583,115.541771,110.812576
69.585777,157.736282,114.765388,110.158257
57.698433,161.611984,115.374229,110.320854
58.110802,168.334518,115.144028,110.387642
52.972191,168.116257,115.022636,109.983284
42.727570,185.905792,113.742264,109.148262
48.133587,190.098572,113.670227,109.136292
44.217789,199.619003,113.416222,108.700630
51.817810,200.584061,113.314240,109.006851
50.601135,202.860123,113.569458,109.252388
60.849270,199.687149,113.569534,109.552582
68.181282,207.060059,112.559731,108.071945
76.149948,208.422409,113.363380,109.039253
87.716087,200.477875,112.888870,108.269089
90.845222,200.357040,114.767746,109.636086
101.965828,206.664200,112.629898,108.407097
115.065338,204.831726,113.050789,108.460327
123.775032,203.779953,112.985512,107.751617
138.596634,197.286118,112.381348,107.835960
150.030762,192.701614,113.558029,109.747887
167.208328,182.060257,111.789490,107.554749
178.438477,181.143723,111.296158,107.260933
191.390564,189.193634,111.404999,106.820946
210.117920,188.439896,111.743149,107.156479
223.414764,182.491760,113.377487,109.285355
236.813065,189.822388,111.853302,107.249573
245.481873,175.348755,114.547295,110.446953
257.544067,185.644363,111.070747,106.365623
268.886810,178.372742,111.066582,106.222443
273.733032,177.458694,113.466957,108.986595
284.126099,176.334167,111.325111,106.462784
285.966278,174.544327,112.765076,108.390755
287.045776,170.354858,110.498161,105.789772
286.212585,165.886490,111.071938,106.379219
287.748199,161.800308,112.286087,107.890671
288.347321,158.333176,110.635590,106.045296
287.275879,158.539093,110.247017,105.672844
286.012787,155.749939,111.302277,107.222946
278.618347,150.896347,112.992966,108.022362
263.671722,147.884552,110.822769,106.659676
263.707092,144.754547,110.296440,105.122391
257.833374,140.131088,110.539505,106.117645
253.748047,140.699661,110.396988,105.908043
243.866089,136.572052,110.354141,105.868073
237.821869,131.664917,110.093269,105.492447
229.267471,133.004425,110.304123,104.996529
215.765717,125.619453,112.504639,108.654655
208.974625,121.309875,109.999458,105.998283
197.456146,124.593727,109.760872,105.391884
184.031235,123.438118,109.299622,105.096901
171.103943,125.462067,108.930382,104.796669
162.850891,123.424988,113.736092,110.210052
151.675720,128.102951,112.010612,108.672729
145.235550,128.204651,112.258408,108.707771
134.145447,132.570831,113.588402,110.306381
126.233841,136.827408,113.419167,110.289116
121.120407,143.279327,113.952026,110.444443
111.794838,147.047729,110.242966,107.435776
97.506592,150.960907,115.091881,111.016487
91.438362,157.514496,114.014015,110.992744
90.097519,165.143448,110.656685,107.981728
81.879181,164.022919,115.117432,111.087105
82.953880,170.956406,110.961502,107.742775
81.820587,178.587280,113.502571,109.276840
81.804436,184.436584,109.042717,106.392517
82.373100,192.468063,109.277779,106.495422
85.433563,199.969055,108.795357,106.096489
88.455360,210.362534,109.460808,106.622986
92.979118,209.791122,115.555611,112.436249
98.883942,209.729965,116.574005,112.150612
112.107300,216.580780,110.451195,107.351944
125.722466,211.705383,108.420189,105.606270
131.820389,221.904083,110.267693,107.360680
149.140884,224.554153,109.511284,106.246826
158.354996,223.428467,109.387650,106.269272
170.349976,222.970901,110.067528,106.626045
182.693939,221.173904,109.255280,105.982910
196.465256,222.884857,109.560478,106.490448
204.952972,221.428650,111.597107,108.156364
219.498108,220.914932,111.595566,108.311737
234.644135,218.311737,111.047585,108.069885
248.343048,215.798294,110.915474,108.131065
256.310852,209.939331,111.964699,108.756058
268.514038,199.435547,111.281876,108.559952
282.296997,195.639282,110.625275,107.543663
288.849335,194.862122,110.454559,107.402885
295.385040,194.621124,111.899162,108.543533
293.075104,191.271683,111.564789,108.395050
293.103455,185.467407,110.485626,107.917435
295.167786,173.455521,111.597710,108.771652
290.299622,171.921356,113.017242,110.061302
288.637939,162.185181,112.577713,110.008163
291.059631,159.423264,112.441727,109.035492
285.447906,160.162888,113.646217,110.437286
276.581787,156.057922,113.626755,110.953995
274.826111,151.390533,113.773415,111.590332
266.815796,148.399933,113.620979,110.299980
266.581787,143.785049,113.235313,109.979324
253.897232,141.476379,111.987808,110.211830
255.178391,136.397827,114.697838,111.550209
245.691696,136.065491,114.010567,111.737442
232.106232,136.233475,113.637901,110.395134
225.653961,132.029205,114.744225,111.654755
222.987976,129.881592,114.527061,111.665497
210.193695,128.910675,114.693726,111.719162
203.033844,126.486031,115.041908,112.056831
188.863800,126.984276,115.488037,112.402878
182.541489,130.387299,115.106918,112.136070
170.911987,134.382843,115.746857,112.689384
159.014221,129.109436,115.664673,112.557487
158.598450,132.446976,116.157639,112.939537
153.469131,132.945480,116.442856,112.773430
141.530319,137.550797,116.345604,113.356216
140.160385,139.377716,116.858650,114.183922
140.912598,138.402023,116.301903,113.429108
140.293381,142.445648,116.156143,113.380188
139.443466,148.352142,117.516129,114.405373
141.723862,148.783508,118.040703,115.304695
141.867340,144.251282,117.856308,114.560036
144.519272,148.254028,117.902191,115.270119
148.809647,150.196045,117.343216,114.401398
154.575195,162.837296,117.739403,115.602470
164.005524,161.735962,117.022659,113.835678
166.842422,162.790512,116.746368,113.603065
168.929337,162.973709,116.216751,112.842148
169.221313,163.403641,118.209229,115.981064
162.769592,151.053619,117.879539,115.674637
163.808548,148.387909,117.482155,115.167564
165.458221,144.418716,118.097847,115.925621
165.425766,142.685410,118.853355,116.730072
163.226227,142.393753,118.943703,116.878571
173.530334,160.204620,119.382195,116.703835
173.541367,158.893539,119.815285,116.986992
169.147461,144.469177,119.530838,117.298286
171.700455,141.118271,120.889099,118.735115
165.324051,156.136337,120.238876,117.556366
