1
73.00,128.50,103.00,128.50,103.00,151.50,73.00,151.50
73.00,128.50,103.00,128.50,103.00,151.50,73.00,151.50
73.29,128.73,102.71,128.73,102.71,151.27,73.29,151.27
77.58,128.95,106.42,128.95,106.42,151.05,77.58,151.05
77.29,128.73,106.71,128.73,106.71,151.27,77.29,151.27
77.00,128.50,107.00,128.50,107.00,151.50,77.00,151.50
77.00,128.50,107.00,128.50,107.00,151.50,77.00,151.50
80.70,128.27,111.30,128.27,111.30,151.73,80.70,151.73
81.00,128.50,111.00,128.50,111.00,151.50,81.00,151.50
81.00,128.50,111.00,128.50,111.00,151.50,81.00,151.50
81.29,128.73,110.71,128.73,110.71,151.27,81.29,151.27
81.29,128.73,110.71,128.73,110.71,151.27,81.29,151.27
81.00,124.50,111.00,124.50,111.00,147.50,81.00,147.50
81.00,124.50,111.00,124.50,111.00,147.50,81.00,147.50
81.00,124.50,111.00,124.50,111.00,147.50,81.00,147.50
84.70,124.27,115.30,124.27,115.30,147.73,84.70,147.73
85.00,124.50,115.00,124.50,115.00,147.50,85.00,147.50
85.29,124.73,114.71,124.73,114.71,147.27,85.29,147.27
85.58,124.95,114.42,124.95,114.42,147.05,85.58,147.05
85.58,124.95,114.42,124.95,114.42,147.05,85.58,147.05
85.87,125.16,114.13,125.16,114.13,146.84,85.87,146.84
85.87,125.16,114.13,125.16,114.13,146.84,85.87,146.84
85.58,124.95,114.42,124.95,114.42,147.05,85.58,147.05
89.87,125.16,118.13,125.16,118.13,146.84,89.87,146.84
89.87,125.16,118.13,125.16,118.13,146.84,89.87,146.84
89.87,125.16,118.13,125.16,118.13,146.84,89.87,146.84
89.58,124.95,118.42,124.95,118.42,147.05,89.58,147.05
89.58,124.95,118.42,124.95,118.42,147.05,89.58,147.05
89.58,124.95,118.42,124.95,118.42,147.05,89.58,147.05
89.87,125.16,118.13,125.16,118.13,146.84,89.87,146.84
90.14,125.38,117.86,125.38,117.86,146.62,90.14,146.62
90.14,125.38,117.86,125.38,117.86,146.62,90.14,146.62
89.87,125.16,118.13,125.16,118.13,146.84,89.87,146.84
90.14,125.38,117.86,125.38,117.86,146.62,90.14,146.62
94.41,125.58,121.59,125.58,121.59,146.42,94.41,146.42
94.14,125.38,121.86,125.38,121.86,146.62,94.14,146.62
94.14,125.38,121.86,125.38,121.86,146.62,94.14,146.62
93.58,124.95,122.42,124.95,122.42,147.05,93.58,147.05
93.58,124.95,122.42,124.95,122.42,147.05,93.58,147.05
93.58,124.95,122.42,124.95,122.42,147.05,93.58,147.05
93.00,128.50,123.00,128.50,123.00,151.50,93.00,151.50
93.00,128.50,123.00,128.50,123.00,151.50,93.00,151.50
92.70,128.27,123.30,128.27,123.30,151.73,92.70,151.73
92.70,128.27,123.30,128.27,123.30,151.73,92.70,151.73
92.70,128.27,123.30,128.27,123.30,151.73,92.70,151.73
92.39,128.04,123.61,128.04,123.61,151.96,92.39,151.96
92.08,127.80,123.92,127.80,123.92,152.20,92.08,152.20
92.08,127.80,123.92,127.80,123.92,152.20,92.08,152.20
92.08,127.80,123.92,127.80,123.92,152.20,92.08,152.20
92.08,127.80,123.92,127.80,123.92,152.20,92.08,152.20
96.39,128.04,127.61,128.04,127.61,151.96,96.39,151.96
96.39,128.04,127.61,128.04,127.61,151.96,96.39,151.96
96.08,127.80,127.92,127.80,127.92,152.20,96.08,152.20
96.08,127.80,127.92,127.80,127.92,152.20,96.08,152.20
96.08,127.80,127.92,127.80,127.92,152.20,96.08,152.20
96.08,127.80,127.92,127.80,127.92,152.20,96.08,152.20
96.08,127.80,127.92,127.80,127.92,152.20,96.08,152.20
96.39,128.04,127.61,128.04,127.61,151.96,96.39,151.96
96.70,128.27,127.30,128.27,127.30,151.73,96.70,151.73
96.70,128.27,127.30,128.27,127.30,151.73,96.70,151.73
96.70,128.27,127.30,128.27,127.30,151.73,96.70,151.73
96.70,128.27,127.30,128.27,127.30,151.73,96.70,151.73
96.39,128.04,127.61,128.04,127.61,151.96,96.39,151.96
96.70,128.27,127.30,128.27,127.30,151.73,96.70,151.73
100.70,128.27,131.30,128.27,131.30,151.73,100.70,151.73
101.00,128.50,131.00,128.50,131.00,151.50,101.00,151.50
101.00,128.50,131.00,128.50,131.00,151.50,101.00,151.50
101.00,128.50,131.00,128.50,131.00,151.50,101.00,151.50
100.70,128.27,131.30,128.27,131.30,151.73,100.70,151.73
101.00,128.50,131.00,128.50,131.00,151.50,101.00,151.50
101.00,128.50,131.00,128.50,131.00,151.50,101.00,151.50
101.00,128.50,131.00,128.50,131.00,151.50,101.00,151.50
101.29,128.73,130.71,128.73,130.71,151.27,101.29,151.27
101.29,128.73,130.71,128.73,130.71,151.27,101.29,151.27
101.29,128.73,130.71,128.73,130.71,151.27,101.29,151.27
101.29,128.73,130.71,128.73,130.71,151.27,101.29,151.27
101.29,128.73,130.71,128.73,130.71,151.27,101.29,151.27
101.29,128.73,130.71,128.73,130.71,151.27,101.29,151.27
101.29,128.73,130.71,128.73,130.71,151.27,101.29,151.27
101.29,128.73,130.71,128.73,130.71,151.27,101.29,151.27
101.00,128.50,131.00,128.50,131.00,151.50,101.00,151.50
101.00,128.50,131.00,128.50,131.00,151.50,101.00,151.50
100.70,128.27,131.30,128.27,131.30,151.73,100.70,151.73
100.39,128.04,131.61,128.04,131.61,151.96,100.39,151.96
104.39,128.04,135.61,128.04,135.61,151.96,104.39,151.96
104.39,128.04,135.61,128.04,135.61,151.96,104.39,151.96
104.39,128.04,135.61,128.04,135.61,151.96,104.39,151.96
104.39,128.04,135.61,128.04,135.61,151.96,104.39,151.96
104.39,128.04,135.61,128.04,135.61,151.96,104.39,151.96
104.39,128.04,135.61,128.04,135.61,151.96,104.39,151.96
104.39,128.04,135.61,128.04,135.61,151.96,104.39,151.96
104.39,128.04,135.61,128.04,135.61,151.96,104.39,151.96
104.39,128.04,135.61,128.04,135.61,151.96,104.39,151.96
104.39,128.04,135.61,128.04,135.61,151.96,104.39,151.96
104.08,127.80,135.92,127.80,135.92,152.20,104.08,152.20
103.76,127.55,136.24,127.55,136.24,152.45,103.76,152.45
103.44,127.30,136.56,127.30,136.56,152.70,103.44,152.70
103.44,127.30,136.56,127.30,136.56,152.70,103.44,152.70
103.44,127.30,136.56,127.30,136.56,152.70,103.44,152.70
103.44,127.30,136.56,127.30,136.56,152.70,103.44,152.70
103.76,127.55,136.24,127.55,136.24,152.45,103.76,152.45
103.76,127.55,136.24,127.55,136.24,152.45,103.76,152.45
103.76,127.55,136.24,127.55,136.24,152.45,103.76,152.45
103.76,127.55,136.24,127.55,136.24,152.45,103.76,152.45
103.76,127.55,136.24,127.55,136.24,152.45,103.76,152.45
103.76,127.55,136.24,127.55,136.24,152.45,103.76,152.45
104.08,127.80,135.92,127.80,135.92,152.20,104.08,152.20
104.08,127.80,135.92,127.80,135.92,152.20,104.08,152.20
103.76,127.55,136.24,127.55,136.24,152.45,103.76,152.45
103.44,127.30,136.56,127.30,136.56,152.70,103.44,152.70
103.11,127.05,136.89,127.05,136.89,152.95,103.11,152.95
103.11,127.05,136.89,127.05,136.89,152.95,103.11,152.95
103.11,127.05,136.89,127.05,136.89,152.95,103.11,152.95
103.44,127.30,136.56,127.30,136.56,152.70,103.44,152.70
103.76,127.55,136.24,127.55,136.24,152.45,103.76,152.45
103.76,127.55,136.24,127.55,136.24,152.45,103.76,152.45
103.76,127.55,136.24,127.55,136.24,152.45,103.76,152.45
103.44,127.30,136.56,127.30,136.56,152.70,103.44,152.70
103.44,123.30,136.56,123.30,136.56,148.70,103.44,148.70
103.44,123.30,136.56,123.30,136.56,148.70,103.44,148.70
103.76,123.55,136.24,123.55,136.24,148.45,103.76,148.45
103.76,123.55,136.24,123.55,136.24,148.45,103.76,148.45
104.08,123.80,135.92,123.80,135.92,148.20,104.08,148.20
104.08,123.80,135.92,123.80,135.92,148.20,104.08,148.20
104.08,123.80,135.92,123.80,135.92,148.20,104.08,148.20
104.08,123.80,135.92,123.80,135.92,148.20,104.08,148.20
104.08,123.80,135.92,123.80,135.92,148.20,104.08,148.20
104.08,123.80,135.92,123.80,135.92,148.20,104.08,148.20
104.08,123.80,135.92,123.80,135.92,148.20,104.08,148.20
104.08,123.80,135.92,123.80,135.92,148.20,104.08,148.20
104.08,123.80,135.92,123.80,135.92,148.20,104.08,148.20
104.39,124.04,135.61,124.04,135.61,147.96,104.39,147.96
104.08,123.80,135.92,123.80,135.92,148.20,104.08,148.20
104.08,123.80,135.92,123.80,135.92,148.20,104.08,148.20
104.08,123.80,135.92,123.80,135.92,148.20,104.08,148.20
104.08,123.80,135.92,123.80,135.92,148.20,104.08,148.20
104.08,123.80,135.92,123.80,135.92,148.20,104.08,148.20
104.08,123.80,135.92,123.80,135.92,148.20,104.08,148.20
104.08,123.80,135.92,123.80,135.92,148.20,104.08,148.20
104.08,123.80,135.92,123.80,135.92,148.20,104.08,148.20
104.08,123.80,135.92,123.80,135.92,148.20,104.08,148.20
104.08,123.80,135.92,123.80,135.92,148.20,104.08,148.20
104.08,123.80,135.92,123.80,135.92,148.20,104.08,148.20
104.08,123.80,135.92,123.80,135.92,148.20,104.08,148.20
104.08,123.80,135.92,123.80,135.92,148.20,104.08,148.20
104.08,123.80,135.92,123.80,135.92,148.20,104.08,148.20
104.08,123.80,135.92,123.80,135.92,148.20,104.08,148.20
104.08,123.80,135.92,123.80,135.92,148.20,104.08,148.20
104.08,123.80,135.92,123.80,135.92,148.20,104.08,148.20
104.08,123.80,135.92,123.80,135.92,148.20,104.08,148.20
104.08,123.80,135.92,123.80,135.92,148.20,104.08,148.20
104.08,123.80,135.92,123.80,135.92,148.20,104.08,148.20
104.08,123.80,135.92,123.80,135.92,148.20,104.08,148.20
104.08,123.80,135.92,123.80,135.92,148.20,104.08,148.20
104.39,124.04,135.61,124.04,135.61,147.96,104.39,147.96
104.70,124.27,135.30,124.27,135.30,147.73,104.70,147.73
104.70,124.27,135.30,124.27,135.30,147.73,104.70,147.73
104.70,124.27,135.30,124.27,135.30,147.73,104.70,147.73
104.39,124.04,135.61,124.04,135.61,147.96,104.39,147.96
104.39,124.04,135.61,124.04,135.61,147.96,104.39,147.96
104.08,123.80,135.92,123.80,135.92,148.20,104.08,148.20
104.08,123.80,135.92,123.80,135.92,148.20,104.08,148.20
104.08,123.80,135.92,123.80,135.92,148.20,104.08,148.20
104.08,123.80,135.92,123.80,135.92,148.20,104.08,148.20
104.08,123.80,135.92,123.80,135.92,148.20,104.08,148.20
104.08,123.80,135.92,123.80,135.92,148.20,104.08,148.20
104.08,123.80,135.92,123.80,135.92,148.20,104.08,148.20
104.08,123.80,135.92,123.80,135.92,148.20,104.08,148.20
104.08,123.80,135.92,123.80,135.92,148.20,104.08,148.20
104.08,123.80,135.92,123.80,135.92,148.20,104.08,148.20
104.08,123.80,135.92,123.80,135.92,148.20,104.08,148.20
104.08,123.80,135.92,123.80,135.92,148.20,104.08,148.20
104.08,123.80,135.92,123.80,135.92,148.20,104.08,148.20
104.08,123.80,135.92,123.80,135.92,148.20,104.08,148.20
104.08,123.80,135.92,123.80,135.92,148.20,104.08,148.20
104.08,123.80,135.92,123.80,135.92,148.20,104.08,148.20
103.76,123.55,136.24,123.55,136.24,148.45,103.76,148.45
103.76,123.55,136.24,123.55,136.24,148.45,103.76,148.45
103.76,123.55,136.24,123.55,136.24,148.45,103.76,148.45
103.76,123.55,136.24,123.55,136.24,148.45,103.76,148.45
103.76,123.55,136.24,123.55,136.24,148.45,103.76,148.45
103.76,123.55,136.24,123.55,136.24,148.45,103.76,148.45
103.76,123.55,136.24,123.55,136.24,148.45,103.76,148.45
103.76,123.55,136.24,123.55,136.24,148.45,103.76,148.45
103.76,123.55,136.24,123.55,136.24,148.45,103.76,148.45
103.76,123.55,136.24,123.55,136.24,148.45,103.76,148.45
103.44,123.30,136.56,123.30,136.56,148.70,103.44,148.70
103.44,123.30,136.56,123.30,136.56,148.70,103.44,148.70
103.11,123.05,136.89,123.05,136.89,148.95,103.11,148.95
102.77,122.79,137.23,122.79,137.23,149.21,102.77,149.21
102.77,122.79,137.23,122.79,137.23,149.21,102.77,149.21
102.43,122.53,137.57,122.53,137.57,149.47,102.43,149.47
102.77,122.79,137.23,122.79,137.23,149.21,102.77,149.21
107.43,122.53,142.57,122.53,142.57,149.47,107.43,149.47
107.43,122.53,142.57,122.53,142.57,149.47,107.43,149.47
107.43,122.53,142.57,122.53,142.57,149.47,107.43,149.47
107.07,122.26,142.93,122.26,142.93,149.74,107.07,149.74
107.43,122.53,142.57,122.53,142.57,149.47,107.43,149.47
107.43,122.53,142.57,122.53,142.57,149.47,107.43,149.47
107.77,122.79,142.23,122.79,142.23,149.21,107.77,149.21
108.11,123.05,141.89,123.05,141.89,148.95,108.11,148.95
108.11,123.05,141.89,123.05,141.89,148.95,108.11,148.95
108.44,123.30,141.56,123.30,141.56,148.70,108.44,148.70
108.44,123.30,141.56,123.30,141.56,148.70,108.44,148.70
108.44,123.30,141.56,123.30,141.56,148.70,108.44,148.70
108.76,123.55,141.24,123.55,141.24,148.45,108.76,148.45
108.76,123.55,141.24,123.55,141.24,148.45,108.76,148.45
108.44,123.30,141.56,123.30,141.56,148.70,108.44,148.70
108.11,123.05,141.89,123.05,141.89,148.95,108.11,148.95
107.77,122.79,142.23,122.79,142.23,149.21,107.77,149.21
107.77,122.79,142.23,122.79,142.23,149.21,107.77,149.21
107.77,122.79,142.23,122.79,142.23,149.21,107.77,149.21
107.77,122.79,142.23,122.79,142.23,149.21,107.77,149.21
107.77,122.79,142.23,122.79,142.23,149.21,107.77,149.21
107.77,122.79,142.23,122.79,142.23,149.21,107.77,149.21
107.43,122.53,142.57,122.53,142.57,149.47,107.43,149.47
107.43,122.53,142.57,122.53,142.57,149.47,107.43,149.47
107.43,122.53,142.57,122.53,142.57,149.47,107.43,149.47
107.43,122.53,142.57,122.53,142.57,149.47,107.43,149.47
107.77,122.79,142.23,122.79,142.23,149.21,107.77,149.21
107.43,122.53,142.57,122.53,142.57,149.47,107.43,149.47
107.43,122.53,142.57,122.53,142.57,149.47,107.43,149.47
107.43,122.53,142.57,122.53,142.57,149.47,107.43,149.47
107.43,122.53,142.57,122.53,142.57,149.47,107.43,149.47
107.43,122.53,142.57,122.53,142.57,149.47,107.43,149.47
107.43,122.53,142.57,122.53,142.57,149.47,107.43,149.47
112.43,122.53,147.57,122.53,147.57,149.47,112.43,149.47
112.77,122.79,147.23,122.79,147.23,149.21,112.77,149.21
112.43,122.53,147.57,122.53,147.57,149.47,112.43,149.47
112.77,122.79,147.23,122.79,147.23,149.21,112.77,149.21
112.77,122.79,147.23,122.79,147.23,149.21,112.77,149.21
112.77,122.79,147.23,122.79,147.23,149.21,112.77,149.21
113.11,123.05,146.89,123.05,146.89,148.95,113.11,148.95
112.77,122.79,147.23,122.79,147.23,149.21,112.77,149.21
112.77,122.79,147.23,122.79,147.23,149.21,112.77,149.21
112.77,122.79,147.23,122.79,147.23,149.21,112.77,149.21
117.77,122.79,152.23,122.79,152.23,149.21,117.77,149.21
117.43,122.53,152.57,122.53,152.57,149.47,117.43,149.47
117.07,122.26,152.93,122.26,152.93,149.74,117.07,149.74
117.07,122.26,152.93,122.26,152.93,149.74,117.07,149.74
117.43,122.53,152.57,122.53,152.57,149.47,117.43,149.47
117.43,122.53,152.57,122.53,152.57,149.47,117.43,149.47
117.77,122.79,152.23,122.79,152.23,149.21,117.77,149.21
117.77,122.79,152.23,122.79,152.23,149.21,117.77,149.21
117.77,122.79,152.23,122.79,152.23,149.21,117.77,149.21
117.77,122.79,152.23,122.79,152.23,149.21,117.77,149.21
117.77,122.79,152.23,122.79,152.23,149.21,117.77,149.21
117.77,122.79,152.23,122.79,152.23,149.21,117.77,149.21
117.77,122.79,152.23,122.79,152.23,149.21,117.77,149.21
122.77,122.79,157.23,122.79,157.23,149.21,122.77,149.21
122.77,122.79,157.23,122.79,157.23,149.21,122.77,149.21
122.77,122.79,157.23,122.79,157.23,149.21,122.77,149.21
122.77,122.79,157.23,122.79,157.23,149.21,122.77,149.21
122.77,122.79,157.23,122.79,157.23,149.21,122.77,149.21
122.77,122.79,157.23,122.79,157.23,149.21,122.77,149.21
123.11,123.05,156.89,123.05,156.89,148.95,123.11,148.95
123.11,123.05,156.89,123.05,156.89,148.95,123.11,148.95
123.11,123.05,156.89,123.05,156.89,148.95,123.11,148.95
127.44,123.30,160.56,123.30,160.56,148.70,127.44,148.70
127.44,123.30,160.56,123.30,160.56,148.70,127.44,148.70
127.44,123.30,160.56,123.30,160.56,148.70,127.44,148.70
127.44,123.30,160.56,123.30,160.56,148.70,127.44,148.70
127.76,123.55,160.24,123.55,160.24,148.45,127.76,148.45
127.76,123.55,160.24,123.55,160.24,148.45,127.76,148.45
127.76,123.55,160.24,123.55,160.24,148.45,127.76,148.45
132.08,123.80,163.92,123.80,163.92,148.20,132.08,148.20
132.08,123.80,163.92,123.80,163.92,148.20,132.08,148.20
132.08,123.80,163.92,123.80,163.92,148.20,132.08,148.20
131.76,123.55,164.24,123.55,164.24,148.45,131.76,148.45
131.44,123.30,164.56,123.30,164.56,148.70,131.44,148.70
131.76,123.55,164.24,123.55,164.24,148.45,131.76,148.45
135.76,123.55,168.24,123.55,168.24,148.45,135.76,148.45
136.08,123.80,167.92,123.80,167.92,148.20,136.08,148.20
136.08,119.80,167.92,119.80,167.92,144.20,136.08,144.20
136.08,119.80,167.92,119.80,167.92,144.20,136.08,144.20
136.08,119.80,167.92,119.80,167.92,144.20,136.08,144.20
136.08,119.80,167.92,119.80,167.92,144.20,136.08,144.20
136.08,119.80,167.92,119.80,167.92,144.20,136.08,144.20
140.39,120.04,171.61,120.04,171.61,143.96,140.39,143.96
140.39,120.04,171.61,120.04,171.61,143.96,140.39,143.96
140.39,120.04,171.61,120.04,171.61,143.96,140.39,143.96
140.39,120.04,171.61,120.04,171.61,143.96,140.39,143.96
140.08,119.80,171.92,119.80,171.92,144.20,140.08,144.20
139.76,119.55,172.24,119.55,172.24,144.45,139.76,144.45
139.76,119.55,172.24,119.55,172.24,144.45,139.76,144.45
139.76,119.55,172.24,119.55,172.24,144.45,139.76,144.45
143.76,119.55,176.24,119.55,176.24,144.45,143.76,144.45
143.76,119.55,176.24,119.55,176.24,144.45,143.76,144.45
144.08,119.80,175.92,119.80,175.92,144.20,144.08,144.20
144.08,119.80,175.92,119.80,175.92,144.20,144.08,144.20
144.08,119.80,175.92,119.80,175.92,144.20,144.08,144.20
144.08,119.80,175.92,119.80,175.92,144.20,144.08,144.20
144.08,119.80,175.92,119.80,175.92,144.20,144.08,144.20
144.08,119.80,175.92,119.80,175.92,144.20,144.08,144.20
144.08,119.80,175.92,119.80,175.92,144.20,144.08,144.20
144.39,120.04,175.61,120.04,175.61,143.96,144.39,143.96
148.70,120.27,179.30,120.27,179.30,143.73,148.70,143.73
149.00,120.50,179.00,120.50,179.00,143.50,149.00,143.50
149.00,120.50,179.00,120.50,179.00,143.50,149.00,143.50
149.00,120.50,179.00,120.50,179.00,143.50,149.00,143.50
149.00,120.50,179.00,120.50,179.00,143.50,149.00,143.50
149.00,120.50,179.00,120.50,179.00,143.50,149.00,143.50
149.00,120.50,179.00,120.50,179.00,143.50,149.00,143.50
149.00,120.50,179.00,120.50,179.00,143.50,149.00,143.50
148.70,120.27,179.30,120.27,179.30,143.73,148.70,143.73
149.00,120.50,179.00,120.50,179.00,143.50,149.00,143.50
149.00,120.50,179.00,120.50,179.00,143.50,149.00,143.50
149.00,120.50,179.00,120.50,179.00,143.50,149.00,143.50
148.70,120.27,179.30,120.27,179.30,143.73,148.70,143.73
148.70,120.27,179.30,120.27,179.30,143.73,148.70,143.73
148.39,124.04,179.61,124.04,179.61,147.96,148.39,147.96
148.39,124.04,179.61,124.04,179.61,147.96,148.39,147.96
148.39,124.04,179.61,124.04,179.61,147.96,148.39,147.96
148.70,124.27,179.30,124.27,179.30,147.73,148.70,147.73
148.70,124.27,179.30,124.27,179.30,147.73,148.70,147.73
148.70,124.27,179.30,124.27,179.30,147.73,148.70,147.73
148.70,124.27,179.30,124.27,179.30,147.73,148.70,147.73
148.70,124.27,179.30,124.27,179.30,147.73,148.70,147.73
148.70,124.27,179.30,124.27,179.30,147.73,148.70,147.73
149.00,124.50,179.00,124.50,179.00,147.50,149.00,147.50
149.00,124.50,179.00,124.50,179.00,147.50,149.00,147.50
149.00,124.50,179.00,124.50,179.00,147.50,149.00,147.50
148.70,124.27,179.30,124.27,179.30,147.73,148.70,147.73
148.70,120.27,179.30,120.27,179.30,143.73,148.70,143.73
149.00,120.50,179.00,120.50,179.00,143.50,149.00,143.50
145.00,120.50,175.00,120.50,175.00,143.50,145.00,143.50
145.00,120.50,175.00,120.50,175.00,143.50,145.00,143.50
145.29,120.73,174.71,120.73,174.71,143.27,145.29,143.27
145.29,120.73,174.71,120.73,174.71,143.27,145.29,143.27
145.29,120.73,174.71,120.73,174.71,143.27,145.29,143.27
145.29,120.73,174.71,120.73,174.71,143.27,145.29,143.27
145.29,120.73,174.71,120.73,174.71,143.27,145.29,143.27
140.70,120.27,171.30,120.27,171.30,143.73,140.70,143.73
140.39,120.04,171.61,120.04,171.61,143.96,140.39,143.96
140.70,120.27,171.30,120.27,171.30,143.73,140.70,143.73
141.00,120.50,171.00,120.50,171.00,143.50,141.00,143.50
141.00,124.50,171.00,124.50,171.00,147.50,141.00,147.50
140.70,124.27,171.30,124.27,171.30,147.73,140.70,147.73
136.39,124.04,167.61,124.04,167.61,147.96,136.39,147.96
136.08,123.80,167.92,123.80,167.92,148.20,136.08,148.20
136.08,123.80,167.92,123.80,167.92,148.20,136.08,148.20
136.08,123.80,167.92,123.80,167.92,148.20,136.08,148.20
132.08,123.80,163.92,123.80,163.92,148.20,132.08,148.20
132.39,124.04,163.61,124.04,163.61,147.96,132.39,147.96
132.39,128.04,163.61,128.04,163.61,151.96,132.39,151.96
132.39,128.04,163.61,128.04,163.61,151.96,132.39,151.96
128.08,127.80,159.92,127.80,159.92,152.20,128.08,152.20
128.39,128.04,159.61,128.04,159.61,151.96,128.39,151.96
128.08,127.80,159.92,127.80,159.92,152.20,128.08,152.20
128.08,127.80,159.92,127.80,159.92,152.20,128.08,152.20
124.08,127.80,155.92,127.80,155.92,152.20,124.08,152.20
124.08,127.80,155.92,127.80,155.92,152.20,124.08,152.20
124.08,127.80,155.92,127.80,155.92,152.20,124.08,152.20
119.76,127.55,152.24,127.55,152.24,152.45,119.76,152.45
119.76,127.55,152.24,127.55,152.24,152.45,119.76,152.45
119.76,127.55,152.24,127.55,152.24,152.45,119.76,152.45
119.44,127.30,152.56,127.30,152.56,152.70,119.44,152.70
115.76,127.55,148.24,127.55,148.24,152.45,115.76,152.45
115.76,127.55,148.24,127.55,148.24,152.45,115.76,152.45
115.76,127.55,148.24,127.55,148.24,152.45,115.76,152.45
115.44,127.30,148.56,127.30,148.56,152.70,115.44,152.70
111.44,127.30,144.56,127.30,144.56,152.70,111.44,152.70
111.44,127.30,144.56,127.30,144.56,152.70,111.44,152.70
111.44,127.30,144.56,127.30,144.56,152.70,111.44,152.70
107.44,127.30,140.56,127.30,140.56,152.70,107.44,152.70
107.11,127.05,140.89,127.05,140.89,152.95,107.11,152.95
107.11,127.05,140.89,127.05,140.89,152.95,107.11,152.95
101.77,126.79,136.23,126.79,136.23,153.21,101.77,153.21
101.77,126.79,136.23,126.79,136.23,153.21,101.77,153.21
101.77,126.79,136.23,126.79,136.23,153.21,101.77,153.21
102.11,127.05,135.89,127.05,135.89,152.95,102.11,152.95
102.11,127.05,135.89,127.05,135.89,152.95,102.11,152.95
97.11,127.05,130.89,127.05,130.89,152.95,97.11,152.95
97.11,127.05,130.89,127.05,130.89,152.95,97.11,152.95
97.11,127.05,130.89,127.05,130.89,152.95,97.11,152.95
92.11,127.05,125.89,127.05,125.89,152.95,92.11,152.95
92.11,127.05,125.89,127.05,125.89,152.95,92.11,152.95
92.11,127.05,125.89,127.05,125.89,152.95,92.11,152.95
92.11,127.05,125.89,127.05,125.89,152.95,92.11,152.95
87.11,127.05,120.89,127.05,120.89,152.95,87.11,152.95
87.11,127.05,120.89,127.05,120.89,152.95,87.11,152.95
86.77,126.79,121.23,126.79,121.23,153.21,86.77,153.21
86.77,126.79,121.23,126.79,121.23,153.21,86.77,153.21
81.43,126.53,116.57,126.53,116.57,153.47,81.43,153.47
81.43,126.53,116.57,126.53,116.57,153.47,81.43,153.47
81.43,126.53,116.57,126.53,116.57,153.47,81.43,153.47
81.07,126.26,116.93,126.26,116.93,153.74,81.07,153.74
76.07,126.26,111.93,126.26,111.93,153.74,76.07,153.74
76.07,126.26,111.93,126.26,111.93,153.74,76.07,153.74
75.35,125.70,112.65,125.70,112.65,154.30,75.35,154.30
75.35,125.70,112.65,125.70,112.65,154.30,75.35,154.30
69.60,125.12,108.40,125.12,108.40,154.88,69.60,154.88
