1
239.203995,158.906174,115.900002,112.680000
230.314774,170.335175,115.900002,112.680000
213.171280,187.478668,115.900002,112.680000
206.821838,197.002838,115.900002,112.680000
213.171280,195.098007,115.900002,112.680000
212.536331,185.573837,115.900002,112.680000
208.726669,185.573837,115.900002,112.680000
174.439667,208.431839,115.900002,112.680000
140.152664,238.274216,115.900002,112.680000
206.821838,243.988724,115.900002,112.680000
237.299164,214.146332,115.900002,112.680000
220.155670,197.002838,115.900002,112.680000
212.536331,189.383499,115.900002,112.680000
201.107330,189.383499,115.900002,112.680000
187.773499,197.002838,115.900002,112.680000
185.868668,204.622162,115.900002,112.680000
198.567551,200.812500,115.900002,112.680000
213.171280,172.874939,115.900002,112.680000
207.456772,142.397614,115.900002,112.680000
193.488007,132.238495,115.900002,112.680000
193.488007,151.286835,115.900002,112.680000
220.155670,181.764160,115.900002,112.680000
248.728165,216.051163,115.900002,112.680000
265.871674,229.384995,115.900002,112.680000
251.902893,231.289825,115.900002,112.680000
237.299164,235.734451,115.900002,112.680000
231.584671,238.909164,115.900002,112.680000
223.965332,229.384995,115.900002,112.680000
218.885773,216.051163,115.900002,112.680000
219.520721,204.622162,115.900002,112.680000
225.870163,197.002838,115.900002,112.680000
236.029282,185.573837,115.900002,112.680000
232.219604,165.255615,115.900002,112.680000
219.520721,144.302444,115.900002,112.680000
214.441162,124.619164,115.900002,112.680000
221.425552,109.380501,115.900002,112.680000
239.203995,116.999832,115.900002,112.680000
246.823334,120.809502,115.900002,112.680000
248.093216,132.238495,115.900002,112.680000
258.887268,166.525497,115.900002,112.680000
260.157166,204.622162,115.900002,112.680000
267.141571,219.860840,115.900002,112.680000
269.681335,223.670502,115.900002,112.680000
265.236725,221.765671,115.900002,112.680000
260.157166,209.701721,115.900002,112.680000
258.252319,202.082382,115.900002,112.680000
260.792114,188.748550,115.900002,112.680000
264.601776,158.271225,115.900002,112.680000
264.601776,152.556717,115.900002,112.680000
265.236725,168.430328,115.900002,112.680000
259.522217,172.240005,115.900002,112.680000
258.252319,168.430328,115.900002,112.680000
262.062012,168.430328,115.900002,112.680000
267.141571,175.414719,115.900002,112.680000
276.030792,186.843719,115.900002,112.680000
276.030792,198.907669,115.900002,112.680000
251.902893,200.812500,115.900002,112.680000
215.711060,200.177551,115.900002,112.680000
194.757889,197.002838,115.900002,112.680000
198.567551,196.367889,115.900002,112.680000
220.790604,198.272720,115.900002,112.680000
257.617401,200.812500,115.900002,112.680000
294.444153,202.082382,115.900002,112.680000
323.016663,206.526993,115.900002,112.680000
321.746765,209.701721,115.900002,112.680000
305.873169,199.542618,115.900002,112.680000
281.110321,177.954498,115.900002,112.680000
250.632996,155.096497,115.900002,112.680000
235.394333,147.477173,115.900002,112.680000
234.124451,158.906174,115.900002,112.680000
241.743774,174.144836,115.900002,112.680000
248.728165,189.383499,115.900002,112.680000
259.522217,200.812500,115.900002,112.680000
285.554932,212.241501,115.900002,112.680000
303.333374,219.860840,115.900002,112.680000
300.158661,231.289825,115.900002,112.680000
291.904388,238.909164,115.900002,112.680000
277.300659,235.099503,115.900002,112.680000
248.728165,223.670502,115.900002,112.680000
221.425552,216.051163,115.900002,112.680000
208.091721,216.686111,115.900002,112.680000
205.551941,223.670502,115.900002,112.680000
213.171280,219.860840,115.900002,112.680000
230.314774,199.542618,115.900002,112.680000
244.283554,172.240005,115.900002,112.680000
260.157166,144.302444,115.900002,112.680000
286.824829,132.238495,115.900002,112.680000
311.587677,132.238495,115.900002,112.680000
321.111847,143.667496,115.900002,112.680000
321.111847,158.906174,115.900002,112.680000
308.412933,170.335175,115.900002,112.680000
286.824829,181.764160,115.900002,112.680000
260.792114,199.542618,115.900002,112.680000
244.918503,216.051163,115.900002,112.680000
227.774994,216.051163,115.900002,112.680000
214.441162,203.987228,115.900002,112.680000
204.917007,193.828110,115.900002,112.680000
200.472382,193.193161,115.900002,112.680000
207.456772,185.573837,115.900002,112.680000
225.870163,166.525497,115.900002,112.680000
238.569061,155.096497,115.900002,112.680000
250.632996,160.176056,115.900002,112.680000
265.236725,176.684616,115.900002,112.680000
284.920013,202.717331,115.900002,112.680000
300.158661,212.241501,115.900002,112.680000
279.840454,195.732941,115.900002,112.680000
242.378723,181.764160,115.900002,112.680000
197.932617,185.573837,115.900002,112.680000
172.534836,199.542618,115.900002,112.680000
159.201004,219.860840,115.900002,112.680000
159.201004,227.480164,115.900002,112.680000
170.630005,210.336670,115.900002,112.680000
194.122940,181.764160,115.900002,112.680000
218.885773,162.715836,115.900002,112.680000
227.774994,165.255615,115.900002,112.680000
223.330383,183.034058,115.900002,112.680000
220.155670,195.732941,115.900002,112.680000
218.250839,193.193161,115.900002,112.680000
223.965332,184.303940,115.900002,112.680000
231.584671,185.573837,115.900002,112.680000
232.854553,196.367889,115.900002,112.680000
218.885773,208.431839,115.900002,112.680000
201.107330,212.241501,115.900002,112.680000
195.392838,197.002838,115.900002,112.680000
193.488007,181.764160,115.900002,112.680000
189.678329,177.954498,115.900002,112.680000
190.948227,191.923279,115.900002,112.680000
199.837448,217.955994,115.900002,112.680000
199.837448,242.718826,115.900002,112.680000
192.853058,238.909164,115.900002,112.680000
192.218109,212.241501,115.900002,112.680000
195.392838,189.383499,115.900002,112.680000
182.693939,170.335175,115.900002,112.680000
165.550446,162.715836,115.900002,112.680000
157.296173,172.874939,115.900002,112.680000
163.010666,185.573837,115.900002,112.680000
176.979446,193.193161,115.900002,112.680000
195.392838,193.193161,115.900002,112.680000
216.345993,197.637772,115.900002,112.680000
241.108826,212.241501,115.900002,112.680000
267.141571,226.210281,115.900002,112.680000
291.269440,231.289825,115.900002,112.680000
273.490997,224.940384,115.900002,112.680000
231.584671,214.781281,115.900002,112.680000
189.678329,207.796890,115.900002,112.680000
159.835938,204.622162,115.900002,112.680000
127.453781,212.241501,115.900002,112.680000
100.786110,212.241501,115.900002,112.680000
108.405441,202.082382,115.900002,112.680000
150.311783,186.843719,115.900002,112.680000
205.551941,181.764160,115.900002,112.680000
222.695450,174.144836,115.900002,112.680000
222.695450,177.954498,115.900002,112.680000
227.774994,186.843719,115.900002,112.680000
235.394333,200.812500,115.900002,112.680000
220.155670,207.796890,115.900002,112.680000
187.773499,208.431839,115.900002,112.680000
165.550446,212.241501,115.900002,112.680000
169.360107,212.241501,115.900002,112.680000
199.202499,208.431839,115.900002,112.680000
249.363113,202.717331,115.900002,112.680000
269.681335,203.352280,115.900002,112.680000
262.062012,204.622162,115.900002,112.680000
252.537827,193.193161,115.900002,112.680000
246.188385,185.573837,115.900002,112.680000
241.743774,181.764160,115.900002,112.680000
246.823334,174.144836,115.900002,112.680000
260.157166,181.764160,115.900002,112.680000
269.681335,189.383499,115.900002,112.680000
257.617401,193.193161,115.900002,112.680000
233.489502,198.272720,115.900002,112.680000
201.107330,217.955994,115.900002,112.680000
181.424057,231.289825,115.900002,112.680000
170.630005,236.369385,115.900002,112.680000
175.074615,235.099503,115.900002,112.680000
196.027771,227.480164,115.900002,112.680000
204.282059,223.670502,115.900002,112.680000
185.868668,219.860840,115.900002,112.680000
169.360107,216.051163,115.900002,112.680000
166.820328,210.971603,115.900002,112.680000
185.868668,207.161942,115.900002,112.680000
225.870163,200.812500,115.900002,112.680000
270.316284,189.383499,115.900002,112.680000
270.316284,183.669006,115.900002,112.680000
233.489502,178.589447,115.900002,112.680000
203.647110,170.335175,115.900002,112.680000
189.678329,168.430328,115.900002,112.680000
174.439667,173.509888,115.900002,112.680000
163.010666,175.414719,115.900002,112.680000
166.185394,177.954498,115.900002,112.680000
193.488007,181.129227,115.900002,112.680000
253.807724,183.669006,115.900002,112.680000
287.459778,181.764160,115.900002,112.680000
286.189880,177.954498,115.900002,112.680000
268.411438,181.764160,115.900002,112.680000
248.728165,186.208771,115.900002,112.680000
226.505112,197.002838,115.900002,112.680000
199.202499,201.447449,115.900002,112.680000
162.375717,189.383499,115.900002,112.680000
136.343002,175.414719,115.900002,112.680000
135.708054,174.144836,115.900002,112.680000
151.581665,174.144836,115.900002,112.680000
179.519226,181.764160,115.900002,112.680000
189.678329,181.764160,115.900002,112.680000
184.598785,177.954498,115.900002,112.680000
191.583160,166.525497,115.900002,112.680000
200.472382,158.906174,115.900002,112.680000
208.726669,158.906174,115.900002,112.680000
210.631500,170.335175,115.900002,112.680000
203.012161,181.129227,115.900002,112.680000
195.392838,195.732941,115.900002,112.680000
200.472382,217.321060,115.900002,112.680000
216.345993,235.099503,115.900002,112.680000
202.377228,238.909164,115.900002,112.680000
182.059006,227.480164,115.900002,112.680000
173.169785,200.812500,115.900002,112.680000
173.169785,165.255615,115.900002,112.680000
185.868668,147.477173,115.900002,112.680000
196.662720,147.477173,115.900002,112.680000
208.726669,159.541107,115.900002,112.680000
231.584671,174.144836,115.900002,112.680000
239.203995,174.779785,115.900002,112.680000
229.044891,174.144836,115.900002,112.680000
206.821838,181.764160,115.900002,112.680000
185.868668,189.383499,115.900002,112.680000
178.249329,200.812500,115.900002,112.680000
184.598785,204.622162,115.900002,112.680000
178.884277,197.002838,115.900002,112.680000
176.344498,176.049667,115.900002,112.680000
194.757889,155.096497,115.900002,112.680000
223.965332,151.286835,115.900002,112.680000
260.792114,157.001328,115.900002,112.680000
285.554932,175.414719,115.900002,112.680000
295.079102,197.002838,115.900002,112.680000
288.729675,208.431839,115.900002,112.680000
292.539337,211.606552,115.900002,112.680000
296.348999,208.431839,115.900002,112.680000
285.554932,212.241501,115.900002,112.680000
258.887268,216.051163,115.900002,112.680000
234.124451,216.051163,115.900002,112.680000
226.505112,223.670502,115.900002,112.680000
213.806229,228.750061,115.900002,112.680000
201.742279,219.860840,115.900002,112.680000
203.647110,204.622162,115.900002,112.680000
208.726669,195.098007,115.900002,112.680000
216.345993,190.018448,115.900002,112.680000
230.314774,189.383499,115.900002,112.680000
246.188385,181.764160,115.900002,112.680000
252.537827,166.525497,115.900002,112.680000
256.982452,155.096497,115.900002,112.680000
262.062012,171.605057,115.900002,112.680000
274.760895,207.161942,115.900002,112.680000
279.840454,235.099503,115.900002,112.680000
256.347504,243.353775,115.900002,112.680000
243.013672,222.400604,115.900002,112.680000
239.838943,184.303940,115.900002,112.680000
234.759384,155.096497,115.900002,112.680000
230.314774,145.572327,115.900002,112.680000
216.980942,151.286835,115.900002,112.680000
201.107330,158.906174,115.900002,112.680000
210.631500,156.366394,115.900002,112.680000
239.203995,147.477173,115.900002,112.680000
260.792114,132.873444,115.900002,112.680000
270.951233,128.428833,115.900002,112.680000
273.490997,144.937393,115.900002,112.680000
253.807724,162.715836,115.900002,112.680000
237.299164,174.144836,115.900002,112.680000
230.314774,174.144836,115.900002,112.680000
233.489502,174.144836,115.900002,112.680000
241.108826,174.779785,115.900002,112.680000
230.949722,186.843719,115.900002,112.680000
205.551941,197.002838,115.900002,112.680000
196.027771,198.907669,115.900002,112.680000
206.186890,189.383499,115.900002,112.680000
224.600281,174.144836,115.900002,112.680000
233.489502,170.335175,115.900002,112.680000
234.124451,180.494278,115.900002,112.680000
232.854553,188.748550,115.900002,112.680000
231.584671,191.923279,115.900002,112.680000
222.695450,197.002838,115.900002,112.680000
206.821838,208.431839,115.900002,112.680000
202.377228,221.765671,115.900002,112.680000
212.536331,224.305450,115.900002,112.680000
215.076111,219.860840,115.900002,112.680000
210.631500,214.146332,115.900002,112.680000
207.456772,210.336670,115.900002,112.680000
217.615891,200.812500,115.900002,112.680000
243.648605,176.684616,115.900002,112.680000
269.681335,151.286835,115.900002,112.680000
272.221100,147.477173,115.900002,112.680000
275.395844,156.366394,115.900002,112.680000
265.236725,181.764160,115.900002,112.680000
259.522217,204.622162,115.900002,112.680000
254.442673,216.051163,115.900002,112.680000
232.854553,213.511383,115.900002,112.680000
211.901382,216.051163,115.900002,112.680000
208.726669,225.575333,115.900002,112.680000
220.155670,235.099503,115.900002,112.680000
229.679840,231.289825,115.900002,112.680000
229.679840,215.416229,115.900002,112.680000
233.489502,197.002838,115.900002,112.680000
248.093216,197.002838,115.900002,112.680000
278.570557,200.812500,115.900002,112.680000
294.444153,197.637772,115.900002,112.680000
286.824829,191.288330,115.900002,112.680000
274.760895,189.383499,115.900002,112.680000
263.331879,200.812500,115.900002,112.680000
258.887268,216.051163,115.900002,112.680000
249.363113,227.480164,115.900002,112.680000
246.823334,229.384995,115.900002,112.680000
256.347504,223.670502,115.900002,112.680000
258.887268,216.051163,115.900002,112.680000
253.807724,206.526993,115.900002,112.680000
248.728165,199.542618,115.900002,112.680000
249.998062,195.098007,115.900002,112.680000
252.537827,192.558228,115.900002,112.680000
260.157166,185.573837,115.900002,112.680000
260.792114,177.954498,115.900002,112.680000
262.696930,185.573837,115.900002,112.680000
269.046387,200.812500,115.900002,112.680000
278.570557,212.241501,115.900002,112.680000
283.015167,217.321060,115.900002,112.680000
267.776489,218.590942,115.900002,112.680000
239.838943,223.670502,115.900002,112.680000
214.441162,223.670502,115.900002,112.680000
201.107330,210.336670,115.900002,112.680000
190.948227,184.303940,115.900002,112.680000
195.392838,158.906174,115.900002,112.680000
203.012161,151.286835,115.900002,112.680000
213.806229,158.906174,115.900002,112.680000
230.949722,168.430328,115.900002,112.680000
238.569061,170.335175,115.900002,112.680000
244.918503,174.144836,115.900002,112.680000
253.172775,191.923279,115.900002,112.680000
270.951233,217.955994,115.900002,112.680000
283.650116,237.004333,115.900002,112.680000
273.490997,231.289825,115.900002,112.680000
265.236725,204.622162,115.900002,112.680000
256.347504,189.383499,115.900002,112.680000
236.029282,181.764160,115.900002,112.680000
213.806229,187.478668,115.900002,112.680000
207.456772,204.622162,115.900002,112.680000
217.615891,216.051163,115.900002,112.680000
236.029282,214.146332,115.900002,112.680000
255.077606,216.051163,115.900002,112.680000
265.236725,219.860840,115.900002,112.680000
266.506622,228.115112,115.900002,112.680000
263.331879,242.718826,115.900002,112.680000
263.966827,246.528503,115.900002,112.680000
263.966827,242.718826,115.900002,112.680000
265.236725,238.909164,115.900002,112.680000
266.506622,227.480164,115.900002,112.680000
267.776489,219.860840,115.900002,112.680000
263.966827,219.860840,115.900002,112.680000
253.807724,227.480164,115.900002,112.680000
245.553452,227.480164,115.900002,112.680000
241.743774,219.860840,115.900002,112.680000
242.378723,208.431839,115.900002,112.680000
239.838943,204.622162,115.900002,112.680000
234.759384,208.431839,115.900002,112.680000
238.569061,212.241501,115.900002,112.680000
252.537827,214.146332,115.900002,112.680000
269.046387,207.161942,115.900002,112.680000
283.015167,192.558228,115.900002,112.680000
281.745270,180.494278,115.900002,112.680000
279.840454,177.954498,115.900002,112.680000
274.125946,185.573837,115.900002,112.680000
270.316284,193.193161,115.900002,112.680000
250.632996,197.002838,115.900002,112.680000
225.870163,189.383499,115.900002,112.680000
216.345993,179.859329,115.900002,112.680000
211.901382,185.573837,115.900002,112.680000
212.536331,207.161942,115.900002,112.680000
230.949722,246.528503,115.900002,112.680000
265.871674,265.576843,115.900002,112.680000
288.729675,249.068283,115.900002,112.680000
305.238220,227.480164,115.900002,112.680000
302.063507,216.051163,115.900002,112.680000
284.920013,208.431839,115.900002,112.680000
265.236725,216.051163,115.900002,112.680000
235.394333,226.210281,115.900002,112.680000
213.171280,224.305450,115.900002,112.680000
231.584671,221.765671,115.900002,112.680000
272.856049,223.670502,115.900002,112.680000
302.063507,223.035553,115.900002,112.680000
319.841949,216.051163,115.900002,112.680000
328.731171,216.051163,115.900002,112.680000
334.445679,223.670502,115.900002,112.680000
338.255341,222.400604,115.900002,112.680000
338.890289,216.051163,115.900002,112.680000
330.635986,219.860840,115.900002,112.680000
305.238220,235.099503,115.900002,112.680000
286.824829,248.433334,115.900002,112.680000
285.554932,240.813995,115.900002,112.680000
296.983948,229.384995,115.900002,112.680000
303.968323,225.575333,115.900002,112.680000
313.492493,235.099503,115.900002,112.680000
335.080597,244.623672,115.900002,112.680000
342.699951,235.099503,115.900002,112.680000
324.921509,208.431839,115.900002,112.680000
288.729675,171.605057,115.900002,112.680000
272.856049,147.477173,115.900002,112.680000
271.586182,155.731445,115.900002,112.680000
267.776489,174.144836,115.900002,112.680000
258.252319,195.732941,115.900002,112.680000
236.664215,216.051163,115.900002,112.680000
218.250839,225.575333,115.900002,112.680000
208.091721,228.750061,115.900002,112.680000
208.726669,229.384995,115.900002,112.680000
219.520721,233.194672,115.900002,112.680000
235.394333,222.400604,115.900002,112.680000
237.299164,191.923279,115.900002,112.680000
224.600281,164.620667,115.900002,112.680000
222.695450,157.001328,115.900002,112.680000
218.250839,163.350784,115.900002,112.680000
199.202499,177.954498,115.900002,112.680000
183.328888,190.653397,115.900002,112.680000
178.249329,193.193161,115.900002,112.680000
173.804718,197.002838,115.900002,112.680000
168.090225,212.241501,115.900002,112.680000
169.995056,221.130722,115.900002,112.680000
192.218109,221.130722,115.900002,112.680000
223.965332,216.051163,115.900002,112.680000
256.982452,208.431839,115.900002,112.680000
279.205505,200.812500,115.900002,112.680000
296.983948,208.431839,115.900002,112.680000
299.523712,223.670502,115.900002,112.680000
269.681335,231.289825,115.900002,112.680000
223.965332,217.955994,115.900002,112.680000
196.027771,202.717331,115.900002,112.680000
175.074615,202.082382,115.900002,112.680000
166.185394,210.336670,115.900002,112.680000
190.948227,216.051163,115.900002,112.680000
220.155670,204.622162,115.900002,112.680000
234.759384,185.573837,115.900002,112.680000
248.728165,179.859329,115.900002,112.680000
270.951233,181.764160,115.900002,112.680000
305.873169,187.478668,115.900002,112.680000
321.111847,192.558228,115.900002,112.680000
312.857544,190.653397,115.900002,112.680000
283.015167,183.669006,115.900002,112.680000
243.013672,165.255615,115.900002,112.680000
222.695450,144.302444,115.900002,112.680000
234.759384,132.238495,115.900002,112.680000
265.236725,127.793892,115.900002,112.680000
283.650116,115.095001,115.900002,112.680000
290.634491,105.570831,115.900002,112.680000
289.999542,113.825111,115.900002,112.680000
288.729675,141.127716,115.900002,112.680000
292.539337,179.859329,115.900002,112.680000
295.079102,210.971603,115.900002,112.680000
294.444153,214.146332,115.900002,112.680000
290.634491,202.717331,115.900002,112.680000
283.015167,187.478668,115.900002,112.680000
279.205505,176.049667,115.900002,112.680000
276.665710,158.906174,115.900002,112.680000
274.760895,127.158943,115.900002,112.680000
275.395844,83.982719,115.900002,112.680000
289.999542,59.854832,115.900002,112.680000
309.682831,81.442947,115.900002,112.680000
320.476898,121.444443,115.900002,112.680000
312.222626,151.921783,115.900002,112.680000
294.444153,170.335175,115.900002,112.680000
280.475403,187.478668,115.900002,112.680000
270.316284,202.717331,115.900002,112.680000
262.062012,213.511383,115.900002,112.680000
256.982452,217.955994,115.900002,112.680000
260.157166,221.765671,115.900002,112.680000
269.681335,219.860840,115.900002,112.680000
277.300659,208.431839,115.900002,112.680000
283.015167,197.002838,115.900002,112.680000
296.983948,181.764160,115.900002,112.680000
303.333374,175.414719,115.900002,112.680000
309.047882,176.049667,115.900002,112.680000
317.937103,185.573837,115.900002,112.680000
321.111847,202.717331,115.900002,112.680000
307.143066,220.495773,115.900002,112.680000
285.554932,238.909164,115.900002,112.680000
262.696930,248.433334,115.900002,112.680000
252.537827,247.798386,115.900002,112.680000
245.553452,242.718826,115.900002,112.680000
229.679840,218.590942,115.900002,112.680000
227.140060,182.399109,115.900002,112.680000
248.093216,166.525497,115.900002,112.680000
267.776489,160.176056,115.900002,112.680000
279.840454,164.620667,115.900002,112.680000
293.809235,181.764160,115.900002,112.680000
310.317780,197.002838,115.900002,112.680000
325.556458,217.955994,115.900002,112.680000
334.445679,239.544113,115.900002,112.680000
332.540833,248.433334,115.900002,112.680000
312.857544,251.608063,115.900002,112.680000
272.856049,253.512894,115.900002,112.680000
229.679840,254.147827,115.900002,112.680000
204.282059,252.242996,115.900002,112.680000
199.837448,235.099503,115.900002,112.680000
209.996552,208.431839,115.900002,112.680000
211.901382,184.938889,115.900002,112.680000
225.235229,173.509888,115.900002,112.680000
248.093216,167.795395,115.900002,112.680000
280.475403,168.430328,115.900002,112.680000
298.253845,171.605057,115.900002,112.680000
305.873169,176.049667,115.900002,112.680000
309.682831,187.478668,115.900002,112.680000
313.492493,202.717331,115.900002,112.680000
301.428558,217.321060,115.900002,112.680000
258.887268,219.225891,115.900002,112.680000
213.171280,216.051163,115.900002,112.680000
180.789108,217.321060,115.900002,112.680000
169.360107,214.146332,115.900002,112.680000
179.519226,215.416229,115.900002,112.680000
210.631500,216.051163,115.900002,112.680000
240.473892,214.146332,115.900002,112.680000
244.283554,210.336670,115.900002,112.680000
260.792114,208.431839,115.900002,112.680000
316.667236,202.082382,115.900002,112.680000
356.033783,194.463058,115.900002,112.680000
319.841949,185.573837,115.900002,112.680000
251.267944,189.383499,115.900002,112.680000
182.693939,199.542618,115.900002,112.680000
150.946716,202.082382,115.900002,112.680000
149.676834,195.732941,115.900002,112.680000
180.789108,171.605057,115.900002,112.680000
208.091721,147.477173,115.900002,112.680000
208.726669,141.762665,115.900002,112.680000
206.821838,153.826614,115.900002,112.680000
216.980942,181.764160,115.900002,112.680000
223.330383,212.241501,115.900002,112.680000
220.790604,233.194672,115.900002,112.680000
226.505112,245.258606,115.900002,112.680000
236.664215,251.608063,115.900002,112.680000
222.060501,240.813995,115.900002,112.680000
208.726669,238.909164,115.900002,112.680000
207.456772,252.877945,115.900002,112.680000
234.759384,269.386505,115.900002,112.680000
261.427063,269.386505,115.900002,112.680000
257.617401,257.957489,115.900002,112.680000
256.347504,232.559723,115.900002,112.680000
265.871674,188.748550,115.900002,112.680000
252.537827,146.207275,115.900002,112.680000
241.108826,136.048172,115.900002,112.680000
223.965332,147.477173,115.900002,112.680000
212.536331,168.430328,115.900002,112.680000
208.726669,203.352280,115.900002,112.680000
210.631500,231.289825,115.900002,112.680000
220.155670,240.813995,115.900002,112.680000
228.409943,233.194672,115.900002,112.680000
233.489502,219.860840,115.900002,112.680000
232.854553,211.606552,115.900002,112.680000
244.918503,209.701721,115.900002,112.680000
267.776489,200.812500,115.900002,112.680000
263.966827,185.573837,115.900002,112.680000
255.712555,174.144836,115.900002,112.680000
267.141571,164.620667,115.900002,112.680000
278.570557,164.620667,115.900002,112.680000
277.300659,183.669006,115.900002,112.680000
265.871674,214.781281,115.900002,112.680000
256.347504,238.909164,115.900002,112.680000
269.046387,247.798386,115.900002,112.680000
273.490997,238.909164,115.900002,112.680000
260.792114,226.210281,115.900002,112.680000
258.252319,219.860840,115.900002,112.680000
260.792114,221.130722,115.900002,112.680000
259.522217,217.955994,115.900002,112.680000
250.632996,211.606552,115.900002,112.680000
244.918503,202.717331,115.900002,112.680000
242.378723,204.622162,115.900002,112.680000
236.029282,209.701721,115.900002,112.680000
224.600281,212.241501,115.900002,112.680000
224.600281,208.431839,115.900002,112.680000
248.728165,203.987228,115.900002,112.680000
271.586182,204.622162,115.900002,112.680000
260.792114,216.051163,115.900002,112.680000
241.743774,223.670502,115.900002,112.680000
239.838943,223.035553,115.900002,112.680000
247.458282,212.241501,115.900002,112.680000
255.077606,200.812500,115.900002,112.680000
254.442673,196.367889,115.900002,112.680000
256.982452,200.812500,115.900002,112.680000
266.506622,204.622162,115.900002,112.680000
264.601776,206.526993,115.900002,112.680000
256.982452,204.622162,115.900002,112.680000
257.617401,199.542618,115.900002,112.680000
259.522217,203.352280,115.900002,112.680000
262.696930,212.241501,115.900002,112.680000
255.077606,226.845215,115.900002,112.680000
251.267944,231.289825,115.900002,112.680000
256.982452,220.495773,115.900002,112.680000
270.316284,205.257111,115.900002,112.680000
269.046387,200.812500,115.900002,112.680000
258.887268,211.606552,115.900002,112.680000
251.902893,221.765671,115.900002,112.680000
251.267944,215.416229,115.900002,112.680000
252.537827,195.732941,115.900002,112.680000
257.617401,189.383499,115.900002,112.680000
258.887268,195.732941,115.900002,112.680000
258.887268,210.336670,115.900002,112.680000
253.807724,219.860840,115.900002,112.680000
248.728165,219.860840,115.900002,112.680000
251.267944,216.051163,115.900002,112.680000
255.077606,212.241501,115.900002,112.680000
245.553452,212.241501,115.900002,112.680000
237.299164,223.035553,115.900002,112.680000
236.029282,231.924774,115.900002,112.680000
236.029282,231.289825,115.900002,112.680000
239.838943,222.400604,115.900002,112.680000
236.029282,219.225891,115.900002,112.680000
232.219604,226.210281,115.900002,112.680000
234.124451,237.639282,115.900002,112.680000
237.299164,243.353775,115.900002,112.680000
239.838943,245.258606,115.900002,112.680000
236.664215,245.258606,115.900002,112.680000
234.124451,240.179062,115.900002,112.680000
226.505112,233.194672,115.900002,112.680000
224.600281,227.480164,115.900002,112.680000
225.870163,215.416229,115.900002,112.680000
227.140060,204.622162,115.900002,112.680000
226.505112,204.622162,115.900002,112.680000
228.409943,207.161942,115.900002,112.680000
232.219604,204.622162,115.900002,112.680000
236.029282,195.098007,115.900002,112.680000
239.203995,193.193161,115.900002,112.680000
238.569061,201.447449,115.900002,112.680000
239.838943,217.321060,115.900002,112.680000
243.648605,226.210281,115.900002,112.680000
239.203995,223.035553,115.900002,112.680000
241.743774,214.146332,115.900002,112.680000
251.267944,208.431839,115.900002,112.680000
252.537827,210.336670,115.900002,112.680000
249.363113,219.860840,115.900002,112.680000
239.838943,223.670502,115.900002,112.680000
237.934113,221.765671,115.900002,112.680000
239.838943,212.241501,115.900002,112.680000
238.569061,207.161942,115.900002,112.680000
224.600281,219.225891,115.900002,112.680000
222.695450,232.559723,115.900002,112.680000
222.695450,237.004333,115.900002,112.680000
233.489502,235.099503,115.900002,112.680000
255.712555,226.845215,115.900002,112.680000
266.506622,212.241501,115.900002,112.680000
245.553452,219.860840,115.900002,112.680000
232.219604,231.289825,115.900002,112.680000
243.648605,238.909164,115.900002,112.680000
270.316284,232.559723,115.900002,112.680000
256.982452,216.686111,115.900002,112.680000
239.838943,208.431839,115.900002,112.680000
228.409943,212.241501,115.900002,112.680000
224.600281,214.781281,115.900002,112.680000
228.409943,214.146332,115.900002,112.680000
228.409943,210.971603,115.900002,112.680000
222.060501,212.241501,115.900002,112.680000
220.790604,212.241501,115.900002,112.680000
225.870163,217.955994,115.900002,112.680000
228.409943,227.480164,115.900002,112.680000
236.029282,235.099503,115.900002,112.680000
279.205505,235.099503,115.900002,112.680000
300.158661,227.480164,115.900002,112.680000
263.966827,228.750061,115.900002,112.680000
222.060501,242.718826,115.900002,112.680000
206.186890,254.147827,115.900002,112.680000
210.631500,257.322571,115.900002,112.680000
233.489502,250.338165,115.900002,112.680000
244.918503,242.718826,115.900002,112.680000
230.314774,246.528503,115.900002,112.680000
214.441162,246.528503,115.900002,112.680000
206.186890,247.798386,115.900002,112.680000
208.726669,250.338165,115.900002,112.680000
227.774994,250.338165,115.900002,112.680000
234.759384,245.258606,115.900002,112.680000
233.489502,237.004333,115.900002,112.680000
224.600281,235.099503,115.900002,112.680000
225.235229,231.289825,115.900002,112.680000
236.029282,221.130722,115.900002,112.680000
237.299164,214.146332,115.900002,112.680000
235.394333,209.701721,115.900002,112.680000
235.394333,202.717331,115.900002,112.680000
238.569061,197.002838,115.900002,112.680000
239.203995,208.431839,115.900002,112.680000
229.044891,240.179062,115.900002,112.680000
219.520721,269.386505,115.900002,112.680000
219.520721,269.386505,115.900002,112.680000
225.235229,247.798386,115.900002,112.680000
234.759384,228.115112,115.900002,112.680000
242.378723,212.241501,115.900002,112.680000
244.918503,195.098007,115.900002,112.680000
238.569061,179.859329,115.900002,112.680000
236.029282,167.160446,115.900002,112.680000
238.569061,151.921783,115.900002,112.680000
244.283554,143.667496,115.900002,112.680000
247.458282,151.286835,115.900002,112.680000
254.442673,167.160446,115.900002,112.680000
256.982452,195.732941,115.900002,112.680000
262.062012,223.670502,115.900002,112.680000
265.236725,221.765671,115.900002,112.680000
261.427063,198.907669,115.900002,112.680000
264.601776,183.669006,115.900002,112.680000
274.760895,181.129227,115.900002,112.680000
297.618896,189.383499,115.900002,112.680000
308.412933,198.907669,115.900002,112.680000
295.079102,204.622162,115.900002,112.680000
285.554932,205.257111,115.900002,112.680000
284.285065,212.241501,115.900002,112.680000
283.015167,231.924774,115.900002,112.680000
290.634491,254.147827,115.900002,112.680000
303.968323,263.671997,115.900002,112.680000
288.094727,252.242996,115.900002,112.680000
281.745270,234.464554,115.900002,112.680000
278.570557,213.511383,115.900002,112.680000
278.570557,191.288330,115.900002,112.680000
276.030792,183.669006,115.900002,112.680000
276.665710,193.828110,115.900002,112.680000
280.475403,203.987228,115.900002,112.680000
296.348999,212.241501,115.900002,112.680000
298.253845,217.321060,115.900002,112.680000
294.444153,222.400604,115.900002,112.680000
287.459778,233.194672,115.900002,112.680000
284.920013,233.194672,115.900002,112.680000
283.015167,225.575333,115.900002,112.680000
282.380219,210.336670,115.900002,112.680000
284.285065,195.098007,115.900002,112.680000
286.824829,187.478668,115.900002,112.680000
286.824829,183.034058,115.900002,112.680000
289.364624,183.034058,115.900002,112.680000
295.714050,187.478668,115.900002,112.680000
308.412933,202.717331,115.900002,112.680000
320.476898,223.035553,115.900002,112.680000
291.904388,237.639282,115.900002,112.680000
260.792114,237.004333,115.900002,112.680000
243.648605,232.559723,115.900002,112.680000
226.505112,224.305450,115.900002,112.680000
218.885773,202.717331,115.900002,112.680000
223.330383,172.240005,115.900002,112.680000
227.140060,158.906174,115.900002,112.680000
248.728165,164.620667,115.900002,112.680000
265.871674,179.859329,115.900002,112.680000
269.681335,188.748550,115.900002,112.680000
273.490997,193.193161,115.900002,112.680000
278.570557,196.367889,115.900002,112.680000
281.745270,197.637772,115.900002,112.680000
285.554932,200.177551,115.900002,112.680000
281.745270,200.177551,115.900002,112.680000
