1
540.374084,261.599487,299.640015,339.100006
559.891113,302.407898,299.640015,339.100006
611.345154,337.893433,299.640015,339.100006
609.570862,391.121765,299.640015,339.100006
602.473755,417.735931,299.640015,339.100006
600.699524,419.510223,299.640015,339.100006
634.410767,414.187378,299.640015,339.100006
590.053833,424.833069,299.640015,339.100006
590.053833,414.187378,299.640015,339.100006
595.376648,426.607330,299.640015,339.100006
547.471191,408.864563,299.640015,339.100006
551.019714,417.735931,299.640015,339.100006
519.082703,410.638824,299.640015,339.100006
501.339935,414.187378,299.640015,339.100006
488.920013,398.218903,299.640015,339.100006
483.597168,399.993164,299.640015,339.100006
481.822876,403.541718,299.640015,339.100006
387.786163,399.993164,299.640015,339.100006
2
0
0
0
0
1
581.951477,121.588997,389.480011,385.059998
581.951477,121.588997,389.480011,385.059998
573.345520,115.134499,389.480011,385.059998
586.254517,108.680000,389.480011,385.059998
599.163513,104.376999,389.480011,385.059998
603.466492,108.680000,389.480011,385.059998
612.072510,104.376999,389.480011,385.059998
640.041992,91.468002,389.480011,385.059998
657.254028,95.771004,389.480011,385.059998
659.405518,85.013496,389.480011,385.059998
657.254028,80.710503,389.480011,385.059998
646.496521,85.013496,389.480011,385.059998
624.981506,82.862000,389.480011,385.059998
588.406006,59.195499,389.480011,385.059998
624.981506,39.832001,389.480011,385.059998
624.981506,20.468500,389.480011,385.059998
607.769470,7.559500,389.480011,385.059998
597.012024,-13.955500,389.480011,385.059998
603.466492,-31.167500,389.480011,385.059998
603.466492,-24.712999,389.480011,385.059998
597.012024,-20.410000,389.480011,385.059998
560.436523,33.377499,389.480011,385.059998
601.315002,61.347000,389.480011,385.059998
523.861023,158.164505,389.480011,385.059998
491.588501,227.012497,389.480011,385.059998
519.557983,239.921494,389.480011,385.059998
452.861511,336.739014,389.480011,385.059998
515.255005,313.072510,389.480011,385.059998
371.104492,351.799500,389.480011,385.059998
549.679016,351.799500,389.480011,385.059998
558.284973,366.859985,389.480011,385.059998
549.679016,379.769012,389.480011,385.059998
577.648499,377.617493,389.480011,385.059998
590.557495,347.496490,389.480011,385.059998
584.103027,298.011993,389.480011,385.059998
605.617981,237.770004,389.480011,385.059998
