1
64.40,94.90,76.24,310.31,140.55,306.77,128.70,91.36
74.85,89.52,79.97,308.06,139.77,306.66,134.66,88.12
75.62,85.44,82.19,308.84,147.16,306.93,140.59,83.53
68.86,88.57,87.01,311.59,148.05,306.62,129.90,83.60
68.54,89.33,85.91,311.73,150.97,306.65,133.60,84.25
69.03,91.18,88.21,314.37,149.43,309.11,130.25,85.92
72.18,96.45,92.82,317.97,168.33,310.93,147.69,89.42
79.93,95.70,94.84,316.72,167.42,311.82,152.51,90.80
69.95,95.16,78.09,316.04,167.35,312.75,159.21,91.87
70.26,90.31,80.19,312.25,172.73,308.11,162.80,86.17
74.57,90.80,81.33,312.17,174.02,309.34,167.26,87.97
92.50,93.49,77.43,307.20,165.05,313.38,180.12,99.66
95.20,122.14,81.23,305.71,164.18,312.02,178.14,128.45
92.56,123.18,83.88,309.63,167.12,313.51,175.80,127.05
99.79,121.99,86.33,309.33,165.74,315.03,179.20,127.69
108.34,120.92,85.40,303.42,164.32,313.34,187.26,130.84
97.99,127.98,98.34,309.97,184.90,309.81,184.55,127.81
101.65,123.87,100.86,308.87,185.48,309.23,186.26,124.23
106.63,125.61,101.14,306.80,183.79,309.31,189.27,128.12
107.27,125.55,106.07,307.98,193.33,308.56,194.54,126.13
114.10,125.97,103.10,305.59,188.33,310.80,199.33,131.19
115.93,123.58,104.36,304.46,183.14,309.50,194.71,128.62
119.33,125.97,107.84,304.86,181.23,309.57,192.72,130.68
128.38,124.22,109.62,301.56,180.78,309.09,199.54,131.74
120.49,127.25,120.01,313.76,192.92,313.95,193.40,127.43
126.17,125.26,118.21,306.08,193.74,309.40,201.69,128.58
129.62,126.70,118.99,305.91,191.08,310.19,201.72,130.98
130.51,125.48,124.09,309.51,207.67,312.43,214.10,128.39
133.59,123.35,126.70,305.28,204.35,308.22,211.25,126.30
146.68,123.26,126.07,302.72,199.82,311.19,220.43,131.73
148.23,122.49,129.63,297.50,203.88,305.40,222.49,130.39
150.73,122.16,131.84,297.61,207.98,305.80,226.86,130.35
152.73,123.04,135.53,298.49,212.43,306.03,229.63,130.58
156.34,121.71,133.17,304.06,206.58,313.38,229.74,131.03
153.35,123.70,143.57,308.84,219.09,312.82,228.86,127.69
159.16,122.46,144.72,297.80,217.53,303.79,231.97,128.45
155.89,125.75,151.66,307.64,226.89,309.38,231.12,127.50
147.82,121.81,161.04,302.77,241.20,296.92,227.99,115.95
153.98,132.00,161.50,308.58,241.05,305.19,233.53,128.61
161.59,126.04,162.60,308.80,231.24,308.42,230.22,125.65
167.68,126.45,163.52,298.86,231.30,300.49,235.46,128.08
171.98,127.46,161.81,279.01,235.92,283.99,246.09,132.44
159.63,134.13,170.77,283.63,247.43,277.92,236.29,128.42
165.20,132.12,171.00,274.73,240.96,271.89,235.16,129.28
172.43,131.44,171.97,273.00,241.13,273.23,241.60,131.66
170.17,130.46,173.11,271.88,245.35,270.38,242.41,128.96
176.56,131.50,176.92,266.93,244.04,266.76,243.69,131.33
186.58,127.48,174.12,266.83,243.04,273.00,255.50,133.64
178.78,129.52,173.70,265.96,247.13,268.69,252.21,132.25
179.76,129.29,173.75,264.69,251.39,268.14,257.41,132.74
174.40,128.18,171.07,264.66,255.27,266.72,258.60,130.24
171.15,132.76,174.99,268.59,260.49,266.17,256.64,130.34
204.72,122.99,159.93,261.45,236.77,286.30,281.55,147.84
181.66,116.66,147.28,252.99,247.72,278.32,282.09,141.99
212.39,110.38,124.13,259.52,216.90,314.43,305.16,165.29
204.58,109.95,123.17,261.42,220.02,313.48,301.44,162.00
206.56,126.40,195.03,244.24,258.28,250.44,269.81,132.59
194.27,133.63,202.86,244.40,266.50,239.46,257.91,128.70
196.91,131.44,193.00,244.44,265.06,246.93,268.97,133.93
195.04,133.30,197.27,242.77,271.63,241.26,269.40,131.79
190.97,135.63,196.24,241.21,266.73,237.69,261.46,132.12
193.78,135.12,202.49,241.39,270.25,235.83,261.54,129.56
208.14,130.37,200.35,241.52,269.01,246.33,276.80,135.18
213.22,131.77,203.67,241.64,272.43,247.62,281.98,137.75
198.73,137.46,207.67,244.30,272.98,238.84,264.04,131.99
223.55,126.55,204.09,241.43,275.18,253.48,294.64,138.59
213.25,133.27,210.07,239.41,276.06,241.39,279.25,135.25
219.05,129.71,210.16,235.95,274.61,241.34,283.51,135.11
211.62,134.56,208.95,239.11,273.90,240.77,276.58,136.22
217.04,137.41,213.08,236.88,277.97,239.47,281.93,140.00
207.46,128.95,217.78,240.68,290.85,233.93,280.53,122.20
211.66,128.87,219.91,236.74,288.70,231.47,280.45,123.61
207.41,116.72,218.85,239.92,292.46,233.08,281.01,109.88
212.96,118.08,221.85,238.79,288.67,233.88,279.79,113.17
233.51,107.74,224.82,232.79,281.97,236.76,290.66,111.71
232.55,108.56,224.80,235.80,281.97,239.28,289.72,112.04
232.60,118.52,230.30,237.15,293.20,238.37,295.50,119.75
230.14,118.55,229.70,239.46,297.32,239.71,297.77,118.80
232.97,118.48,225.69,243.82,294.73,247.83,302.01,122.49
235.67,112.40,226.53,243.80,299.40,248.86,308.53,117.46
238.47,114.97,225.66,246.26,299.35,253.45,312.16,122.16
240.47,121.18,225.94,246.10,298.26,254.52,312.80,129.59
224.52,133.26,234.10,278.67,316.31,273.25,306.73,127.84
212.36,136.17,226.27,284.66,319.42,275.93,305.51,127.45
210.58,137.94,227.46,292.81,322.07,282.49,305.18,127.62
207.37,141.92,242.99,290.60,334.97,268.56,299.34,119.88
205.94,138.58,251.84,288.67,338.63,262.13,292.73,112.04
186.90,164.44,239.56,290.82,344.83,246.96,292.16,120.57
188.96,124.85,322.78,124.85,322.78,258.67,188.96,258.67
173.83,117.15,313.37,117.15,313.37,256.69,173.83,256.69
161.99,108.46,314.63,108.46,314.63,261.10,161.99,261.10
349.23,167.80,205.31,81.18,131.96,203.05,275.87,289.67
256.17,126.96,229.48,280.05,299.23,292.21,325.93,139.13
253.25,129.34,235.34,283.52,306.20,291.75,324.10,137.57
255.04,128.20,238.71,281.81,308.42,289.22,324.74,135.61
262.61,127.77,233.94,278.44,303.27,291.63,331.94,140.96
266.54,123.33,232.19,279.75,299.25,294.48,333.60,138.06
270.53,126.84,233.49,279.65,297.25,295.10,334.29,142.30
272.43,126.85,227.86,304.33,292.37,320.53,336.93,143.05
275.70,124.78,225.14,300.38,290.22,319.12,340.77,143.52
277.29,127.20,227.44,301.17,293.07,319.97,342.92,146.00
274.57,130.44,234.57,300.70,322.91,321.46,362.92,151.19
278.93,128.17,229.42,301.35,313.69,325.44,363.21,152.27
281.22,123.54,238.12,287.17,326.35,310.40,369.45,146.78
281.90,123.95,239.66,276.37,332.96,302.22,375.20,149.81
282.52,124.93,236.58,265.71,337.10,298.50,383.04,157.73
282.45,123.91,233.33,267.12,333.62,301.52,382.75,158.31
282.52,122.18,237.39,268.17,336.32,298.75,381.44,152.76
284.70,122.92,241.70,269.31,336.59,297.18,379.58,150.79
284.48,125.47,239.09,269.07,336.48,299.86,381.87,156.26
280.76,128.77,249.68,275.47,344.08,295.47,375.15,148.76
282.79,126.18,247.48,268.95,341.03,292.09,376.34,149.32
283.19,129.01,252.75,270.91,343.01,290.27,373.45,148.37
281.73,132.43,253.64,271.08,337.05,287.98,365.14,149.33
281.69,132.23,256.10,268.27,341.01,284.24,366.60,148.20
288.15,127.53,245.12,265.26,328.76,291.40,371.80,153.67
286.13,123.26,245.04,294.79,353.89,320.87,394.98,149.34
284.67,122.95,233.98,288.87,345.53,322.94,396.21,157.02
284.17,123.05,234.65,290.04,343.81,322.41,393.33,155.41
255.78,122.31,266.70,301.42,388.65,293.99,377.73,114.87
249.93,127.23,270.00,298.98,393.41,284.55,373.34,112.81
258.12,129.31,400.70,129.31,400.70,271.89,258.12,271.89
258.64,125.87,394.09,125.87,394.09,261.31,258.64,261.31
256.45,117.78,407.07,117.78,407.07,268.40,256.45,268.40
255.91,107.94,410.54,107.94,410.54,262.58,255.91,262.58
258.00,110.22,408.29,110.22,408.29,260.50,258.00,260.50
253.21,96.70,410.65,96.70,410.65,254.14,253.21,254.14
241.53,94.65,408.38,94.65,408.38,261.50,241.53,261.50
231.96,106.08,269.38,264.83,398.32,234.43,360.89,75.69
230.77,101.67,388.09,101.67,388.09,258.99,230.77,258.99
233.53,98.31,392.35,98.31,392.35,257.12,233.53,257.12
234.43,98.99,391.06,98.99,391.06,255.62,234.43,255.62
238.97,101.96,391.22,101.96,391.22,254.21,238.97,254.21
240.02,101.55,399.18,101.55,399.18,260.71,240.02,260.71
239.28,104.04,397.84,104.04,397.84,262.59,239.28,262.59
244.31,96.29,402.93,96.29,402.93,254.92,244.31,254.92
403.13,109.76,232.15,90.35,219.97,197.60,390.95,217.01
401.78,101.51,230.81,91.20,224.23,200.26,395.20,210.57
397.87,119.67,240.19,80.28,215.49,179.16,373.17,218.54
392.04,106.96,233.89,90.46,223.23,192.62,381.38,209.13
236.39,48.09,379.70,48.09,379.70,191.41,236.39,191.41
406.07,123.01,275.93,17.19,195.34,116.30,325.49,222.12
232.70,39.53,380.16,39.53,380.16,186.99,232.70,186.99
244.85,39.31,390.32,39.31,390.32,184.79,244.85,184.79
245.83,47.24,400.00,47.24,400.00,201.41,245.83,201.41
243.93,43.98,401.41,43.98,401.41,201.47,243.93,201.47
239.49,42.05,387.83,42.05,387.83,190.39,239.49,190.39
247.36,47.40,391.45,47.40,391.45,191.48,247.36,191.48
222.42,100.95,275.34,224.65,421.76,162.02,368.83,38.31
252.30,55.68,396.91,55.68,396.91,200.30,252.30,200.30
240.36,48.07,384.26,48.07,384.26,191.97,240.36,191.97
260.45,51.36,399.17,51.36,399.17,190.08,260.45,190.08
259.49,43.65,415.10,43.65,415.10,199.25,259.49,199.25
254.88,37.08,415.08,37.08,415.08,197.28,254.88,197.28
252.93,36.21,427.50,36.21,427.50,210.77,252.93,210.77
274.55,16.30,220.52,166.75,398.37,230.61,452.39,80.16
270.39,18.81,220.00,166.33,401.12,228.20,451.51,80.68
235.74,30.53,395.20,30.53,395.20,189.99,235.74,189.99
244.71,40.41,398.76,40.41,398.76,194.46,244.71,194.46
251.94,30.24,259.86,201.81,400.16,195.33,392.24,23.76
263.90,31.31,412.90,31.31,412.90,180.30,263.90,180.30
255.01,26.77,417.53,26.77,417.53,189.29,255.01,189.29
235.20,23.00,399.28,23.00,399.28,187.08,235.20,187.08
223.87,59.12,297.53,218.73,427.59,158.71,353.93,-0.90
230.97,55.23,290.11,216.88,422.17,168.57,363.03,6.91
244.90,41.02,398.58,41.02,398.58,194.70,244.90,194.70
246.05,43.65,397.72,43.65,397.72,195.32,246.05,195.32
250.15,44.74,404.57,44.74,404.57,199.16,250.15,199.16
253.45,38.04,405.04,38.04,405.04,189.62,253.45,189.62
248.69,43.49,399.02,43.49,399.02,193.82,248.69,193.82
231.17,57.10,295.54,217.93,422.34,167.18,357.97,6.35
236.62,30.25,395.73,30.25,395.73,189.36,236.62,189.36
237.02,31.86,396.98,31.86,396.98,191.83,237.02,191.83
236.22,36.39,394.83,36.39,394.83,195.01,236.22,195.01
236.68,39.59,394.03,39.59,394.03,196.94,236.68,196.94
397.74,75.09,224.57,12.25,175.76,146.76,348.93,209.60
420.51,96.91,262.46,-14.58,179.62,102.85,337.68,214.34
235.62,26.86,398.70,26.86,398.70,189.94,235.62,189.94
208.22,60.48,299.80,220.34,427.62,147.11,336.04,-12.74
209.92,60.11,288.24,219.00,417.20,155.43,338.88,-3.46
426.92,114.23,271.77,-15.79,185.38,87.30,340.53,217.32
238.32,40.66,392.72,40.66,392.72,195.07,238.32,195.07
234.62,40.30,390.98,40.30,390.98,196.66,234.62,196.66
232.70,40.53,391.41,40.53,391.41,199.24,232.70,199.24
221.86,34.23,390.24,34.23,390.24,202.61,221.86,202.61
223.01,32.49,393.53,32.49,393.53,203.00,223.01,203.00
224.30,29.41,389.16,29.41,389.16,194.26,224.30,194.26
224.28,30.81,388.29,30.81,388.29,194.82,224.28,194.82
223.98,73.87,302.35,218.73,421.90,154.05,343.53,9.19
225.99,76.80,311.92,222.14,426.34,154.49,340.41,9.15
233.56,68.01,311.61,210.94,420.30,151.59,342.26,8.66
231.44,61.68,284.82,209.91,410.73,164.57,357.35,16.34
245.69,44.71,391.92,44.71,391.92,190.94,245.69,190.94
236.79,35.44,394.23,35.44,394.23,192.88,236.79,192.88
237.28,38.81,393.63,38.81,393.63,195.15,237.28,195.15
229.64,28.48,393.93,28.48,393.93,192.78,229.64,192.78
422.04,122.20,285.27,-9.28,192.29,87.44,329.07,218.92
421.46,82.34,255.54,-4.59,190.19,120.15,356.10,207.08
400.61,58.36,234.43,14.11,197.57,152.55,363.75,196.80
400.91,79.77,231.87,8.30,180.16,130.61,349.19,202.08
404.10,71.69,235.70,1.34,181.25,131.70,349.64,202.04
399.78,64.38,227.45,9.17,184.26,143.97,356.59,199.18
412.29,78.97,234.29,5.37,182.51,130.58,360.52,204.18
415.82,85.59,242.14,2.89,184.49,123.96,358.17,206.66
405.48,67.50,238.42,2.05,186.24,135.25,353.30,200.70
409.31,78.22,245.33,-1.01,184.85,124.18,348.82,203.40
422.80,95.68,278.31,-13.06,193.06,100.22,337.55,208.96
422.33,96.99,267.59,-18.86,184.85,91.66,339.60,207.50
419.63,88.51,262.92,-17.81,185.16,96.80,341.86,203.13
405.50,79.36,237.37,1.69,181.89,121.78,350.02,199.45
405.95,83.33,235.26,2.20,180.22,118.01,350.90,199.14
407.26,80.40,227.65,10.08,180.85,129.60,360.47,199.92
405.46,79.85,221.84,20.44,183.68,138.39,367.30,197.80
405.67,89.53,242.28,5.66,184.62,118.00,348.01,201.86
405.40,70.56,217.66,23.46,185.33,152.33,373.08,199.42
404.05,68.49,208.83,38.87,189.15,168.59,384.37,198.21
397.99,59.03,204.57,63.96,207.92,195.23,401.33,190.30
394.98,68.75,214.37,30.02,187.45,155.60,368.06,194.32
399.94,70.06,217.39,19.47,182.45,145.52,365.01,196.11
398.88,69.91,218.25,21.29,184.08,148.22,364.72,196.84
398.44,68.26,217.09,25.07,186.09,155.25,367.44,198.43
395.95,69.20,216.95,28.86,188.50,155.08,367.50,195.42
395.64,67.62,204.30,51.49,194.10,172.66,385.43,188.78
392.42,65.68,202.98,62.44,200.91,183.40,390.35,186.64
393.51,68.27,208.94,37.97,188.60,161.88,373.17,192.17
397.98,70.56,206.76,35.01,184.32,155.71,375.53,191.27
397.08,67.88,186.79,45.92,173.79,170.51,384.07,192.47
404.59,75.26,203.66,11.18,165.51,130.80,366.44,194.88
409.43,79.07,204.99,9.57,164.80,127.80,369.24,197.29
402.39,72.62,193.66,24.63,165.40,147.57,374.13,195.56
399.76,74.59,198.62,14.73,163.23,133.66,364.37,193.51
399.75,73.46,201.60,14.21,165.43,135.21,363.58,194.45
398.26,73.46,219.83,27.96,188.91,149.20,367.35,194.70
402.14,76.47,230.61,22.76,192.40,144.77,363.93,198.48
403.97,81.27,221.42,16.64,178.93,136.65,361.48,201.28
406.01,87.01,219.60,25.30,182.22,138.21,368.64,199.91
403.85,84.62,213.87,36.71,185.63,148.70,375.61,196.61
413.18,56.30,221.29,18.97,194.48,156.77,386.37,194.10
408.85,55.84,220.98,17.77,193.03,155.71,380.89,193.78
407.29,60.83,220.63,24.95,195.53,155.50,382.19,191.38
396.71,60.41,223.99,18.85,192.01,151.79,364.74,193.34
397.37,65.17,231.48,15.88,193.06,145.17,358.95,194.46
395.65,69.55,230.10,19.64,192.27,145.11,357.83,195.01
398.09,62.25,228.36,15.95,191.92,149.53,361.65,195.83
389.44,61.32,209.62,62.24,210.22,179.21,390.04,178.30
394.68,67.65,206.87,14.78,171.38,140.86,359.20,193.72
394.45,64.88,205.29,13.82,170.56,142.48,359.71,193.54
393.02,67.43,203.54,16.50,169.74,142.24,359.22,193.17
396.22,69.23,210.06,12.86,171.81,139.17,357.97,195.54
387.30,57.05,197.28,29.75,178.34,161.55,368.36,188.85
393.52,70.90,208.24,15.26,170.90,139.60,356.18,195.24
392.47,65.81,221.58,29.22,196.08,148.33,366.96,184.92
391.16,67.29,218.51,28.79,192.77,144.24,365.41,182.74
400.49,56.00,212.72,0.95,173.74,133.90,361.51,188.95
399.15,76.42,212.99,12.02,172.70,128.49,358.86,192.89
387.81,70.74,200.25,29.85,175.00,145.68,362.56,186.57
381.19,62.97,193.14,38.89,178.02,156.92,366.07,181.01
383.78,68.80,199.62,34.87,178.34,150.39,362.50,184.32
378.98,65.75,196.23,41.53,181.28,154.30,364.03,178.52
387.89,70.68,203.46,29.80,177.78,145.64,362.21,186.52
386.85,65.72,201.46,29.80,178.23,149.68,363.62,185.60
390.90,73.78,205.81,29.45,178.21,144.68,363.30,189.01
386.20,68.92,180.73,30.30,159.11,145.31,364.58,183.94
384.49,67.14,180.77,27.80,151.69,178.39,355.42,217.72
402.17,71.53,201.50,-0.75,143.56,160.10,344.23,232.38
400.19,77.81,209.55,7.32,152.39,161.90,343.03,232.39
205.59,42.88,373.02,42.88,373.02,210.31,205.59,210.31
196.59,39.17,369.17,39.17,369.17,211.75,196.59,211.75
412.62,101.23,240.58,7.57,164.44,147.42,336.48,241.09
410.54,103.00,241.24,6.11,163.86,141.31,333.16,238.20
403.40,118.01,231.88,16.80,161.26,136.48,332.77,237.69
391.90,105.45,211.63,34.88,162.78,159.65,343.05,230.22
398.85,125.50,237.86,18.85,162.34,132.84,323.33,239.50
401.36,114.23,226.72,13.12,154.15,138.47,328.79,239.58
386.91,83.50,194.08,38.76,162.03,176.90,354.86,221.65
395.64,80.61,194.59,34.52,162.18,175.87,363.24,221.96
418.90,102.16,223.73,2.53,152.81,141.45,347.99,241.08
415.21,110.06,219.03,10.35,152.20,141.83,348.39,241.54
398.55,90.78,193.85,33.79,155.90,170.12,360.59,227.11
392.98,82.93,185.55,36.55,154.96,173.37,362.38,219.74
386.15,63.32,182.29,33.74,160.56,183.43,364.42,213.02
391.98,68.53,184.96,27.09,155.44,174.55,362.47,215.98
412.04,123.44,219.72,10.19,150.62,127.53,342.94,240.78
393.83,102.06,196.32,30.66,151.13,155.67,348.64,227.07
408.48,121.05,212.16,17.32,150.38,134.25,346.70,237.98
399.99,107.42,203.44,18.68,147.55,142.49,344.10,231.22
382.91,94.97,187.49,45.78,156.30,169.68,351.72,218.87
389.49,80.86,193.32,27.03,155.32,165.54,351.49,219.37
387.82,77.73,194.52,31.46,160.82,172.23,354.12,218.50
392.53,82.76,202.06,24.95,159.93,163.79,350.40,221.59
392.82,79.23,193.03,17.38,149.17,159.06,348.96,220.91
410.05,80.39,192.36,16.44,149.46,162.46,367.15,226.41
410.05,81.38,188.27,16.57,146.88,158.23,368.66,223.04
435.88,118.92,257.15,-15.06,162.38,111.36,341.11,245.34
422.98,94.44,233.95,-11.99,154.88,128.45,343.91,234.88
427.81,111.56,229.01,-2.02,154.27,128.80,353.07,242.38
416.98,102.97,219.82,8.53,157.15,139.35,354.31,233.80
410.02,107.69,223.25,1.78,153.80,124.26,340.57,230.17
409.88,103.71,222.88,-0.10,152.62,126.45,339.62,230.27
404.14,98.03,215.59,4.94,152.55,132.63,341.11,225.72
429.42,112.39,222.02,-4.95,149.97,122.39,357.37,239.73
428.45,108.86,209.67,-0.18,145.71,128.16,364.49,237.19
425.16,118.93,216.44,4.47,150.80,124.15,359.52,238.62
423.14,117.85,225.42,22.30,165.66,145.97,363.38,241.52
434.27,128.16,233.88,17.85,167.35,138.69,367.75,249.00
435.22,132.27,240.46,17.34,170.27,136.28,365.04,251.21
432.98,147.57,248.43,18.89,171.34,129.46,355.88,258.14
403.73,107.92,217.40,19.37,159.96,140.24,346.29,228.79
402.38,104.17,214.80,20.53,159.78,143.91,347.36,227.55
405.30,116.84,222.10,19.20,159.82,136.05,343.01,233.69
389.89,101.52,200.79,31.76,159.33,144.13,348.44,213.89
405.19,111.88,199.10,40.41,161.31,149.38,367.40,220.85
406.37,119.69,200.25,43.17,161.41,147.79,367.53,224.31
402.34,114.35,193.06,52.27,159.57,165.16,368.85,227.24
424.18,109.40,189.48,22.26,141.65,151.10,376.35,238.23
418.32,99.96,184.70,24.56,142.01,156.82,375.64,232.22
422.43,103.92,186.91,22.70,142.81,150.59,378.32,231.81
404.02,119.95,215.28,33.01,164.14,144.02,352.88,230.96
407.95,118.56,214.98,32.12,165.04,143.63,358.01,230.06
427.83,129.61,248.60,1.95,163.61,121.26,342.84,248.92
426.00,120.39,236.09,10.63,164.67,134.21,354.58,243.96
421.79,120.72,224.62,21.24,164.25,140.87,361.43,240.35
420.70,122.90,225.88,21.58,164.68,139.27,359.50,240.59
428.00,133.07,255.66,4.75,167.16,123.60,339.50,251.92
419.39,116.62,223.48,23.35,157.23,162.50,353.14,255.77
421.95,125.35,227.80,20.99,155.34,155.79,349.49,260.15
417.12,119.60,210.52,36.37,157.91,166.98,364.51,250.21
414.30,124.21,199.80,23.99,139.75,152.52,354.26,252.74
426.61,132.84,209.39,17.74,140.85,147.09,358.08,262.19
416.57,125.65,182.92,47.16,142.90,166.29,376.55,244.78
413.56,117.46,198.00,53.32,161.56,175.79,377.12,239.93
414.05,119.86,191.43,55.29,156.92,174.26,379.54,238.83
412.42,118.07,190.79,57.36,158.33,175.86,379.95,236.57
419.49,125.25,204.21,45.08,159.45,165.28,374.73,245.45
430.66,125.56,195.81,54.10,160.35,170.64,395.20,242.10
433.27,133.15,210.09,39.42,158.81,161.53,381.98,255.26
432.63,131.34,207.08,42.30,159.55,162.72,385.10,251.75
427.62,133.51,198.89,42.36,151.97,160.10,380.70,251.25
423.04,122.51,183.31,69.11,159.38,176.54,399.11,229.94
425.95,121.68,185.33,72.96,163.71,179.72,404.34,228.43
421.48,113.51,190.47,68.12,168.39,180.53,399.40,225.92
427.04,123.16,198.55,58.09,165.56,173.91,394.06,238.99
424.57,122.18,192.04,54.08,157.81,170.94,390.34,239.04
419.81,117.88,180.29,59.18,152.19,173.82,391.72,232.52
419.83,120.85,182.30,53.64,149.21,170.56,386.74,237.77
417.08,111.56,174.17,66.73,153.52,178.64,396.42,223.47
436.16,121.13,197.96,66.33,171.84,179.87,410.04,234.68
439.69,142.48,209.62,47.83,163.23,160.60,393.30,255.25
435.23,120.93,208.36,68.49,183.18,177.42,410.05,229.86
447.50,137.91,231.22,62.08,190.71,177.62,406.99,253.45
