1
277.148621,68.340279,76.220001,234.720001
277.148621,68.340279,76.220001,234.720001
273.693726,68.340279,76.220001,234.720001
268.511383,68.340279,76.220001,234.720001
268.511383,68.340279,76.220001,234.720001
263.329071,68.340279,76.220001,234.720001
258.146729,73.522614,76.220001,234.720001
258.146729,73.522614,76.220001,234.720001
255.555557,73.522614,76.220001,234.720001
250.373215,73.522614,76.220001,234.720001
250.373215,73.522614,76.220001,234.720001
249.509506,73.522614,76.220001,234.720001
245.190887,74.386330,76.220001,234.720001
245.190887,74.386330,76.220001,234.720001
242.599716,75.250053,76.220001,234.720001
236.553665,78.704941,76.220001,234.720001
236.553665,78.704941,76.220001,234.720001
233.098785,78.704941,76.220001,234.720001
230.507614,78.704941,76.220001,234.720001
236.553665,80.432388,76.220001,234.720001
235.689941,80.432388,76.220001,234.720001
235.689941,82.159836,76.220001,234.720001
240.872284,81.296112,76.220001,234.720001
240.872284,81.296112,76.220001,234.720001
240.008560,79.568665,76.220001,234.720001
240.008560,76.113777,76.220001,234.720001
240.008560,76.113777,76.220001,234.720001
242.599716,71.795166,76.220001,234.720001
246.054611,70.067719,76.220001,234.720001
246.054611,70.931442,76.220001,234.720001
243.463440,72.658890,76.220001,234.720001
239.144836,73.522614,76.220001,234.720001
238.281113,73.522614,76.220001,234.720001
235.689941,72.658890,76.220001,234.720001
234.826218,77.841225,76.220001,234.720001
233.962494,77.841225,76.220001,234.720001
234.826218,79.568665,76.220001,234.720001
237.417389,77.841225,76.220001,234.720001
236.553665,78.704941,76.220001,234.720001
237.417389,76.977501,76.220001,234.720001
247.782059,74.386330,76.220001,234.720001
247.782059,74.386330,76.220001,234.720001
252.100662,72.658890,76.220001,234.720001
258.146729,69.204002,76.220001,234.720001
258.146729,69.204002,76.220001,234.720001
265.920227,65.749107,76.220001,234.720001
271.102570,59.703056,76.220001,234.720001
271.102570,59.703056,76.220001,234.720001
270.238831,58.839333,76.220001,234.720001
267.647675,56.248165,76.220001,234.720001
267.647675,56.248165,76.220001,234.720001
264.192780,56.248165,76.220001,234.720001
259.010437,64.021667,76.220001,234.720001
259.010437,64.021667,76.220001,234.720001
259.874176,65.749107,76.220001,234.720001
252.964386,70.931442,76.220001,234.720001
252.964386,70.931442,76.220001,234.720001
252.964386,70.067719,76.220001,234.720001
252.964386,70.931442,76.220001,234.720001
252.964386,70.931442,76.220001,234.720001
254.691833,72.658890,76.220001,234.720001
252.100662,74.386330,76.220001,234.720001
251.236938,74.386330,76.220001,234.720001
247.782059,70.931442,76.220001,234.720001
270.238831,71.795166,76.220001,234.720001
272.829987,71.795166,76.220001,234.720001
274.557434,70.931442,76.220001,234.720001
271.102570,74.386330,76.220001,234.720001
271.102570,72.658890,76.220001,234.720001
271.966278,74.386330,76.220001,234.720001
271.966278,70.067719,76.220001,234.720001
271.102570,70.067719,76.220001,234.720001
269.375122,67.476555,76.220001,234.720001
270.238831,70.067719,76.220001,234.720001
270.238831,70.067719,76.220001,234.720001
268.511383,69.204002,76.220001,234.720001
265.056488,75.250053,76.220001,234.720001
265.056488,75.250053,76.220001,234.720001
265.056488,74.386330,76.220001,234.720001
271.102570,75.250053,76.220001,234.720001
271.966278,75.250053,76.220001,234.720001
274.557434,73.522614,76.220001,234.720001
273.693726,70.067719,76.220001,234.720001
273.693726,70.067719,76.220001,234.720001
271.102570,70.067719,76.220001,234.720001
271.966278,73.522614,76.220001,234.720001
273.693726,73.522614,76.220001,234.720001
273.693726,74.386330,76.220001,234.720001
281.467224,71.795166,76.220001,234.720001
281.467224,71.795166,76.220001,234.720001
290.968170,68.340279,76.220001,234.720001
294.423065,64.885391,76.220001,234.720001
294.423065,64.885391,76.220001,234.720001
291.831879,61.430500,76.220001,234.720001
296.150513,59.703056,76.220001,234.720001
296.150513,60.566776,76.220001,234.720001
296.150513,60.566776,76.220001,234.720001
293.559326,57.111889,76.220001,234.720001
293.559326,57.111889,76.220001,234.720001
290.968170,56.248165,76.220001,234.720001
284.058380,51.929558,76.220001,234.720001
284.058380,51.929558,76.220001,234.720001
281.467224,51.929558,76.220001,234.720001
271.966278,49.338390,76.220001,234.720001
271.966278,49.338390,76.220001,234.720001
265.056488,49.338390,76.220001,234.720001
257.282990,56.248165,76.220001,234.720001
257.282990,56.248165,76.220001,234.720001
257.282990,58.839333,76.220001,234.720001
263.329071,64.021667,76.220001,234.720001
263.329071,64.021667,76.220001,234.720001
265.920227,63.157944,76.220001,234.720001
278.876068,57.111889,76.220001,234.720001
279.739777,58.839333,76.220001,234.720001
278.012329,58.839333,76.220001,234.720001
269.375122,64.885391,76.220001,234.720001
269.375122,64.885391,76.220001,234.720001
262.465332,67.476555,76.220001,234.720001
253.828110,74.386330,76.220001,234.720001
253.828110,71.795166,76.220001,234.720001
264.192780,73.522614,76.220001,234.720001
275.421173,67.476555,76.220001,234.720001
275.421173,67.476555,76.220001,234.720001
280.603485,63.157944,76.220001,234.720001
291.831879,57.111889,76.220001,234.720001
291.831879,57.111889,76.220001,234.720001
297.014221,52.793278,76.220001,234.720001
304.787720,49.338390,76.220001,234.720001
304.787720,48.474667,76.220001,234.720001
305.651459,51.065834,76.220001,234.720001
297.877930,51.065834,76.220001,234.720001
297.877930,51.065834,76.220001,234.720001
297.877930,53.657001,76.220001,234.720001
296.150513,60.566776,76.220001,234.720001
296.150513,64.021667,76.220001,234.720001
293.559326,64.885391,76.220001,234.720001
289.240723,64.021667,76.220001,234.720001
288.377014,65.749107,76.220001,234.720001
288.377014,65.749107,76.220001,234.720001
288.377014,64.885391,76.220001,234.720001
288.377014,64.885391,76.220001,234.720001
288.377014,60.566776,76.220001,234.720001
291.831879,57.111889,76.220001,234.720001
292.695618,57.111889,76.220001,234.720001
292.695618,53.657001,76.220001,234.720001
292.695618,53.657001,76.220001,234.720001
293.559326,53.657001,76.220001,234.720001
295.286774,51.929558,76.220001,234.720001
293.559326,47.610943,76.220001,234.720001
293.559326,47.610943,76.220001,234.720001
293.559326,45.883499,76.220001,234.720001
288.377014,42.428612,76.220001,234.720001
285.785828,39.837444,76.220001,234.720001
284.058380,43.292332,76.220001,234.720001
277.148621,51.929558,76.220001,234.720001
278.012329,52.793278,76.220001,234.720001
270.238831,47.610943,76.220001,234.720001
259.874176,38.973721,76.220001,234.720001
259.874176,38.973721,76.220001,234.720001
254.691833,33.791389,76.220001,234.720001
253.828110,32.063946,76.220001,234.720001
251.236938,31.200222,76.220001,234.720001
248.645782,29.472778,76.220001,234.720001
240.008560,36.382557,76.220001,234.720001
239.144836,36.382557,76.220001,234.720001
239.144836,36.382557,76.220001,234.720001
238.281113,30.336500,76.220001,234.720001
238.281113,31.200222,76.220001,234.720001
238.281113,29.472778,76.220001,234.720001
239.144836,26.017889,76.220001,234.720001
239.144836,26.017889,76.220001,234.720001
242.599716,26.017889,76.220001,234.720001
252.964386,22.563000,76.220001,234.720001
252.964386,21.699278,76.220001,234.720001
252.964386,21.699278,76.220001,234.720001
244.327164,27.745333,76.220001,234.720001
245.190887,27.745333,76.220001,234.720001
244.327164,30.336500,76.220001,234.720001
241.735992,30.336500,76.220001,234.720001
241.735992,30.336500,76.220001,234.720001
241.735992,30.336500,76.220001,234.720001
241.735992,32.063946,76.220001,234.720001
241.735992,32.063946,76.220001,234.720001
245.190887,29.472778,76.220001,234.720001
248.645782,29.472778,76.220001,234.720001
249.509506,29.472778,76.220001,234.720001
252.100662,29.472778,76.220001,234.720001
257.282990,32.063946,76.220001,234.720001
257.282990,32.063946,76.220001,234.720001
259.874176,32.063946,76.220001,234.720001
268.511383,29.472778,76.220001,234.720001
268.511383,29.472778,76.220001,234.720001
271.102570,29.472778,76.220001,234.720001
274.557434,33.791389,76.220001,234.720001
271.966278,33.791389,76.220001,234.720001
282.330933,37.246277,76.220001,234.720001
281.467224,52.793278,76.220001,234.720001
281.467224,53.657001,76.220001,234.720001
282.330933,58.839333,76.220001,234.720001
279.739777,62.294224,76.220001,234.720001
278.876068,63.157944,76.220001,234.720001
281.467224,59.703056,76.220001,234.720001
284.058380,41.564888,76.220001,234.720001
284.922119,40.701168,76.220001,234.720001
284.922119,30.336500,76.220001,234.720001
279.739777,15.653222,76.220001,234.720001
279.739777,15.653222,76.220001,234.720001
277.148621,14.789500,76.220001,234.720001
278.012329,11.334611,76.220001,234.720001
276.284882,11.334611,76.220001,234.720001
279.739777,10.470889,76.220001,234.720001
279.739777,10.470889,76.220001,234.720001
279.739777,10.470889,76.220001,234.720001
277.148621,12.198333,76.220001,234.720001
279.739777,11.334611,76.220001,234.720001
280.603485,10.470889,76.220001,234.720001
280.603485,13.062056,76.220001,234.720001
284.922119,8.743444,76.220001,234.720001
280.603485,8.743444,76.220001,234.720001
291.831879,8.743444,76.220001,234.720001
298.741669,6.152278,76.220001,234.720001
298.741669,5.288556,76.220001,234.720001
296.150513,3.561111,76.220001,234.720001
291.831879,-2.484944,76.220001,234.720001
288.377014,-0.757500,76.220001,234.720001
290.968170,-4.212389,76.220001,234.720001
281.467224,13.062056,76.220001,234.720001
281.467224,13.925778,76.220001,234.720001
282.330933,20.835556,76.220001,234.720001
284.058380,29.472778,76.220001,234.720001
282.330933,34.655109,76.220001,234.720001
284.058380,35.518833,76.220001,234.720001
290.104431,33.791389,76.220001,234.720001
280.603485,49.338390,76.220001,234.720001
283.194672,48.474667,76.220001,234.720001
287.513275,45.883499,76.220001,234.720001
287.513275,46.747223,76.220001,234.720001
290.104431,46.747223,76.220001,234.720001
295.286774,40.701168,76.220001,234.720001
295.286774,39.837444,76.220001,234.720001
295.286774,37.246277,76.220001,234.720001
295.286774,26.881611,76.220001,234.720001
296.150513,27.745333,76.220001,234.720001
295.286774,28.609056,76.220001,234.720001
292.695618,28.609056,76.220001,234.720001
293.559326,28.609056,76.220001,234.720001
296.150513,32.063946,76.220001,234.720001
313.424957,33.791389,76.220001,234.720001
313.424957,32.927666,76.220001,234.720001
314.288666,20.835556,76.220001,234.720001
316.879822,34.655109,76.220001,234.720001
316.879822,31.200222,76.220001,234.720001
316.879822,19.971832,76.220001,234.720001
318.607269,16.516945,76.220001,234.720001
320.334717,23.426722,76.220001,234.720001
317.743561,10.470889,76.220001,234.720001
309.970062,20.835556,76.220001,234.720001
308.242615,23.426722,76.220001,234.720001
312.561218,19.971832,76.220001,234.720001
318.607269,13.925778,76.220001,234.720001
318.607269,13.062056,76.220001,234.720001
318.607269,19.971832,76.220001,234.720001
316.016113,31.200222,76.220001,234.720001
316.016113,33.791389,76.220001,234.720001
310.833771,34.655109,76.220001,234.720001
316.016113,18.244389,76.220001,234.720001
316.016113,19.108110,76.220001,234.720001
315.152374,23.426722,76.220001,234.720001
319.471008,24.290443,76.220001,234.720001
316.879822,21.699278,76.220001,234.720001
316.879822,22.563000,76.220001,234.720001
321.198456,17.380667,76.220001,234.720001
322.062164,15.653222,76.220001,234.720001
322.062164,15.653222,76.220001,234.720001
322.925903,15.653222,76.220001,234.720001
320.334717,13.925778,76.220001,234.720001
320.334717,13.925778,76.220001,234.720001
315.152374,11.334611,76.220001,234.720001
311.697510,8.743444,76.220001,234.720001
312.561218,8.743444,76.220001,234.720001
311.697510,10.470889,76.220001,234.720001
315.152374,11.334611,76.220001,234.720001
315.152374,11.334611,76.220001,234.720001
309.970062,16.516945,76.220001,234.720001
303.924011,23.426722,76.220001,234.720001
308.242615,19.108110,76.220001,234.720001
299.605377,26.881611,76.220001,234.720001
297.014221,23.426722,76.220001,234.720001
297.014221,24.290443,76.220001,234.720001
295.286774,24.290443,76.220001,234.720001
287.513275,24.290443,76.220001,234.720001
286.649567,26.017889,76.220001,234.720001
284.922119,24.290443,76.220001,234.720001
276.284882,23.426722,76.220001,234.720001
274.557434,25.154167,76.220001,234.720001
274.557434,19.971832,76.220001,234.720001
268.511383,13.925778,76.220001,234.720001
268.511383,12.198333,76.220001,234.720001
265.056488,10.470889,76.220001,234.720001
259.010437,7.016000,76.220001,234.720001
259.010437,7.016000,76.220001,234.720001
254.691833,3.561111,76.220001,234.720001
251.236938,1.833667,76.220001,234.720001
251.236938,2.697389,76.220001,234.720001
253.828110,3.561111,76.220001,234.720001
252.964386,3.561111,76.220001,234.720001
252.964386,3.561111,76.220001,234.720001
252.964386,0.969944,76.220001,234.720001
248.645782,1.833667,76.220001,234.720001
248.645782,0.106222,76.220001,234.720001
248.645782,0.106222,76.220001,234.720001
248.645782,-1.621222,76.220001,234.720001
248.645782,-1.621222,76.220001,234.720001
252.964386,-5.076111,76.220001,234.720001
253.828110,-6.803556,76.220001,234.720001
253.828110,-6.803556,76.220001,234.720001
253.828110,-6.803556,76.220001,234.720001
254.691833,-9.394722,76.220001,234.720001
254.691833,-9.394722,76.220001,234.720001
258.146729,-9.394722,76.220001,234.720001
259.874176,-9.394722,76.220001,234.720001
260.737885,-9.394722,76.220001,234.720001
263.329071,-9.394722,76.220001,234.720001
264.192780,3.561111,76.220001,234.720001
264.192780,7.016000,76.220001,234.720001
264.192780,13.062056,76.220001,234.720001
265.056488,17.380667,76.220001,234.720001
265.056488,15.653222,76.220001,234.720001
265.056488,22.563000,76.220001,234.720001
263.329071,30.336500,76.220001,234.720001
264.192780,31.200222,76.220001,234.720001
266.783936,23.426722,76.220001,234.720001
267.647675,21.699278,76.220001,234.720001
265.056488,22.563000,76.220001,234.720001
268.511383,20.835556,76.220001,234.720001
269.375122,18.244389,76.220001,234.720001
269.375122,18.244389,76.220001,234.720001
274.557434,18.244389,76.220001,234.720001
279.739777,18.244389,76.220001,234.720001
279.739777,17.380667,76.220001,234.720001
280.603485,18.244389,76.220001,234.720001
284.922119,17.380667,76.220001,234.720001
284.922119,17.380667,76.220001,234.720001
290.104431,15.653222,76.220001,234.720001
290.104431,15.653222,76.220001,234.720001
290.104431,15.653222,76.220001,234.720001
289.240723,15.653222,76.220001,234.720001
284.058380,19.971832,76.220001,234.720001
284.058380,19.971832,76.220001,234.720001
279.739777,19.971832,76.220001,234.720001
275.421173,21.699278,76.220001,234.720001
275.421173,19.971832,76.220001,234.720001
271.966278,21.699278,76.220001,234.720001
266.783936,17.380667,76.220001,234.720001
266.783936,17.380667,76.220001,234.720001
264.192780,19.108110,76.220001,234.720001
262.465332,21.699278,76.220001,234.720001
262.465332,21.699278,76.220001,234.720001
262.465332,21.699278,76.220001,234.720001
261.601624,22.563000,76.220001,234.720001
261.601624,21.699278,76.220001,234.720001
259.010437,19.108110,76.220001,234.720001
256.419281,17.380667,76.220001,234.720001
256.419281,17.380667,76.220001,234.720001
256.419281,20.835556,76.220001,234.720001
259.010437,23.426722,76.220001,234.720001
259.010437,23.426722,76.220001,234.720001
258.146729,25.154167,76.220001,234.720001
253.828110,26.881611,76.220001,234.720001
253.828110,26.881611,76.220001,234.720001
259.010437,21.699278,76.220001,234.720001
265.920227,22.563000,76.220001,234.720001
265.920227,22.563000,76.220001,234.720001
271.966278,25.154167,76.220001,234.720001
276.284882,30.336500,76.220001,234.720001
276.284882,30.336500,76.220001,234.720001
277.148621,32.063946,76.220001,234.720001
284.922119,31.200222,76.220001,234.720001
284.922119,31.200222,76.220001,234.720001
286.649567,32.927666,76.220001,234.720001
292.695618,33.791389,76.220001,234.720001
292.695618,33.791389,76.220001,234.720001
292.695618,37.246277,76.220001,234.720001
290.104431,39.837444,76.220001,234.720001
290.104431,40.701168,76.220001,234.720001
290.104431,45.019779,76.220001,234.720001
294.423065,48.474667,76.220001,234.720001
293.559326,49.338390,76.220001,234.720001
294.423065,49.338390,76.220001,234.720001
290.104431,42.428612,76.220001,234.720001
290.104431,44.156055,76.220001,234.720001
286.649567,43.292332,76.220001,234.720001
280.603485,47.610943,76.220001,234.720001
280.603485,47.610943,76.220001,234.720001
275.421173,47.610943,76.220001,234.720001
266.783936,51.065834,76.220001,234.720001
266.783936,51.065834,76.220001,234.720001
267.647675,57.975613,76.220001,234.720001
265.920227,51.929558,76.220001,234.720001
265.920227,52.793278,76.220001,234.720001
263.329071,49.338390,76.220001,234.720001
260.737885,50.202110,76.220001,234.720001
259.874176,49.338390,76.220001,234.720001
258.146729,50.202110,76.220001,234.720001
2
0
0
0
0
1
319.498993,102.929497,51.230000,150.460007
319.498993,102.929497,51.230000,150.460007
318.378510,102.929497,51.230000,150.460007
316.137512,101.808998,51.230000,150.460007
316.137512,101.808998,51.230000,150.460007
314.456757,99.568001,51.230000,150.460007
311.655487,95.085999,51.230000,150.460007
311.655487,95.085999,51.230000,150.460007
311.655487,93.405251,51.230000,150.460007
309.974762,91.724503,51.230000,150.460007
309.974762,91.724503,51.230000,150.460007
308.294006,93.405251,51.230000,150.460007
304.372253,101.248749,51.230000,150.460007
304.372253,101.808998,51.230000,150.460007
301.010742,105.170502,51.230000,150.460007
290.926239,99.568001,51.230000,150.460007
290.365997,99.568001,51.230000,150.460007
288.685242,99.007751,51.230000,150.460007
287.564758,98.447502,51.230000,150.460007
287.564758,98.447502,51.230000,150.460007
288.125000,96.766747,51.230000,150.460007
288.125000,99.568001,51.230000,150.460007
288.125000,99.568001,51.230000,150.460007
287.004486,97.327003,51.230000,150.460007
290.365997,90.043747,51.230000,150.460007
289.245514,90.603996,51.230000,150.460007
292.046753,91.724503,51.230000,150.460007
295.968506,86.682251,51.230000,150.460007
295.408264,86.682251,51.230000,150.460007
295.968506,85.001503,51.230000,150.460007
297.649261,82.200249,51.230000,150.460007
297.088989,82.200249,51.230000,150.460007
298.209503,83.880997,51.230000,150.460007
297.649261,88.362999,51.230000,150.460007
297.649261,90.043747,51.230000,150.460007
298.209503,92.284752,51.230000,150.460007
298.209503,99.568001,51.230000,150.460007
298.209503,100.688499,51.230000,150.460007
299.329987,95.085999,51.230000,150.460007
302.691498,100.128250,51.230000,150.460007
302.691498,100.128250,51.230000,150.460007
302.691498,105.730751,51.230000,150.460007
295.408264,109.092247,51.230000,150.460007
294.847992,109.092247,51.230000,150.460007
294.847992,106.291000,51.230000,150.460007
292.046753,105.730751,51.230000,150.460007
291.486511,105.730751,51.230000,150.460007
288.125000,106.851250,51.230000,150.460007
277.480255,106.851250,51.230000,150.460007
277.480255,106.851250,51.230000,150.460007
271.317505,106.291000,51.230000,150.460007
261.233002,105.170502,51.230000,150.460007
260.672760,104.050003,51.230000,150.460007
257.871490,105.170502,51.230000,150.460007
254.509995,104.610252,51.230000,150.460007
253.949753,102.929497,51.230000,150.460007
253.389496,102.369247,51.230000,150.460007
252.829254,97.327003,51.230000,150.460007
251.148499,97.887253,51.230000,150.460007
250.028000,95.085999,51.230000,150.460007
254.509995,94.525749,51.230000,150.460007
255.630493,93.965500,51.230000,150.460007
266.275238,100.688499,51.230000,150.460007
272.437988,103.489754,51.230000,150.460007
272.437988,103.489754,51.230000,150.460007
276.920013,105.730751,51.230000,150.460007
281.962250,106.291000,51.230000,150.460007
281.962250,106.851250,51.230000,150.460007
283.643005,105.730751,51.230000,150.460007
283.082764,107.971748,51.230000,150.460007
284.203247,107.971748,51.230000,150.460007
281.402008,109.652496,51.230000,150.460007
279.161011,113.014000,51.230000,150.460007
278.040497,113.574249,51.230000,150.460007
276.920013,112.453751,51.230000,150.460007
278.600739,106.851250,51.230000,150.460007
278.600739,107.411499,51.230000,150.460007
278.600739,107.971748,51.230000,150.460007
282.522491,103.489754,51.230000,150.460007
283.082764,103.489754,51.230000,150.460007
284.763489,100.128250,51.230000,150.460007
284.203247,101.248749,51.230000,150.460007
284.203247,101.248749,51.230000,150.460007
280.841736,101.248749,51.230000,150.460007
280.281494,97.327003,51.230000,150.460007
280.281494,95.085999,51.230000,150.460007
281.402008,94.525749,51.230000,150.460007
282.522491,93.965500,51.230000,150.460007
282.522491,92.845001,51.230000,150.460007
283.643005,95.085999,51.230000,150.460007
287.564758,99.568001,51.230000,150.460007
287.004486,99.568001,51.230000,150.460007
290.365997,101.808998,51.230000,150.460007
290.926239,105.730751,51.230000,150.460007
290.926239,105.730751,51.230000,150.460007
290.926239,109.092247,51.230000,150.460007
289.245514,111.333252,51.230000,150.460007
289.805756,111.333252,51.230000,150.460007
290.365997,112.453751,51.230000,150.460007
285.884003,115.815247,51.230000,150.460007
284.763489,115.815247,51.230000,150.460007
284.203247,118.616501,51.230000,150.460007
278.040497,119.737000,51.230000,150.460007
278.040497,119.737000,51.230000,150.460007
274.678986,118.616501,51.230000,150.460007
273.558502,114.134499,51.230000,150.460007
272.437988,113.014000,51.230000,150.460007
271.877747,115.815247,51.230000,150.460007
271.317505,115.815247,51.230000,150.460007
269.636749,111.893501,51.230000,150.460007
269.636749,111.333252,51.230000,150.460007
270.757263,111.333252,51.230000,150.460007
272.998260,114.134499,51.230000,150.460007
272.998260,114.134499,51.230000,150.460007
273.558502,116.375504,51.230000,150.460007
266.835510,124.219002,51.230000,150.460007
267.395752,124.779251,51.230000,150.460007
264.034241,128.140747,51.230000,150.460007
256.751007,133.743256,51.230000,150.460007
256.190735,133.743256,51.230000,150.460007
255.630493,134.863754,51.230000,150.460007
253.949753,135.423996,51.230000,150.460007
253.949753,135.423996,51.230000,150.460007
256.751007,132.622757,51.230000,150.460007
253.949753,123.098503,51.230000,150.460007
253.949753,121.417747,51.230000,150.460007
253.949753,123.658752,51.230000,150.460007
246.666504,115.254997,51.230000,150.460007
244.425507,125.899750,51.230000,150.460007
230.979507,130.942001,51.230000,150.460007
233.780746,110.773003,51.230000,150.460007
233.780746,109.652496,51.230000,150.460007
238.262756,101.808998,51.230000,150.460007
246.106247,97.887253,51.230000,150.460007
247.787003,97.327003,51.230000,150.460007
256.190735,96.206497,51.230000,150.460007
270.757263,98.447502,51.230000,150.460007
271.877747,97.887253,51.230000,150.460007
278.600739,100.688499,51.230000,150.460007
289.245514,104.610252,51.230000,150.460007
289.245514,104.610252,51.230000,150.460007
292.046753,105.170502,51.230000,150.460007
294.287750,95.085999,51.230000,150.460007
293.167236,94.525749,51.230000,150.460007
292.046753,90.603996,51.230000,150.460007
302.691498,85.561752,51.230000,150.460007
295.968506,79.959251,51.230000,150.460007
301.571014,81.639999,51.230000,150.460007
314.456757,99.568001,51.230000,150.460007
314.456757,100.128250,51.230000,150.460007
314.456757,104.050003,51.230000,150.460007
309.974762,102.929497,51.230000,150.460007
311.095245,103.489754,51.230000,150.460007
310.535004,105.170502,51.230000,150.460007
312.776001,102.369247,51.230000,150.460007
312.776001,101.808998,51.230000,150.460007
309.414490,99.568001,51.230000,150.460007
302.131256,96.766747,51.230000,150.460007
302.131256,96.206497,51.230000,150.460007
302.131256,97.887253,51.230000,150.460007
308.294006,104.050003,51.230000,150.460007
307.733765,102.929497,51.230000,150.460007
313.896515,106.291000,51.230000,150.460007
313.896515,107.411499,51.230000,150.460007
313.896515,107.411499,51.230000,150.460007
312.215759,106.851250,51.230000,150.460007
309.414490,96.206497,51.230000,150.460007
309.414490,96.206497,51.230000,150.460007
308.854248,96.206497,51.230000,150.460007
308.854248,93.405251,51.230000,150.460007
307.173492,93.405251,51.230000,150.460007
307.173492,91.164253,51.230000,150.460007
309.414490,91.164253,51.230000,150.460007
309.414490,91.724503,51.230000,150.460007
311.655487,93.405251,51.230000,150.460007
307.173492,97.327003,51.230000,150.460007
306.613251,97.887253,51.230000,150.460007
299.329987,102.369247,51.230000,150.460007
285.884003,90.043747,51.230000,150.460007
284.763489,88.923248,51.230000,150.460007
283.082764,82.760498,51.230000,150.460007
286.444244,81.639999,51.230000,150.460007
286.444244,82.200249,51.230000,150.460007
292.046753,73.236252,51.230000,150.460007
297.088989,74.917000,51.230000,150.460007
297.088989,74.356750,51.230000,150.460007
2
0
0
0
0
1
377.080841,44.202499,93.900002,235.800003
382.575836,44.202499,93.900002,235.800003
391.734161,44.202499,93.900002,235.800003
407.303345,41.455002,93.900002,235.800003
407.303345,41.455002,93.900002,235.800003
410.966675,41.455002,93.900002,235.800003
418.293335,47.865833,93.900002,235.800003
418.293335,47.865833,93.900002,235.800003
420.125000,49.697498,93.900002,235.800003
424.704163,51.529167,93.900002,235.800003
426.535828,50.613335,93.900002,235.800003
425.619995,51.529167,93.900002,235.800003
420.125000,54.276669,93.900002,235.800003
419.209167,54.276669,93.900002,235.800003
417.377502,54.276669,93.900002,235.800003
408.219177,57.024166,93.900002,235.800003
408.219177,57.024166,93.900002,235.800003
405.471680,57.024166,93.900002,235.800003
407.303345,56.108334,93.900002,235.800003
407.303345,56.108334,93.900002,235.800003
407.303345,54.276669,93.900002,235.800003
403.640015,50.613335,93.900002,235.800003
403.640015,50.613335,93.900002,235.800003
400.892487,50.613335,93.900002,235.800003
399.060822,50.613335,93.900002,235.800003
399.060822,50.613335,93.900002,235.800003
399.060822,50.613335,93.900002,235.800003
399.060822,51.529167,93.900002,235.800003
399.060822,51.529167,93.900002,235.800003
399.060822,53.360832,93.900002,235.800003
399.060822,54.276669,93.900002,235.800003
399.060822,54.276669,93.900002,235.800003
399.060822,55.192501,93.900002,235.800003
399.976654,56.108334,93.900002,235.800003
399.976654,56.108334,93.900002,235.800003
397.229156,56.108334,93.900002,235.800003
390.818329,52.445000,93.900002,235.800003
390.818329,52.445000,93.900002,235.800003
387.154999,52.445000,93.900002,235.800003
388.070831,56.108334,93.900002,235.800003
388.986664,56.108334,93.900002,235.800003
389.902496,56.108334,93.900002,235.800003
395.397491,57.024166,93.900002,235.800003
395.397491,57.024166,93.900002,235.800003
395.397491,58.855831,93.900002,235.800003
394.481659,62.519169,93.900002,235.800003
394.481659,62.519169,93.900002,235.800003
395.397491,61.603333,93.900002,235.800003
393.565826,67.098335,93.900002,235.800003
393.565826,67.098335,93.900002,235.800003
394.481659,67.098335,93.900002,235.800003
388.986664,64.350830,93.900002,235.800003
388.986664,64.350830,93.900002,235.800003
386.239166,64.350830,93.900002,235.800003
383.491669,61.603333,93.900002,235.800003
383.491669,61.603333,93.900002,235.800003
381.660004,61.603333,93.900002,235.800003
377.996674,60.687500,93.900002,235.800003
377.996674,60.687500,93.900002,235.800003
373.417511,60.687500,93.900002,235.800003
367.922485,58.855831,93.900002,235.800003
367.922485,58.855831,93.900002,235.800003
369.754181,60.687500,93.900002,235.800003
367.922485,61.603333,93.900002,235.800003
367.922485,61.603333,93.900002,235.800003
364.259155,62.519169,93.900002,235.800003
357.848328,63.435001,93.900002,235.800003
357.848328,63.435001,93.900002,235.800003
357.848328,63.435001,93.900002,235.800003
353.269165,60.687500,93.900002,235.800003
353.269165,60.687500,93.900002,235.800003
348.690002,59.771667,93.900002,235.800003
345.026672,62.519169,93.900002,235.800003
345.026672,62.519169,93.900002,235.800003
345.942505,62.519169,93.900002,235.800003
345.942505,62.519169,93.900002,235.800003
345.942505,62.519169,93.900002,235.800003
344.110840,62.519169,93.900002,235.800003
335.868347,62.519169,93.900002,235.800003
335.868347,62.519169,93.900002,235.800003
329.457489,64.350830,93.900002,235.800003
321.214996,64.350830,93.900002,235.800003
321.214996,64.350830,93.900002,235.800003
321.214996,61.603333,93.900002,235.800003
326.709991,61.603333,93.900002,235.800003
326.709991,61.603333,93.900002,235.800003
326.709991,61.603333,93.900002,235.800003
328.541656,62.519169,93.900002,235.800003
328.541656,62.519169,93.900002,235.800003
332.204987,61.603333,93.900002,235.800003
338.615845,57.024166,93.900002,235.800003
338.615845,57.024166,93.900002,235.800003
341.363342,57.024166,93.900002,235.800003
351.437500,57.024166,93.900002,235.800003
351.437500,57.024166,93.900002,235.800003
348.690002,58.855831,93.900002,235.800003
347.774170,60.687500,93.900002,235.800003
347.774170,60.687500,93.900002,235.800003
349.605835,60.687500,93.900002,235.800003
352.353333,57.939999,93.900002,235.800003
351.437500,57.939999,93.900002,235.800003
351.437500,56.108334,93.900002,235.800003
354.184998,55.192501,93.900002,235.800003
353.269165,55.192501,93.900002,235.800003
