1
202.87,327.21,245.89,331.64,231.36,472.68,188.34,468.26
214.56,330.03,257.61,336.56,236.18,477.70,193.14,471.18
203.41,327.12,259.88,328.74,254.57,472.74,198.11,471.13
212.92,328.24,270.11,330.10,264.01,476.16,206.82,474.30
226.55,326.79,283.84,328.84,277.11,474.74,219.82,472.69
236.38,328.96,293.32,331.38,285.38,475.79,228.44,473.37
248.26,331.39,295.82,329.90,300.68,485.83,253.13,487.32
270.57,337.27,313.45,342.32,296.88,482.93,253.99,477.88
276.64,328.80,327.20,331.68,317.73,497.48,267.16,494.60
292.22,348.31,335.21,350.70,327.35,491.65,284.36,489.27
303.46,345.80,353.28,346.98,349.42,488.71,299.60,487.54
317.56,347.79,366.94,350.15,359.18,491.93,309.80,489.57
334.02,348.69,383.55,351.43,374.57,493.72,325.04,490.98
347.89,350.81,397.43,353.14,389.79,495.45,340.25,493.12
365.53,320.03,428.68,320.88,425.84,527.94,362.69,527.08
386.45,314.89,450.30,321.18,429.62,530.52,365.77,524.23
406.28,319.24,467.79,328.56,437.21,530.25,375.70,520.93
442.05,306.10,511.30,321.34,461.30,548.40,392.05,533.16
405.91,305.58,508.69,309.53,495.73,540.11,392.94,536.16
427.35,320.82,539.99,320.82,539.99,549.68,427.35,549.68
443.35,320.82,555.99,320.82,555.99,549.68,443.35,549.68
483.67,311.73,552.50,318.48,530.34,544.16,461.51,537.41
454.76,315.90,538.77,317.62,533.10,544.59,449.08,542.86
443.86,321.73,534.14,321.73,534.14,552.28,443.86,552.28
406.65,306.65,495.36,306.65,495.36,533.24,406.65,533.24
382.65,306.65,471.36,306.65,471.36,533.24,382.65,533.24
2
0
0
0
0
1
488.38,377.29,708.12,377.29,708.12,515.22,488.38,515.22
440.28,364.94,658.72,364.94,658.72,502.06,440.28,502.06
480.28,380.94,698.72,380.94,698.72,518.06,480.28,518.06
480.28,380.94,698.72,380.94,698.72,518.06,480.28,518.06
2
0
0
0
0
1
653.91,250.21,606.24,222.04,708.88,48.42,756.55,76.59
559.35,238.48,803.65,238.48,803.65,426.52,559.35,426.52
527.35,254.48,771.65,254.48,771.65,442.52,527.35,442.52
495.36,270.48,739.65,270.48,739.65,458.52,495.36,458.52
471.36,278.48,715.65,278.48,715.65,466.52,471.36,466.52
439.36,294.48,683.65,294.48,683.65,482.52,439.36,482.52
407.36,310.48,651.65,310.48,651.65,498.52,407.36,498.52
375.36,318.48,619.65,318.48,619.65,506.52,375.36,506.52
343.36,326.48,587.65,326.48,587.65,514.52,343.36,514.52
2
0
0
0
0
1
605.60,156.49,687.40,156.49,687.40,469.01,605.60,469.01
587.63,156.10,669.37,156.10,669.37,468.40,587.63,468.40
557.99,115.82,640.01,115.82,640.01,429.18,557.99,429.18
541.99,99.82,624.01,99.82,624.01,413.18,541.99,413.18
525.99,99.82,608.01,99.82,608.01,413.18,525.99,413.18
509.99,83.82,592.01,83.82,592.01,397.18,509.99,397.18
509.99,83.82,592.01,83.82,592.01,397.18,509.99,397.18
2
0
0
0
0
1
807.83,281.99,865.28,381.50,630.26,517.17,572.81,417.66
799.51,274.93,856.86,374.58,621.52,510.03,564.17,410.39
793.71,270.68,851.19,370.27,615.97,506.01,558.50,406.42
787.22,265.77,845.04,365.10,610.46,501.65,552.65,402.33
783.49,263.81,840.39,364.19,603.31,498.58,546.41,398.20
616.45,277.43,823.41,302.54,764.12,489.98,557.16,464.87
615.69,279.22,823.74,304.32,764.46,492.58,556.41,467.48
612.82,279.10,820.86,304.18,761.62,492.42,553.59,467.33
611.62,277.99,821.13,303.07,761.90,492.48,552.39,467.41
657.74,269.38,813.87,319.51,695.47,488.57,539.35,438.44
656.88,269.17,813.07,319.27,694.74,488.47,538.55,438.37
651.88,264.79,808.08,314.89,689.75,484.11,533.55,434.01
650.87,264.51,807.11,314.62,688.77,483.95,532.52,433.84
649.84,264.32,806.08,314.42,687.74,483.74,531.51,433.63
648.96,264.08,805.19,314.17,686.89,483.48,530.65,433.39
648.32,263.84,804.52,313.90,686.28,483.16,530.07,433.09
648.25,263.32,804.50,313.36,686.32,482.72,530.07,432.68
648.40,263.00,804.69,312.99,686.62,482.44,530.33,432.45
648.63,262.46,804.95,312.44,686.89,481.95,530.58,431.96
648.46,261.90,804.78,311.89,686.73,481.42,530.40,431.43
648.19,261.39,804.53,311.37,686.50,480.95,530.15,430.97
647.79,260.90,804.15,310.84,686.22,480.46,529.85,430.53
643.50,256.10,799.88,306.08,681.84,475.75,525.45,425.77
643.12,255.93,799.51,305.91,681.47,475.58,525.08,425.60
643.01,255.79,799.39,305.78,681.33,475.43,524.96,425.44
642.63,255.49,799.02,305.41,681.14,475.10,524.74,425.19
642.45,255.22,798.91,305.12,681.06,474.97,524.59,425.07
642.27,255.10,798.79,305.01,680.90,474.99,524.39,425.08
642.16,254.77,798.77,304.71,680.82,474.91,524.21,424.97
642.60,254.35,799.31,304.21,681.55,474.66,524.84,424.80
643.13,254.03,799.94,303.81,682.36,474.49,525.55,424.71
647.96,253.78,804.83,303.51,687.39,474.33,530.52,424.61
648.78,253.85,805.72,303.62,688.18,474.61,531.24,424.85
649.00,253.90,806.02,303.67,688.48,474.84,531.47,425.07
649.24,253.88,806.30,303.65,688.77,474.91,531.71,425.14
649.54,254.21,806.66,303.96,689.18,475.37,532.06,425.63
649.95,254.40,807.10,304.16,689.58,475.64,532.43,425.88
649.95,254.19,807.16,303.96,689.61,475.56,532.40,425.79
650.03,253.71,807.28,303.49,689.73,475.21,532.48,425.43
649.95,253.29,807.29,303.11,689.63,475.04,532.29,425.22
649.50,252.79,806.91,302.64,689.17,474.74,531.76,424.89
648.72,252.79,806.16,302.59,688.55,474.76,531.11,424.96
643.69,252.19,801.11,301.96,683.58,474.08,526.16,424.32
642.82,251.69,800.32,301.46,682.78,473.76,525.28,423.99
642.26,251.18,799.80,300.95,682.24,473.34,524.71,423.57
641.63,246.35,799.17,296.15,681.57,468.54,524.03,418.74
641.17,246.22,798.69,295.98,681.17,468.35,523.64,418.58
