1
254.606689,108.961533,151.520447,140.661682
248.332474,108.355232,151.647842,140.787704
264.993256,95.016197,151.696655,140.736877
275.760437,71.965347,151.691635,140.818283
282.295349,68.683708,151.465485,140.689774
276.680420,74.886185,151.811768,141.019669
271.608826,69.913307,151.923065,141.070908
278.835144,79.701530,151.759827,141.013748
288.880127,83.306572,151.597870,140.812561
299.521576,87.599342,151.522400,140.899796
300.976257,92.904709,151.950394,141.292023
283.785095,108.037094,151.934586,141.154739
275.955139,125.515038,151.951416,141.017227
273.682983,129.063110,151.670013,140.778320
273.787598,128.535965,151.522629,140.600693
273.146393,127.416801,151.253815,140.505707
259.222473,134.792282,151.317291,140.381683
252.019562,130.591171,151.189865,140.358307
239.236923,118.346092,150.977615,140.152771
228.663864,113.181732,151.530640,140.751526
221.353760,109.996559,151.479431,140.737839
216.779617,106.611183,151.448914,140.735703
207.838699,115.891632,151.791794,140.999588
192.159882,123.361763,151.521896,140.662476
193.450424,122.129684,151.617203,140.839539
204.250153,123.354408,151.696136,140.683945
199.721710,136.483963,151.631546,140.719971
196.833725,148.423004,151.414169,140.627487
191.221909,161.737686,151.151001,140.453857
187.322769,169.517334,151.382156,140.788620
192.585358,172.940079,151.429718,140.656952
196.459579,182.166519,151.558167,140.615723
193.584915,187.022034,151.530365,140.511337
187.731186,185.984756,151.105667,140.132355
193.607788,186.797791,151.399948,140.369446
193.988495,174.854614,151.023041,140.084518
208.745392,146.863983,150.956375,139.902756
206.138031,149.091095,150.418594,139.517548
209.222076,146.310394,150.323517,139.155991
209.966858,138.780594,150.200241,139.300491
212.514496,130.592239,150.375977,139.547836
220.578232,127.483574,150.632187,139.764435
223.283066,132.147064,150.825470,139.920593
216.615051,134.786133,150.822830,140.027313
229.164459,125.118790,150.747467,140.063278
232.300064,123.119064,150.818298,140.061844
230.179291,117.927307,151.055725,140.474808
219.692017,115.517723,151.079193,140.277191
217.181564,97.584641,151.351425,140.528091
208.058197,81.590134,151.495255,140.700592
194.859558,77.732590,151.327972,140.675415
193.669113,73.993469,151.214386,140.680710
206.630219,42.995884,151.479233,140.761520
209.440765,41.432144,151.276138,140.540710
201.855316,48.946712,151.147308,140.263885
200.443985,48.829212,151.623352,140.825562
209.924942,45.147362,152.618698,141.892410
205.036606,55.534931,152.584671,141.873291
194.831787,73.753494,151.953278,140.954025
193.591400,92.273842,152.183640,141.128876
188.877197,98.247902,152.460678,141.423065
189.169739,114.937431,152.931747,141.892914
193.996735,107.620514,153.659164,142.550308
189.572861,87.273132,153.720398,142.628632
169.188889,99.903732,154.173386,143.062378
156.552307,77.286179,153.866745,142.641174
145.606705,65.913734,154.045670,142.779724
130.726776,76.019638,154.138199,142.849503
120.178535,84.738304,154.057816,142.791733
106.784767,77.380974,153.296936,142.202515
109.254547,66.896065,153.510071,142.378204
112.308846,60.375973,153.581375,142.312561
110.653938,54.763687,153.407166,142.559097
108.428711,58.459202,152.878235,142.065247
110.896729,77.740753,152.773773,141.794785
112.198082,71.366768,152.533386,141.537888
121.926743,77.115402,152.608368,141.419113
128.344360,73.688179,152.600784,141.623779
126.055328,65.297943,152.420639,141.487183
119.551170,87.078392,152.349518,141.498749
122.715843,88.777214,152.439590,141.410248
116.202850,89.964195,152.620087,141.499374
118.056946,74.657799,153.206650,142.054001
120.390388,73.135384,153.233841,142.002594
124.750381,77.977631,152.977783,141.731842
130.840118,79.341545,153.058746,141.931137
132.955215,87.656250,153.249847,142.163971
142.480453,89.916946,152.837952,141.746262
144.998428,89.172958,152.785660,141.587418
149.040268,98.686852,152.715530,141.573975
150.554474,103.052681,152.453430,141.507812
159.126816,110.635727,152.894394,141.981659
169.124176,112.209572,152.668365,141.625122
176.895630,107.773033,152.770813,141.722946
170.833176,127.800949,152.762726,141.781052
166.334274,139.493439,152.594589,141.420212
170.833420,133.760101,152.550095,141.472397
182.133072,113.075783,152.433701,141.480942
171.463379,114.177773,152.668854,141.604156
162.632553,111.474113,153.271835,142.213852
159.102280,112.423744,153.329453,142.213028
159.893951,109.164558,153.156693,141.926498
154.523315,106.390411,153.211807,141.846115
154.933517,114.384270,152.635147,141.283356
149.882919,117.667053,152.468491,141.132477
152.477676,122.608124,152.395340,140.964371
149.785858,124.293396,152.531601,141.140976
159.076538,114.435616,152.501694,141.122025
175.703278,105.019432,152.614090,141.284866
160.346939,98.308899,152.937180,141.510925
151.784851,89.162277,152.950317,141.613129
146.774292,76.473663,153.022690,141.654297
144.222992,59.969746,153.285446,141.867279
127.084366,52.986095,153.356247,141.790543
104.644875,52.180756,153.518524,141.964218
106.649330,32.659061,153.340927,141.881638
113.270691,28.367151,153.248917,141.880020
123.333321,43.206493,153.125580,141.711166
109.975365,51.405785,153.278442,142.071503
92.628128,56.156582,153.877518,142.841980
100.056839,65.785217,153.379929,142.291733
115.493202,79.149307,153.157944,141.854370
116.342384,78.826973,153.060257,141.490128
125.380554,85.957932,152.651917,140.980789
119.906723,79.053726,152.659149,141.008575
123.557739,80.899376,152.694809,141.013931
140.315689,85.345314,152.434952,140.739929
138.357758,80.133347,152.800385,141.124390
145.739517,78.632729,152.858261,141.096497
131.166565,88.833923,153.373199,141.828583
146.995361,74.797508,152.868118,140.800003
145.634827,83.573959,152.386414,140.599670
142.972656,85.159210,152.442276,140.739975
139.450226,78.632607,152.474670,140.937256
137.325241,80.137543,152.968887,141.252060
137.190277,83.381226,152.843719,141.204086
140.727295,88.786690,152.984818,141.410629
140.792831,89.075180,153.531570,141.714462
148.438538,100.335167,153.795929,141.989868
157.354904,106.391716,153.999283,142.091705
161.430328,105.065948,153.895554,142.109634
162.672958,95.964867,154.582443,142.794281
163.646713,98.238098,154.846298,142.827972
187.150940,82.543358,154.833984,142.754150
186.758942,78.342026,155.436569,143.808472
177.145386,82.934105,155.985580,144.526978
174.100327,94.797150,156.296158,144.692642
179.588104,93.610550,155.519913,143.825943
190.587494,94.351273,155.877182,144.103668
183.596298,103.829048,156.040573,144.304550
177.357910,114.171066,156.219498,144.287567
178.963745,122.330437,156.178741,144.379120
194.084854,127.851562,156.780350,144.888977
199.011978,142.654205,156.369049,144.496780
215.365387,141.215790,156.762833,144.738586
198.420135,141.812042,156.627380,144.376556
189.536224,158.892685,156.385010,144.059326
191.750534,153.036774,156.811737,144.391800
201.030746,139.244354,157.189819,144.661530
209.575668,129.810303,156.821625,144.225296
198.435196,123.613235,157.140869,144.576996
192.496872,126.291687,157.135284,144.146774
200.774338,133.776733,157.553696,144.499619
210.919006,128.521027,157.828995,144.771667
219.403687,131.422958,157.336273,144.191879
222.897842,126.690826,157.395126,144.266052
219.915710,129.234695,158.047913,145.129791
224.925537,131.441544,158.038345,145.111099
210.977493,129.209824,157.860367,144.982834
213.489151,136.149094,157.637100,144.754898
213.323410,141.667786,157.401840,144.603699
203.649872,138.229095,157.197693,144.543625
204.141006,146.566940,156.744873,144.204788
194.773575,151.418106,157.374725,144.787415
199.002945,150.196136,156.975082,144.461136
194.760117,149.169266,157.022446,144.614655
185.431046,147.392212,157.083801,144.653580
203.329422,145.105438,156.713150,144.311844
207.338745,141.104691,156.897522,144.439240
205.589142,141.258270,156.866669,144.408142
206.958801,143.271469,157.296631,144.776398
210.809708,135.939621,157.544662,144.822556
208.353714,135.544662,157.744003,145.156937
203.538971,137.148361,158.198486,145.616150
201.725342,136.040085,158.208679,145.600433
202.799103,132.814575,158.236725,145.678055
207.664658,131.315170,158.355331,145.697479
206.057495,135.337585,158.156738,145.347214
206.227722,138.036865,158.260895,145.516586
205.683243,139.598526,157.792694,145.124847
205.197861,149.142990,157.356476,144.727386
199.644104,149.041229,158.236755,145.272644
204.815002,148.113144,157.874298,145.058365
205.267792,148.535889,157.793167,145.037964
207.378235,149.795517,157.628891,145.009720
