1
263.875000,91.666664,69.000000,36.000000
264.458344,94.875000,69.000000,36.000000
264.750000,97.500000,69.000000,36.000000
264.750000,100.125000,69.000000,36.000000
264.166656,101.875000,69.000000,36.000000
263.583344,103.625000,69.000000,36.000000
262.416656,105.375000,69.000000,36.000000
260.666656,105.375000,69.000000,36.000000
258.916656,106.541664,69.000000,36.000000
257.166656,106.541664,69.000000,36.000000
257.166656,106.541664,69.000000,36.000000
257.166656,106.541664,69.000000,36.000000
257.166656,106.541664,69.000000,36.000000
255.416672,106.541664,69.000000,36.000000
255.416672,106.541664,69.000000,36.000000
255.416672,105.666664,69.000000,36.000000
253.666672,105.666664,69.000000,36.000000
252.500000,105.666664,69.000000,36.000000
251.916672,104.791664,69.000000,36.000000
250.166672,104.791664,69.000000,36.000000
249.000000,104.500000,69.000000,36.000000
247.250000,103.625000,69.000000,36.000000
245.500000,103.041664,69.000000,36.000000
243.750000,102.750000,69.000000,36.000000
242.000000,101.291664,69.000000,36.000000
240.250000,101.291664,69.000000,36.000000
238.500000,99.833336,69.000000,36.000000
237.041672,99.541664,69.000000,36.000000
236.458328,98.666664,69.000000,36.000000
235.000000,98.666664,69.000000,36.000000
232.958328,98.083336,69.000000,36.000000
230.916672,97.500000,69.000000,36.000000
229.166672,96.916664,69.000000,36.000000
227.708328,97.208336,69.000000,36.000000
226.541672,97.791664,69.000000,36.000000
225.375000,98.666664,69.000000,36.000000
224.208328,100.125000,69.000000,36.000000
222.750000,101.875000,69.000000,36.000000
222.458328,102.750000,69.000000,36.000000
222.458328,104.500000,69.000000,36.000000
223.625000,105.083336,69.000000,36.000000
224.208328,105.375000,69.000000,36.000000
225.958328,106.833336,69.000000,36.000000
226.541672,108.291664,69.000000,36.000000
227.416672,108.583336,69.000000,36.000000
227.708328,108.291664,69.000000,36.000000
228.000000,107.708336,69.000000,36.000000
228.875000,107.416664,69.000000,36.000000
229.166672,108.000000,69.000000,36.000000
230.041672,108.291664,69.000000,36.000000
230.041672,108.000000,69.000000,36.000000
230.041672,106.541664,69.000000,36.000000
231.791672,107.125000,69.000000,36.000000
232.083328,106.833336,69.000000,36.000000
232.375000,107.125000,69.000000,36.000000
232.958328,105.666664,69.000000,36.000000
233.250000,105.375000,69.000000,36.000000
233.833328,105.375000,69.000000,36.000000
234.125000,105.375000,69.000000,36.000000
234.125000,106.541664,69.000000,36.000000
234.125000,107.416664,69.000000,36.000000
234.416672,108.000000,69.000000,36.000000
233.833328,109.750000,69.000000,36.000000
233.833328,109.750000,69.000000,36.000000
234.416672,109.750000,69.000000,36.000000
234.125000,110.625000,69.000000,36.000000
234.416672,111.208336,69.000000,36.000000
234.416672,112.083336,69.000000,36.000000
234.416672,112.375000,69.000000,36.000000
235.000000,113.250000,69.000000,36.000000
236.166672,113.250000,69.000000,36.000000
236.458328,112.083336,69.000000,36.000000
236.458328,112.083336,69.000000,36.000000
236.750000,112.083336,69.000000,36.000000
236.458328,112.083336,69.000000,36.000000
236.458328,111.791664,69.000000,36.000000
237.041672,111.791664,69.000000,36.000000
236.166672,111.791664,69.000000,36.000000
235.875000,111.791664,69.000000,36.000000
235.583328,111.791664,69.000000,36.000000
235.875000,111.791664,69.000000,36.000000
236.458328,111.791664,69.000000,36.000000
236.458328,111.791664,69.000000,36.000000
236.458328,111.791664,69.000000,36.000000
236.458328,111.791664,69.000000,36.000000
236.458328,110.916664,69.000000,36.000000
236.458328,111.791664,69.000000,36.000000
236.458328,110.041664,69.000000,36.000000
236.750000,110.625000,69.000000,36.000000
236.750000,110.333336,69.000000,36.000000
236.750000,111.208336,69.000000,36.000000
236.750000,110.625000,69.000000,36.000000
238.208328,110.333336,69.000000,36.000000
237.916672,110.041664,69.000000,36.000000
237.333328,109.458336,69.000000,36.000000
236.750000,109.166664,69.000000,36.000000
237.333328,108.875000,69.000000,36.000000
237.333328,108.875000,69.000000,36.000000
238.208328,108.291664,69.000000,36.000000
238.500000,108.291664,69.000000,36.000000
240.541672,107.708336,69.000000,36.000000
242.291672,107.125000,69.000000,36.000000
244.041672,106.833336,69.000000,36.000000
245.500000,106.541664,69.000000,36.000000
246.958328,105.958336,69.000000,36.000000
248.125000,105.375000,69.000000,36.000000
247.250000,105.375000,69.000000,36.000000
246.083328,105.083336,69.000000,36.000000
245.791672,105.375000,69.000000,36.000000
245.500000,105.375000,69.000000,36.000000
246.083328,105.375000,69.000000,36.000000
247.541672,105.666664,69.000000,36.000000
249.000000,104.208336,69.000000,36.000000
247.833328,103.625000,69.000000,36.000000
246.666672,102.750000,69.000000,36.000000
249.583328,104.208336,69.000000,36.000000
250.458328,103.916664,69.000000,36.000000
245.791672,104.500000,69.000000,36.000000
246.666672,103.916664,69.000000,36.000000
243.458328,104.208336,69.000000,36.000000
240.541672,109.166664,69.000000,36.000000
239.083328,110.625000,69.000000,36.000000
242.291672,112.375000,69.000000,36.000000
243.458328,115.000000,69.000000,36.000000
245.208328,119.375000,69.000000,36.000000
247.250000,124.916664,69.000000,36.000000
247.541672,125.500000,69.000000,36.000000
246.958328,124.916664,69.000000,36.000000
246.083328,126.958336,69.000000,36.000000
244.916672,127.833336,69.000000,36.000000
244.625000,129.000000,69.000000,36.000000
243.458328,129.583328,69.000000,36.000000
242.000000,130.166672,69.000000,36.000000
240.541672,130.750000,69.000000,36.000000
238.500000,130.458328,69.000000,36.000000
237.333328,129.875000,69.000000,36.000000
235.291672,131.041672,69.000000,36.000000
233.833328,131.625000,69.000000,36.000000
232.666672,132.500000,69.000000,36.000000
231.500000,132.500000,69.000000,36.000000
230.333328,133.666672,69.000000,36.000000
228.583328,135.416672,69.000000,36.000000
227.708328,135.416672,69.000000,36.000000
226.250000,135.416672,69.000000,36.000000
224.500000,136.000000,69.000000,36.000000
223.041672,136.291672,69.000000,36.000000
221.583328,135.125000,69.000000,36.000000
221.000000,136.291672,69.000000,36.000000
218.958328,138.625000,69.000000,36.000000
217.500000,140.375000,69.000000,36.000000
215.750000,141.541672,69.000000,36.000000
215.166672,144.166672,69.000000,36.000000
214.291672,144.166672,69.000000,36.000000
213.125000,144.750000,69.000000,36.000000
211.666672,144.750000,69.000000,36.000000
210.791672,144.166672,69.000000,36.000000
209.625000,145.333328,69.000000,36.000000
208.458328,146.500000,69.000000,36.000000
207.000000,147.375000,69.000000,36.000000
205.541672,147.666672,69.000000,36.000000
205.541672,146.791672,69.000000,36.000000
205.250000,146.208328,69.000000,36.000000
204.958328,145.916672,69.000000,36.000000
211.666672,143.291672,69.000000,36.000000
210.208328,143.583328,69.000000,36.000000
212.250000,144.166672,69.000000,36.000000
214.000000,144.166672,69.000000,36.000000
2
0
0
0
0
1
160.879944,88.985001,60.540001,56.889999
158.922775,88.006416,60.540001,56.889999
156.965607,86.701637,60.540001,56.889999
155.987030,85.723053,60.540001,56.889999
155.008438,84.744469,60.540001,56.889999
153.377472,82.787308,60.540001,56.889999
153.051285,81.482529,60.540001,56.889999
153.051285,82.134918,60.540001,56.889999
153.051285,84.418282,60.540001,56.889999
153.377472,85.070663,60.540001,56.889999
151.746506,85.070663,60.540001,56.889999
150.441727,85.723053,60.540001,56.889999
149.136948,85.396858,60.540001,56.889999
148.484558,85.396858,60.540001,56.889999
147.505966,83.439697,60.540001,56.889999
147.179779,83.439697,60.540001,56.889999
147.179779,83.439697,60.540001,56.889999
145.548813,83.439697,60.540001,56.889999
144.570221,83.439697,60.540001,56.889999
142.939255,81.808723,60.540001,56.889999
142.939255,81.808723,60.540001,56.889999
142.939255,80.503944,60.540001,56.889999
142.939255,80.830139,60.540001,56.889999
142.939255,80.830139,60.540001,56.889999
142.939255,80.830139,60.540001,56.889999
142.939255,80.830139,60.540001,56.889999
142.939255,81.808723,60.540001,56.889999
142.939255,81.482529,60.540001,56.889999
142.613052,81.156334,60.540001,56.889999
142.613052,80.830139,60.540001,56.889999
141.960663,80.830139,60.540001,56.889999
141.634476,80.830139,60.540001,56.889999
141.308273,80.830139,60.540001,56.889999
141.308273,81.482529,60.540001,56.889999
141.634476,81.482529,60.540001,56.889999
142.286865,81.156334,60.540001,56.889999
142.613052,81.808723,60.540001,56.889999
142.939255,82.461113,60.540001,56.889999
141.634476,82.461113,60.540001,56.889999
141.634476,83.439697,60.540001,56.889999
142.613052,83.439697,60.540001,56.889999
142.939255,83.439697,60.540001,56.889999
142.939255,82.787308,60.540001,56.889999
143.591644,82.787308,60.540001,56.889999
142.939255,82.787308,60.540001,56.889999
141.634476,81.482529,60.540001,56.889999
140.982086,81.482529,60.540001,56.889999
140.982086,82.461113,60.540001,56.889999
140.003494,82.461113,60.540001,56.889999
139.677307,82.461113,60.540001,56.889999
139.677307,82.461113,60.540001,56.889999
140.003494,83.113503,60.540001,56.889999
140.003494,83.113503,60.540001,56.889999
140.329697,83.113503,60.540001,56.889999
140.329697,82.461113,60.540001,56.889999
139.677307,82.134918,60.540001,56.889999
139.351105,82.461113,60.540001,56.889999
139.351105,82.461113,60.540001,56.889999
139.351105,83.113503,60.540001,56.889999
139.677307,83.113503,60.540001,56.889999
139.677307,83.113503,60.540001,56.889999
140.003494,83.113503,60.540001,56.889999
140.003494,83.113503,60.540001,56.889999
140.003494,83.113503,60.540001,56.889999
140.003494,83.113503,60.540001,56.889999
139.024918,81.808723,60.540001,56.889999
138.372528,81.808723,60.540001,56.889999
138.372528,81.482529,60.540001,56.889999
138.046326,81.482529,60.540001,56.889999
138.046326,81.482529,60.540001,56.889999
138.046326,81.808723,60.540001,56.889999
138.046326,81.808723,60.540001,56.889999
138.046326,81.808723,60.540001,56.889999
136.089172,81.808723,60.540001,56.889999
136.089172,81.808723,60.540001,56.889999
135.110580,81.482529,60.540001,56.889999
134.458191,81.482529,60.540001,56.889999
134.458191,81.808723,60.540001,56.889999
134.784393,81.156334,60.540001,56.889999
134.132004,81.156334,60.540001,56.889999
134.132004,80.177750,60.540001,56.889999
134.458191,79.851555,60.540001,56.889999
135.110580,79.851555,60.540001,56.889999
135.762970,79.851555,60.540001,56.889999
137.720139,79.851555,60.540001,56.889999
138.372528,79.851555,60.540001,56.889999
139.351105,79.525360,60.540001,56.889999
138.372528,77.894386,60.540001,56.889999
138.372528,77.241997,60.540001,56.889999
138.698715,77.241997,60.540001,56.889999
139.024918,76.915810,60.540001,56.889999
139.351105,76.589607,60.540001,56.889999
139.677307,76.915810,60.540001,56.889999
139.677307,76.915810,60.540001,56.889999
140.329697,76.589607,60.540001,56.889999
140.003494,76.263420,60.540001,56.889999
139.677307,76.263420,60.540001,56.889999
139.024918,76.263420,60.540001,56.889999
139.024918,75.937225,60.540001,56.889999
139.677307,75.611031,60.540001,56.889999
140.003494,75.284836,60.540001,56.889999
139.677307,75.611031,60.540001,56.889999
139.677307,75.937225,60.540001,56.889999
139.024918,75.284836,60.540001,56.889999
139.351105,74.306252,60.540001,56.889999
139.351105,73.980057,60.540001,56.889999
139.351105,73.980057,60.540001,56.889999
139.351105,73.980057,60.540001,56.889999
139.677307,73.980057,60.540001,56.889999
139.677307,73.001472,60.540001,56.889999
140.329697,73.001472,60.540001,56.889999
140.982086,73.001472,60.540001,56.889999
140.982086,73.001472,60.540001,56.889999
140.982086,73.001472,60.540001,56.889999
141.634476,73.001472,60.540001,56.889999
141.308273,73.327667,60.540001,56.889999
141.634476,73.980057,60.540001,56.889999
141.308273,74.632446,60.540001,56.889999
141.634476,74.958641,60.540001,56.889999
141.634476,75.611031,60.540001,56.889999
141.960663,75.611031,60.540001,56.889999
141.960663,76.263420,60.540001,56.889999
142.286865,76.589607,60.540001,56.889999
141.960663,77.241997,60.540001,56.889999
142.286865,77.241997,60.540001,56.889999
142.613052,77.241997,60.540001,56.889999
142.613052,77.568192,60.540001,56.889999
142.939255,77.568192,60.540001,56.889999
142.613052,77.894386,60.540001,56.889999
142.613052,78.220581,60.540001,56.889999
142.939255,78.546776,60.540001,56.889999
142.939255,78.872971,60.540001,56.889999
142.939255,79.525360,60.540001,56.889999
142.939255,79.525360,60.540001,56.889999
142.939255,79.525360,60.540001,56.889999
142.286865,80.503944,60.540001,56.889999
142.286865,80.830139,60.540001,56.889999
141.634476,81.482529,60.540001,56.889999
140.982086,81.156334,60.540001,56.889999
140.003494,81.156334,60.540001,56.889999
138.698715,82.134918,60.540001,56.889999
138.372528,82.787308,60.540001,56.889999
138.372528,82.787308,60.540001,56.889999
139.677307,83.439697,60.540001,56.889999
141.308273,82.461113,60.540001,56.889999
142.286865,81.482529,60.540001,56.889999
142.613052,81.156334,60.540001,56.889999
142.939255,80.503944,60.540001,56.889999
143.265442,81.156334,60.540001,56.889999
144.244034,82.134918,60.540001,56.889999
144.570221,81.482529,60.540001,56.889999
141.960663,82.134918,60.540001,56.889999
137.393951,81.808723,60.540001,56.889999
135.110580,82.461113,60.540001,56.889999
135.436783,82.134918,60.540001,56.889999
137.393951,80.830139,60.540001,56.889999
138.046326,80.177750,60.540001,56.889999
140.003494,78.872971,60.540001,56.889999
141.960663,78.546776,60.540001,56.889999
143.917831,77.894386,60.540001,56.889999
146.527390,75.937225,60.540001,56.889999
147.179779,75.611031,60.540001,56.889999
147.832169,75.284836,60.540001,56.889999
149.463135,73.980057,60.540001,56.889999
150.441727,73.980057,60.540001,56.889999
152.072693,72.349083,60.540001,56.889999
153.703674,72.022888,60.540001,56.889999
155.660828,72.022888,60.540001,56.889999
157.291809,71.696693,60.540001,56.889999
159.248978,71.370499,60.540001,56.889999
160.227554,72.022888,60.540001,56.889999
162.184723,70.718109,60.540001,56.889999
164.468079,68.760941,60.540001,56.889999
166.751450,67.782364,60.540001,56.889999
168.382416,68.108559,60.540001,56.889999
169.034805,68.108559,60.540001,56.889999
170.665771,67.456169,60.540001,56.889999
170.339584,67.782364,60.540001,56.889999
171.644363,67.456169,60.540001,56.889999
172.296753,67.456169,60.540001,56.889999
173.275330,67.456169,60.540001,56.889999
175.232498,66.803780,60.540001,56.889999
177.515854,65.825195,60.540001,56.889999
179.799225,64.846611,60.540001,56.889999
176.537277,66.803780,60.540001,56.889999
173.275330,67.456169,60.540001,56.889999
170.665771,68.108559,60.540001,56.889999
171.318161,68.434753,60.540001,56.889999
172.949142,67.782364,60.540001,56.889999
171.644363,69.413330,60.540001,56.889999
172.949142,69.087135,60.540001,56.889999
172.622940,68.760941,60.540001,56.889999
172.949142,69.087135,60.540001,56.889999
172.949142,69.087135,60.540001,56.889999
172.949142,69.087135,60.540001,56.889999
172.296753,68.760941,60.540001,56.889999
172.296753,68.108559,60.540001,56.889999
170.991974,69.087135,60.540001,56.889999
172.296753,68.760941,60.540001,56.889999
170.991974,68.760941,60.540001,56.889999
172.949142,67.782364,60.540001,56.889999
172.949142,67.782364,60.540001,56.889999
174.253922,67.456169,60.540001,56.889999
175.232498,66.803780,60.540001,56.889999
174.253922,66.803780,60.540001,56.889999
174.580109,66.803780,60.540001,56.889999
171.644363,68.434753,60.540001,56.889999
170.665771,66.803780,60.540001,56.889999
173.275330,67.456169,60.540001,56.889999
174.253922,67.456169,60.540001,56.889999
174.253922,66.803780,60.540001,56.889999
174.580109,67.129974,60.540001,56.889999
174.580109,67.456169,60.540001,56.889999
175.884888,67.129974,60.540001,56.889999
176.211090,67.782364,60.540001,56.889999
176.211090,67.782364,60.540001,56.889999
174.906311,68.760941,60.540001,56.889999
175.558701,67.456169,60.540001,56.889999
175.884888,67.129974,60.540001,56.889999
176.211090,67.456169,60.540001,56.889999
177.515854,67.456169,60.540001,56.889999
177.842056,67.456169,60.540001,56.889999
177.515854,67.782364,60.540001,56.889999
174.253922,64.520416,60.540001,56.889999
170.665771,63.541832,60.540001,56.889999
167.730026,63.868027,60.540001,56.889999
171.970551,64.846611,60.540001,56.889999
175.558701,63.868027,60.540001,56.889999
177.842056,65.499001,60.540001,56.889999
179.146835,65.172806,60.540001,56.889999
182.408783,61.258472,60.540001,56.889999
185.670715,57.996529,60.540001,56.889999
2
0
0
0
0
1
151.668503,102.499252,72.540001,52.290001
150.281494,102.499252,72.540001,52.290001
148.894501,102.499252,72.540001,52.290001
148.201004,102.499252,72.540001,52.290001
147.507507,102.499252,72.540001,52.290001
147.160751,102.499252,72.540001,52.290001
146.120499,102.499252,72.540001,52.290001
145.427002,101.805748,72.540001,52.290001
144.733505,101.805748,72.540001,52.290001
143.693253,101.459000,72.540001,52.290001
143.346497,100.418747,72.540001,52.290001
142.999756,99.378502,72.540001,52.290001
142.306244,97.644753,72.540001,52.290001
142.306244,97.297997,72.540001,52.290001
141.612747,96.951248,72.540001,52.290001
141.612747,96.257751,72.540001,52.290001
141.612747,95.911003,72.540001,52.290001
141.612747,95.911003,72.540001,52.290001
141.612747,95.911003,72.540001,52.290001
141.612747,95.911003,72.540001,52.290001
141.612747,95.911003,72.540001,52.290001
141.612747,95.911003,72.540001,52.290001
141.612747,95.911003,72.540001,52.290001
141.612747,95.911003,72.540001,52.290001
142.653000,96.951248,72.540001,52.290001
143.693253,97.297997,72.540001,52.290001
146.120499,98.338249,72.540001,52.290001
146.467255,99.031754,72.540001,52.290001
148.201004,101.112251,72.540001,52.290001
147.854248,103.192749,72.540001,52.290001
146.813995,103.192749,72.540001,52.290001
144.733505,103.886253,72.540001,52.290001
142.653000,103.192749,72.540001,52.290001
140.572495,103.192749,72.540001,52.290001
140.225754,103.192749,72.540001,52.290001
137.104996,102.846001,72.540001,52.290001
134.330994,104.579750,72.540001,52.290001
133.984253,104.579750,72.540001,52.290001
132.944000,105.273247,72.540001,52.290001
130.516754,106.660248,72.540001,52.290001
128.436249,106.313499,72.540001,52.290001
128.436249,106.660248,72.540001,52.290001
128.089493,106.313499,72.540001,52.290001
124.622002,107.353752,72.540001,52.290001
122.541496,106.660248,72.540001,52.290001
121.848000,107.700500,72.540001,52.290001
120.114250,109.434250,72.540001,52.290001
118.033752,110.474503,72.540001,52.290001
118.033752,109.780998,72.540001,52.290001
117.686996,109.780998,72.540001,52.290001
115.953247,110.821251,72.540001,52.290001
115.606499,111.514748,72.540001,52.290001
114.566254,111.861504,72.540001,52.290001
112.485748,111.861504,72.540001,52.290001
111.792252,111.861504,72.540001,52.290001
111.792252,111.861504,72.540001,52.290001
111.792252,111.861504,72.540001,52.290001
111.792252,111.861504,72.540001,52.290001
111.792252,112.555000,72.540001,52.290001
111.792252,112.555000,72.540001,52.290001
111.792252,112.208252,72.540001,52.290001
111.098747,111.861504,72.540001,52.290001
111.098747,112.208252,72.540001,52.290001
109.711746,111.514748,72.540001,52.290001
109.018250,110.821251,72.540001,52.290001
109.018250,110.821251,72.540001,52.290001
107.631248,110.821251,72.540001,52.290001
106.591003,110.821251,72.540001,52.290001
105.550751,110.821251,72.540001,52.290001
104.163750,110.821251,72.540001,52.290001
102.083252,111.167999,72.540001,52.290001
101.389748,112.555000,72.540001,52.290001
101.736504,112.901749,72.540001,52.290001
102.083252,112.555000,72.540001,52.290001
102.083252,112.555000,72.540001,52.290001
102.083252,112.901749,72.540001,52.290001
102.430000,112.901749,72.540001,52.290001
102.776749,112.901749,72.540001,52.290001
102.430000,112.901749,72.540001,52.290001
101.389748,112.901749,72.540001,52.290001
101.389748,112.901749,72.540001,52.290001
99.655998,113.942001,72.540001,52.290001
98.615753,113.942001,72.540001,52.290001
98.268997,113.942001,72.540001,52.290001
97.922249,112.901749,72.540001,52.290001
96.535248,113.595253,72.540001,52.290001
95.148247,113.942001,72.540001,52.290001
94.108002,113.942001,72.540001,52.290001
93.067749,113.942001,72.540001,52.290001
90.987251,113.595253,72.540001,52.290001
88.906754,113.942001,72.540001,52.290001
88.906754,114.635498,72.540001,52.290001
87.866501,114.982246,72.540001,52.290001
86.132751,114.982246,72.540001,52.290001
84.745750,114.982246,72.540001,52.290001
84.052254,115.675751,72.540001,52.290001
81.971748,115.675751,72.540001,52.290001
79.891251,115.675751,72.540001,52.290001
78.157501,115.675751,72.540001,52.290001
76.770500,113.942001,72.540001,52.290001
76.077003,113.942001,72.540001,52.290001
74.343246,114.635498,72.540001,52.290001
73.649750,114.635498,72.540001,52.290001
72.956253,116.716003,72.540001,52.290001
70.875748,116.716003,72.540001,52.290001
70.182251,116.022499,72.540001,52.290001
68.101753,117.756248,72.540001,52.290001
66.367996,118.796501,72.540001,52.290001
64.634247,119.489998,72.540001,52.290001
63.247250,120.530251,72.540001,52.290001
60.473251,120.876999,72.540001,52.290001
58.046001,120.876999,72.540001,52.290001
57.352501,122.957497,72.540001,52.290001
53.538250,125.038002,72.540001,52.290001
50.070751,127.118500,72.540001,52.290001
47.296749,129.892502,72.540001,52.290001
46.256500,127.811996,72.540001,52.290001
47.643501,124.344498,72.540001,52.290001
46.950001,121.917252,72.540001,52.290001
45.216251,120.183502,72.540001,52.290001
42.095501,119.489998,72.540001,52.290001
40.361752,117.756248,72.540001,52.290001
39.321499,116.716003,72.540001,52.290001
39.668251,118.102997,72.540001,52.290001
38.974751,118.449753,72.540001,52.290001
37.934502,118.102997,72.540001,52.290001
37.587749,118.796501,72.540001,52.290001
37.587749,118.102997,72.540001,52.290001
36.200748,120.183502,72.540001,52.290001
35.854000,122.610748,72.540001,52.290001
35.507252,121.917252,72.540001,52.290001
38.281250,128.158752,72.540001,52.290001
40.361752,126.425003,72.540001,52.290001
39.321499,131.279495,72.540001,52.290001
39.668251,133.706757,72.540001,52.290001
37.934502,136.134003,72.540001,52.290001
38.281250,138.214493,72.540001,52.290001
39.321499,140.294998,72.540001,52.290001
37.934502,143.415756,72.540001,52.290001
36.547501,143.069000,72.540001,52.290001
36.200748,142.028748,72.540001,52.290001
35.854000,144.109253,72.540001,52.290001
35.507252,145.149506,72.540001,52.290001
28.225500,152.431244,72.540001,52.290001
24.411249,154.511749,72.540001,52.290001
20.943750,156.938995,72.540001,52.290001
18.169750,158.672745,72.540001,52.290001
15.049000,161.100006,72.540001,52.290001
12.621750,162.833755,72.540001,52.290001
9.847750,164.914246,72.540001,52.290001
8.460750,166.994751,72.540001,52.290001
7.420500,168.035004,72.540001,52.290001
6.727000,169.421997,72.540001,52.290001
6.727000,170.115494,72.540001,52.290001
6.727000,171.155746,72.540001,52.290001
6.380250,173.582993,72.540001,52.290001
6.380250,175.316757,72.540001,52.290001
6.380250,175.663498,72.540001,52.290001
7.420500,176.010254,72.540001,52.290001
8.114000,175.316757,72.540001,52.290001
7.420500,175.316757,72.540001,52.290001
6.727000,176.010254,72.540001,52.290001
7.073750,176.356995,72.540001,52.290001
8.807500,176.356995,72.540001,52.290001
9.847750,175.663498,72.540001,52.290001
11.581500,174.276505,72.540001,52.290001
11.581500,174.276505,72.540001,52.290001
11.928250,174.276505,72.540001,52.290001
12.275000,174.276505,72.540001,52.290001
13.315250,173.929749,72.540001,52.290001
14.008750,173.929749,72.540001,52.290001
14.008750,173.929749,72.540001,52.290001
16.089251,173.929749,72.540001,52.290001
18.169750,174.276505,72.540001,52.290001
23.024250,176.356995,72.540001,52.290001
24.757999,177.050507,72.540001,52.290001
29.612499,178.437500,72.540001,52.290001
27.532000,176.356995,72.540001,52.290001
27.532000,176.010254,72.540001,52.290001
27.532000,176.010254,72.540001,52.290001
36.547501,176.010254,72.540001,52.290001
42.095501,176.356995,72.540001,52.290001
30.306000,173.582993,72.540001,52.290001
43.135750,176.356995,72.540001,52.290001
45.216251,176.356995,72.540001,52.290001
45.909752,176.356995,72.540001,52.290001
33.773499,174.276505,72.540001,52.290001
34.120251,173.582993,72.540001,52.290001
33.773499,170.115494,72.540001,52.290001
35.160500,166.994751,72.540001,52.290001
38.281250,166.994751,72.540001,52.290001
40.361752,166.994751,72.540001,52.290001
42.789001,166.994751,72.540001,52.290001
44.522751,167.341507,72.540001,52.290001
47.296749,169.075256,72.540001,52.290001
52.151249,170.115494,72.540001,52.290001
58.392750,171.849243,72.540001,52.290001
67.061501,173.236252,72.540001,52.290001
70.875748,173.236252,72.540001,52.290001
75.036751,173.582993,72.540001,52.290001
76.770500,173.236252,72.540001,52.290001
79.891251,173.236252,72.540001,52.290001
80.931503,173.236252,72.540001,52.290001
81.278252,172.889496,72.540001,52.290001
83.012001,173.236252,72.540001,52.290001
83.358749,172.542755,72.540001,52.290001
83.358749,172.195999,72.540001,52.290001
83.358749,172.195999,72.540001,52.290001
82.318497,172.195999,72.540001,52.290001
84.052254,172.195999,72.540001,52.290001
84.052254,172.889496,72.540001,52.290001
84.052254,173.236252,72.540001,52.290001
84.399002,174.276505,72.540001,52.290001
86.132751,173.929749,72.540001,52.290001
86.826248,174.623245,72.540001,52.290001
85.786003,174.276505,72.540001,52.290001
85.786003,175.316757,72.540001,52.290001
85.092499,174.623245,72.540001,52.290001
79.197746,176.356995,72.540001,52.290001
61.513500,175.316757,72.540001,52.290001
67.061501,171.155746,72.540001,52.290001
83.705498,176.010254,72.540001,52.290001
96.535248,178.090744,72.540001,52.290001
103.470253,180.171249,72.540001,52.290001
110.405251,180.518005,72.540001,52.290001
116.993500,182.945251,72.540001,52.290001
125.315498,185.372498,72.540001,52.290001
112.139000,186.412750,72.540001,52.290001
98.615753,186.412750,72.540001,52.290001
104.857246,188.146500,72.540001,52.290001
110.751999,193.347748,72.540001,52.290001
116.300003,193.347748,72.540001,52.290001
122.541496,194.734756,72.540001,52.290001
129.129745,194.734756,72.540001,52.290001
139.185501,202.710007,72.540001,52.290001
143.693253,203.750244,72.540001,52.290001
142.999756,203.056747,72.540001,52.290001
144.733505,205.137253,72.540001,52.290001
152.362000,202.363251,72.540001,52.290001
155.829498,202.016495,72.540001,52.290001
164.845001,200.976257,72.540001,52.290001
174.900757,201.322998,72.540001,52.290001
178.714996,204.790497,72.540001,52.290001
180.102005,201.669754,72.540001,52.290001
181.142242,202.363251,72.540001,52.290001
183.222748,204.097000,72.540001,52.290001
191.891495,202.710007,72.540001,52.290001
199.520004,201.669754,72.540001,52.290001
204.374496,201.322998,72.540001,52.290001
202.987503,201.322998,72.540001,52.290001
214.776993,200.282745,72.540001,52.290001
218.244507,204.097000,72.540001,52.290001
219.631500,199.936005,72.540001,52.290001
222.405502,200.282745,72.540001,52.290001
228.300247,200.282745,72.540001,52.290001
226.219757,198.895752,72.540001,52.290001
229.340500,200.282745,72.540001,52.290001
238.009247,204.097000,72.540001,52.290001
236.622253,200.976257,72.540001,52.290001
238.702744,200.629501,72.540001,52.290001
243.210495,201.669754,72.540001,52.290001
255.693497,203.403503,72.540001,52.290001
262.975250,202.016495,72.540001,52.290001
236.968994,196.468506,72.540001,52.290001
239.742996,195.081497,72.540001,52.290001
237.315750,193.347748,72.540001,52.290001
217.550995,195.081497,72.540001,52.290001
217.550995,196.815247,72.540001,52.290001
218.591248,197.162003,72.540001,52.290001
2
