1
191.000000,333.000000,56.000000,143.000000
200.000000,343.000000,56.000000,142.000000
201.000000,353.000000,56.000000,142.000000
205.000000,351.000000,55.000000,140.000000
208.000000,365.000000,55.000000,140.000000
213.000000,356.000000,55.000000,139.000000
234.000000,370.000000,55.000000,141.000000
244.000000,384.000000,55.000000,141.000000
254.000000,393.000000,55.000000,141.000000
269.000000,389.000000,55.000000,139.000000
280.000000,386.000000,54.000000,138.000000
292.000000,371.000000,54.000000,137.000000
310.000000,368.000000,54.000000,137.000000
327.000000,364.000000,54.000000,137.000000
327.000000,375.000000,54.000000,137.000000
344.000000,349.000000,54.000000,137.000000
384.000000,370.000000,54.000000,137.000000
406.000000,382.000000,54.000000,137.000000
422.000000,400.000000,53.000000,135.000000
433.000000,444.000000,53.000000,135.000000
440.000000,436.000000,53.000000,135.000000
449.000000,424.000000,54.000000,138.000000
436.000000,457.000000,54.000000,138.000000
443.000000,395.000000,54.000000,138.000000
458.000000,367.000000,54.000000,138.000000
516.000000,394.000000,54.000000,138.000000
521.000000,409.000000,54.000000,138.000000
541.000000,391.000000,54.000000,138.000000
546.000000,406.000000,54.000000,138.000000
523.000000,421.000000,54.000000,137.000000
518.000000,403.000000,54.000000,137.000000
515.000000,383.000000,54.000000,137.000000
507.000000,370.000000,54.000000,137.000000
2
0
0
0
0
1
554.000000,264.000000,323.000000,193.000000
536.000000,272.000000,323.000000,192.000000
501.000000,267.000000,329.000000,196.000000
469.000000,268.000000,336.000000,200.000000
437.000000,278.000000,336.000000,200.000000
350.000000,279.000000,336.000000,200.000000
340.000000,331.000000,329.000000,196.000000
2
0
0
0
0
1
520.000000,244.000000,373.000000,84.000000
513.000000,219.000000,373.000000,84.000000
460.000000,189.000000,373.000000,84.000000
465.000000,167.000000,373.000000,84.000000
459.000000,121.000000,373.000000,84.000000
477.000000,124.000000,373.000000,84.000000
491.000000,152.000000,373.000000,84.000000
473.000000,197.000000,373.000000,84.000000
449.000000,221.000000,367.000000,82.000000
424.000000,214.000000,367.000000,82.000000
422.000000,176.000000,367.000000,82.000000
408.000000,163.000000,367.000000,82.000000
435.000000,131.000000,367.000000,82.000000
497.000000,95.000000,367.000000,82.000000
511.000000,188.000000,367.000000,82.000000
582.000000,253.000000,372.000000,83.000000
588.000000,290.000000,372.000000,83.000000
588.000000,290.000000,372.000000,83.000000
2
0
0
0
0
1
676.000000,428.000000,190.000000,251.000000
683.000000,430.000000,186.000000,246.000000
688.000000,428.000000,183.000000,241.000000
686.000000,431.000000,180.000000,237.000000
682.000000,419.000000,181.000000,239.000000
679.000000,420.000000,181.000000,238.000000
684.000000,423.000000,177.000000,234.000000
686.000000,425.000000,175.000000,231.000000
698.000000,432.000000,171.000000,226.000000
688.000000,425.000000,170.000000,225.000000
700.000000,422.000000,169.000000,224.000000
692.000000,419.000000,172.000000,228.000000
696.000000,413.000000,175.000000,231.000000
690.000000,412.000000,177.000000,233.000000
700.000000,411.000000,175.000000,231.000000
694.000000,409.000000,176.000000,232.000000
692.000000,404.000000,179.000000,237.000000
701.000000,415.000000,176.000000,233.000000
702.000000,406.000000,176.000000,233.000000
704.000000,412.000000,173.000000,228.000000
700.000000,408.000000,173.000000,228.000000
709.000000,408.000000,172.000000,228.000000
712.000000,407.000000,173.000000,228.000000
709.000000,402.000000,176.000000,233.000000
717.000000,408.000000,175.000000,231.000000
713.000000,405.000000,178.000000,234.000000
709.000000,398.000000,181.000000,239.000000
718.000000,394.000000,185.000000,244.000000
706.000000,395.000000,188.000000,249.000000
708.000000,386.000000,192.000000,253.000000
709.000000,389.000000,194.000000,256.000000
701.000000,393.000000,194.000000,256.000000
703.000000,390.000000,193.000000,255.000000
704.000000,392.000000,189.000000,250.000000
701.000000,386.000000,186.000000,246.000000
689.000000,385.000000,185.000000,244.000000
710.000000,391.000000,185.000000,244.000000
686.000000,379.000000,183.000000,241.000000
662.000000,360.000000,183.000000,241.000000
642.000000,334.000000,183.000000,241.000000
655.000000,357.000000,181.000000,239.000000
