1
192.000000,336.000000,55.000000,140.000000
203.000000,345.000000,54.000000,138.000000
199.000000,362.000000,54.000000,138.000000
204.000000,355.000000,55.000000,140.000000
212.000000,368.000000,55.000000,140.000000
222.000000,360.000000,54.000000,138.000000
235.000000,371.000000,54.000000,138.000000
246.000000,385.000000,54.000000,138.000000
253.000000,392.000000,54.000000,138.000000
275.000000,395.000000,54.000000,138.000000
285.000000,383.000000,55.000000,141.000000
296.000000,365.000000,55.000000,141.000000
318.000000,362.000000,55.000000,141.000000
341.000000,364.000000,55.000000,141.000000
363.000000,367.000000,55.000000,141.000000
380.000000,358.000000,55.000000,139.000000
392.000000,375.000000,55.000000,139.000000
410.000000,389.000000,55.000000,139.000000
422.000000,410.000000,56.000000,142.000000
433.000000,421.000000,55.000000,140.000000
437.000000,419.000000,56.000000,143.000000
449.000000,420.000000,56.000000,141.000000
449.000000,412.000000,56.000000,141.000000
458.000000,376.000000,55.000000,140.000000
478.000000,362.000000,55.000000,140.000000
522.000000,407.000000,55.000000,140.000000
526.000000,418.000000,55.000000,140.000000
536.000000,399.000000,56.000000,141.000000
546.000000,403.000000,56.000000,141.000000
523.000000,412.000000,56.000000,143.000000
513.000000,401.000000,56.000000,143.000000
518.000000,381.000000,56.000000,143.000000
512.000000,359.000000,56.000000,143.000000
512.000000,359.000000,56.000000,143.000000
539.000000,289.000000,56.000000,143.000000
539.000000,289.000000,56.000000,143.000000
2
0
0
0
0
1
566.000000,221.000000,294.000000,226.000000
538.000000,210.000000,294.000000,226.000000
531.000000,183.000000,294.000000,226.000000
492.000000,211.000000,294.000000,226.000000
501.000000,244.000000,294.000000,226.000000
476.000000,268.000000,292.000000,225.000000
439.000000,283.000000,292.000000,224.000000
426.000000,272.000000,287.000000,221.000000
416.000000,251.000000,287.000000,221.000000
403.000000,232.000000,287.000000,221.000000
391.000000,194.000000,282.000000,217.000000
394.000000,179.000000,282.000000,217.000000
399.000000,161.000000,284.000000,218.000000
419.000000,149.000000,288.000000,222.000000
429.000000,148.000000,285.000000,220.000000
426.000000,167.000000,283.000000,218.000000
437.000000,178.000000,287.000000,221.000000
466.000000,188.000000,293.000000,226.000000
490.000000,173.000000,290.000000,223.000000
542.000000,162.000000,290.000000,223.000000
544.000000,170.000000,290.000000,223.000000
521.000000,140.000000,293.000000,226.000000
509.000000,127.000000,291.000000,224.000000
529.000000,137.000000,297.000000,229.000000
559.000000,153.000000,296.000000,228.000000
593.000000,176.000000,291.000000,224.000000
642.000000,204.000000,290.000000,223.000000
659.000000,220.000000,290.000000,223.000000
662.000000,227.000000,290.000000,223.000000
642.000000,225.000000,290.000000,223.000000
647.000000,235.000000,287.000000,221.000000
629.000000,231.000000,286.000000,221.000000
620.000000,247.000000,286.000000,220.000000
617.000000,270.000000,282.000000,217.000000
617.000000,280.000000,278.000000,214.000000
626.000000,264.000000,277.000000,213.000000
623.000000,269.000000,274.000000,211.000000
619.000000,272.000000,270.000000,208.000000
627.000000,273.000000,265.000000,204.000000
626.000000,262.000000,260.000000,200.000000
629.000000,264.000000,257.000000,198.000000
627.000000,269.000000,256.000000,197.000000
628.000000,269.000000,256.000000,197.000000
631.000000,255.000000,251.000000,193.000000
627.000000,240.000000,249.000000,191.000000
608.000000,241.000000,246.000000,189.000000
621.000000,248.000000,242.000000,186.000000
622.000000,242.000000,238.000000,183.000000
629.000000,244.000000,235.000000,181.000000
637.000000,245.000000,231.000000,178.000000
633.000000,249.000000,231.000000,178.000000
633.000000,242.000000,231.000000,178.000000
639.000000,246.000000,227.000000,175.000000
648.000000,245.000000,224.000000,172.000000
647.000000,244.000000,220.000000,169.000000
645.000000,244.000000,216.000000,166.000000
642.000000,242.000000,212.000000,164.000000
648.000000,243.000000,211.000000,162.000000
657.000000,239.000000,209.000000,161.000000
661.000000,243.000000,208.000000,160.000000
673.000000,235.000000,204.000000,157.000000
668.000000,237.000000,206.000000,159.000000
666.000000,242.000000,206.000000,159.000000
666.000000,246.000000,203.000000,156.000000
671.000000,252.000000,202.000000,155.000000
674.000000,236.000000,204.000000,157.000000
674.000000,243.000000,207.000000,159.000000
673.000000,239.000000,205.000000,158.000000
676.000000,240.000000,202.000000,156.000000
682.000000,236.000000,199.000000,153.000000
675.000000,237.000000,199.000000,153.000000
671.000000,234.000000,196.000000,151.000000
672.000000,235.000000,199.000000,153.000000
665.000000,228.000000,196.000000,151.000000
677.000000,229.000000,196.000000,151.000000
