1
294.000000,133.000000,46.919983,173.119995
295.000000,133.000000,46.919983,173.119995
296.000000,133.000000,46.919983,173.119995
297.000000,133.000000,46.919983,173.119995
298.000000,133.000000,46.919983,173.119995
297.000000,134.000000,46.919983,173.119995
299.000000,133.000000,46.919983,173.119995
299.000000,134.000000,46.919983,173.119995
299.000000,135.000000,46.919983,173.119995
298.000000,135.000000,46.919983,173.119995
296.000000,136.000000,46.919983,173.119995
294.000000,137.000000,46.919983,173.119995
292.000000,136.000000,46.919983,173.119995
290.000000,136.000000,46.919983,173.119995
289.000000,136.000000,46.919983,173.119995
286.000000,136.000000,46.919983,173.119995
285.000000,136.000000,46.919983,173.119995
284.000000,137.000000,46.919983,173.119995
283.000000,137.000000,46.919983,173.119995
281.000000,137.000000,46.919983,173.119995
280.000000,137.000000,46.919983,173.119995
279.000000,138.000000,46.919983,173.119995
279.000000,138.000000,46.919983,173.119995
278.000000,140.000000,46.919983,173.119995
278.000000,140.000000,46.919983,173.119995
278.000000,141.000000,46.919983,173.119995
277.000000,142.000000,46.919983,173.119995
276.000000,142.000000,46.919983,173.119995
275.000000,143.000000,46.919983,173.119995
273.000000,145.000000,46.919983,173.119995
272.000000,146.000000,46.919983,173.119995
272.000000,146.000000,46.919983,173.119995
271.000000,147.000000,46.919983,173.119995
270.000000,148.000000,46.919983,173.119995
268.000000,148.000000,46.919983,173.119995
266.000000,148.000000,46.919983,173.119995
264.000000,149.000000,46.919983,173.119995
263.000000,149.000000,46.919983,173.119995
261.000000,150.000000,46.919983,173.119995
261.000000,149.000000,46.919983,173.119995
260.000000,150.000000,46.919983,173.119995
260.000000,150.000000,46.919983,173.119995
259.000000,151.000000,46.919983,173.119995
259.000000,150.000000,46.919983,173.119995
260.000000,151.000000,46.919983,173.119995
261.000000,152.000000,46.919983,173.119995
262.000000,151.000000,46.919983,173.119995
262.000000,150.000000,46.919983,173.119995
262.000000,149.000000,46.919983,173.119995
262.000000,149.000000,46.919983,173.119995
261.000000,149.000000,46.919983,173.119995
260.000000,148.000000,46.919983,173.119995
260.000000,146.000000,46.919983,173.119995
260.000000,146.000000,46.919983,173.119995
259.000000,147.000000,46.919983,173.119995
259.000000,146.000000,46.919983,173.119995
257.000000,144.000000,46.919983,173.119995
259.000000,146.000000,46.919983,173.119995
259.000000,145.000000,46.919983,173.119995
265.000000,145.000000,46.919983,173.119995
267.000000,143.000000,46.919983,173.119995
271.000000,143.000000,46.919983,173.119995
274.000000,142.000000,46.919983,173.119995
280.000000,140.000000,46.919983,173.119995
281.000000,139.000000,46.919983,173.119995
283.000000,138.000000,46.919983,173.119995
290.000000,136.000000,46.919983,173.119995
2
0
0
0
0
1
258.000000,136.000000,39.280029,156.419998
259.000000,136.000000,39.280029,156.419998
258.000000,136.000000,39.280029,156.419998
258.000000,136.000000,39.280029,156.419998
258.000000,136.000000,39.280029,156.419998
258.000000,135.000000,39.280029,156.419998
258.000000,136.000000,39.280029,156.419998
258.000000,137.000000,39.280029,156.419998
258.000000,137.000000,39.280029,156.419998
258.000000,136.000000,39.280029,156.419998
259.000000,138.000000,39.280029,156.419998
261.000000,137.000000,39.280029,156.419998
261.000000,137.000000,39.280029,156.419998
262.000000,137.000000,39.280029,156.419998
262.000000,136.000000,39.280029,156.419998
263.000000,136.000000,39.280029,156.419998
263.000000,136.000000,39.280029,156.419998
264.000000,135.000000,39.280029,156.419998
264.000000,134.000000,39.280029,156.419998
265.000000,132.000000,39.280029,156.419998
266.000000,132.000000,39.280029,156.419998
267.000000,132.000000,39.280029,156.419998
268.000000,132.000000,39.280029,156.419998
270.000000,132.000000,39.280029,156.419998
271.000000,132.000000,39.280029,156.419998
272.000000,131.000000,39.280029,156.419998
274.000000,132.000000,39.280029,156.419998
275.000000,132.000000,39.280029,156.419998
276.000000,132.000000,39.280029,156.419998
278.000000,133.000000,39.280029,156.419998
282.000000,133.000000,39.280029,156.419998
259.000000,142.000000,39.280029,156.419998
269.000000,141.000000,39.280029,156.419998
276.000000,142.000000,39.280029,156.419998
282.000000,144.000000,39.280029,156.419998
288.000000,145.000000,39.280029,156.419998
292.000000,148.000000,39.280029,156.419998
298.000000,148.000000,39.280029,156.419998
305.000000,151.000000,39.280029,156.419998
308.000000,151.000000,39.280029,156.419998
316.000000,151.000000,39.280029,156.419998
320.000000,151.000000,39.280029,156.419998
326.000000,150.000000,39.280029,156.419998
2
0
0
0
0
1
278.000000,141.000000,53.500000,163.520020
279.000000,140.000000,53.500000,163.520020
283.000000,140.000000,53.500000,163.520020
284.000000,142.000000,53.500000,163.520020
284.000000,142.000000,53.500000,163.520020
282.000000,143.000000,53.500000,163.520020
281.000000,143.000000,53.500000,163.520020
281.000000,143.000000,53.500000,163.520020
280.000000,142.000000,53.500000,163.520020
281.000000,143.000000,53.500000,163.520020
279.000000,144.000000,53.500000,163.520020
278.000000,144.000000,53.500000,163.520020
277.000000,145.000000,53.500000,163.520020
276.000000,145.000000,53.500000,163.520020
275.000000,145.000000,53.500000,163.520020
275.000000,145.000000,53.500000,163.520020
275.000000,145.000000,53.500000,163.520020
274.000000,145.000000,53.500000,163.520020
274.000000,145.000000,53.500000,163.520020
273.000000,144.000000,53.500000,163.520020
272.000000,144.000000,53.500000,163.520020
273.000000,144.000000,53.500000,163.520020
273.000000,142.000000,53.500000,163.520020
273.000000,143.000000,53.500000,163.520020
274.000000,143.000000,53.500000,163.520020
274.000000,143.000000,53.500000,163.520020
276.000000,143.000000,53.500000,163.520020
276.000000,144.000000,53.500000,163.520020
277.000000,145.000000,53.500000,163.520020
278.000000,145.000000,53.500000,163.520020
280.000000,146.000000,53.500000,163.520020
282.000000,147.000000,53.500000,163.520020
283.000000,147.000000,53.500000,163.520020
284.000000,148.000000,53.500000,163.520020
281.000000,149.000000,53.500000,163.520020
279.000000,149.000000,53.500000,163.520020
277.000000,149.000000,53.500000,163.520020
273.000000,150.000000,53.500000,163.520020
272.000000,151.000000,53.500000,163.520020
271.000000,151.000000,53.500000,163.520020
269.000000,151.000000,53.500000,163.520020
268.000000,152.000000,53.500000,163.520020
267.000000,152.000000,53.500000,163.520020
270.000000,153.000000,53.500000,163.520020
269.000000,154.000000,53.500000,163.520020
269.000000,154.000000,53.500000,163.520020
272.000000,154.000000,53.500000,163.520020
274.000000,153.000000,53.500000,163.520020
275.000000,153.000000,53.500000,163.520020
276.000000,154.000000,53.500000,163.520020
276.000000,154.000000,53.500000,163.520020
278.000000,154.000000,53.500000,163.520020
278.000000,155.000000,53.500000,163.520020
278.000000,153.000000,53.500000,163.520020
278.000000,153.000000,53.500000,163.520020
280.000000,155.000000,53.500000,163.520020
282.000000,155.000000,53.500000,163.520020
281.000000,155.000000,53.500000,163.520020
283.000000,156.000000,53.500000,163.520020
286.000000,157.000000,53.500000,163.520020
287.000000,156.000000,53.500000,163.520020
289.000000,156.000000,53.500000,163.520020
289.000000,156.000000,53.500000,163.520020
288.000000,157.000000,53.500000,163.520020
289.000000,158.000000,53.500000,163.520020
289.000000,158.000000,53.500000,163.520020
289.000000,159.000000,53.500000,163.520020
290.000000,159.000000,53.500000,163.520020
290.000000,159.000000,53.500000,163.520020
289.000000,161.000000,53.500000,163.520020
290.000000,162.000000,53.500000,163.520020
289.000000,163.000000,53.500000,163.520020
288.000000,163.000000,53.500000,163.520020
286.000000,162.000000,53.500000,163.520020
284.000000,161.000000,53.500000,163.520020
283.000000,159.000000,53.500000,163.520020
287.000000,160.000000,53.500000,163.520020
287.000000,158.000000,53.500000,163.520020
287.000000,158.000000,53.500000,163.520020
286.000000,158.000000,53.500000,163.520020
289.000000,156.000000,53.500000,163.520020
290.000000,157.000000,53.500000,163.520020
294.000000,157.000000,53.500000,163.520020
293.000000,156.000000,53.500000,163.520020
294.000000,158.000000,53.500000,163.520020
297.000000,158.000000,53.500000,163.520020
298.000000,158.000000,53.500000,163.520020
297.000000,157.000000,53.500000,163.520020
297.000000,158.000000,53.500000,163.520020
298.000000,158.000000,53.500000,163.520020
300.000000,158.000000,53.500000,163.520020
304.000000,160.000000,53.500000,163.520020
301.000000,159.000000,53.500000,163.520020
298.000000,160.000000,53.500000,163.520020
294.000000,160.000000,53.500000,163.520020
297.000000,161.000000,53.500000,163.520020
295.000000,161.000000,53.500000,163.520020
295.000000,161.000000,53.500000,163.520020
292.000000,161.000000,53.500000,163.520020
288.000000,162.000000,53.500000,163.520020
289.000000,161.000000,53.500000,163.520020
289.000000,161.000000,53.500000,163.520020
289.000000,162.000000,53.500000,163.520020
289.000000,162.000000,53.500000,163.520020
291.000000,162.000000,53.500000,163.520020
292.000000,162.000000,53.500000,163.520020
294.000000,163.000000,53.500000,163.520020
295.000000,163.000000,53.500000,163.520020
297.000000,163.000000,53.500000,163.520020
298.000000,163.000000,53.500000,163.520020
299.000000,163.000000,53.500000,163.520020
302.000000,163.000000,53.500000,163.520020
304.000000,164.000000,53.500000,163.520020
306.000000,165.000000,53.500000,163.520020
308.000000,165.000000,53.500000,163.520020
310.000000,165.000000,53.500000,163.520020
312.000000,166.000000,53.500000,163.520020
314.000000,166.000000,53.500000,163.520020
318.000000,166.000000,53.500000,163.520020
320.000000,168.000000,53.500000,163.520020
321.000000,168.000000,53.500000,163.520020
323.000000,168.000000,53.500000,163.520020
325.000000,168.000000,53.500000,163.520020
326.000000,168.000000,53.500000,163.520020
327.000000,168.000000,53.500000,163.520020
329.000000,168.000000,53.500000,163.520020
330.000000,168.000000,53.500000,163.520020
331.000000,168.000000,53.500000,163.520020
334.000000,169.000000,53.500000,163.520020
336.000000,169.000000,53.500000,163.520020
338.000000,169.000000,53.500000,163.520020
341.000000,170.000000,53.500000,163.520020
344.000000,169.000000,53.500000,163.520020
347.000000,170.000000,53.500000,163.520020
351.000000,170.000000,53.500000,163.520020
354.000000,170.000000,53.500000,163.520020
358.000000,169.000000,53.500000,163.520020
361.000000,170.000000,53.500000,163.520020
364.000000,170.000000,53.500000,163.520020
366.000000,170.000000,53.500000,163.520020
368.000000,170.000000,53.500000,163.520020
371.000000,171.000000,53.500000,163.520020
373.000000,171.000000,53.500000,163.520020
375.000000,170.000000,53.500000,163.520020
376.000000,170.000000,53.500000,163.520020
378.000000,170.000000,53.500000,163.520020
379.000000,171.000000,53.500000,163.520020
380.000000,170.000000,53.500000,163.520020
380.000000,171.000000,53.500000,163.520020
384.000000,173.000000,53.500000,163.520020
385.000000,172.000000,53.500000,163.520020
387.000000,171.000000,53.500000,163.520020
391.000000,170.000000,53.500000,163.520020
395.000000,169.000000,53.500000,163.520020
400.000000,169.000000,53.500000,163.520020
403.000000,169.000000,53.500000,163.520020
405.000000,169.000000,53.500000,163.520020
408.000000,168.000000,53.500000,163.520020
411.000000,168.000000,53.500000,163.520020
413.000000,168.000000,53.500000,163.520020
412.000000,168.000000,53.500000,163.520020
414.000000,168.000000,53.500000,163.520020
416.000000,169.000000,53.500000,163.520020
414.000000,167.000000,53.500000,163.520020
417.000000,169.000000,53.500000,163.520020
416.000000,169.000000,53.500000,163.520020
416.000000,169.000000,53.500000,163.520020
415.000000,169.000000,53.500000,163.520020
415.000000,169.000000,53.500000,163.520020
414.000000,170.000000,53.500000,163.520020
412.000000,169.000000,53.500000,163.520020
410.000000,169.000000,53.500000,163.520020
409.000000,169.000000,53.500000,163.520020
407.000000,169.000000,53.500000,163.520020
405.000000,168.000000,53.500000,163.520020
402.000000,167.000000,53.500000,163.520020
399.000000,166.000000,53.500000,163.520020
397.000000,166.000000,53.500000,163.520020
394.000000,165.000000,53.500000,163.520020
391.000000,164.000000,53.500000,163.520020
388.000000,163.000000,53.500000,163.520020
385.000000,165.000000,53.500000,163.520020
382.000000,164.000000,53.500000,163.520020
380.000000,163.000000,53.500000,163.520020
378.000000,163.000000,53.500000,163.520020
377.000000,163.000000,53.500000,163.520020
376.000000,163.000000,53.500000,163.520020
376.000000,163.000000,53.500000,163.520020
377.000000,163.000000,53.500000,163.520020
378.000000,163.000000,53.500000,163.520020
378.000000,163.000000,53.500000,163.520020
378.000000,162.000000,53.500000,163.520020
379.000000,161.000000,53.500000,163.520020
378.000000,161.000000,53.500000,163.520020
378.000000,161.000000,53.500000,163.520020
379.000000,161.000000,53.500000,163.520020
380.000000,161.000000,53.500000,163.520020
380.000000,161.000000,53.500000,163.520020
380.000000,161.000000,53.500000,163.520020
380.000000,162.000000,53.500000,163.520020
381.000000,162.000000,53.500000,163.520020
380.000000,162.000000,53.500000,163.520020
381.000000,162.000000,53.500000,163.520020
381.000000,161.000000,53.500000,163.520020
381.000000,160.000000,53.500000,163.520020
381.000000,160.000000,53.500000,163.520020
382.000000,159.000000,53.500000,163.520020
382.000000,159.000000,53.500000,163.520020
383.000000,159.000000,53.500000,163.520020
382.000000,158.000000,53.500000,163.520020
380.000000,158.000000,53.500000,163.520020
377.000000,159.000000,53.500000,163.520020
374.000000,158.000000,53.500000,163.520020
372.000000,155.000000,53.500000,163.520020
368.000000,157.000000,53.500000,163.520020
392.000000,159.000000,53.500000,163.520020
392.000000,157.000000,53.500000,163.520020
392.000000,159.000000,53.500000,163.520020
395.000000,155.000000,53.500000,163.520020
394.000000,155.000000,53.500000,163.520020
398.000000,154.000000,53.500000,163.520020
398.000000,153.000000,53.500000,163.520020
397.000000,154.000000,53.500000,163.520020
397.000000,153.000000,53.500000,163.520020
396.000000,153.000000,53.500000,163.520020
392.000000,153.000000,53.500000,163.520020
391.000000,152.000000,53.500000,163.520020
389.000000,152.000000,53.500000,163.520020
385.000000,151.000000,53.500000,163.520020
383.000000,149.000000,53.500000,163.520020
380.000000,149.000000,53.500000,163.520020
376.000000,148.000000,53.500000,163.520020
374.000000,148.000000,53.500000,163.520020
371.000000,148.000000,53.500000,163.520020
369.000000,147.000000,53.500000,163.520020
366.000000,146.000000,53.500000,163.520020
364.000000,145.000000,53.500000,163.520020
362.000000,145.000000,53.500000,163.520020
359.000000,144.000000,53.500000,163.520020
357.000000,143.000000,53.500000,163.520020
355.000000,143.000000,53.500000,163.520020
354.000000,141.000000,53.500000,163.520020
353.000000,141.000000,53.500000,163.520020
353.000000,141.000000,53.500000,163.520020
352.000000,140.000000,53.500000,163.520020
351.000000,139.000000,53.500000,163.520020
351.000000,138.000000,53.500000,163.520020
349.000000,137.000000,53.500000,163.520020
349.000000,135.000000,53.500000,163.520020
347.000000,135.000000,53.500000,163.520020
346.000000,135.000000,53.500000,163.520020
344.000000,135.000000,53.500000,163.520020
343.000000,133.000000,53.500000,163.520020
342.000000,133.000000,53.500000,163.520020
341.000000,133.000000,53.500000,163.520020
340.000000,133.000000,53.500000,163.520020
338.000000,133.000000,53.500000,163.520020
337.000000,134.000000,53.500000,163.520020
336.000000,133.000000,53.500000,163.520020
336.000000,133.000000,53.500000,163.520020
335.000000,134.000000,53.500000,163.520020
334.000000,134.000000,53.500000,163.520020
334.000000,135.000000,53.500000,163.520020
333.000000,136.000000,53.500000,163.520020
331.000000,137.000000,53.500000,163.520020
331.000000,138.000000,53.500000,163.520020
330.000000,138.000000,53.500000,163.520020
329.000000,138.000000,53.500000,163.520020
328.000000,139.000000,53.500000,163.520020
326.000000,140.000000,53.500000,163.520020
325.000000,139.000000,53.500000,163.520020
323.000000,138.000000,53.500000,163.520020
322.000000,138.000000,53.500000,163.520020
319.000000,137.000000,53.500000,163.520020
314.000000,137.000000,53.500000,163.520020
310.000000,136.000000,53.500000,163.520020
305.000000,136.000000,53.500000,163.520020
302.000000,139.000000,53.500000,163.520020
300.000000,140.000000,53.500000,163.520020
296.000000,142.000000,53.500000,163.520020
294.000000,142.000000,53.500000,163.520020
291.000000,145.000000,53.500000,163.520020
287.000000,142.000000,53.500000,163.520020
283.000000,142.000000,53.500000,163.520020
285.000000,140.000000,53.500000,163.520020
282.000000,141.000000,53.500000,163.520020
280.000000,141.000000,53.500000,163.520020
276.000000,143.000000,53.500000,163.520020
275.000000,143.000000,53.500000,163.520020
277.000000,143.000000,53.500000,163.520020
277.000000,143.000000,53.500000,163.520020
275.000000,146.000000,53.500000,163.520020
272.000000,146.000000,53.500000,163.520020
272.000000,147.000000,53.500000,163.520020
269.000000,148.000000,53.500000,163.520020
268.000000,149.000000,53.500000,163.520020
269.000000,150.000000,53.500000,163.520020
266.000000,151.000000,53.500000,163.520020
267.000000,152.000000,53.500000,163.520020
268.000000,152.000000,53.500000,163.520020
264.000000,153.000000,53.500000,163.520020
265.000000,153.000000,53.500000,163.520020
264.000000,154.000000,53.500000,163.520020
261.000000,154.000000,53.500000,163.520020
262.000000,154.000000,53.500000,163.520020
259.000000,154.000000,53.500000,163.520020
256.000000,155.000000,53.500000,163.520020
253.000000,157.000000,53.500000,163.520020
251.000000,157.000000,53.500000,163.520020
249.000000,157.000000,53.500000,163.520020
247.000000,157.000000,53.500000,163.520020
247.000000,157.000000,53.500000,163.520020
245.000000,158.000000,53.500000,163.520020
244.000000,159.000000,53.500000,163.520020
243.000000,160.000000,53.500000,163.520020
244.000000,161.000000,53.500000,163.520020
244.000000,162.000000,53.500000,163.520020
246.000000,162.000000,53.500000,163.520020
247.000000,163.000000,53.500000,163.520020
247.000000,166.000000,53.500000,163.520020
247.000000,168.000000,53.500000,163.520020
248.000000,169.000000,53.500000,163.520020
249.000000,170.000000,53.500000,163.520020
251.000000,170.000000,53.500000,163.520020
252.000000,172.000000,53.500000,163.520020
255.000000,170.000000,53.500000,163.520020
257.000000,169.000000,53.500000,163.520020
258.000000,169.000000,53.500000,163.520020
260.000000,166.000000,53.500000,163.520020
261.000000,164.000000,53.500000,163.520020
261.000000,166.000000,53.500000,163.520020
263.000000,162.000000,53.500000,163.520020
259.000000,163.000000,53.500000,163.520020
262.000000,161.000000,53.500000,163.520020
262.000000,161.000000,53.500000,163.520020
260.000000,166.000000,53.500000,163.520020
259.000000,167.000000,53.500000,163.520020
257.000000,169.000000,53.500000,163.520020
256.000000,169.000000,53.500000,163.520020
254.000000,170.000000,53.500000,163.520020
252.000000,169.000000,53.500000,163.520020
250.000000,167.000000,53.500000,163.520020
249.000000,164.000000,53.500000,163.520020
247.000000,164.000000,53.500000,163.520020
244.000000,161.000000,53.500000,163.520020
242.000000,162.000000,53.500000,163.520020
242.000000,162.000000,53.500000,163.520020
240.000000,163.000000,53.500000,163.520020
240.000000,163.000000,53.500000,163.520020
241.000000,164.000000,53.500000,163.520020
242.000000,165.000000,53.500000,163.520020
241.000000,166.000000,53.500000,163.520020
243.000000,167.000000,53.500000,163.520020
244.000000,169.000000,53.500000,163.520020
244.000000,172.000000,53.500000,163.520020
245.000000,173.000000,53.500000,163.520020
246.000000,174.000000,53.500000,163.520020
247.000000,174.000000,53.500000,163.520020
248.000000,174.000000,53.500000,163.520020
248.000000,174.000000,53.500000,163.520020
247.000000,173.000000,53.500000,163.520020
245.000000,173.000000,53.500000,163.520020
244.000000,173.000000,53.500000,163.520020
243.000000,171.000000,53.500000,163.520020
241.000000,170.000000,53.500000,163.520020
239.000000,168.000000,53.500000,163.520020
237.000000,167.000000,53.500000,163.520020
235.000000,164.000000,53.500000,163.520020
232.000000,162.000000,53.500000,163.520020
230.000000,161.000000,53.500000,163.520020
228.000000,159.000000,53.500000,163.520020
227.000000,157.000000,53.500000,163.520020
226.000000,156.000000,53.500000,163.520020
225.000000,156.000000,53.500000,163.520020
224.000000,155.000000,53.500000,163.520020
225.000000,154.000000,53.500000,163.520020
225.000000,153.000000,53.500000,163.520020
226.000000,152.000000,53.500000,163.520020
227.000000,152.000000,53.500000,163.520020
228.000000,152.000000,53.500000,163.520020
229.000000,152.000000,53.500000,163.520020
230.000000,152.000000,53.500000,163.520020
231.000000,151.000000,53.500000,163.520020
232.000000,150.000000,53.500000,163.520020
233.000000,148.000000,53.500000,163.520020
234.000000,147.000000,53.500000,163.520020
235.000000,145.000000,53.500000,163.520020
236.000000,142.000000,53.500000,163.520020
237.000000,139.000000,53.500000,163.520020
238.000000,137.000000,53.500000,163.520020
238.000000,135.000000,53.500000,163.520020
238.000000,134.000000,53.500000,163.520020
238.000000,133.000000,53.500000,163.520020
239.000000,131.000000,53.500000,163.520020
239.000000,130.000000,53.500000,163.520020
241.000000,129.000000,53.500000,163.520020
242.000000,129.000000,53.500000,163.520020
242.000000,128.000000,53.500000,163.520020
238.000000,128.000000,53.500000,163.520020
239.000000,126.000000,53.500000,163.520020
238.000000,126.000000,53.500000,163.520020
239.000000,126.000000,53.500000,163.520020
241.000000,125.000000,53.500000,163.520020
238.000000,125.000000,53.500000,163.520020
239.000000,125.000000,53.500000,163.520020
237.000000,124.000000,53.500000,163.520020
237.000000,125.000000,53.500000,163.520020
236.000000,123.000000,53.500000,163.520020
235.000000,122.000000,53.500000,163.520020
235.000000,118.000000,53.500000,163.520020
235.000000,116.000000,53.500000,163.520020
234.000000,113.000000,53.500000,163.520020
234.000000,110.000000,53.500000,163.520020
233.000000,109.000000,53.500000,163.520020
232.000000,106.000000,53.500000,163.520020
231.000000,105.000000,53.500000,163.520020
230.000000,103.000000,53.500000,163.520020
229.000000,102.000000,53.500000,163.520020
226.000000,101.000000,53.500000,163.520020
225.000000,98.000000,53.500000,163.520020
223.000000,98.000000,53.500000,163.520020
221.000000,98.000000,53.500000,163.520020
220.000000,98.000000,53.500000,163.520020
220.000000,97.000000,53.500000,163.520020
220.000000,97.000000,53.500000,163.520020
218.000000,97.000000,53.500000,163.520020
218.000000,96.000000,53.500000,163.520020
218.000000,95.000000,53.500000,163.520020
217.000000,94.000000,53.500000,163.520020
218.000000,92.000000,53.500000,163.520020
216.000000,89.000000,53.500000,163.520020
215.000000,86.000000,53.500000,163.520020
214.000000,85.000000,53.500000,163.520020
213.000000,82.000000,53.500000,163.520020
213.000000,79.000000,53.500000,163.520020
212.000000,76.000000,53.500000,163.520020
211.000000,74.000000,53.500000,163.520020
210.000000,73.000000,53.500000,163.520020
209.000000,72.000000,53.500000,163.520020
209.000000,71.000000,53.500000,163.520020
207.000000,70.000000,53.500000,163.520020
208.000000,69.000000,53.500000,163.520020
206.000000,69.000000,53.500000,163.520020
206.000000,69.000000,53.500000,163.520020
206.000000,68.000000,53.500000,163.520020
204.000000,69.000000,53.500000,163.520020
203.000000,68.000000,53.500000,163.520020
203.000000,69.000000,53.500000,163.520020
203.000000,68.000000,53.500000,163.520020
204.000000,65.000000,53.500000,163.520020
203.000000,61.000000,53.500000,163.520020
203.000000,59.000000,53.500000,163.520020
202.000000,58.000000,53.500000,163.520020
201.000000,57.000000,53.500000,163.520020
201.000000,54.000000,53.500000,163.520020
201.000000,53.000000,53.500000,163.520020
201.000000,51.000000,53.500000,163.520020
201.000000,47.000000,53.500000,163.520020
201.000000,47.000000,53.500000,163.520020
202.000000,46.000000,53.500000,163.520020
202.000000,43.000000,53.500000,163.520020
202.000000,43.000000,53.500000,163.520020
202.000000,43.000000,53.500000,163.520020
203.000000,44.000000,53.500000,163.520020
203.000000,44.000000,53.500000,163.520020
204.000000,45.000000,53.500000,163.520020
204.000000,45.000000,53.500000,163.520020
207.000000,46.000000,53.500000,163.520020
208.000000,47.000000,53.500000,163.520020
208.000000,47.000000,53.500000,163.520020
208.000000,47.000000,53.500000,163.520020
208.000000,48.000000,53.500000,163.520020
207.000000,48.000000,53.500000,163.520020
207.000000,48.000000,53.500000,163.520020
206.000000,48.000000,53.500000,163.520020
207.000000,45.000000,53.500000,163.520020
206.000000,45.000000,53.500000,163.520020
206.000000,43.000000,53.500000,163.520020
206.000000,43.000000,53.500000,163.520020
204.000000,41.000000,53.500000,163.520020
202.000000,44.000000,53.500000,163.520020
203.000000,41.000000,53.500000,163.520020
202.000000,42.000000,53.500000,163.520020
202.000000,44.000000,53.500000,163.520020
203.000000,45.000000,53.500000,163.520020
203.000000,46.000000,53.500000,163.520020
205.000000,49.000000,53.500000,163.520020
206.000000,52.000000,53.500000,163.520020
208.000000,56.000000,53.500000,163.520020
209.000000,60.000000,53.500000,163.520020
212.000000,62.000000,53.500000,163.520020
212.000000,65.000000,53.500000,163.520020
214.000000,69.000000,53.500000,163.520020
214.000000,71.000000,53.500000,163.520020
218.000000,72.000000,53.500000,163.520020
221.000000,70.000000,53.500000,163.520020
224.000000,70.000000,53.500000,163.520020
227.000000,70.000000,53.500000,163.520020
227.000000,70.000000,53.500000,163.520020
227.000000,70.000000,53.500000,163.520020
230.000000,68.000000,53.500000,163.520020
231.000000,67.000000,53.500000,163.520020
233.000000,69.000000,53.500000,163.520020
235.000000,68.000000,53.500000,163.520020
238.000000,69.000000,53.500000,163.520020
240.000000,70.000000,53.500000,163.520020
242.000000,71.000000,53.500000,163.520020
245.000000,72.000000,53.500000,163.520020
248.000000,74.000000,53.500000,163.520020
251.000000,74.000000,53.500000,163.520020
252.000000,73.000000,53.500000,163.520020
252.000000,75.000000,53.500000,163.520020
254.000000,73.000000,53.500000,163.520020
254.000000,73.000000,53.500000,163.520020
255.000000,72.000000,53.500000,163.520020
255.000000,70.000000,53.500000,163.520020
256.000000,69.000000,53.500000,163.520020
256.000000,66.000000,53.500000,163.520020
255.000000,64.000000,53.500000,163.520020
257.000000,61.000000,53.500000,163.520020
259.000000,57.000000,53.500000,163.520020
262.000000,55.000000,53.500000,163.520020
263.000000,54.000000,53.500000,163.520020
260.000000,53.000000,53.500000,163.520020
261.000000,52.000000,53.500000,163.520020
263.000000,52.000000,53.500000,163.520020
268.000000,49.000000,53.500000,163.520020
271.000000,49.000000,53.500000,163.520020
276.000000,48.000000,53.500000,163.520020
281.000000,48.000000,53.500000,163.520020
283.000000,49.000000,53.500000,163.520020
291.000000,50.000000,53.500000,163.520020
296.000000,49.000000,53.500000,163.520020
302.000000,49.000000,53.500000,163.520020
305.000000,47.000000,53.500000,163.520020
306.000000,46.000000,53.500000,163.520020
302.000000,48.000000,53.500000,163.520020
304.000000,46.000000,53.500000,163.520020
303.000000,46.000000,53.500000,163.520020
302.000000,47.000000,53.500000,163.520020
303.000000,47.000000,53.500000,163.520020
302.000000,49.000000,53.500000,163.520020
302.000000,48.000000,53.500000,163.520020
303.000000,50.000000,53.500000,163.520020
304.000000,49.000000,53.500000,163.520020
307.000000,49.000000,53.500000,163.520020
307.000000,50.000000,53.500000,163.520020
308.000000,50.000000,53.500000,163.520020
309.000000,51.000000,53.500000,163.520020
309.000000,50.000000,53.500000,163.520020
310.000000,48.000000,53.500000,163.520020
310.000000,46.000000,53.500000,163.520020
313.000000,45.000000,53.500000,163.520020
312.000000,44.000000,53.500000,163.520020
312.000000,43.000000,53.500000,163.520020
314.000000,42.000000,53.500000,163.520020
313.000000,43.000000,53.500000,163.520020
311.000000,41.000000,53.500000,163.520020
311.000000,42.000000,53.500000,163.520020
309.000000,40.000000,53.500000,163.520020
308.000000,42.000000,53.500000,163.520020
309.000000,42.000000,53.500000,163.520020
308.000000,44.000000,53.500000,163.520020
291.000000,46.000000,53.500000,163.520020
291.000000,46.000000,53.500000,163.520020
292.000000,48.000000,53.500000,163.520020
292.000000,49.000000,53.500000,163.520020
292.000000,50.000000,53.500000,163.520020
293.000000,51.000000,53.500000,163.520020
294.000000,53.000000,53.500000,163.520020
295.000000,52.000000,53.500000,163.520020
296.000000,48.000000,53.500000,163.520020
297.000000,48.000000,53.500000,163.520020
298.000000,46.000000,53.500000,163.520020
299.000000,47.000000,53.500000,163.520020
301.000000,46.000000,53.500000,163.520020
300.000000,45.000000,53.500000,163.520020
300.000000,44.000000,53.500000,163.520020
299.000000,44.000000,53.500000,163.520020
299.000000,43.000000,53.500000,163.520020
298.000000,44.000000,53.500000,163.520020
297.000000,44.000000,53.500000,163.520020
297.000000,43.000000,53.500000,163.520020
297.000000,41.000000,53.500000,163.520020
296.000000,40.000000,53.500000,163.520020
2
0
0
0
0
1
351.000000,47.000000,49.789978,144.289993
352.000000,46.000000,49.789978,144.289993
352.000000,44.000000,49.789978,144.289993
353.000000,43.000000,49.789978,144.289993
352.000000,37.000000,49.789978,144.289993
351.000000,35.000000,49.789978,144.289993
351.000000,33.000000,49.789978,144.289993
352.000000,30.000000,49.789978,144.289993
352.000000,28.000000,49.789978,144.289993
351.000000,25.000000,49.789978,144.289993
353.000000,24.000000,49.789978,144.289993
353.000000,23.000000,49.789978,144.289993
354.000000,21.000000,49.789978,144.289993
352.000000,20.000000,49.789978,144.289993
353.000000,20.000000,49.789978,144.289993
353.000000,20.000000,49.789978,144.289993
354.000000,19.000000,49.789978,144.289993
354.000000,19.000000,49.789978,144.289993
354.000000,20.000000,49.789978,144.289993
353.000000,20.000000,49.789978,144.289993
352.000000,20.000000,49.789978,144.289993
352.000000,21.000000,49.789978,144.289993
353.000000,21.000000,49.789978,144.289993
352.000000,23.000000,49.789978,144.289993
352.000000,23.000000,49.789978,144.289993
352.000000,25.000000,49.789978,144.289993
353.000000,25.000000,49.789978,144.289993
353.000000,27.000000,49.789978,144.289993
353.000000,27.000000,49.789978,144.289993
353.000000,28.000000,49.789978,144.289993
353.000000,30.000000,49.789978,144.289993
353.000000,30.000000,49.789978,144.289993
354.000000,31.000000,49.789978,144.289993
354.000000,31.000000,49.789978,144.289993
354.000000,31.000000,49.789978,144.289993
355.000000,30.000000,49.789978,144.289993
354.000000,31.000000,49.789978,144.289993
354.000000,31.000000,49.789978,144.289993
354.000000,32.000000,49.789978,144.289993
354.000000,32.000000,49.789978,144.289993
354.000000,33.000000,49.789978,144.289993
354.000000,34.000000,49.789978,144.289993
355.000000,33.000000,49.789978,144.289993
354.000000,34.000000,49.789978,144.289993
354.000000,35.000000,49.789978,144.289993
353.000000,35.000000,49.789978,144.289993
354.000000,35.000000,49.789978,144.289993
354.000000,35.000000,49.789978,144.289993
353.000000,35.000000,49.789978,144.289993
354.000000,35.000000,49.789978,144.289993
354.000000,34.000000,49.789978,144.289993
355.000000,35.000000,49.789978,144.289993
355.000000,35.000000,49.789978,144.289993
355.000000,35.000000,49.789978,144.289993
355.000000,35.000000,49.789978,144.289993
354.000000,36.000000,49.789978,144.289993
353.000000,36.000000,49.789978,144.289993
351.000000,35.000000,49.789978,144.289993
350.000000,35.000000,49.789978,144.289993
348.000000,35.000000,49.789978,144.289993
347.000000,35.000000,49.789978,144.289993
347.000000,33.000000,49.789978,144.289993
345.000000,34.000000,49.789978,144.289993
344.000000,34.000000,49.789978,144.289993
343.000000,33.000000,49.789978,144.289993
342.000000,34.000000,49.789978,144.289993
341.000000,34.000000,49.789978,144.289993
339.000000,33.000000,49.789978,144.289993
338.000000,33.000000,49.789978,144.289993
337.000000,33.000000,49.789978,144.289993
335.000000,32.000000,49.789978,144.289993
333.000000,32.000000,49.789978,144.289993
332.000000,31.000000,49.789978,144.289993
330.000000,31.000000,49.789978,144.289993
329.000000,30.000000,49.789978,144.289993
327.000000,28.000000,49.789978,144.289993
325.000000,28.000000,49.789978,144.289993
324.000000,27.000000,49.789978,144.289993
322.000000,27.000000,49.789978,144.289993
321.000000,26.000000,49.789978,144.289993
320.000000,26.000000,49.789978,144.289993
318.000000,26.000000,49.789978,144.289993
317.000000,27.000000,49.789978,144.289993
316.000000,26.000000,49.789978,144.289993
315.000000,26.000000,49.789978,144.289993
315.000000,26.000000,49.789978,144.289993
314.000000,26.000000,49.789978,144.289993
312.000000,26.000000,49.789978,144.289993
310.000000,25.000000,49.789978,144.289993
308.000000,26.000000,49.789978,144.289993
307.000000,25.000000,49.789978,144.289993
304.000000,26.000000,49.789978,144.289993
304.000000,25.000000,49.789978,144.289993
302.000000,26.000000,49.789978,144.289993
300.000000,26.000000,49.789978,144.289993
299.000000,26.000000,49.789978,144.289993
298.000000,25.000000,49.789978,144.289993
296.000000,27.000000,49.789978,144.289993
296.000000,27.000000,49.789978,144.289993
294.000000,28.000000,49.789978,144.289993
293.000000,29.000000,49.789978,144.289993
292.000000,30.000000,49.789978,144.289993
290.000000,31.000000,49.789978,144.289993
287.000000,32.000000,49.789978,144.289993
286.000000,34.000000,49.789978,144.289993
285.000000,35.000000,49.789978,144.289993
284.000000,35.000000,49.789978,144.289993
283.000000,37.000000,49.789978,144.289993
282.000000,38.000000,49.789978,144.289993
282.000000,38.000000,49.789978,144.289993
282.000000,37.000000,49.789978,144.289993
284.000000,40.000000,49.789978,144.289993
284.000000,39.000000,49.789978,144.289993
288.000000,42.000000,49.789978,144.289993
289.000000,42.000000,49.789978,144.289993
290.000000,41.000000,49.789978,144.289993
291.000000,42.000000,49.789978,144.289993
293.000000,43.000000,49.789978,144.289993
295.000000,43.000000,49.789978,144.289993
297.000000,45.000000,49.789978,144.289993
297.000000,43.000000,49.789978,144.289993
298.000000,43.000000,49.789978,144.289993
300.000000,44.000000,49.789978,144.289993
302.000000,44.000000,49.789978,144.289993
303.000000,44.000000,49.789978,144.289993
305.000000,44.000000,49.789978,144.289993
306.000000,44.000000,49.789978,144.289993
306.000000,43.000000,49.789978,144.289993
307.000000,43.000000,49.789978,144.289993
308.000000,43.000000,49.789978,144.289993
309.000000,42.000000,49.789978,144.289993
310.000000,41.000000,49.789978,144.289993
310.000000,42.000000,49.789978,144.289993
312.000000,41.000000,49.789978,144.289993
312.000000,42.000000,49.789978,144.289993
314.000000,41.000000,49.789978,144.289993
316.000000,40.000000,49.789978,144.289993
316.000000,41.000000,49.789978,144.289993
318.000000,40.000000,49.789978,144.289993
320.000000,40.000000,49.789978,144.289993
322.000000,40.000000,49.789978,144.289993
324.000000,40.000000,49.789978,144.289993
326.000000,41.000000,49.789978,144.289993
328.000000,40.000000,49.789978,144.289993
329.000000,40.000000,49.789978,144.289993
330.000000,39.000000,49.789978,144.289993
331.000000,39.000000,49.789978,144.289993
332.000000,39.000000,49.789978,144.289993
333.000000,39.000000,49.789978,144.289993
334.000000,39.000000,49.789978,144.289993
335.000000,40.000000,49.789978,144.289993
336.000000,40.000000,49.789978,144.289993
337.000000,40.000000,49.789978,144.289993
337.000000,39.000000,49.789978,144.289993
338.000000,39.000000,49.789978,144.289993
339.000000,39.000000,49.789978,144.289993
340.000000,39.000000,49.789978,144.289993
340.000000,39.000000,49.789978,144.289993
340.000000,38.000000,49.789978,144.289993
340.000000,37.000000,49.789978,144.289993
339.000000,39.000000,49.789978,144.289993
340.000000,38.000000,49.789978,144.289993
341.000000,38.000000,49.789978,144.289993
341.000000,35.000000,49.789978,144.289993
341.000000,35.000000,49.789978,144.289993
340.000000,37.000000,49.789978,144.289993
339.000000,39.000000,49.789978,144.289993
337.000000,38.000000,49.789978,144.289993
338.000000,41.000000,49.789978,144.289993
338.000000,42.000000,49.789978,144.289993
336.000000,42.000000,49.789978,144.289993
337.000000,40.000000,49.789978,144.289993
336.000000,40.000000,49.789978,144.289993
336.000000,39.000000,49.789978,144.289993
336.000000,39.000000,49.789978,144.289993
338.000000,40.000000,49.789978,144.289993
338.000000,41.000000,49.789978,144.289993
339.000000,40.000000,49.789978,144.289993
341.000000,40.000000,49.789978,144.289993
342.000000,40.000000,49.789978,144.289993
344.000000,41.000000,49.789978,144.289993
346.000000,40.000000,49.789978,144.289993
347.000000,40.000000,49.789978,144.289993
348.000000,43.000000,49.789978,144.289993
352.000000,41.000000,49.789978,144.289993
354.000000,42.000000,49.789978,144.289993
353.000000,42.000000,49.789978,144.289993
355.000000,43.000000,49.789978,144.289993
359.000000,43.000000,49.789978,144.289993
361.000000,43.000000,49.789978,144.289993
363.000000,43.000000,49.789978,144.289993
366.000000,42.000000,49.789978,144.289993
369.000000,42.000000,49.789978,144.289993
370.000000,41.000000,49.789978,144.289993
371.000000,40.000000,49.789978,144.289993
372.000000,40.000000,49.789978,144.289993
374.000000,40.000000,49.789978,144.289993
375.000000,40.000000,49.789978,144.289993
377.000000,39.000000,49.789978,144.289993
378.000000,39.000000,49.789978,144.289993
380.000000,38.000000,49.789978,144.289993
382.000000,39.000000,49.789978,144.289993
381.000000,39.000000,49.789978,144.289993
382.000000,40.000000,49.789978,144.289993
382.000000,40.000000,49.789978,144.289993
380.000000,41.000000,49.789978,144.289993
381.000000,40.000000,49.789978,144.289993
380.000000,41.000000,49.789978,144.289993
379.000000,42.000000,49.789978,144.289993
382.000000,44.000000,49.789978,144.289993
378.000000,43.000000,49.789978,144.289993
376.000000,43.000000,49.789978,144.289993
375.000000,43.000000,49.789978,144.289993
375.000000,45.000000,49.789978,144.289993
370.000000,49.000000,49.789978,144.289993
369.000000,52.000000,49.789978,144.289993
371.000000,51.000000,49.789978,144.289993
370.000000,54.000000,49.789978,144.289993
370.000000,55.000000,49.789978,144.289993
372.000000,57.000000,49.789978,144.289993
372.000000,60.000000,49.789978,144.289993
371.000000,61.000000,49.789978,144.289993
369.000000,63.000000,49.789978,144.289993
369.000000,64.000000,49.789978,144.289993
368.000000,65.000000,49.789978,144.289993
368.000000,65.000000,49.789978,144.289993
367.000000,66.000000,49.789978,144.289993
366.000000,67.000000,49.789978,144.289993
365.000000,68.000000,49.789978,144.289993
365.000000,70.000000,49.789978,144.289993
365.000000,72.000000,49.789978,144.289993
364.000000,73.000000,49.789978,144.289993
364.000000,73.000000,49.789978,144.289993
364.000000,75.000000,49.789978,144.289993
362.000000,78.000000,49.789978,144.289993
361.000000,78.000000,49.789978,144.289993
359.000000,79.000000,49.789978,144.289993
361.000000,79.000000,49.789978,144.289993
361.000000,81.000000,49.789978,144.289993
362.000000,82.000000,49.789978,144.289993
363.000000,83.000000,49.789978,144.289993
364.000000,84.000000,49.789978,144.289993
365.000000,83.000000,49.789978,144.289993
363.000000,85.000000,49.789978,144.289993
366.000000,86.000000,49.789978,144.289993
365.000000,87.000000,49.789978,144.289993
363.000000,86.000000,49.789978,144.289993
363.000000,85.000000,49.789978,144.289993
363.000000,88.000000,49.789978,144.289993
362.000000,89.000000,49.789978,144.289993
362.000000,90.000000,49.789978,144.289993
361.000000,92.000000,49.789978,144.289993
360.000000,95.000000,49.789978,144.289993
358.000000,97.000000,49.789978,144.289993
357.000000,99.000000,49.789978,144.289993
355.000000,100.000000,49.789978,144.289993
354.000000,103.000000,49.789978,144.289993
352.000000,105.000000,49.789978,144.289993
352.000000,109.000000,49.789978,144.289993
351.000000,110.000000,49.789978,144.289993
350.000000,113.000000,49.789978,144.289993
349.000000,114.000000,49.789978,144.289993
348.000000,114.000000,49.789978,144.289993
346.000000,115.000000,49.789978,144.289993
344.000000,115.000000,49.789978,144.289993
342.000000,115.000000,49.789978,144.289993
339.000000,114.000000,49.789978,144.289993
337.000000,113.000000,49.789978,144.289993
337.000000,113.000000,49.789978,144.289993
336.000000,113.000000,49.789978,144.289993
334.000000,113.000000,49.789978,144.289993
334.000000,113.000000,49.789978,144.289993
335.000000,114.000000,49.789978,144.289993
333.000000,112.000000,49.789978,144.289993
334.000000,111.000000,49.789978,144.289993
333.000000,110.000000,49.789978,144.289993
333.000000,109.000000,49.789978,144.289993
333.000000,108.000000,49.789978,144.289993
331.000000,109.000000,49.789978,144.289993
332.000000,107.000000,49.789978,144.289993
332.000000,106.000000,49.789978,144.289993
332.000000,102.000000,49.789978,144.289993
330.000000,101.000000,49.789978,144.289993
333.000000,103.000000,49.789978,144.289993
334.000000,101.000000,49.789978,144.289993
334.000000,101.000000,49.789978,144.289993
333.000000,102.000000,49.789978,144.289993
334.000000,101.000000,49.789978,144.289993
335.000000,101.000000,49.789978,144.289993
337.000000,103.000000,49.789978,144.289993
337.000000,105.000000,49.789978,144.289993
337.000000,103.000000,49.789978,144.289993
339.000000,104.000000,49.789978,144.289993
338.000000,106.000000,49.789978,144.289993
340.000000,107.000000,49.789978,144.289993
340.000000,109.000000,49.789978,144.289993
341.000000,111.000000,49.789978,144.289993
342.000000,113.000000,49.789978,144.289993
342.000000,113.000000,49.789978,144.289993
342.000000,114.000000,49.789978,144.289993
344.000000,115.000000,49.789978,144.289993
344.000000,114.000000,49.789978,144.289993
344.000000,114.000000,49.789978,144.289993
345.000000,115.000000,49.789978,144.289993
345.000000,115.000000,49.789978,144.289993
345.000000,115.000000,49.789978,144.289993
344.000000,113.000000,49.789978,144.289993
344.000000,111.000000,49.789978,144.289993
344.000000,111.000000,49.789978,144.289993
343.000000,110.000000,49.789978,144.289993
344.000000,111.000000,49.789978,144.289993
344.000000,111.000000,49.789978,144.289993
346.000000,111.000000,49.789978,144.289993
345.000000,112.000000,49.789978,144.289993
346.000000,112.000000,49.789978,144.289993
347.000000,113.000000,49.789978,144.289993
347.000000,112.000000,49.789978,144.289993
348.000000,111.000000,49.789978,144.289993
349.000000,111.000000,49.789978,144.289993
349.000000,112.000000,49.789978,144.289993
350.000000,113.000000,49.789978,144.289993
350.000000,114.000000,49.789978,144.289993
349.000000,114.000000,49.789978,144.289993
349.000000,112.000000,49.789978,144.289993
348.000000,111.000000,49.789978,144.289993
349.000000,111.000000,49.789978,144.289993
350.000000,109.000000,49.789978,144.289993
351.000000,109.000000,49.789978,144.289993
351.000000,108.000000,49.789978,144.289993
353.000000,107.000000,49.789978,144.289993
352.000000,108.000000,49.789978,144.289993
353.000000,108.000000,49.789978,144.289993
353.000000,108.000000,49.789978,144.289993
352.000000,108.000000,49.789978,144.289993
353.000000,107.000000,49.789978,144.289993
352.000000,106.000000,49.789978,144.289993
354.000000,103.000000,49.789978,144.289993
356.000000,102.000000,49.789978,144.289993
357.000000,103.000000,49.789978,144.289993
357.000000,105.000000,49.789978,144.289993
358.000000,105.000000,49.789978,144.289993
359.000000,106.000000,49.789978,144.289993
360.000000,105.000000,49.789978,144.289993
359.000000,105.000000,49.789978,144.289993
359.000000,103.000000,49.789978,144.289993
358.000000,103.000000,49.789978,144.289993
360.000000,103.000000,49.789978,144.289993
360.000000,104.000000,49.789978,144.289993
361.000000,106.000000,49.789978,144.289993
362.000000,108.000000,49.789978,144.289993
361.000000,110.000000,49.789978,144.289993
363.000000,110.000000,49.789978,144.289993
365.000000,111.000000,49.789978,144.289993
368.000000,111.000000,49.789978,144.289993
370.000000,110.000000,49.789978,144.289993
371.000000,111.000000,49.789978,144.289993
374.000000,110.000000,49.789978,144.289993
376.000000,112.000000,49.789978,144.289993
378.000000,113.000000,49.789978,144.289993
380.000000,113.000000,49.789978,144.289993
382.000000,113.000000,49.789978,144.289993
384.000000,112.000000,49.789978,144.289993
387.000000,109.000000,49.789978,144.289993
389.000000,105.000000,49.789978,144.289993
392.000000,100.000000,49.789978,144.289993
393.000000,98.000000,49.789978,144.289993
395.000000,95.000000,49.789978,144.289993
396.000000,95.000000,49.789978,144.289993
396.000000,97.000000,49.789978,144.289993
397.000000,99.000000,49.789978,144.289993
399.000000,102.000000,49.789978,144.289993
400.000000,104.000000,49.789978,144.289993
400.000000,107.000000,49.789978,144.289993
399.000000,110.000000,49.789978,144.289993
401.000000,112.000000,49.789978,144.289993
402.000000,115.000000,49.789978,144.289993
402.000000,117.000000,49.789978,144.289993
402.000000,118.000000,49.789978,144.289993
402.000000,119.000000,49.789978,144.289993
404.000000,120.000000,49.789978,144.289993
405.000000,122.000000,49.789978,144.289993
406.000000,121.000000,49.789978,144.289993
406.000000,122.000000,49.789978,144.289993
406.000000,123.000000,49.789978,144.289993
408.000000,123.000000,49.789978,144.289993
410.000000,122.000000,49.789978,144.289993
411.000000,123.000000,49.789978,144.289993
413.000000,122.000000,49.789978,144.289993
415.000000,122.000000,49.789978,144.289993
417.000000,123.000000,49.789978,144.289993
418.000000,124.000000,49.789978,144.289993
419.000000,125.000000,49.789978,144.289993
421.000000,127.000000,49.789978,144.289993
422.000000,128.000000,49.789978,144.289993
421.000000,129.000000,49.789978,144.289993
422.000000,130.000000,49.789978,144.289993
423.000000,129.000000,49.789978,144.289993
423.000000,129.000000,49.789978,144.289993
424.000000,129.000000,49.789978,144.289993
423.000000,129.000000,49.789978,144.289993
423.000000,127.000000,49.789978,144.289993
423.000000,126.000000,49.789978,144.289993
423.000000,127.000000,49.789978,144.289993
424.000000,126.000000,49.789978,144.289993
423.000000,125.000000,49.789978,144.289993
424.000000,124.000000,49.789978,144.289993
424.000000,125.000000,49.789978,144.289993
423.000000,124.000000,49.789978,144.289993
421.000000,124.000000,49.789978,144.289993
420.000000,125.000000,49.789978,144.289993
419.000000,122.000000,49.789978,144.289993
416.000000,121.000000,49.789978,144.289993
413.000000,122.000000,49.789978,144.289993
413.000000,120.000000,49.789978,144.289993
412.000000,118.000000,49.789978,144.289993
410.000000,117.000000,49.789978,144.289993
407.000000,114.000000,49.789978,144.289993
404.000000,113.000000,49.789978,144.289993
401.000000,111.000000,49.789978,144.289993
399.000000,108.000000,49.789978,144.289993
398.000000,105.000000,49.789978,144.289993
397.000000,103.000000,49.789978,144.289993
397.000000,100.000000,49.789978,144.289993
397.000000,98.000000,49.789978,144.289993
397.000000,96.000000,49.789978,144.289993
399.000000,93.000000,49.789978,144.289993
401.000000,90.000000,49.789978,144.289993
402.000000,89.000000,49.789978,144.289993
403.000000,87.000000,49.789978,144.289993
407.000000,83.000000,49.789978,144.289993
408.000000,83.000000,49.789978,144.289993
409.000000,81.000000,49.789978,144.289993
410.000000,80.000000,49.789978,144.289993
411.000000,79.000000,49.789978,144.289993
411.000000,77.000000,49.789978,144.289993
410.000000,77.000000,49.789978,144.289993
410.000000,76.000000,49.789978,144.289993
410.000000,75.000000,49.789978,144.289993
410.000000,74.000000,49.789978,144.289993
410.000000,73.000000,49.789978,144.289993
410.000000,73.000000,49.789978,144.289993
410.000000,73.000000,49.789978,144.289993
411.000000,71.000000,49.789978,144.289993
411.000000,71.000000,49.789978,144.289993
412.000000,69.000000,49.789978,144.289993
413.000000,68.000000,49.789978,144.289993
414.000000,68.000000,49.789978,144.289993
415.000000,68.000000,49.789978,144.289993
416.000000,68.000000,49.789978,144.289993
417.000000,68.000000,49.789978,144.289993
418.000000,67.000000,49.789978,144.289993
418.000000,68.000000,49.789978,144.289993
419.000000,68.000000,49.789978,144.289993
420.000000,69.000000,49.789978,144.289993
419.000000,70.000000,49.789978,144.289993
420.000000,71.000000,49.789978,144.289993
420.000000,73.000000,49.789978,144.289993
420.000000,74.000000,49.789978,144.289993
421.000000,75.000000,49.789978,144.289993
420.000000,77.000000,49.789978,144.289993
421.000000,78.000000,49.789978,144.289993
421.000000,78.000000,49.789978,144.289993
422.000000,80.000000,49.789978,144.289993
422.000000,80.000000,49.789978,144.289993
422.000000,82.000000,49.789978,144.289993
422.000000,84.000000,49.789978,144.289993
423.000000,87.000000,49.789978,144.289993
423.000000,89.000000,49.789978,144.289993
423.000000,92.000000,49.789978,144.289993
423.000000,94.000000,49.789978,144.289993
422.000000,97.000000,49.789978,144.289993
422.000000,99.000000,49.789978,144.289993
421.000000,101.000000,49.789978,144.289993
419.000000,104.000000,49.789978,144.289993
419.000000,105.000000,49.789978,144.289993
417.000000,108.000000,49.789978,144.289993
417.000000,110.000000,49.789978,144.289993
416.000000,113.000000,49.789978,144.289993
415.000000,116.000000,49.789978,144.289993
415.000000,118.000000,49.789978,144.289993
414.000000,120.000000,49.789978,144.289993
415.000000,120.000000,49.789978,144.289993
414.000000,120.000000,49.789978,144.289993
415.000000,121.000000,49.789978,144.289993
415.000000,121.000000,49.789978,144.289993
415.000000,122.000000,49.789978,144.289993
416.000000,122.000000,49.789978,144.289993
415.000000,122.000000,49.789978,144.289993
416.000000,122.000000,49.789978,144.289993
416.000000,121.000000,49.789978,144.289993
416.000000,122.000000,49.789978,144.289993
417.000000,121.000000,49.789978,144.289993
417.000000,121.000000,49.789978,144.289993
417.000000,121.000000,49.789978,144.289993
418.000000,120.000000,49.789978,144.289993
419.000000,121.000000,49.789978,144.289993
419.000000,122.000000,49.789978,144.289993
420.000000,122.000000,49.789978,144.289993
418.000000,122.000000,49.789978,144.289993
420.000000,121.000000,49.789978,144.289993
419.000000,120.000000,49.789978,144.289993
418.000000,121.000000,49.789978,144.289993
421.000000,119.000000,49.789978,144.289993
421.000000,120.000000,49.789978,144.289993
419.000000,120.000000,49.789978,144.289993
422.000000,117.000000,49.789978,144.289993
421.000000,118.000000,49.789978,144.289993
419.000000,119.000000,49.789978,144.289993
420.000000,119.000000,49.789978,144.289993
420.000000,118.000000,49.789978,144.289993
420.000000,117.000000,49.789978,144.289993
421.000000,117.000000,49.789978,144.289993
420.000000,117.000000,49.789978,144.289993
420.000000,118.000000,49.789978,144.289993
419.000000,118.000000,49.789978,144.289993
418.000000,118.000000,49.789978,144.289993
416.000000,118.000000,49.789978,144.289993
415.000000,118.000000,49.789978,144.289993
413.000000,118.000000,49.789978,144.289993
413.000000,117.000000,49.789978,144.289993
412.000000,118.000000,49.789978,144.289993
411.000000,118.000000,49.789978,144.289993
410.000000,119.000000,49.789978,144.289993
410.000000,118.000000,49.789978,144.289993
410.000000,117.000000,49.789978,144.289993
409.000000,118.000000,49.789978,144.289993
409.000000,117.000000,49.789978,144.289993
409.000000,117.000000,49.789978,144.289993
409.000000,118.000000,49.789978,144.289993
409.000000,117.000000,49.789978,144.289993
408.000000,118.000000,49.789978,144.289993
407.000000,119.000000,49.789978,144.289993
406.000000,119.000000,49.789978,144.289993
405.000000,120.000000,49.789978,144.289993
405.000000,121.000000,49.789978,144.289993
405.000000,121.000000,49.789978,144.289993
405.000000,122.000000,49.789978,144.289993
406.000000,122.000000,49.789978,144.289993
406.000000,122.000000,49.789978,144.289993
405.000000,122.000000,49.789978,144.289993
406.000000,122.000000,49.789978,144.289993
406.000000,123.000000,49.789978,144.289993
407.000000,122.000000,49.789978,144.289993
408.000000,123.000000,49.789978,144.289993
408.000000,123.000000,49.789978,144.289993
409.000000,121.000000,49.789978,144.289993
408.000000,121.000000,49.789978,144.289993
409.000000,121.000000,49.789978,144.289993
409.000000,120.000000,49.789978,144.289993
408.000000,121.000000,49.789978,144.289993
409.000000,121.000000,49.789978,144.289993
407.000000,122.000000,49.789978,144.289993
407.000000,123.000000,49.789978,144.289993
406.000000,122.000000,49.789978,144.289993
406.000000,123.000000,49.789978,144.289993
406.000000,121.000000,49.789978,144.289993
404.000000,121.000000,49.789978,144.289993
403.000000,121.000000,49.789978,144.289993
403.000000,121.000000,49.789978,144.289993
401.000000,121.000000,49.789978,144.289993
400.000000,120.000000,49.789978,144.289993
402.000000,120.000000,49.789978,144.289993
402.000000,120.000000,49.789978,144.289993
402.000000,119.000000,49.789978,144.289993
402.000000,119.000000,49.789978,144.289993
402.000000,119.000000,49.789978,144.289993
401.000000,119.000000,49.789978,144.289993
400.000000,120.000000,49.789978,144.289993
398.000000,119.000000,49.789978,144.289993
398.000000,118.000000,49.789978,144.289993
397.000000,117.000000,49.789978,144.289993
396.000000,116.000000,49.789978,144.289993
396.000000,115.000000,49.789978,144.289993
395.000000,114.000000,49.789978,144.289993
393.000000,112.000000,49.789978,144.289993
393.000000,111.000000,49.789978,144.289993
391.000000,109.000000,49.789978,144.289993
391.000000,109.000000,49.789978,144.289993
389.000000,108.000000,49.789978,144.289993
388.000000,107.000000,49.789978,144.289993
386.000000,107.000000,49.789978,144.289993
386.000000,107.000000,49.789978,144.289993
385.000000,106.000000,49.789978,144.289993
384.000000,106.000000,49.789978,144.289993
381.000000,105.000000,49.789978,144.289993
381.000000,104.000000,49.789978,144.289993
376.000000,105.000000,49.789978,144.289993
379.000000,104.000000,49.789978,144.289993
375.000000,104.000000,49.789978,144.289993
373.000000,104.000000,49.789978,144.289993
371.000000,104.000000,49.789978,144.289993
368.000000,104.000000,49.789978,144.289993
365.000000,106.000000,49.789978,144.289993
361.000000,106.000000,49.789978,144.289993
359.000000,106.000000,49.789978,144.289993
357.000000,105.000000,49.789978,144.289993
354.000000,104.000000,49.789978,144.289993
352.000000,104.000000,49.789978,144.289993
349.000000,103.000000,49.789978,144.289993
346.000000,103.000000,49.789978,144.289993
344.000000,104.000000,49.789978,144.289993
350.000000,104.000000,49.789978,144.289993
352.000000,105.000000,49.789978,144.289993
353.000000,107.000000,49.789978,144.289993
356.000000,108.000000,49.789978,144.289993
357.000000,110.000000,49.789978,144.289993
359.000000,112.000000,49.789978,144.289993
362.000000,114.000000,49.789978,144.289993
368.000000,114.000000,49.789978,144.289993
370.000000,115.000000,49.789978,144.289993
372.000000,116.000000,49.789978,144.289993
375.000000,117.000000,49.789978,144.289993
375.000000,120.000000,49.789978,144.289993
376.000000,122.000000,49.789978,144.289993
378.000000,124.000000,49.789978,144.289993
378.000000,126.000000,49.789978,144.289993
378.000000,127.000000,49.789978,144.289993
378.000000,129.000000,49.789978,144.289993
377.000000,132.000000,49.789978,144.289993
378.000000,133.000000,49.789978,144.289993
377.000000,134.000000,49.789978,144.289993
378.000000,135.000000,49.789978,144.289993
380.000000,136.000000,49.789978,144.289993
382.000000,137.000000,49.789978,144.289993
384.000000,140.000000,49.789978,144.289993
387.000000,142.000000,49.789978,144.289993
388.000000,144.000000,49.789978,144.289993
390.000000,146.000000,49.789978,144.289993
392.000000,150.000000,49.789978,144.289993
391.000000,154.000000,49.789978,144.289993
390.000000,157.000000,49.789978,144.289993
392.000000,163.000000,49.789978,144.289993
392.000000,165.000000,49.789978,144.289993
393.000000,166.000000,49.789978,144.289993
393.000000,165.000000,49.789978,144.289993
392.000000,163.000000,49.789978,144.289993
391.000000,163.000000,49.789978,144.289993
391.000000,161.000000,49.789978,144.289993
390.000000,161.000000,49.789978,144.289993
391.000000,161.000000,49.789978,144.289993
391.000000,161.000000,49.789978,144.289993
392.000000,161.000000,49.789978,144.289993
392.000000,161.000000,49.789978,144.289993
390.000000,162.000000,49.789978,144.289993
390.000000,161.000000,49.789978,144.289993
389.000000,162.000000,49.789978,144.289993
388.000000,162.000000,49.789978,144.289993
385.000000,162.000000,49.789978,144.289993
384.000000,161.000000,49.789978,144.289993
382.000000,161.000000,49.789978,144.289993
382.000000,159.000000,49.789978,144.289993
381.000000,157.000000,49.789978,144.289993
379.000000,155.000000,49.789978,144.289993
378.000000,153.000000,49.789978,144.289993
376.000000,150.000000,49.789978,144.289993
375.000000,147.000000,49.789978,144.289993
373.000000,144.000000,49.789978,144.289993
374.000000,141.000000,49.789978,144.289993
373.000000,138.000000,49.789978,144.289993
372.000000,136.000000,49.789978,144.289993
372.000000,133.000000,49.789978,144.289993
372.000000,130.000000,49.789978,144.289993
371.000000,128.000000,49.789978,144.289993
370.000000,126.000000,49.789978,144.289993
371.000000,122.000000,49.789978,144.289993
371.000000,120.000000,49.789978,144.289993
372.000000,118.000000,49.789978,144.289993
372.000000,116.000000,49.789978,144.289993
372.000000,116.000000,49.789978,144.289993
374.000000,115.000000,49.789978,144.289993
374.000000,114.000000,49.789978,144.289993
377.000000,115.000000,49.789978,144.289993
380.000000,116.000000,49.789978,144.289993
380.000000,116.000000,49.789978,144.289993
380.000000,115.000000,49.789978,144.289993
382.000000,116.000000,49.789978,144.289993
389.000000,117.000000,49.789978,144.289993
396.000000,110.000000,49.789978,144.289993
409.000000,110.000000,49.789978,144.289993
416.000000,112.000000,49.789978,144.289993
425.000000,113.000000,49.789978,144.289993
2
0
0
0
0
1
366.000000,123.000000,59.839996,141.079987
367.000000,125.000000,59.839996,141.079987
365.000000,125.000000,59.839996,141.079987
364.000000,125.000000,59.839996,141.079987
363.000000,124.000000,59.839996,141.079987
361.000000,124.000000,59.839996,141.079987
359.000000,123.000000,59.839996,141.079987
358.000000,123.000000,59.839996,141.079987
357.000000,123.000000,59.839996,141.079987
357.000000,125.000000,59.839996,141.079987
356.000000,125.000000,59.839996,141.079987
355.000000,124.000000,59.839996,141.079987
355.000000,125.000000,59.839996,141.079987
352.000000,127.000000,59.839996,141.079987
352.000000,128.000000,59.839996,141.079987
351.000000,128.000000,59.839996,141.079987
351.000000,131.000000,59.839996,141.079987
351.000000,132.000000,59.839996,141.079987
351.000000,133.000000,59.839996,141.079987
350.000000,135.000000,59.839996,141.079987
351.000000,136.000000,59.839996,141.079987
350.000000,138.000000,59.839996,141.079987
350.000000,139.000000,59.839996,141.079987
350.000000,139.000000,59.839996,141.079987
349.000000,141.000000,59.839996,141.079987
349.000000,142.000000,59.839996,141.079987
348.000000,144.000000,59.839996,141.079987
347.000000,146.000000,59.839996,141.079987
347.000000,147.000000,59.839996,141.079987
346.000000,149.000000,59.839996,141.079987
346.000000,150.000000,59.839996,141.079987
346.000000,152.000000,59.839996,141.079987
346.000000,152.000000,59.839996,141.079987
345.000000,154.000000,59.839996,141.079987
345.000000,155.000000,59.839996,141.079987
344.000000,155.000000,59.839996,141.079987
344.000000,155.000000,59.839996,141.079987
343.000000,157.000000,59.839996,141.079987
343.000000,158.000000,59.839996,141.079987
342.000000,158.000000,59.839996,141.079987
342.000000,159.000000,59.839996,141.079987
341.000000,159.000000,59.839996,141.079987
340.000000,158.000000,59.839996,141.079987
338.000000,158.000000,59.839996,141.079987
338.000000,159.000000,59.839996,141.079987
337.000000,160.000000,59.839996,141.079987
336.000000,161.000000,59.839996,141.079987
335.000000,163.000000,59.839996,141.079987
334.000000,165.000000,59.839996,141.079987
333.000000,167.000000,59.839996,141.079987
332.000000,168.000000,59.839996,141.079987
330.000000,169.000000,59.839996,141.079987
328.000000,169.000000,59.839996,141.079987
327.000000,170.000000,59.839996,141.079987
325.000000,170.000000,59.839996,141.079987
324.000000,171.000000,59.839996,141.079987
321.000000,174.000000,59.839996,141.079987
321.000000,174.000000,59.839996,141.079987
318.000000,176.000000,59.839996,141.079987
317.000000,176.000000,59.839996,141.079987
316.000000,176.000000,59.839996,141.079987
313.000000,177.000000,59.839996,141.079987
312.000000,177.000000,59.839996,141.079987
310.000000,177.000000,59.839996,141.079987
307.000000,178.000000,59.839996,141.079987
304.000000,178.000000,59.839996,141.079987
301.000000,180.000000,59.839996,141.079987
299.000000,180.000000,59.839996,141.079987
296.000000,181.000000,59.839996,141.079987
293.000000,180.000000,59.839996,141.079987
291.000000,180.000000,59.839996,141.079987
288.000000,180.000000,59.839996,141.079987
286.000000,180.000000,59.839996,141.079987
283.000000,181.000000,59.839996,141.079987
281.000000,181.000000,59.839996,141.079987
278.000000,181.000000,59.839996,141.079987
276.000000,181.000000,59.839996,141.079987
274.000000,180.000000,59.839996,141.079987
271.000000,181.000000,59.839996,141.079987
269.000000,181.000000,59.839996,141.079987
266.000000,181.000000,59.839996,141.079987
264.000000,182.000000,59.839996,141.079987
262.000000,183.000000,59.839996,141.079987
259.000000,183.000000,59.839996,141.079987
258.000000,183.000000,59.839996,141.079987
255.000000,184.000000,59.839996,141.079987
253.000000,184.000000,59.839996,141.079987
251.000000,184.000000,59.839996,141.079987
248.000000,185.000000,59.839996,141.079987
247.000000,185.000000,59.839996,141.079987
244.000000,186.000000,59.839996,141.079987
242.000000,186.000000,59.839996,141.079987
240.000000,186.000000,59.839996,141.079987
237.000000,187.000000,59.839996,141.079987
236.000000,187.000000,59.839996,141.079987
234.000000,187.000000,59.839996,141.079987
231.000000,187.000000,59.839996,141.079987
228.000000,188.000000,59.839996,141.079987
225.000000,188.000000,59.839996,141.079987
