1
294.000000,133.000000,46.919983,173.119995
294.000000,133.000000,46.919983,173.119995
296.000000,133.000000,46.919983,173.119995
296.000000,133.000000,46.919983,173.119995
297.000000,133.000000,46.919983,173.119995
298.000000,134.000000,46.919983,173.119995
298.000000,134.000000,46.919983,173.119995
298.000000,134.000000,46.919983,173.119995
297.000000,135.000000,46.919983,173.119995
297.000000,134.000000,46.919983,173.119995
295.000000,135.000000,46.919983,173.119995
293.000000,136.000000,46.919983,173.119995
291.000000,135.000000,46.919983,173.119995
289.000000,135.000000,46.919983,173.119995
287.000000,136.000000,46.919983,173.119995
285.000000,136.000000,46.919983,173.119995
282.000000,136.000000,46.919983,173.119995
281.000000,137.000000,46.919983,173.119995
280.000000,137.000000,46.919983,173.119995
278.000000,137.000000,46.919983,173.119995
279.000000,137.000000,46.919983,173.119995
277.000000,138.000000,46.919983,173.119995
277.000000,138.000000,46.919983,173.119995
276.000000,139.000000,46.919983,173.119995
276.000000,140.000000,46.919983,173.119995
275.000000,141.000000,46.919983,173.119995
274.000000,141.000000,46.919983,173.119995
273.000000,142.000000,46.919983,173.119995
272.000000,142.000000,46.919983,173.119995
270.000000,144.000000,46.919983,173.119995
269.000000,145.000000,46.919983,173.119995
269.000000,145.000000,46.919983,173.119995
268.000000,146.000000,46.919983,173.119995
267.000000,147.000000,46.919983,173.119995
266.000000,147.000000,46.919983,173.119995
264.000000,147.000000,46.919983,173.119995
263.000000,147.000000,46.919983,173.119995
261.000000,147.000000,46.919983,173.119995
259.000000,147.000000,46.919983,173.119995
259.000000,147.000000,46.919983,173.119995
257.000000,148.000000,46.919983,173.119995
256.000000,149.000000,46.919983,173.119995
255.000000,150.000000,46.919983,173.119995
257.000000,149.000000,46.919983,173.119995
257.000000,150.000000,46.919983,173.119995
258.000000,150.000000,46.919983,173.119995
259.000000,149.000000,46.919983,173.119995
259.000000,148.000000,46.919983,173.119995
259.000000,147.000000,46.919983,173.119995
259.000000,147.000000,46.919983,173.119995
259.000000,146.000000,46.919983,173.119995
257.000000,147.000000,46.919983,173.119995
257.000000,145.000000,46.919983,173.119995
257.000000,144.000000,46.919983,173.119995
255.000000,144.000000,46.919983,173.119995
255.000000,144.000000,46.919983,173.119995
254.000000,143.000000,46.919983,173.119995
256.000000,142.000000,46.919983,173.119995
257.000000,145.000000,46.919983,173.119995
263.000000,141.000000,46.919983,173.119995
264.000000,141.000000,46.919983,173.119995
266.000000,136.000000,46.919983,173.119995
261.000000,136.000000,46.919983,173.119995
260.000000,132.000000,46.919983,173.119995
260.000000,132.000000,46.919983,173.119995
260.000000,130.000000,46.919983,173.119995
264.000000,128.000000,46.919983,173.119995
265.000000,127.000000,46.919983,173.119995
270.000000,121.000000,46.919983,173.119995
276.000000,124.000000,46.919983,173.119995
281.000000,124.000000,46.919983,173.119995
294.000000,122.000000,46.919983,173.119995
2
0
0
0
0
1
255.000000,130.000000,42.229980,166.520004
255.000000,130.000000,42.229980,166.520004
255.000000,131.000000,42.229980,166.520004
255.000000,131.000000,42.229980,166.520004
255.000000,131.000000,42.229980,166.520004
255.000000,131.000000,42.229980,166.520004
256.000000,131.000000,42.229980,166.520004
256.000000,131.000000,42.229980,166.520004
256.000000,130.000000,42.229980,166.520004
256.000000,129.000000,42.229980,166.520004
257.000000,128.000000,42.229980,166.520004
257.000000,127.000000,42.229980,166.520004
258.000000,127.000000,42.229980,166.520004
258.000000,126.000000,42.229980,166.520004
259.000000,127.000000,42.229980,166.520004
260.000000,127.000000,42.229980,166.520004
260.000000,127.000000,42.229980,166.520004
262.000000,127.000000,42.229980,166.520004
262.000000,128.000000,42.229980,166.520004
264.000000,128.000000,42.229980,166.520004
265.000000,128.000000,42.229980,166.520004
266.000000,128.000000,42.229980,166.520004
268.000000,128.000000,42.229980,166.520004
270.000000,129.000000,42.229980,166.520004
273.000000,129.000000,42.229980,166.520004
278.000000,129.000000,42.229980,166.520004
282.000000,130.000000,42.229980,166.520004
269.000000,109.000000,42.229980,166.520004
277.000000,112.000000,42.229980,166.520004
283.000000,113.000000,42.229980,166.520004
289.000000,112.000000,42.229980,166.520004
292.000000,114.000000,42.229980,166.520004
299.000000,113.000000,42.229980,166.520004
303.000000,115.000000,42.229980,166.520004
308.000000,116.000000,42.229980,166.520004
315.000000,115.000000,42.229980,166.520004
320.000000,114.000000,42.229980,166.520004
2
0
0
0
0
1
280.000000,141.000000,52.959991,162.580002
284.000000,144.000000,52.959991,162.580002
288.000000,141.000000,52.959991,162.580002
287.000000,140.000000,52.959991,162.580002
287.000000,141.000000,52.959991,162.580002
288.000000,141.000000,52.959991,162.580002
288.000000,143.000000,52.959991,162.580002
288.000000,144.000000,52.959991,162.580002
288.000000,144.000000,52.959991,162.580002
288.000000,145.000000,52.959991,162.580002
288.000000,147.000000,52.959991,162.580002
285.000000,144.000000,52.959991,162.580002
285.000000,145.000000,52.959991,162.580002
285.000000,145.000000,52.959991,162.580002
284.000000,146.000000,52.959991,162.580002
284.000000,146.000000,52.959991,162.580002
283.000000,145.000000,52.959991,162.580002
284.000000,146.000000,52.959991,162.580002
283.000000,146.000000,52.959991,162.580002
282.000000,145.000000,52.959991,162.580002
282.000000,144.000000,52.959991,162.580002
282.000000,144.000000,52.959991,162.580002
282.000000,144.000000,52.959991,162.580002
282.000000,143.000000,52.959991,162.580002
282.000000,142.000000,52.959991,162.580002
283.000000,142.000000,52.959991,162.580002
283.000000,143.000000,52.959991,162.580002
283.000000,143.000000,52.959991,162.580002
284.000000,144.000000,52.959991,162.580002
284.000000,144.000000,52.959991,162.580002
286.000000,146.000000,52.959991,162.580002
284.000000,145.000000,52.959991,162.580002
285.000000,145.000000,52.959991,162.580002
286.000000,146.000000,52.959991,162.580002
285.000000,146.000000,52.959991,162.580002
283.000000,146.000000,52.959991,162.580002
282.000000,147.000000,52.959991,162.580002
279.000000,145.000000,52.959991,162.580002
276.000000,145.000000,52.959991,162.580002
276.000000,146.000000,52.959991,162.580002
276.000000,146.000000,52.959991,162.580002
276.000000,147.000000,52.959991,162.580002
276.000000,147.000000,52.959991,162.580002
277.000000,148.000000,52.959991,162.580002
277.000000,149.000000,52.959991,162.580002
277.000000,149.000000,52.959991,162.580002
277.000000,150.000000,52.959991,162.580002
280.000000,149.000000,52.959991,162.580002
280.000000,149.000000,52.959991,162.580002
281.000000,148.000000,52.959991,162.580002
280.000000,148.000000,52.959991,162.580002
280.000000,148.000000,52.959991,162.580002
280.000000,147.000000,52.959991,162.580002
280.000000,149.000000,52.959991,162.580002
281.000000,148.000000,52.959991,162.580002
281.000000,148.000000,52.959991,162.580002
282.000000,149.000000,52.959991,162.580002
284.000000,150.000000,52.959991,162.580002
285.000000,150.000000,52.959991,162.580002
285.000000,150.000000,52.959991,162.580002
285.000000,150.000000,52.959991,162.580002
287.000000,150.000000,52.959991,162.580002
290.000000,150.000000,52.959991,162.580002
290.000000,150.000000,52.959991,162.580002
289.000000,151.000000,52.959991,162.580002
289.000000,151.000000,52.959991,162.580002
288.000000,151.000000,52.959991,162.580002
290.000000,152.000000,52.959991,162.580002
291.000000,152.000000,52.959991,162.580002
290.000000,152.000000,52.959991,162.580002
290.000000,156.000000,52.959991,162.580002
291.000000,157.000000,52.959991,162.580002
291.000000,159.000000,52.959991,162.580002
289.000000,160.000000,52.959991,162.580002
289.000000,159.000000,52.959991,162.580002
289.000000,158.000000,52.959991,162.580002
289.000000,157.000000,52.959991,162.580002
291.000000,156.000000,52.959991,162.580002
291.000000,153.000000,52.959991,162.580002
292.000000,152.000000,52.959991,162.580002
292.000000,152.000000,52.959991,162.580002
293.000000,152.000000,52.959991,162.580002
295.000000,152.000000,52.959991,162.580002
298.000000,152.000000,52.959991,162.580002
300.000000,153.000000,52.959991,162.580002
302.000000,155.000000,52.959991,162.580002
305.000000,154.000000,52.959991,162.580002
306.000000,155.000000,52.959991,162.580002
306.000000,156.000000,52.959991,162.580002
304.000000,154.000000,52.959991,162.580002
304.000000,156.000000,52.959991,162.580002
307.000000,155.000000,52.959991,162.580002
309.000000,156.000000,52.959991,162.580002
311.000000,155.000000,52.959991,162.580002
309.000000,157.000000,52.959991,162.580002
307.000000,155.000000,52.959991,162.580002
307.000000,156.000000,52.959991,162.580002
305.000000,155.000000,52.959991,162.580002
305.000000,156.000000,52.959991,162.580002
301.000000,156.000000,52.959991,162.580002
297.000000,156.000000,52.959991,162.580002
298.000000,156.000000,52.959991,162.580002
297.000000,157.000000,52.959991,162.580002
297.000000,157.000000,52.959991,162.580002
298.000000,156.000000,52.959991,162.580002
299.000000,157.000000,52.959991,162.580002
300.000000,157.000000,52.959991,162.580002
302.000000,157.000000,52.959991,162.580002
304.000000,158.000000,52.959991,162.580002
306.000000,158.000000,52.959991,162.580002
307.000000,157.000000,52.959991,162.580002
309.000000,158.000000,52.959991,162.580002
310.000000,158.000000,52.959991,162.580002
312.000000,158.000000,52.959991,162.580002
315.000000,159.000000,52.959991,162.580002
317.000000,159.000000,52.959991,162.580002
318.000000,160.000000,52.959991,162.580002
321.000000,160.000000,52.959991,162.580002
324.000000,160.000000,52.959991,162.580002
326.000000,161.000000,52.959991,162.580002
328.000000,162.000000,52.959991,162.580002
330.000000,163.000000,52.959991,162.580002
333.000000,164.000000,52.959991,162.580002
334.000000,163.000000,52.959991,162.580002
336.000000,163.000000,52.959991,162.580002
337.000000,162.000000,52.959991,162.580002
339.000000,163.000000,52.959991,162.580002
340.000000,162.000000,52.959991,162.580002
341.000000,162.000000,52.959991,162.580002
342.000000,162.000000,52.959991,162.580002
345.000000,162.000000,52.959991,162.580002
347.000000,163.000000,52.959991,162.580002
350.000000,163.000000,52.959991,162.580002
354.000000,163.000000,52.959991,162.580002
357.000000,163.000000,52.959991,162.580002
360.000000,163.000000,52.959991,162.580002
362.000000,163.000000,52.959991,162.580002
367.000000,163.000000,52.959991,162.580002
370.000000,163.000000,52.959991,162.580002
373.000000,163.000000,52.959991,162.580002
376.000000,163.000000,52.959991,162.580002
378.000000,163.000000,52.959991,162.580002
380.000000,163.000000,52.959991,162.580002
381.000000,162.000000,52.959991,162.580002
383.000000,161.000000,52.959991,162.580002
384.000000,161.000000,52.959991,162.580002
384.000000,161.000000,52.959991,162.580002
383.000000,165.000000,52.959991,162.580002
383.000000,164.000000,52.959991,162.580002
383.000000,165.000000,52.959991,162.580002
384.000000,167.000000,52.959991,162.580002
384.000000,166.000000,52.959991,162.580002
387.000000,167.000000,52.959991,162.580002
389.000000,165.000000,52.959991,162.580002
395.000000,164.000000,52.959991,162.580002
397.000000,164.000000,52.959991,162.580002
401.000000,164.000000,52.959991,162.580002
404.000000,163.000000,52.959991,162.580002
406.000000,162.000000,52.959991,162.580002
409.000000,161.000000,52.959991,162.580002
411.000000,161.000000,52.959991,162.580002
413.000000,161.000000,52.959991,162.580002
415.000000,162.000000,52.959991,162.580002
418.000000,159.000000,52.959991,162.580002
419.000000,158.000000,52.959991,162.580002
419.000000,159.000000,52.959991,162.580002
419.000000,159.000000,52.959991,162.580002
419.000000,160.000000,52.959991,162.580002
417.000000,160.000000,52.959991,162.580002
418.000000,160.000000,52.959991,162.580002
417.000000,161.000000,52.959991,162.580002
414.000000,160.000000,52.959991,162.580002
412.000000,160.000000,52.959991,162.580002
410.000000,159.000000,52.959991,162.580002
407.000000,159.000000,52.959991,162.580002
406.000000,160.000000,52.959991,162.580002
403.000000,158.000000,52.959991,162.580002
400.000000,158.000000,52.959991,162.580002
397.000000,158.000000,52.959991,162.580002
394.000000,157.000000,52.959991,162.580002
392.000000,157.000000,52.959991,162.580002
390.000000,158.000000,52.959991,162.580002
386.000000,157.000000,52.959991,162.580002
383.000000,157.000000,52.959991,162.580002
381.000000,156.000000,52.959991,162.580002
379.000000,157.000000,52.959991,162.580002
378.000000,156.000000,52.959991,162.580002
378.000000,157.000000,52.959991,162.580002
377.000000,158.000000,52.959991,162.580002
378.000000,158.000000,52.959991,162.580002
378.000000,157.000000,52.959991,162.580002
379.000000,156.000000,52.959991,162.580002
379.000000,155.000000,52.959991,162.580002
379.000000,154.000000,52.959991,162.580002
379.000000,154.000000,52.959991,162.580002
380.000000,154.000000,52.959991,162.580002
380.000000,154.000000,52.959991,162.580002
380.000000,154.000000,52.959991,162.580002
381.000000,154.000000,52.959991,162.580002
380.000000,154.000000,52.959991,162.580002
380.000000,155.000000,52.959991,162.580002
381.000000,155.000000,52.959991,162.580002
381.000000,155.000000,52.959991,162.580002
381.000000,154.000000,52.959991,162.580002
381.000000,153.000000,52.959991,162.580002
382.000000,153.000000,52.959991,162.580002
382.000000,153.000000,52.959991,162.580002
383.000000,152.000000,52.959991,162.580002
382.000000,152.000000,52.959991,162.580002
384.000000,151.000000,52.959991,162.580002
384.000000,151.000000,52.959991,162.580002
384.000000,150.000000,52.959991,162.580002
385.000000,149.000000,52.959991,162.580002
393.000000,149.000000,52.959991,162.580002
394.000000,147.000000,52.959991,162.580002
394.000000,147.000000,52.959991,162.580002
394.000000,147.000000,52.959991,162.580002
394.000000,146.000000,52.959991,162.580002
396.000000,146.000000,52.959991,162.580002
394.000000,143.000000,52.959991,162.580002
394.000000,144.000000,52.959991,162.580002
393.000000,142.000000,52.959991,162.580002
395.000000,142.000000,52.959991,162.580002
395.000000,143.000000,52.959991,162.580002
394.000000,141.000000,52.959991,162.580002
393.000000,141.000000,52.959991,162.580002
390.000000,141.000000,52.959991,162.580002
390.000000,140.000000,52.959991,162.580002
388.000000,140.000000,52.959991,162.580002
384.000000,139.000000,52.959991,162.580002
383.000000,138.000000,52.959991,162.580002
379.000000,138.000000,52.959991,162.580002
375.000000,137.000000,52.959991,162.580002
374.000000,137.000000,52.959991,162.580002
370.000000,137.000000,52.959991,162.580002
368.000000,136.000000,52.959991,162.580002
365.000000,135.000000,52.959991,162.580002
364.000000,134.000000,52.959991,162.580002
361.000000,134.000000,52.959991,162.580002
359.000000,133.000000,52.959991,162.580002
357.000000,132.000000,52.959991,162.580002
355.000000,131.000000,52.959991,162.580002
354.000000,130.000000,52.959991,162.580002
353.000000,131.000000,52.959991,162.580002
352.000000,127.000000,52.959991,162.580002
352.000000,125.000000,52.959991,162.580002
351.000000,124.000000,52.959991,162.580002
351.000000,122.000000,52.959991,162.580002
349.000000,122.000000,52.959991,162.580002
348.000000,121.000000,52.959991,162.580002
347.000000,120.000000,52.959991,162.580002
346.000000,120.000000,52.959991,162.580002
344.000000,120.000000,52.959991,162.580002
343.000000,120.000000,52.959991,162.580002
342.000000,119.000000,52.959991,162.580002
341.000000,117.000000,52.959991,162.580002
340.000000,117.000000,52.959991,162.580002
339.000000,117.000000,52.959991,162.580002
338.000000,117.000000,52.959991,162.580002
336.000000,117.000000,52.959991,162.580002
336.000000,117.000000,52.959991,162.580002
335.000000,118.000000,52.959991,162.580002
335.000000,119.000000,52.959991,162.580002
334.000000,119.000000,52.959991,162.580002
333.000000,120.000000,52.959991,162.580002
332.000000,121.000000,52.959991,162.580002
331.000000,122.000000,52.959991,162.580002
329.000000,123.000000,52.959991,162.580002
328.000000,124.000000,52.959991,162.580002
327.000000,125.000000,52.959991,162.580002
325.000000,125.000000,52.959991,162.580002
324.000000,125.000000,52.959991,162.580002
321.000000,125.000000,52.959991,162.580002
319.000000,125.000000,52.959991,162.580002
316.000000,123.000000,52.959991,162.580002
312.000000,122.000000,52.959991,162.580002
308.000000,122.000000,52.959991,162.580002
305.000000,122.000000,52.959991,162.580002
302.000000,123.000000,52.959991,162.580002
300.000000,124.000000,52.959991,162.580002
298.000000,127.000000,52.959991,162.580002
295.000000,128.000000,52.959991,162.580002
292.000000,130.000000,52.959991,162.580002
290.000000,130.000000,52.959991,162.580002
288.000000,130.000000,52.959991,162.580002
286.000000,130.000000,52.959991,162.580002
284.000000,130.000000,52.959991,162.580002
280.000000,131.000000,52.959991,162.580002
277.000000,130.000000,52.959991,162.580002
279.000000,131.000000,52.959991,162.580002
278.000000,131.000000,52.959991,162.580002
279.000000,132.000000,52.959991,162.580002
277.000000,133.000000,52.959991,162.580002
274.000000,134.000000,52.959991,162.580002
273.000000,135.000000,52.959991,162.580002
270.000000,135.000000,52.959991,162.580002
269.000000,136.000000,52.959991,162.580002
271.000000,137.000000,52.959991,162.580002
268.000000,138.000000,52.959991,162.580002
269.000000,138.000000,52.959991,162.580002
270.000000,138.000000,52.959991,162.580002
266.000000,139.000000,52.959991,162.580002
266.000000,139.000000,52.959991,162.580002
265.000000,140.000000,52.959991,162.580002
261.000000,141.000000,52.959991,162.580002
260.000000,142.000000,52.959991,162.580002
256.000000,142.000000,52.959991,162.580002
254.000000,144.000000,52.959991,162.580002
253.000000,145.000000,52.959991,162.580002
251.000000,146.000000,52.959991,162.580002
249.000000,146.000000,52.959991,162.580002
247.000000,146.000000,52.959991,162.580002
247.000000,147.000000,52.959991,162.580002
246.000000,148.000000,52.959991,162.580002
244.000000,149.000000,52.959991,162.580002
244.000000,149.000000,52.959991,162.580002
244.000000,149.000000,52.959991,162.580002
244.000000,151.000000,52.959991,162.580002
245.000000,152.000000,52.959991,162.580002
247.000000,153.000000,52.959991,162.580002
247.000000,154.000000,52.959991,162.580002
248.000000,155.000000,52.959991,162.580002
249.000000,157.000000,52.959991,162.580002
251.000000,157.000000,52.959991,162.580002
253.000000,157.000000,52.959991,162.580002
255.000000,157.000000,52.959991,162.580002
258.000000,156.000000,52.959991,162.580002
260.000000,155.000000,52.959991,162.580002
261.000000,154.000000,52.959991,162.580002
262.000000,153.000000,52.959991,162.580002
262.000000,154.000000,52.959991,162.580002
263.000000,153.000000,52.959991,162.580002
263.000000,152.000000,52.959991,162.580002
262.000000,150.000000,52.959991,162.580002
262.000000,151.000000,52.959991,162.580002
261.000000,153.000000,52.959991,162.580002
262.000000,152.000000,52.959991,162.580002
261.000000,154.000000,52.959991,162.580002
259.000000,155.000000,52.959991,162.580002
257.000000,156.000000,52.959991,162.580002
256.000000,155.000000,52.959991,162.580002
253.000000,155.000000,52.959991,162.580002
251.000000,153.000000,52.959991,162.580002
249.000000,151.000000,52.959991,162.580002
247.000000,150.000000,52.959991,162.580002
245.000000,149.000000,52.959991,162.580002
245.000000,149.000000,52.959991,162.580002
244.000000,149.000000,52.959991,162.580002
244.000000,149.000000,52.959991,162.580002
243.000000,149.000000,52.959991,162.580002
243.000000,150.000000,52.959991,162.580002
243.000000,151.000000,52.959991,162.580002
243.000000,153.000000,52.959991,162.580002
245.000000,155.000000,52.959991,162.580002
245.000000,157.000000,52.959991,162.580002
246.000000,159.000000,52.959991,162.580002
247.000000,162.000000,52.959991,162.580002
248.000000,163.000000,52.959991,162.580002
249.000000,163.000000,52.959991,162.580002
249.000000,163.000000,52.959991,162.580002
249.000000,163.000000,52.959991,162.580002
248.000000,162.000000,52.959991,162.580002
247.000000,161.000000,52.959991,162.580002
245.000000,161.000000,52.959991,162.580002
244.000000,159.000000,52.959991,162.580002
243.000000,158.000000,52.959991,162.580002
242.000000,155.000000,52.959991,162.580002
240.000000,153.000000,52.959991,162.580002
238.000000,150.000000,52.959991,162.580002
236.000000,148.000000,52.959991,162.580002
233.000000,146.000000,52.959991,162.580002
232.000000,144.000000,52.959991,162.580002
230.000000,143.000000,52.959991,162.580002
230.000000,142.000000,52.959991,162.580002
229.000000,141.000000,52.959991,162.580002
229.000000,141.000000,52.959991,162.580002
228.000000,140.000000,52.959991,162.580002
228.000000,140.000000,52.959991,162.580002
229.000000,139.000000,52.959991,162.580002
230.000000,139.000000,52.959991,162.580002
230.000000,139.000000,52.959991,162.580002
231.000000,139.000000,52.959991,162.580002
233.000000,138.000000,52.959991,162.580002
234.000000,138.000000,52.959991,162.580002
235.000000,137.000000,52.959991,162.580002
237.000000,135.000000,52.959991,162.580002
238.000000,133.000000,52.959991,162.580002
239.000000,131.000000,52.959991,162.580002
239.000000,128.000000,52.959991,162.580002
239.000000,126.000000,52.959991,162.580002
240.000000,124.000000,52.959991,162.580002
241.000000,122.000000,52.959991,162.580002
241.000000,120.000000,52.959991,162.580002
241.000000,119.000000,52.959991,162.580002
241.000000,119.000000,52.959991,162.580002
242.000000,117.000000,52.959991,162.580002
242.000000,116.000000,52.959991,162.580002
241.000000,115.000000,52.959991,162.580002
242.000000,114.000000,52.959991,162.580002
241.000000,114.000000,52.959991,162.580002
241.000000,113.000000,52.959991,162.580002
241.000000,113.000000,52.959991,162.580002
242.000000,114.000000,52.959991,162.580002
242.000000,113.000000,52.959991,162.580002
242.000000,113.000000,52.959991,162.580002
241.000000,113.000000,52.959991,162.580002
240.000000,112.000000,52.959991,162.580002
238.000000,112.000000,52.959991,162.580002
238.000000,112.000000,52.959991,162.580002
238.000000,110.000000,52.959991,162.580002
237.000000,108.000000,52.959991,162.580002
237.000000,105.000000,52.959991,162.580002
235.000000,102.000000,52.959991,162.580002
236.000000,100.000000,52.959991,162.580002
235.000000,98.000000,52.959991,162.580002
235.000000,94.000000,52.959991,162.580002
234.000000,92.000000,52.959991,162.580002
233.000000,91.000000,52.959991,162.580002
233.000000,88.000000,52.959991,162.580002
231.000000,86.000000,52.959991,162.580002
229.000000,85.000000,52.959991,162.580002
227.000000,84.000000,52.959991,162.580002
226.000000,83.000000,52.959991,162.580002
225.000000,83.000000,52.959991,162.580002
224.000000,83.000000,52.959991,162.580002
224.000000,83.000000,52.959991,162.580002
223.000000,83.000000,52.959991,162.580002
222.000000,82.000000,52.959991,162.580002
223.000000,81.000000,52.959991,162.580002
223.000000,79.000000,52.959991,162.580002
223.000000,77.000000,52.959991,162.580002
222.000000,75.000000,52.959991,162.580002
222.000000,72.000000,52.959991,162.580002
221.000000,67.000000,52.959991,162.580002
219.000000,66.000000,52.959991,162.580002
220.000000,62.000000,52.959991,162.580002
219.000000,60.000000,52.959991,162.580002
218.000000,58.000000,52.959991,162.580002
216.000000,57.000000,52.959991,162.580002
215.000000,56.000000,52.959991,162.580002
215.000000,55.000000,52.959991,162.580002
216.000000,53.000000,52.959991,162.580002
216.000000,52.000000,52.959991,162.580002
216.000000,51.000000,52.959991,162.580002
214.000000,51.000000,52.959991,162.580002
215.000000,50.000000,52.959991,162.580002
213.000000,50.000000,52.959991,162.580002
212.000000,51.000000,52.959991,162.580002
211.000000,51.000000,52.959991,162.580002
211.000000,49.000000,52.959991,162.580002
211.000000,47.000000,52.959991,162.580002
208.000000,44.000000,52.959991,162.580002
209.000000,43.000000,52.959991,162.580002
208.000000,41.000000,52.959991,162.580002
208.000000,41.000000,52.959991,162.580002
208.000000,39.000000,52.959991,162.580002
208.000000,36.000000,52.959991,162.580002
206.000000,35.000000,52.959991,162.580002
207.000000,32.000000,52.959991,162.580002
206.000000,29.000000,52.959991,162.580002
206.000000,27.000000,52.959991,162.580002
208.000000,26.000000,52.959991,162.580002
207.000000,26.000000,52.959991,162.580002
208.000000,26.000000,52.959991,162.580002
208.000000,26.000000,52.959991,162.580002
208.000000,27.000000,52.959991,162.580002
208.000000,28.000000,52.959991,162.580002
209.000000,28.000000,52.959991,162.580002
211.000000,29.000000,52.959991,162.580002
212.000000,30.000000,52.959991,162.580002
212.000000,31.000000,52.959991,162.580002
212.000000,32.000000,52.959991,162.580002
212.000000,31.000000,52.959991,162.580002
212.000000,30.000000,52.959991,162.580002
211.000000,30.000000,52.959991,162.580002
210.000000,29.000000,52.959991,162.580002
209.000000,28.000000,52.959991,162.580002
208.000000,27.000000,52.959991,162.580002
208.000000,26.000000,52.959991,162.580002
208.000000,25.000000,52.959991,162.580002
208.000000,24.000000,52.959991,162.580002
207.000000,25.000000,52.959991,162.580002
209.000000,25.000000,52.959991,162.580002
208.000000,26.000000,52.959991,162.580002
208.000000,27.000000,52.959991,162.580002
210.000000,28.000000,52.959991,162.580002
210.000000,29.000000,52.959991,162.580002
211.000000,32.000000,52.959991,162.580002
212.000000,34.000000,52.959991,162.580002
211.000000,39.000000,52.959991,162.580002
214.000000,44.000000,52.959991,162.580002
216.000000,46.000000,52.959991,162.580002
216.000000,49.000000,52.959991,162.580002
218.000000,53.000000,52.959991,162.580002
219.000000,54.000000,52.959991,162.580002
222.000000,55.000000,52.959991,162.580002
223.000000,54.000000,52.959991,162.580002
225.000000,54.000000,52.959991,162.580002
228.000000,53.000000,52.959991,162.580002
229.000000,53.000000,52.959991,162.580002
232.000000,52.000000,52.959991,162.580002
233.000000,51.000000,52.959991,162.580002
236.000000,51.000000,52.959991,162.580002
239.000000,51.000000,52.959991,162.580002
241.000000,50.000000,52.959991,162.580002
244.000000,51.000000,52.959991,162.580002
246.000000,52.000000,52.959991,162.580002
250.000000,53.000000,52.959991,162.580002
251.000000,55.000000,52.959991,162.580002
255.000000,56.000000,52.959991,162.580002
257.000000,59.000000,52.959991,162.580002
258.000000,58.000000,52.959991,162.580002
257.000000,59.000000,52.959991,162.580002
258.000000,58.000000,52.959991,162.580002
258.000000,58.000000,52.959991,162.580002
258.000000,57.000000,52.959991,162.580002
260.000000,56.000000,52.959991,162.580002
262.000000,55.000000,52.959991,162.580002
262.000000,54.000000,52.959991,162.580002
260.000000,50.000000,52.959991,162.580002
260.000000,47.000000,52.959991,162.580002
262.000000,45.000000,52.959991,162.580002
263.000000,43.000000,52.959991,162.580002
257.000000,41.000000,52.959991,162.580002
259.000000,39.000000,52.959991,162.580002
261.000000,37.000000,52.959991,162.580002
263.000000,36.000000,52.959991,162.580002
265.000000,36.000000,52.959991,162.580002
268.000000,37.000000,52.959991,162.580002
272.000000,36.000000,52.959991,162.580002
277.000000,36.000000,52.959991,162.580002
278.000000,37.000000,52.959991,162.580002
281.000000,35.000000,52.959991,162.580002
283.000000,36.000000,52.959991,162.580002
284.000000,37.000000,52.959991,162.580002
284.000000,38.000000,52.959991,162.580002
284.000000,38.000000,52.959991,162.580002
286.000000,37.000000,52.959991,162.580002
287.000000,36.000000,52.959991,162.580002
286.000000,36.000000,52.959991,162.580002
286.000000,37.000000,52.959991,162.580002
286.000000,36.000000,52.959991,162.580002
289.000000,37.000000,52.959991,162.580002
288.000000,36.000000,52.959991,162.580002
288.000000,37.000000,52.959991,162.580002
288.000000,37.000000,52.959991,162.580002
288.000000,38.000000,52.959991,162.580002
289.000000,38.000000,52.959991,162.580002
291.000000,38.000000,52.959991,162.580002
293.000000,40.000000,52.959991,162.580002
293.000000,39.000000,52.959991,162.580002
293.000000,39.000000,52.959991,162.580002
295.000000,38.000000,52.959991,162.580002
293.000000,37.000000,52.959991,162.580002
293.000000,36.000000,52.959991,162.580002
292.000000,34.000000,52.959991,162.580002
292.000000,33.000000,52.959991,162.580002
292.000000,32.000000,52.959991,162.580002
292.000000,33.000000,52.959991,162.580002
292.000000,33.000000,52.959991,162.580002
292.000000,33.000000,52.959991,162.580002
292.000000,33.000000,52.959991,162.580002
291.000000,34.000000,52.959991,162.580002
288.000000,36.000000,52.959991,162.580002
288.000000,40.000000,52.959991,162.580002
286.000000,35.000000,52.959991,162.580002
283.000000,36.000000,52.959991,162.580002
283.000000,36.000000,52.959991,162.580002
283.000000,39.000000,52.959991,162.580002
283.000000,40.000000,52.959991,162.580002
282.000000,40.000000,52.959991,162.580002
282.000000,37.000000,52.959991,162.580002
282.000000,37.000000,52.959991,162.580002
283.000000,36.000000,52.959991,162.580002
282.000000,37.000000,52.959991,162.580002
281.000000,37.000000,52.959991,162.580002
281.000000,37.000000,52.959991,162.580002
281.000000,36.000000,52.959991,162.580002
280.000000,38.000000,52.959991,162.580002
280.000000,39.000000,52.959991,162.580002
2
0
0
0
0
1
346.000000,47.000000,50.970001,152.300003
346.000000,49.000000,50.970001,152.300003
346.000000,52.000000,50.970001,152.300003
348.000000,54.000000,50.970001,152.300003
349.000000,54.000000,50.970001,152.300003
350.000000,52.000000,50.970001,152.300003
350.000000,50.000000,50.970001,152.300003
352.000000,49.000000,50.970001,152.300003
352.000000,45.000000,50.970001,152.300003
352.000000,43.000000,50.970001,152.300003
352.000000,40.000000,50.970001,152.300003
353.000000,38.000000,50.970001,152.300003
353.000000,35.000000,50.970001,152.300003
353.000000,33.000000,50.970001,152.300003
353.000000,31.000000,50.970001,152.300003
353.000000,29.000000,50.970001,152.300003
353.000000,27.000000,50.970001,152.300003
353.000000,25.000000,50.970001,152.300003
355.000000,24.000000,50.970001,152.300003
353.000000,23.000000,50.970001,152.300003
355.000000,22.000000,50.970001,152.300003
354.000000,23.000000,50.970001,152.300003
355.000000,22.000000,50.970001,152.300003
354.000000,23.000000,50.970001,152.300003
353.000000,22.000000,50.970001,152.300003
353.000000,23.000000,50.970001,152.300003
353.000000,23.000000,50.970001,152.300003
353.000000,23.000000,50.970001,152.300003
354.000000,23.000000,50.970001,152.300003
353.000000,25.000000,50.970001,152.300003
353.000000,26.000000,50.970001,152.300003
353.000000,26.000000,50.970001,152.300003
353.000000,27.000000,50.970001,152.300003
353.000000,28.000000,50.970001,152.300003
353.000000,29.000000,50.970001,152.300003
353.000000,30.000000,50.970001,152.300003
353.000000,32.000000,50.970001,152.300003
354.000000,32.000000,50.970001,152.300003
353.000000,33.000000,50.970001,152.300003
354.000000,33.000000,50.970001,152.300003
354.000000,33.000000,50.970001,152.300003
354.000000,33.000000,50.970001,152.300003
354.000000,34.000000,50.970001,152.300003
354.000000,34.000000,50.970001,152.300003
354.000000,35.000000,50.970001,152.300003
355.000000,35.000000,50.970001,152.300003
354.000000,35.000000,50.970001,152.300003
354.000000,36.000000,50.970001,152.300003
355.000000,37.000000,50.970001,152.300003
354.000000,36.000000,50.970001,152.300003
353.000000,37.000000,50.970001,152.300003
352.000000,38.000000,50.970001,152.300003
352.000000,37.000000,50.970001,152.300003
352.000000,38.000000,50.970001,152.300003
352.000000,38.000000,50.970001,152.300003
353.000000,38.000000,50.970001,152.300003
354.000000,38.000000,50.970001,152.300003
355.000000,38.000000,50.970001,152.300003
356.000000,38.000000,50.970001,152.300003
355.000000,38.000000,50.970001,152.300003
354.000000,39.000000,50.970001,152.300003
353.000000,39.000000,50.970001,152.300003
352.000000,41.000000,50.970001,152.300003
350.000000,40.000000,50.970001,152.300003
347.000000,40.000000,50.970001,152.300003
346.000000,40.000000,50.970001,152.300003
346.000000,40.000000,50.970001,152.300003
346.000000,38.000000,50.970001,152.300003
344.000000,39.000000,50.970001,152.300003
343.000000,40.000000,50.970001,152.300003
340.000000,40.000000,50.970001,152.300003
339.000000,40.000000,50.970001,152.300003
338.000000,41.000000,50.970001,152.300003
337.000000,39.000000,50.970001,152.300003
336.000000,39.000000,50.970001,152.300003
334.000000,38.000000,50.970001,152.300003
333.000000,37.000000,50.970001,152.300003
331.000000,36.000000,50.970001,152.300003
329.000000,34.000000,50.970001,152.300003
328.000000,32.000000,50.970001,152.300003
327.000000,32.000000,50.970001,152.300003
325.000000,34.000000,50.970001,152.300003
324.000000,32.000000,50.970001,152.300003
323.000000,32.000000,50.970001,152.300003
321.000000,32.000000,50.970001,152.300003
320.000000,31.000000,50.970001,152.300003
319.000000,31.000000,50.970001,152.300003
317.000000,31.000000,50.970001,152.300003
316.000000,31.000000,50.970001,152.300003
315.000000,31.000000,50.970001,152.300003
314.000000,31.000000,50.970001,152.300003
314.000000,32.000000,50.970001,152.300003
312.000000,32.000000,50.970001,152.300003
311.000000,32.000000,50.970001,152.300003
309.000000,31.000000,50.970001,152.300003
307.000000,30.000000,50.970001,152.300003
305.000000,31.000000,50.970001,152.300003
304.000000,30.000000,50.970001,152.300003
302.000000,30.000000,50.970001,152.300003
302.000000,30.000000,50.970001,152.300003
299.000000,31.000000,50.970001,152.300003
297.000000,32.000000,50.970001,152.300003
295.000000,32.000000,50.970001,152.300003
294.000000,33.000000,50.970001,152.300003
294.000000,33.000000,50.970001,152.300003
293.000000,33.000000,50.970001,152.300003
292.000000,34.000000,50.970001,152.300003
291.000000,35.000000,50.970001,152.300003
290.000000,36.000000,50.970001,152.300003
289.000000,36.000000,50.970001,152.300003
286.000000,38.000000,50.970001,152.300003
285.000000,39.000000,50.970001,152.300003
284.000000,39.000000,50.970001,152.300003
284.000000,39.000000,50.970001,152.300003
282.000000,40.000000,50.970001,152.300003
283.000000,39.000000,50.970001,152.300003
283.000000,40.000000,50.970001,152.300003
285.000000,39.000000,50.970001,152.300003
286.000000,38.000000,50.970001,152.300003
287.000000,40.000000,50.970001,152.300003
290.000000,41.000000,50.970001,152.300003
291.000000,41.000000,50.970001,152.300003
293.000000,42.000000,50.970001,152.300003
296.000000,42.000000,50.970001,152.300003
297.000000,43.000000,50.970001,152.300003
297.000000,43.000000,50.970001,152.300003
301.000000,41.000000,50.970001,152.300003
302.000000,43.000000,50.970001,152.300003
303.000000,42.000000,50.970001,152.300003
305.000000,43.000000,50.970001,152.300003
306.000000,43.000000,50.970001,152.300003
308.000000,43.000000,50.970001,152.300003
309.000000,43.000000,50.970001,152.300003
310.000000,42.000000,50.970001,152.300003
311.000000,42.000000,50.970001,152.300003
311.000000,42.000000,50.970001,152.300003
312.000000,41.000000,50.970001,152.300003
313.000000,41.000000,50.970001,152.300003
314.000000,42.000000,50.970001,152.300003
315.000000,41.000000,50.970001,152.300003
315.000000,41.000000,50.970001,152.300003
317.000000,41.000000,50.970001,152.300003
318.000000,40.000000,50.970001,152.300003
319.000000,40.000000,50.970001,152.300003
321.000000,39.000000,50.970001,152.300003
323.000000,40.000000,50.970001,152.300003
325.000000,40.000000,50.970001,152.300003
327.000000,41.000000,50.970001,152.300003
329.000000,41.000000,50.970001,152.300003
331.000000,40.000000,50.970001,152.300003
332.000000,40.000000,50.970001,152.300003
333.000000,39.000000,50.970001,152.300003
334.000000,39.000000,50.970001,152.300003
335.000000,39.000000,50.970001,152.300003
336.000000,40.000000,50.970001,152.300003
337.000000,40.000000,50.970001,152.300003
337.000000,40.000000,50.970001,152.300003
337.000000,40.000000,50.970001,152.300003
339.000000,40.000000,50.970001,152.300003
339.000000,40.000000,50.970001,152.300003
340.000000,40.000000,50.970001,152.300003
340.000000,39.000000,50.970001,152.300003
342.000000,39.000000,50.970001,152.300003
342.000000,39.000000,50.970001,152.300003
341.000000,39.000000,50.970001,152.300003
341.000000,40.000000,50.970001,152.300003
339.000000,39.000000,50.970001,152.300003
338.000000,39.000000,50.970001,152.300003
336.000000,37.000000,50.970001,152.300003
336.000000,37.000000,50.970001,152.300003
337.000000,38.000000,50.970001,152.300003
336.000000,37.000000,50.970001,152.300003
335.000000,38.000000,50.970001,152.300003
336.000000,38.000000,50.970001,152.300003
337.000000,42.000000,50.970001,152.300003
336.000000,42.000000,50.970001,152.300003
336.000000,41.000000,50.970001,152.300003
336.000000,38.000000,50.970001,152.300003
335.000000,39.000000,50.970001,152.300003
335.000000,38.000000,50.970001,152.300003
336.000000,38.000000,50.970001,152.300003
336.000000,37.000000,50.970001,152.300003
337.000000,38.000000,50.970001,152.300003
337.000000,36.000000,50.970001,152.300003
339.000000,38.000000,50.970001,152.300003
340.000000,38.000000,50.970001,152.300003
341.000000,40.000000,50.970001,152.300003
342.000000,38.000000,50.970001,152.300003
341.000000,43.000000,50.970001,152.300003
344.000000,44.000000,50.970001,152.300003
344.000000,47.000000,50.970001,152.300003
349.000000,45.000000,50.970001,152.300003
349.000000,44.000000,50.970001,152.300003
352.000000,44.000000,50.970001,152.300003
353.000000,45.000000,50.970001,152.300003
356.000000,47.000000,50.970001,152.300003
358.000000,47.000000,50.970001,152.300003
360.000000,47.000000,50.970001,152.300003
360.000000,47.000000,50.970001,152.300003
363.000000,46.000000,50.970001,152.300003
364.000000,46.000000,50.970001,152.300003
366.000000,46.000000,50.970001,152.300003
367.000000,45.000000,50.970001,152.300003
369.000000,46.000000,50.970001,152.300003
370.000000,45.000000,50.970001,152.300003
371.000000,43.000000,50.970001,152.300003
371.000000,45.000000,50.970001,152.300003
371.000000,43.000000,50.970001,152.300003
371.000000,45.000000,50.970001,152.300003
373.000000,46.000000,50.970001,152.300003
373.000000,46.000000,50.970001,152.300003
370.000000,47.000000,50.970001,152.300003
364.000000,48.000000,50.970001,152.300003
362.000000,49.000000,50.970001,152.300003
354.000000,49.000000,50.970001,152.300003
371.000000,46.000000,50.970001,152.300003
369.000000,47.000000,50.970001,152.300003
367.000000,47.000000,50.970001,152.300003
366.000000,49.000000,50.970001,152.300003
364.000000,50.000000,50.970001,152.300003
362.000000,51.000000,50.970001,152.300003
361.000000,53.000000,50.970001,152.300003
360.000000,55.000000,50.970001,152.300003
358.000000,58.000000,50.970001,152.300003
358.000000,60.000000,50.970001,152.300003
357.000000,61.000000,50.970001,152.300003
357.000000,63.000000,50.970001,152.300003
356.000000,66.000000,50.970001,152.300003
356.000000,66.000000,50.970001,152.300003
356.000000,69.000000,50.970001,152.300003
355.000000,70.000000,50.970001,152.300003
355.000000,71.000000,50.970001,152.300003
355.000000,72.000000,50.970001,152.300003
354.000000,74.000000,50.970001,152.300003
353.000000,76.000000,50.970001,152.300003
353.000000,77.000000,50.970001,152.300003
353.000000,78.000000,50.970001,152.300003
352.000000,80.000000,50.970001,152.300003
352.000000,81.000000,50.970001,152.300003
350.000000,82.000000,50.970001,152.300003
351.000000,84.000000,50.970001,152.300003
351.000000,85.000000,50.970001,152.300003
349.000000,86.000000,50.970001,152.300003
348.000000,86.000000,50.970001,152.300003
346.000000,85.000000,50.970001,152.300003
346.000000,85.000000,50.970001,152.300003
346.000000,85.000000,50.970001,152.300003
345.000000,85.000000,50.970001,152.300003
345.000000,85.000000,50.970001,152.300003
346.000000,86.000000,50.970001,152.300003
346.000000,86.000000,50.970001,152.300003
345.000000,87.000000,50.970001,152.300003
345.000000,88.000000,50.970001,152.300003
344.000000,88.000000,50.970001,152.300003
343.000000,89.000000,50.970001,152.300003
343.000000,90.000000,50.970001,152.300003
342.000000,92.000000,50.970001,152.300003
340.000000,94.000000,50.970001,152.300003
339.000000,96.000000,50.970001,152.300003
337.000000,98.000000,50.970001,152.300003
2
0
0
0
0
1
378.000000,136.000000,41.119995,101.540009
376.000000,136.000000,41.119995,101.540009
375.000000,137.000000,41.119995,101.540009
375.000000,137.000000,41.119995,101.540009
374.000000,137.000000,41.119995,101.540009
372.000000,138.000000,41.119995,101.540009
370.000000,140.000000,41.119995,101.540009
369.000000,139.000000,41.119995,101.540009
367.000000,137.000000,41.119995,101.540009
366.000000,136.000000,41.119995,101.540009
365.000000,137.000000,41.119995,101.540009
364.000000,137.000000,41.119995,101.540009
365.000000,136.000000,41.119995,101.540009
364.000000,137.000000,41.119995,101.540009
364.000000,137.000000,41.119995,101.540009
363.000000,136.000000,41.119995,101.540009
363.000000,135.000000,41.119995,101.540009
361.000000,135.000000,41.119995,101.540009
359.000000,134.000000,41.119995,101.540009
361.000000,130.000000,41.119995,101.540009
359.000000,130.000000,41.119995,101.540009
360.000000,127.000000,41.119995,101.540009
359.000000,127.000000,41.119995,101.540009
360.000000,129.000000,41.119995,101.540009
361.000000,128.000000,41.119995,101.540009
361.000000,129.000000,41.119995,101.540009
360.000000,129.000000,41.119995,101.540009
362.000000,129.000000,41.119995,101.540009
363.000000,130.000000,41.119995,101.540009
364.000000,131.000000,41.119995,101.540009
365.000000,132.000000,41.119995,101.540009
366.000000,133.000000,41.119995,101.540009
368.000000,133.000000,41.119995,101.540009
368.000000,135.000000,41.119995,101.540009
370.000000,136.000000,41.119995,101.540009
370.000000,138.000000,41.119995,101.540009
372.000000,139.000000,41.119995,101.540009
373.000000,140.000000,41.119995,101.540009
374.000000,141.000000,41.119995,101.540009
374.000000,142.000000,41.119995,101.540009
377.000000,141.000000,41.119995,101.540009
377.000000,141.000000,41.119995,101.540009
377.000000,142.000000,41.119995,101.540009
378.000000,142.000000,41.119995,101.540009
379.000000,143.000000,41.119995,101.540009
380.000000,143.000000,41.119995,101.540009
381.000000,142.000000,41.119995,101.540009
382.000000,140.000000,41.119995,101.540009
383.000000,140.000000,41.119995,101.540009
387.000000,141.000000,41.119995,101.540009
392.000000,143.000000,41.119995,101.540009
394.000000,142.000000,41.119995,101.540009
398.000000,141.000000,41.119995,101.540009
399.000000,141.000000,41.119995,101.540009
403.000000,141.000000,41.119995,101.540009
404.000000,141.000000,41.119995,101.540009
405.000000,141.000000,41.119995,101.540009
406.000000,139.000000,41.119995,101.540009
408.000000,138.000000,41.119995,101.540009
408.000000,139.000000,41.119995,101.540009
410.000000,140.000000,41.119995,101.540009
410.000000,142.000000,41.119995,101.540009
410.000000,143.000000,41.119995,101.540009
410.000000,142.000000,41.119995,101.540009
408.000000,142.000000,41.119995,101.540009
409.000000,140.000000,41.119995,101.540009
408.000000,140.000000,41.119995,101.540009
410.000000,139.000000,41.119995,101.540009
410.000000,138.000000,41.119995,101.540009
412.000000,137.000000,41.119995,101.540009
410.000000,138.000000,41.119995,101.540009
411.000000,138.000000,41.119995,101.540009
412.000000,138.000000,41.119995,101.540009
410.000000,139.000000,41.119995,101.540009
412.000000,137.000000,41.119995,101.540009
411.000000,137.000000,41.119995,101.540009
415.000000,135.000000,41.119995,101.540009
416.000000,134.000000,41.119995,101.540009
417.000000,136.000000,41.119995,101.540009
418.000000,138.000000,41.119995,101.540009
420.000000,138.000000,41.119995,101.540009
423.000000,139.000000,41.119995,101.540009
423.000000,139.000000,41.119995,101.540009
424.000000,139.000000,41.119995,101.540009
424.000000,136.000000,41.119995,101.540009
425.000000,136.000000,41.119995,101.540009
425.000000,136.000000,41.119995,101.540009
425.000000,136.000000,41.119995,101.540009
425.000000,137.000000,41.119995,101.540009
422.000000,138.000000,41.119995,101.540009
420.000000,140.000000,41.119995,101.540009
420.000000,141.000000,41.119995,101.540009
423.000000,142.000000,41.119995,101.540009
426.000000,145.000000,41.119995,101.540009
429.000000,147.000000,41.119995,101.540009
432.000000,150.000000,41.119995,101.540009
436.000000,147.000000,41.119995,101.540009
438.000000,149.000000,41.119995,101.540009
439.000000,149.000000,41.119995,101.540009
442.000000,148.000000,41.119995,101.540009
444.000000,148.000000,41.119995,101.540009
443.000000,148.000000,41.119995,101.540009
443.000000,146.000000,41.119995,101.540009
448.000000,143.000000,41.119995,101.540009
451.000000,138.000000,41.119995,101.540009
451.000000,138.000000,41.119995,101.540009
444.000000,136.000000,41.119995,101.540009
438.000000,136.000000,41.119995,101.540009
436.000000,137.000000,41.119995,101.540009
437.000000,138.000000,41.119995,101.540009
437.000000,141.000000,41.119995,101.540009
438.000000,143.000000,41.119995,101.540009
436.000000,146.000000,41.119995,101.540009
435.000000,148.000000,41.119995,101.540009
437.000000,150.000000,41.119995,101.540009
437.000000,154.000000,41.119995,101.540009
436.000000,156.000000,41.119995,101.540009
436.000000,157.000000,41.119995,101.540009
434.000000,158.000000,41.119995,101.540009
434.000000,159.000000,41.119995,101.540009
433.000000,161.000000,41.119995,101.540009
433.000000,163.000000,41.119995,101.540009
432.000000,163.000000,41.119995,101.540009
433.000000,164.000000,41.119995,101.540009
434.000000,164.000000,41.119995,101.540009
435.000000,164.000000,41.119995,101.540009
435.000000,165.000000,41.119995,101.540009
437.000000,165.000000,41.119995,101.540009
439.000000,164.000000,41.119995,101.540009
441.000000,164.000000,41.119995,101.540009
443.000000,163.000000,41.119995,101.540009
444.000000,161.000000,41.119995,101.540009
445.000000,161.000000,41.119995,101.540009
447.000000,160.000000,41.119995,101.540009
448.000000,160.000000,41.119995,101.540009
448.000000,162.000000,41.119995,101.540009
450.000000,161.000000,41.119995,101.540009
451.000000,162.000000,41.119995,101.540009
451.000000,162.000000,41.119995,101.540009
451.000000,162.000000,41.119995,101.540009
452.000000,161.000000,41.119995,101.540009
452.000000,161.000000,41.119995,101.540009
452.000000,161.000000,41.119995,101.540009
452.000000,160.000000,41.119995,101.540009
451.000000,160.000000,41.119995,101.540009
450.000000,159.000000,41.119995,101.540009
447.000000,160.000000,41.119995,101.540009
444.000000,159.000000,41.119995,101.540009
443.000000,159.000000,41.119995,101.540009
440.000000,160.000000,41.119995,101.540009
438.000000,160.000000,41.119995,101.540009
436.000000,158.000000,41.119995,101.540009
434.000000,158.000000,41.119995,101.540009
433.000000,157.000000,41.119995,101.540009
430.000000,157.000000,41.119995,101.540009
429.000000,155.000000,41.119995,101.540009
427.000000,153.000000,41.119995,101.540009
424.000000,151.000000,41.119995,101.540009
422.000000,149.000000,41.119995,101.540009
419.000000,146.000000,41.119995,101.540009
418.000000,144.000000,41.119995,101.540009
417.000000,141.000000,41.119995,101.540009
416.000000,139.000000,41.119995,101.540009
417.000000,136.000000,41.119995,101.540009
418.000000,134.000000,41.119995,101.540009
420.000000,131.000000,41.119995,101.540009
421.000000,129.000000,41.119995,101.540009
423.000000,126.000000,41.119995,101.540009
424.000000,125.000000,41.119995,101.540009
425.000000,124.000000,41.119995,101.540009
427.000000,123.000000,41.119995,101.540009
428.000000,122.000000,41.119995,101.540009
426.000000,123.000000,41.119995,101.540009
426.000000,122.000000,41.119995,101.540009
425.000000,120.000000,41.119995,101.540009
425.000000,120.000000,41.119995,101.540009
425.000000,119.000000,41.119995,101.540009
424.000000,118.000000,41.119995,101.540009
424.000000,117.000000,41.119995,101.540009
424.000000,116.000000,41.119995,101.540009
424.000000,115.000000,41.119995,101.540009
424.000000,116.000000,41.119995,101.540009
424.000000,114.000000,41.119995,101.540009
424.000000,112.000000,41.119995,101.540009
425.000000,111.000000,41.119995,101.540009
425.000000,110.000000,41.119995,101.540009
426.000000,110.000000,41.119995,101.540009
428.000000,110.000000,41.119995,101.540009
428.000000,110.000000,41.119995,101.540009
429.000000,110.000000,41.119995,101.540009
430.000000,110.000000,41.119995,101.540009
430.000000,110.000000,41.119995,101.540009
431.000000,109.000000,41.119995,101.540009
431.000000,111.000000,41.119995,101.540009
430.000000,112.000000,41.119995,101.540009
431.000000,112.000000,41.119995,101.540009
431.000000,114.000000,41.119995,101.540009
431.000000,115.000000,41.119995,101.540009
432.000000,116.000000,41.119995,101.540009
430.000000,119.000000,41.119995,101.540009
431.000000,119.000000,41.119995,101.540009
431.000000,120.000000,41.119995,101.540009
431.000000,121.000000,41.119995,101.540009
432.000000,122.000000,41.119995,101.540009
432.000000,124.000000,41.119995,101.540009
432.000000,126.000000,41.119995,101.540009
433.000000,129.000000,41.119995,101.540009
433.000000,131.000000,41.119995,101.540009
433.000000,134.000000,41.119995,101.540009
433.000000,136.000000,41.119995,101.540009
432.000000,139.000000,41.119995,101.540009
432.000000,141.000000,41.119995,101.540009
431.000000,143.000000,41.119995,101.540009
429.000000,146.000000,41.119995,101.540009
429.000000,148.000000,41.119995,101.540009
428.000000,151.000000,41.119995,101.540009
427.000000,153.000000,41.119995,101.540009
426.000000,155.000000,41.119995,101.540009
425.000000,158.000000,41.119995,101.540009
425.000000,161.000000,41.119995,101.540009
425.000000,162.000000,41.119995,101.540009
425.000000,162.000000,41.119995,101.540009
425.000000,162.000000,41.119995,101.540009
425.000000,163.000000,41.119995,101.540009
426.000000,164.000000,41.119995,101.540009
426.000000,165.000000,41.119995,101.540009
427.000000,164.000000,41.119995,101.540009
426.000000,165.000000,41.119995,101.540009
427.000000,164.000000,41.119995,101.540009
427.000000,164.000000,41.119995,101.540009
427.000000,165.000000,41.119995,101.540009
428.000000,164.000000,41.119995,101.540009
428.000000,164.000000,41.119995,101.540009
428.000000,164.000000,41.119995,101.540009
429.000000,164.000000,41.119995,101.540009
428.000000,165.000000,41.119995,101.540009
428.000000,165.000000,41.119995,101.540009
429.000000,165.000000,41.119995,101.540009
428.000000,166.000000,41.119995,101.540009
429.000000,165.000000,41.119995,101.540009
429.000000,165.000000,41.119995,101.540009
429.000000,165.000000,41.119995,101.540009
430.000000,165.000000,41.119995,101.540009
429.000000,165.000000,41.119995,101.540009
430.000000,165.000000,41.119995,101.540009
430.000000,164.000000,41.119995,101.540009
429.000000,165.000000,41.119995,101.540009
430.000000,165.000000,41.119995,101.540009
430.000000,165.000000,41.119995,101.540009
430.000000,165.000000,41.119995,101.540009
429.000000,164.000000,41.119995,101.540009
430.000000,164.000000,41.119995,101.540009
430.000000,164.000000,41.119995,101.540009
430.000000,165.000000,41.119995,101.540009
429.000000,165.000000,41.119995,101.540009
428.000000,166.000000,41.119995,101.540009
427.000000,166.000000,41.119995,101.540009
425.000000,166.000000,41.119995,101.540009
424.000000,166.000000,41.119995,101.540009
423.000000,166.000000,41.119995,101.540009
421.000000,167.000000,41.119995,101.540009
421.000000,167.000000,41.119995,101.540009
420.000000,167.000000,41.119995,101.540009
421.000000,168.000000,41.119995,101.540009
421.000000,167.000000,41.119995,101.540009
421.000000,168.000000,41.119995,101.540009
421.000000,168.000000,41.119995,101.540009
421.000000,167.000000,41.119995,101.540009
420.000000,168.000000,41.119995,101.540009
420.000000,167.000000,41.119995,101.540009
419.000000,167.000000,41.119995,101.540009
419.000000,168.000000,41.119995,101.540009
419.000000,169.000000,41.119995,101.540009
418.000000,170.000000,41.119995,101.540009
418.000000,171.000000,41.119995,101.540009
418.000000,171.000000,41.119995,101.540009
419.000000,171.000000,41.119995,101.540009
420.000000,170.000000,41.119995,101.540009
421.000000,169.000000,41.119995,101.540009
421.000000,169.000000,41.119995,101.540009
421.000000,169.000000,41.119995,101.540009
420.000000,170.000000,41.119995,101.540009
421.000000,169.000000,41.119995,101.540009
421.000000,169.000000,41.119995,101.540009
421.000000,169.000000,41.119995,101.540009
422.000000,167.000000,41.119995,101.540009
422.000000,167.000000,41.119995,101.540009
422.000000,167.000000,41.119995,101.540009
422.000000,167.000000,41.119995,101.540009
420.000000,168.000000,41.119995,101.540009
420.000000,168.000000,41.119995,101.540009
419.000000,168.000000,41.119995,101.540009
418.000000,169.000000,41.119995,101.540009
418.000000,168.000000,41.119995,101.540009
418.000000,169.000000,41.119995,101.540009
418.000000,168.000000,41.119995,101.540009
416.000000,168.000000,41.119995,101.540009
415.000000,168.000000,41.119995,101.540009
415.000000,166.000000,41.119995,101.540009
412.000000,167.000000,41.119995,101.540009
412.000000,166.000000,41.119995,101.540009
412.000000,166.000000,41.119995,101.540009
411.000000,166.000000,41.119995,101.540009
411.000000,165.000000,41.119995,101.540009
411.000000,165.000000,41.119995,101.540009
412.000000,165.000000,41.119995,101.540009
410.000000,165.000000,41.119995,101.540009
409.000000,164.000000,41.119995,101.540009
410.000000,163.000000,41.119995,101.540009
409.000000,163.000000,41.119995,101.540009
410.000000,162.000000,41.119995,101.540009
409.000000,162.000000,41.119995,101.540009
409.000000,160.000000,41.119995,101.540009
409.000000,159.000000,41.119995,101.540009
408.000000,158.000000,41.119995,101.540009
409.000000,156.000000,41.119995,101.540009
408.000000,155.000000,41.119995,101.540009
407.000000,155.000000,41.119995,101.540009
407.000000,154.000000,41.119995,101.540009
405.000000,154.000000,41.119995,101.540009
406.000000,152.000000,41.119995,101.540009
406.000000,152.000000,41.119995,101.540009
406.000000,151.000000,41.119995,101.540009
405.000000,151.000000,41.119995,101.540009
403.000000,151.000000,41.119995,101.540009
402.000000,150.000000,41.119995,101.540009
399.000000,151.000000,41.119995,101.540009
399.000000,151.000000,41.119995,101.540009
400.000000,149.000000,41.119995,101.540009
397.000000,150.000000,41.119995,101.540009
394.000000,151.000000,41.119995,101.540009
391.000000,151.000000,41.119995,101.540009
389.000000,152.000000,41.119995,101.540009
387.000000,152.000000,41.119995,101.540009
385.000000,152.000000,41.119995,101.540009
377.000000,153.000000,41.119995,101.540009
375.000000,151.000000,41.119995,101.540009
373.000000,149.000000,41.119995,101.540009
371.000000,148.000000,41.119995,101.540009
370.000000,147.000000,41.119995,101.540009
370.000000,147.000000,41.119995,101.540009
370.000000,149.000000,41.119995,101.540009
370.000000,151.000000,41.119995,101.540009
372.000000,152.000000,41.119995,101.540009
374.000000,154.000000,41.119995,101.540009
376.000000,156.000000,41.119995,101.540009
378.000000,157.000000,41.119995,101.540009
379.000000,158.000000,41.119995,101.540009
383.000000,158.000000,41.119995,101.540009
385.000000,159.000000,41.119995,101.540009
386.000000,160.000000,41.119995,101.540009
389.000000,160.000000,41.119995,101.540009
389.000000,164.000000,41.119995,101.540009
390.000000,166.000000,41.119995,101.540009
390.000000,168.000000,41.119995,101.540009
389.000000,170.000000,41.119995,101.540009
390.000000,171.000000,41.119995,101.540009
389.000000,173.000000,41.119995,101.540009
389.000000,176.000000,41.119995,101.540009
389.000000,176.000000,41.119995,101.540009
390.000000,177.000000,41.119995,101.540009
389.000000,178.000000,41.119995,101.540009
392.000000,179.000000,41.119995,101.540009
394.000000,180.000000,41.119995,101.540009
397.000000,182.000000,41.119995,101.540009
398.000000,185.000000,41.119995,101.540009
400.000000,188.000000,41.119995,101.540009
403.000000,189.000000,41.119995,101.540009
403.000000,192.000000,41.119995,101.540009
404.000000,194.000000,41.119995,101.540009
405.000000,199.000000,41.119995,101.540009
404.000000,203.000000,41.119995,101.540009
406.000000,204.000000,41.119995,101.540009
404.000000,206.000000,41.119995,101.540009
405.000000,206.000000,41.119995,101.540009
403.000000,203.000000,41.119995,101.540009
402.000000,203.000000,41.119995,101.540009
403.000000,202.000000,41.119995,101.540009
402.000000,202.000000,41.119995,101.540009
403.000000,202.000000,41.119995,101.540009
403.000000,202.000000,41.119995,101.540009
403.000000,203.000000,41.119995,101.540009
403.000000,203.000000,41.119995,101.540009
403.000000,203.000000,41.119995,101.540009
401.000000,203.000000,41.119995,101.540009
399.000000,203.000000,41.119995,101.540009
397.000000,204.000000,41.119995,101.540009
396.000000,204.000000,41.119995,101.540009
395.000000,204.000000,41.119995,101.540009
393.000000,203.000000,41.119995,101.540009
393.000000,201.000000,41.119995,101.540009
391.000000,200.000000,41.119995,101.540009
390.000000,198.000000,41.119995,101.540009
388.000000,197.000000,41.119995,101.540009
387.000000,193.000000,41.119995,101.540009
386.000000,191.000000,41.119995,101.540009
384.000000,188.000000,41.119995,101.540009
384.000000,185.000000,41.119995,101.540009
383.000000,182.000000,41.119995,101.540009
383.000000,179.000000,41.119995,101.540009
382.000000,176.000000,41.119995,101.540009
382.000000,172.000000,41.119995,101.540009
382.000000,169.000000,41.119995,101.540009
380.000000,167.000000,41.119995,101.540009
381.000000,163.000000,41.119995,101.540009
380.000000,161.000000,41.119995,101.540009
381.000000,159.000000,41.119995,101.540009
381.000000,157.000000,41.119995,101.540009
380.000000,156.000000,41.119995,101.540009
382.000000,155.000000,41.119995,101.540009
383.000000,155.000000,41.119995,101.540009
385.000000,155.000000,41.119995,101.540009
384.000000,152.000000,41.119995,101.540009
386.000000,153.000000,41.119995,101.540009
387.000000,151.000000,41.119995,101.540009
406.000000,167.000000,41.119995,101.540009
409.000000,170.000000,41.119995,101.540009
410.000000,167.000000,41.119995,101.540009
418.000000,168.000000,41.119995,101.540009
427.000000,171.000000,41.119995,101.540009
409.000000,167.000000,41.119995,101.540009
411.000000,166.000000,41.119995,101.540009
414.000000,165.000000,41.119995,101.540009
418.000000,164.000000,41.119995,101.540009
422.000000,163.000000,41.119995,101.540009
428.000000,163.000000,41.119995,101.540009
2
0
0
0
0
1
361.000000,121.000000,59.230011,137.109985
361.000000,121.000000,59.230011,137.109985
360.000000,121.000000,59.230011,137.109985
359.000000,122.000000,59.230011,137.109985
359.000000,122.000000,59.230011,137.109985
358.000000,124.000000,59.230011,137.109985
357.000000,124.000000,59.230011,137.109985
355.000000,123.000000,59.230011,137.109985
354.000000,125.000000,59.230011,137.109985
354.000000,127.000000,59.230011,137.109985
354.000000,128.000000,59.230011,137.109985
353.000000,130.000000,59.230011,137.109985
353.000000,131.000000,59.230011,137.109985
353.000000,134.000000,59.230011,137.109985
352.000000,135.000000,59.230011,137.109985
353.000000,136.000000,59.230011,137.109985
352.000000,138.000000,59.230011,137.109985
352.000000,139.000000,59.230011,137.109985
352.000000,139.000000,59.230011,137.109985
351.000000,141.000000,59.230011,137.109985
351.000000,142.000000,59.230011,137.109985
351.000000,145.000000,59.230011,137.109985
350.000000,147.000000,59.230011,137.109985
350.000000,148.000000,59.230011,137.109985
349.000000,150.000000,59.230011,137.109985
349.000000,152.000000,59.230011,137.109985
348.000000,153.000000,59.230011,137.109985
348.000000,153.000000,59.230011,137.109985
348.000000,154.000000,59.230011,137.109985
348.000000,155.000000,59.230011,137.109985
347.000000,156.000000,59.230011,137.109985
347.000000,157.000000,59.230011,137.109985
346.000000,158.000000,59.230011,137.109985
346.000000,160.000000,59.230011,137.109985
345.000000,160.000000,59.230011,137.109985
345.000000,161.000000,59.230011,137.109985
344.000000,161.000000,59.230011,137.109985
342.000000,160.000000,59.230011,137.109985
340.000000,161.000000,59.230011,137.109985
339.000000,161.000000,59.230011,137.109985
339.000000,163.000000,59.230011,137.109985
337.000000,164.000000,59.230011,137.109985
336.000000,165.000000,59.230011,137.109985
335.000000,167.000000,59.230011,137.109985
334.000000,169.000000,59.230011,137.109985
333.000000,170.000000,59.230011,137.109985
330.000000,171.000000,59.230011,137.109985
329.000000,171.000000,59.230011,137.109985
327.000000,173.000000,59.230011,137.109985
326.000000,173.000000,59.230011,137.109985
325.000000,174.000000,59.230011,137.109985
323.000000,176.000000,59.230011,137.109985
322.000000,177.000000,59.230011,137.109985
319.000000,178.000000,59.230011,137.109985
318.000000,179.000000,59.230011,137.109985
317.000000,179.000000,59.230011,137.109985
314.000000,179.000000,59.230011,137.109985
313.000000,180.000000,59.230011,137.109985
310.000000,180.000000,59.230011,137.109985
307.000000,181.000000,59.230011,137.109985
305.000000,181.000000,59.230011,137.109985
302.000000,184.000000,59.230011,137.109985
299.000000,184.000000,59.230011,137.109985
297.000000,184.000000,59.230011,137.109985
294.000000,184.000000,59.230011,137.109985
291.000000,183.000000,59.230011,137.109985
288.000000,184.000000,59.230011,137.109985
286.000000,184.000000,59.230011,137.109985
283.000000,185.000000,59.230011,137.109985
281.000000,185.000000,59.230011,137.109985
278.000000,185.000000,59.230011,137.109985
276.000000,185.000000,59.230011,137.109985
274.000000,184.000000,59.230011,137.109985
271.000000,185.000000,59.230011,137.109985
269.000000,184.000000,59.230011,137.109985
266.000000,184.000000,59.230011,137.109985
264.000000,184.000000,59.230011,137.109985
262.000000,185.000000,59.230011,137.109985
259.000000,185.000000,59.230011,137.109985
257.000000,186.000000,59.230011,137.109985
254.000000,186.000000,59.230011,137.109985
252.000000,186.000000,59.230011,137.109985
250.000000,186.000000,59.230011,137.109985
247.000000,188.000000,59.230011,137.109985
245.000000,188.000000,59.230011,137.109985
242.000000,190.000000,59.230011,137.109985
240.000000,189.000000,59.230011,137.109985
239.000000,189.000000,59.230011,137.109985
236.000000,189.000000,59.230011,137.109985
235.000000,189.000000,59.230011,137.109985
233.000000,189.000000,59.230011,137.109985
231.000000,190.000000,59.230011,137.109985
228.000000,191.000000,59.230011,137.109985
226.000000,191.000000,59.230011,137.109985
