1
705.000000,247.000000,36.000000,70.000000
699.000000,246.000000,36.000000,70.000000
694.000000,244.000000,36.000000,70.000000
689.000000,240.000000,36.000000,70.000000
687.000000,241.000000,36.000000,70.000000
685.000000,240.000000,36.000000,70.000000
683.000000,239.000000,36.000000,70.000000
680.000000,242.000000,36.000000,70.000000
677.000000,241.000000,36.000000,70.000000
677.000000,242.000000,36.000000,70.000000
677.000000,247.000000,36.000000,70.000000
673.000000,250.000000,36.000000,70.000000
669.000000,253.000000,36.000000,70.000000
664.000000,253.000000,36.000000,70.000000
660.000000,249.000000,36.000000,70.000000
655.000000,249.000000,36.000000,70.000000
653.000000,251.000000,36.000000,70.000000
648.000000,251.000000,36.000000,70.000000
643.000000,251.000000,36.000000,70.000000
638.000000,251.000000,36.000000,70.000000
636.000000,250.000000,36.000000,70.000000
634.000000,249.000000,36.000000,70.000000
632.000000,248.000000,36.000000,70.000000
630.000000,250.000000,36.000000,70.000000
625.000000,250.000000,36.000000,70.000000
623.000000,249.000000,36.000000,70.000000
618.000000,249.000000,36.000000,70.000000
616.000000,251.000000,36.000000,70.000000
614.000000,250.000000,36.000000,70.000000
609.000000,250.000000,36.000000,70.000000
607.000000,252.000000,36.000000,70.000000
605.000000,251.000000,36.000000,70.000000
603.000000,250.000000,36.000000,70.000000
601.000000,252.000000,36.000000,70.000000
596.000000,252.000000,36.000000,70.000000
594.000000,251.000000,36.000000,70.000000
590.000000,254.000000,36.000000,70.000000
588.000000,256.000000,36.000000,70.000000
586.000000,255.000000,36.000000,70.000000
581.000000,255.000000,36.000000,70.000000
579.000000,257.000000,36.000000,70.000000
574.000000,257.000000,36.000000,70.000000
572.000000,256.000000,36.000000,70.000000
567.000000,256.000000,36.000000,70.000000
565.000000,255.000000,36.000000,70.000000
560.000000,255.000000,36.000000,70.000000
555.000000,255.000000,36.000000,70.000000
553.000000,257.000000,36.000000,70.000000
551.000000,256.000000,36.000000,70.000000
549.000000,255.000000,36.000000,70.000000
549.000000,256.000000,36.000000,70.000000
547.000000,255.000000,36.000000,70.000000
547.000000,256.000000,36.000000,70.000000
545.000000,255.000000,36.000000,70.000000
545.000000,256.000000,36.000000,70.000000
545.000000,257.000000,36.000000,70.000000
543.000000,256.000000,36.000000,70.000000
543.000000,257.000000,36.000000,70.000000
543.000000,255.000000,36.000000,70.000000
543.000000,256.000000,36.000000,70.000000
543.000000,254.000000,36.000000,70.000000
541.000000,256.000000,36.000000,70.000000
541.000000,254.000000,36.000000,70.000000
541.000000,255.000000,36.000000,70.000000
539.000000,254.000000,36.000000,70.000000
539.000000,255.000000,36.000000,70.000000
539.000000,253.000000,36.000000,70.000000
539.000000,254.000000,36.000000,70.000000
539.000000,252.000000,36.000000,70.000000
537.000000,251.000000,36.000000,70.000000
537.000000,252.000000,36.000000,70.000000
537.000000,250.000000,36.000000,70.000000
537.000000,251.000000,36.000000,70.000000
537.000000,249.000000,36.000000,70.000000
537.000000,250.000000,36.000000,70.000000
537.000000,251.000000,36.000000,70.000000
537.000000,249.000000,36.000000,70.000000
537.000000,250.000000,36.000000,70.000000
540.000000,250.000000,36.000000,70.000000
540.000000,251.000000,36.000000,70.000000
543.000000,251.000000,36.000000,70.000000
543.000000,252.000000,36.000000,70.000000
546.000000,252.000000,36.000000,70.000000
549.000000,252.000000,36.000000,70.000000
552.000000,252.000000,36.000000,70.000000
555.000000,252.000000,36.000000,70.000000
558.000000,252.000000,36.000000,70.000000
561.000000,252.000000,36.000000,70.000000
564.000000,252.000000,36.000000,70.000000
570.000000,251.000000,36.000000,70.000000
570.000000,252.000000,36.000000,70.000000
570.000000,253.000000,36.000000,70.000000
570.000000,251.000000,36.000000,70.000000
573.000000,251.000000,36.000000,70.000000
576.000000,251.000000,36.000000,70.000000
576.000000,252.000000,36.000000,70.000000
576.000000,253.000000,36.000000,70.000000
577.000000,250.000000,36.000000,70.000000
580.000000,250.000000,36.000000,70.000000
583.000000,250.000000,36.000000,70.000000
583.000000,248.000000,36.000000,70.000000
581.000000,247.000000,36.000000,70.000000
584.000000,247.000000,36.000000,70.000000
584.000000,248.000000,36.000000,70.000000
587.000000,248.000000,36.000000,70.000000
587.000000,249.000000,36.000000,70.000000
590.000000,249.000000,36.000000,70.000000
590.000000,250.000000,36.000000,70.000000
593.000000,250.000000,36.000000,70.000000
593.000000,248.000000,36.000000,70.000000
593.000000,249.000000,36.000000,70.000000
593.000000,247.000000,36.000000,70.000000
591.000000,246.000000,36.000000,70.000000
591.000000,247.000000,36.000000,70.000000
589.000000,246.000000,36.000000,70.000000
583.000000,243.000000,36.000000,70.000000
575.000000,241.000000,36.000000,70.000000
570.000000,241.000000,36.000000,70.000000
565.000000,241.000000,36.000000,70.000000
561.000000,237.000000,36.000000,70.000000
553.000000,238.000000,36.000000,70.000000
547.000000,235.000000,36.000000,70.000000
539.000000,236.000000,36.000000,70.000000
531.000000,234.000000,36.000000,70.000000
523.000000,235.000000,36.000000,70.000000
515.000000,233.000000,36.000000,70.000000
507.000000,234.000000,36.000000,70.000000
499.000000,235.000000,36.000000,70.000000
491.000000,236.000000,36.000000,70.000000
483.000000,237.000000,36.000000,70.000000
473.000000,239.000000,36.000000,70.000000
463.000000,241.000000,36.000000,70.000000
453.000000,243.000000,36.000000,70.000000
443.000000,245.000000,36.000000,70.000000
430.000000,245.000000,36.000000,70.000000
417.000000,245.000000,36.000000,70.000000
404.000000,245.000000,36.000000,70.000000
391.000000,245.000000,36.000000,70.000000
378.000000,245.000000,36.000000,70.000000
365.000000,245.000000,36.000000,70.000000
347.000000,247.000000,36.000000,70.000000
326.000000,247.000000,36.000000,70.000000
305.000000,247.000000,36.000000,70.000000
285.000000,250.000000,36.000000,70.000000
264.000000,250.000000,36.000000,70.000000
244.000000,253.000000,36.000000,70.000000
224.000000,249.000000,36.000000,70.000000
206.000000,251.000000,36.000000,70.000000
185.000000,251.000000,36.000000,70.000000
163.000000,255.000000,36.000000,70.000000
147.000000,253.000000,36.000000,70.000000
134.000000,253.000000,36.000000,70.000000
122.000000,256.000000,36.000000,70.000000
109.000000,256.000000,36.000000,70.000000
95.000000,260.000000,36.000000,70.000000
82.000000,260.000000,36.000000,70.000000
86.000000,260.000000,35.000000,69.000000
84.000000,263.000000,35.000000,69.000000
83.000000,265.000000,35.000000,69.000000
83.000000,265.000000,35.000000,69.000000
86.000000,266.000000,35.000000,69.000000
86.000000,264.000000,35.000000,69.000000
89.000000,265.000000,35.000000,69.000000
92.000000,266.000000,35.000000,69.000000
95.000000,269.000000,35.000000,69.000000
94.000000,273.000000,35.000000,69.000000
93.000000,279.000000,35.000000,69.000000
93.000000,279.000000,35.000000,69.000000
92.000000,281.000000,35.000000,69.000000
92.000000,279.000000,35.000000,69.000000
92.000000,277.000000,35.000000,69.000000
92.000000,277.000000,35.000000,69.000000
95.000000,280.000000,35.000000,69.000000
98.000000,281.000000,35.000000,69.000000
102.000000,280.000000,35.000000,69.000000
109.000000,282.000000,35.000000,69.000000
112.000000,283.000000,35.000000,69.000000
120.000000,281.000000,35.000000,69.000000
131.000000,280.000000,35.000000,69.000000
142.000000,279.000000,35.000000,69.000000
153.000000,278.000000,35.000000,69.000000
164.000000,277.000000,35.000000,69.000000
171.000000,277.000000,35.000000,69.000000
179.000000,273.000000,35.000000,69.000000
187.000000,271.000000,35.000000,69.000000
194.000000,273.000000,35.000000,69.000000
201.000000,273.000000,35.000000,69.000000
208.000000,273.000000,35.000000,69.000000
213.000000,272.000000,35.000000,68.000000
223.000000,271.000000,35.000000,68.000000
230.000000,272.000000,35.000000,68.000000
237.000000,273.000000,35.000000,68.000000
244.000000,271.000000,35.000000,68.000000
251.000000,269.000000,35.000000,68.000000
255.000000,266.000000,35.000000,68.000000
262.000000,264.000000,35.000000,68.000000
272.000000,266.000000,35.000000,68.000000
279.000000,264.000000,35.000000,68.000000
286.000000,265.000000,35.000000,68.000000
293.000000,266.000000,35.000000,68.000000
303.000000,268.000000,35.000000,68.000000
310.000000,266.000000,35.000000,68.000000
320.000000,265.000000,35.000000,68.000000
327.000000,266.000000,35.000000,68.000000
334.000000,264.000000,35.000000,68.000000
341.000000,262.000000,35.000000,68.000000
351.000000,261.000000,35.000000,68.000000
358.000000,262.000000,35.000000,68.000000
365.000000,260.000000,35.000000,68.000000
375.000000,262.000000,35.000000,68.000000
382.000000,260.000000,35.000000,68.000000
389.000000,261.000000,35.000000,68.000000
396.000000,259.000000,35.000000,68.000000
401.000000,262.000000,35.000000,68.000000
411.000000,261.000000,35.000000,68.000000
423.000000,261.000000,35.000000,68.000000
430.000000,262.000000,35.000000,68.000000
440.000000,261.000000,35.000000,68.000000
445.000000,261.000000,35.000000,68.000000
452.000000,262.000000,35.000000,68.000000
459.000000,263.000000,35.000000,68.000000
466.000000,264.000000,35.000000,68.000000
476.000000,266.000000,35.000000,68.000000
481.000000,266.000000,35.000000,68.000000
484.000000,268.000000,35.000000,68.000000
487.000000,270.000000,35.000000,68.000000
490.000000,272.000000,35.000000,68.000000
490.000000,273.000000,35.000000,68.000000
495.000000,273.000000,35.000000,68.000000
497.000000,269.000000,35.000000,68.000000
499.000000,268.000000,35.000000,68.000000
496.000000,268.000000,35.000000,68.000000
496.000000,269.000000,35.000000,68.000000
496.000000,270.000000,35.000000,68.000000
498.000000,269.000000,35.000000,68.000000
500.000000,268.000000,35.000000,68.000000
502.000000,267.000000,35.000000,68.000000
505.000000,269.000000,35.000000,68.000000
505.000000,270.000000,35.000000,68.000000
502.000000,270.000000,35.000000,68.000000
499.000000,267.000000,35.000000,68.000000
488.000000,267.000000,35.000000,68.000000
475.000000,266.000000,35.000000,68.000000
459.000000,267.000000,35.000000,68.000000
441.000000,267.000000,35.000000,68.000000
428.000000,266.000000,35.000000,68.000000
415.000000,265.000000,35.000000,68.000000
399.000000,266.000000,35.000000,68.000000
386.000000,268.000000,35.000000,68.000000
373.000000,267.000000,35.000000,68.000000
360.000000,269.000000,35.000000,68.000000
347.000000,271.000000,35.000000,68.000000
334.000000,270.000000,35.000000,68.000000
321.000000,272.000000,35.000000,68.000000
310.000000,272.000000,35.000000,68.000000
302.000000,273.000000,35.000000,68.000000
294.000000,274.000000,35.000000,68.000000
288.000000,273.000000,35.000000,68.000000
283.000000,275.000000,35.000000,68.000000
275.000000,276.000000,35.000000,68.000000
270.000000,278.000000,35.000000,68.000000
265.000000,280.000000,35.000000,68.000000
255.000000,283.000000,35.000000,68.000000
248.000000,287.000000,35.000000,68.000000
241.000000,291.000000,35.000000,68.000000
231.000000,294.000000,35.000000,68.000000
221.000000,297.000000,35.000000,68.000000
213.000000,298.000000,35.000000,68.000000
200.000000,300.000000,35.000000,68.000000
187.000000,302.000000,35.000000,68.000000
176.000000,302.000000,35.000000,68.000000
170.000000,301.000000,35.000000,68.000000
167.000000,298.000000,35.000000,68.000000
169.000000,297.000000,35.000000,68.000000
172.000000,299.000000,35.000000,68.000000
2
0
0
0
0
1
205.000000,284.000000,29.000000,39.000000
225.000000,293.000000,28.000000,38.000000
241.000000,304.000000,28.000000,38.000000
2
0
0
0
0
1
249.000000,301.000000,34.000000,38.000000
250.000000,299.000000,34.000000,38.000000
254.000000,299.000000,34.000000,38.000000
258.000000,299.000000,34.000000,38.000000
266.000000,299.000000,34.000000,38.000000
272.000000,302.000000,34.000000,38.000000
276.000000,302.000000,34.000000,38.000000
281.000000,303.000000,34.000000,38.000000
289.000000,301.000000,34.000000,38.000000
296.000000,300.000000,34.000000,38.000000
300.000000,300.000000,34.000000,38.000000
304.000000,300.000000,34.000000,38.000000
308.000000,300.000000,34.000000,38.000000
316.000000,300.000000,34.000000,38.000000
324.000000,298.000000,34.000000,38.000000
331.000000,297.000000,34.000000,38.000000
338.000000,296.000000,34.000000,38.000000
343.000000,297.000000,34.000000,38.000000
350.000000,299.000000,34.000000,38.000000
354.000000,301.000000,34.000000,38.000000
358.000000,303.000000,34.000000,38.000000
360.000000,306.000000,34.000000,38.000000
367.000000,313.000000,34.000000,38.000000
368.000000,311.000000,34.000000,38.000000
372.000000,311.000000,34.000000,38.000000
375.000000,310.000000,34.000000,38.000000
374.000000,307.000000,34.000000,38.000000
377.000000,304.000000,34.000000,38.000000
383.000000,299.000000,34.000000,38.000000
391.000000,297.000000,34.000000,38.000000
2
0
0
0
0
1
383.000000,289.000000,23.000000,36.000000
385.000000,290.000000,23.000000,36.000000
386.000000,290.000000,23.000000,36.000000
385.000000,289.000000,23.000000,36.000000
384.000000,287.000000,23.000000,36.000000
384.000000,287.000000,23.000000,37.000000
383.000000,286.000000,23.000000,37.000000
382.000000,286.000000,23.000000,36.000000
382.000000,285.000000,23.000000,36.000000
383.000000,285.000000,23.000000,36.000000
383.000000,286.000000,23.000000,36.000000
383.000000,285.000000,23.000000,36.000000
382.000000,286.000000,23.000000,36.000000
380.000000,285.000000,23.000000,36.000000
381.000000,284.000000,23.000000,36.000000
380.000000,284.000000,23.000000,36.000000
380.000000,283.000000,23.000000,36.000000
379.000000,283.000000,23.000000,36.000000
377.000000,283.000000,23.000000,36.000000
375.000000,284.000000,23.000000,36.000000
374.000000,284.000000,23.000000,36.000000
373.000000,284.000000,23.000000,36.000000
372.000000,287.000000,23.000000,36.000000
373.000000,290.000000,23.000000,36.000000
370.000000,290.000000,23.000000,36.000000
369.000000,289.000000,23.000000,36.000000
365.000000,288.000000,23.000000,36.000000
358.000000,285.000000,23.000000,36.000000
351.000000,282.000000,23.000000,36.000000
339.000000,276.000000,23.000000,36.000000
328.000000,275.000000,23.000000,36.000000
316.000000,273.000000,23.000000,36.000000
304.000000,274.000000,23.000000,36.000000
292.000000,275.000000,23.000000,36.000000
278.000000,277.000000,23.000000,36.000000
267.000000,281.000000,23.000000,36.000000
257.000000,286.000000,23.000000,37.000000
247.000000,290.000000,23.000000,37.000000
241.000000,292.000000,23.000000,36.000000
228.000000,285.000000,23.000000,36.000000
221.000000,287.000000,24.000000,37.000000
214.000000,289.000000,24.000000,37.000000
206.000000,290.000000,23.000000,37.000000
198.000000,291.000000,23.000000,37.000000
189.000000,290.000000,23.000000,37.000000
183.000000,292.000000,23.000000,36.000000
179.000000,292.000000,23.000000,36.000000
175.000000,292.000000,23.000000,36.000000
172.000000,290.000000,23.000000,36.000000
169.000000,288.000000,23.000000,36.000000
2
0
0
0
0
1
137.000000,297.000000,24.000000,47.000000
136.000000,296.000000,24.000000,47.000000
132.000000,296.000000,24.000000,47.000000
132.000000,298.000000,24.000000,47.000000
135.000000,298.000000,24.000000,47.000000
134.000000,299.000000,24.000000,47.000000
134.000000,303.000000,24.000000,47.000000
132.000000,309.000000,24.000000,47.000000
128.000000,301.000000,24.000000,47.000000
127.000000,299.000000,24.000000,47.000000
130.000000,299.000000,24.000000,47.000000
136.000000,299.000000,24.000000,47.000000
132.000000,299.000000,24.000000,47.000000
143.000000,306.000000,24.000000,47.000000
145.000000,304.000000,24.000000,47.000000
148.000000,306.000000,24.000000,47.000000
147.000000,305.000000,24.000000,47.000000
145.000000,302.000000,24.000000,47.000000
141.000000,302.000000,24.000000,47.000000
