1
65.11,64.97,135.11,65.03,134.89,335.03,64.89,334.97
73.79,67.62,142.42,67.67,142.21,332.38,73.58,332.33
73.79,67.62,142.42,67.67,142.21,332.38,73.58,332.33
73.88,67.60,142.51,67.70,142.12,332.40,73.49,332.30
81.67,67.65,150.30,67.64,150.33,332.35,81.70,332.36
81.70,67.64,150.32,67.65,150.30,332.36,81.68,332.35
81.66,67.65,150.29,67.64,150.34,332.35,81.71,332.36
89.52,67.69,158.15,67.61,158.48,332.31,89.85,332.39
90.12,70.30,157.40,70.18,157.88,329.70,90.60,329.82
97.85,70.37,165.14,70.11,166.15,329.63,98.86,329.89
97.69,70.42,164.97,70.07,166.31,329.58,99.03,329.93
98.42,72.94,164.38,72.63,165.58,327.06,99.62,327.37
107.08,75.43,171.75,75.13,172.92,324.57,108.25,324.87
106.39,72.95,172.35,72.62,173.61,327.05,107.65,327.38
106.48,72.93,172.44,72.65,173.52,327.07,107.56,327.35
115.09,75.43,179.76,75.13,180.91,324.57,116.24,324.87
114.36,72.96,180.32,72.62,181.64,327.04,115.68,327.38
122.84,75.50,187.51,75.07,189.16,324.50,124.49,324.93
123.49,77.94,186.89,77.52,188.51,322.06,125.11,322.48
122.83,75.50,187.50,75.07,189.17,324.50,124.50,324.93
130.65,75.55,195.32,75.02,197.35,324.45,132.68,324.98
131.26,78.00,194.66,77.46,196.74,322.00,133.34,322.54
131.26,78.00,194.66,77.46,196.74,322.00,133.34,322.54
139.05,78.06,202.44,77.41,204.95,321.94,141.56,322.59
138.97,78.08,202.37,77.39,205.03,321.92,141.63,322.61
139.54,80.49,201.70,79.77,204.46,319.51,142.30,320.23
138.82,78.12,202.21,77.35,205.18,321.88,141.79,322.65
146.67,78.16,210.06,77.31,213.33,321.84,149.94,322.69
146.64,78.17,210.04,77.31,213.36,321.83,149.96,322.69
147.11,80.61,209.26,79.67,212.89,319.39,150.74,320.33
154.92,80.66,217.07,79.62,221.08,319.34,158.93,320.38
154.82,80.69,216.97,79.60,221.18,319.31,159.03,320.40
154.81,80.69,216.96,79.59,221.19,319.31,159.04,320.41
162.61,80.75,224.76,79.55,229.39,319.25,167.24,320.45
162.45,80.79,224.60,79.51,229.55,319.21,167.40,320.49
163.01,83.16,223.94,81.85,228.99,316.84,168.06,318.15
164.25,81.71,222.81,80.42,227.75,306.29,169.19,307.58
169.49,79.49,229.22,78.12,234.51,308.51,174.78,309.88
169.42,79.52,229.14,78.11,234.58,308.48,174.86,309.89
169.44,79.51,229.17,78.11,234.56,308.49,174.83,309.89
176.06,81.76,234.62,80.38,239.94,306.24,181.38,307.62
175.50,79.49,235.23,78.12,240.50,308.51,180.77,309.88
182.07,81.76,240.63,80.38,245.93,306.24,187.37,307.62
182.08,81.75,240.64,80.38,245.92,306.25,187.36,307.62
182.13,81.74,240.69,80.40,245.87,306.26,187.31,307.60
182.69,83.96,240.10,82.61,245.31,304.04,187.90,305.39
188.67,83.96,246.08,82.60,251.33,304.04,193.92,305.40
188.71,83.95,246.11,82.61,251.29,304.05,193.89,305.39
188.65,83.97,246.05,82.60,251.35,304.03,193.95,305.40
195.13,86.17,251.41,84.75,256.88,301.83,200.59,303.25
195.09,86.18,251.37,84.74,256.91,301.82,200.63,303.26
195.09,86.18,251.37,84.74,256.91,301.82,200.63,303.26
200.97,86.21,257.25,84.71,263.03,301.79,206.75,303.29
201.56,88.33,256.74,86.85,262.44,299.67,207.26,301.15
201.52,88.34,256.70,86.84,262.48,299.66,207.30,301.16
206.87,86.24,263.14,84.69,269.13,301.76,212.86,303.31
207.47,88.36,262.64,86.83,268.53,299.64,213.36,301.17
207.42,88.37,262.60,86.82,268.58,299.63,213.40,301.18
213.86,90.49,267.94,88.88,274.14,297.51,220.06,299.12
213.78,90.51,267.87,88.87,274.22,297.49,220.13,299.13
213.72,90.53,267.80,88.85,274.28,297.47,220.20,299.15
213.06,88.48,268.23,86.74,274.94,299.52,219.77,301.26
220.23,92.58,273.25,90.89,279.77,295.42,226.75,297.11
219.62,90.56,273.70,88.83,280.38,297.44,226.30,299.17
219.60,90.57,273.68,88.82,280.40,297.43,226.32,299.18
220.23,92.58,273.25,90.89,279.77,295.42,226.75,297.11
226.20,92.59,279.23,90.89,285.80,295.41,232.77,297.11
226.31,86.56,279.34,84.91,285.69,289.44,232.66,291.09
227.00,88.52,278.99,86.96,285.00,287.48,233.01,289.04
227.11,88.49,279.10,86.98,284.89,287.51,232.90,289.02
226.54,86.49,279.57,84.97,285.46,289.51,232.43,291.03
233.89,90.37,284.86,89.01,290.11,285.63,239.14,286.99
233.97,90.35,284.95,89.03,290.03,285.65,239.05,286.97
233.37,88.41,285.37,87.05,290.63,287.59,238.63,288.95
233.98,90.35,284.96,89.04,290.02,285.65,239.04,286.96
239.34,88.42,291.33,87.04,296.66,287.58,244.67,288.96
240.43,92.29,290.41,90.95,295.57,283.71,245.59,285.05
239.85,90.39,290.82,89.00,296.15,285.61,245.18,287.00
239.78,90.41,290.76,88.99,296.22,285.59,245.24,287.01
239.76,90.41,290.73,88.98,296.24,285.59,245.27,287.02
245.76,90.41,296.73,88.98,302.24,285.59,251.27,287.02
246.31,92.33,296.28,90.92,301.69,283.67,251.72,285.08
246.24,92.35,296.21,90.91,301.76,283.65,251.79,285.09
246.15,92.37,296.12,90.89,301.85,283.63,251.88,285.11
246.06,92.40,296.03,90.87,301.94,283.60,251.97,285.13
252.09,92.39,302.06,90.87,307.91,283.61,257.94,285.13
252.09,92.39,302.06,90.87,307.91,283.61,257.94,285.13
252.04,92.41,302.01,90.86,307.96,283.59,257.99,285.14
252.54,94.29,301.53,92.76,307.46,281.71,258.47,283.24
251.81,92.47,301.77,90.81,308.19,283.53,258.23,285.19
252.27,88.37,301.25,86.69,307.73,275.63,258.75,277.31
258.27,94.37,307.25,92.69,313.73,281.63,264.75,283.31
258.97,90.16,307.00,88.60,313.03,273.84,265.00,275.40
259.04,90.14,307.06,88.61,312.96,273.86,264.94,275.39
259.54,91.95,306.63,90.44,312.46,272.05,265.37,273.56
258.93,90.18,306.95,88.59,313.07,273.82,265.05,275.41
259.40,91.99,306.48,90.41,312.60,272.01,265.52,273.59
264.96,90.17,312.99,88.60,319.04,273.83,271.01,275.40
264.95,90.17,312.97,88.59,319.05,273.83,271.03,275.41
265.50,91.96,312.58,90.43,318.50,272.04,271.42,273.57
265.48,91.97,312.56,90.42,318.52,272.03,271.44,273.58
265.39,92.00,312.47,90.40,318.61,272.00,271.53,273.60
265.29,92.03,312.37,90.38,318.71,271.97,271.63,273.62
271.35,92.01,318.43,90.39,324.65,271.99,277.57,273.61
271.91,93.76,318.06,92.20,324.09,270.24,277.94,271.80
271.92,93.76,318.08,92.20,324.08,270.24,277.92,271.80
271.82,93.79,317.97,92.18,324.18,270.21,278.03,271.82
272.27,95.54,317.53,93.93,323.73,268.46,278.47,270.07
277.95,93.75,324.11,92.21,330.05,270.25,283.89,271.79
278.53,95.46,323.79,93.99,329.47,268.54,284.21,270.01
278.56,95.45,323.82,93.99,329.44,268.55,284.18,270.01
278.56,95.45,323.82,93.99,329.44,268.55,284.18,270.01
278.41,95.50,323.66,93.96,329.59,268.50,284.34,270.04
278.68,97.26,323.04,95.63,329.32,266.74,284.96,268.37
278.50,97.31,322.86,95.59,329.50,266.69,285.14,268.41
278.32,97.37,322.67,95.55,329.68,266.63,285.33,268.45
278.21,97.40,322.56,95.53,329.79,266.60,285.44,268.47
278.11,97.43,322.46,95.51,329.89,266.57,285.54,268.49
278.02,97.46,322.36,95.49,329.98,266.54,285.64,268.51
282.09,91.44,326.43,89.50,333.91,260.56,289.57,262.50
282.41,97.15,325.89,95.16,333.59,262.85,290.11,264.84
282.26,97.20,325.73,95.12,333.74,262.80,290.27,264.88
282.06,97.26,325.53,95.08,333.94,262.74,290.47,264.92
281.53,89.61,325.86,87.38,334.47,258.39,290.14,260.62
281.78,95.35,325.24,93.02,334.22,260.65,290.76,262.98
281.45,95.46,324.90,92.95,334.55,260.54,291.10,263.05
281.06,95.58,324.50,92.88,334.94,260.42,291.50,263.12
280.66,95.72,324.08,92.80,335.34,260.28,291.92,263.20
280.38,95.81,323.79,92.74,335.62,260.19,292.21,263.26
280.57,97.54,323.11,94.35,335.43,258.46,292.89,261.65
280.27,97.64,322.81,94.29,335.73,258.36,293.19,261.71
280.38,99.37,322.06,95.85,335.62,256.63,293.94,260.15
280.23,95.42,321.91,91.83,335.77,252.58,294.09,256.17
279.65,93.86,322.16,90.18,336.35,254.14,293.84,257.82
280.12,95.46,321.79,91.81,335.88,252.54,294.21,256.19
280.04,95.49,321.70,91.79,335.96,252.51,294.30,256.21
283.94,95.52,325.61,91.78,340.06,252.48,298.39,256.22
283.80,95.58,325.46,91.75,340.20,252.42,298.54,256.25
283.66,95.63,325.31,91.73,340.34,252.37,298.69,256.27
283.64,95.63,325.29,91.73,340.36,252.37,298.71,256.27
287.54,95.67,329.18,91.71,344.46,252.33,302.82,256.29
287.39,95.72,329.02,91.68,344.61,252.28,302.98,256.32
287.88,97.28,328.70,93.29,344.12,250.72,303.30,254.71
287.81,97.31,328.62,93.27,344.19,250.69,303.38,254.73
291.72,97.35,332.52,93.26,348.28,250.65,307.48,254.74
291.62,97.38,332.42,93.24,348.38,250.62,307.58,254.76
292.61,100.40,331.82,96.36,347.39,247.60,308.18,251.64
292.65,100.38,331.86,96.37,347.35,247.62,308.14,251.63
296.68,100.37,335.90,96.37,351.32,247.63,312.10,251.63
296.76,100.34,335.97,96.38,351.24,247.66,312.03,251.62
296.77,100.34,335.99,96.39,351.23,247.66,312.01,251.61
297.35,101.77,335.80,97.92,350.65,246.23,312.20,250.08
301.48,101.72,339.94,97.94,354.52,246.28,316.06,250.06
301.64,101.66,340.10,97.96,354.36,246.34,315.90,250.04
301.72,101.63,340.20,97.98,354.28,246.37,315.80,250.02
301.71,101.63,340.18,97.98,354.29,246.37,315.82,250.02
301.64,101.66,340.10,97.96,354.36,246.34,315.90,250.04
306.26,103.04,343.98,99.47,357.74,244.96,320.02,248.53
306.33,103.01,344.05,99.48,357.67,244.99,319.95,248.52
306.38,103.00,344.11,99.49,357.62,245.00,319.89,248.51
306.46,102.97,344.18,99.51,357.54,245.03,319.82,248.49
306.49,102.96,344.22,99.51,357.51,245.04,319.78,248.49
306.45,102.97,344.18,99.51,357.55,245.03,319.82,248.49
306.36,103.00,344.08,99.49,357.64,245.00,319.92,248.51
306.78,100.42,343.76,96.94,357.22,239.58,320.24,243.06
307.09,101.86,343.34,98.34,356.91,238.14,320.66,241.66
306.51,100.52,343.48,96.89,357.49,239.48,320.52,243.11
311.00,101.89,347.24,98.32,361.00,238.11,324.76,241.68
310.96,101.90,347.20,98.32,361.04,238.10,324.80,241.68
310.90,101.93,347.13,98.31,361.10,238.07,324.87,241.69
310.81,101.96,347.04,98.29,361.19,238.04,324.96,241.71
310.71,102.00,346.93,98.28,361.29,238.00,325.07,241.72
310.55,102.06,346.77,98.25,361.45,237.94,325.23,241.75
310.54,102.06,346.76,98.25,361.46,237.94,325.24,241.75
315.04,103.39,350.55,99.66,364.96,236.61,329.45,240.34
315.02,103.40,350.52,99.65,364.98,236.60,329.48,240.35
315.44,104.73,350.24,101.02,364.56,235.27,329.76,238.98
315.42,104.74,350.22,101.02,364.58,235.26,329.78,238.98
315.33,104.77,350.13,101.00,364.67,235.23,329.87,239.00
315.28,104.79,350.08,101.00,364.72,235.21,329.92,239.00
319.19,104.83,353.98,100.98,368.81,235.17,334.02,239.02
319.02,104.89,353.81,100.96,368.98,235.11,334.19,239.04
319.38,106.22,353.48,102.29,368.62,233.78,334.52,237.71
319.29,106.25,353.38,102.28,368.71,233.75,334.62,237.72
319.20,106.29,353.28,102.26,368.80,233.71,334.72,237.74
319.68,107.54,353.09,103.59,368.32,232.46,334.91,236.41
323.66,103.55,357.07,99.59,372.34,228.45,338.93,232.41
323.11,102.32,357.18,98.25,372.89,229.68,338.82,233.75
323.56,103.59,356.96,99.57,372.44,228.41,339.04,232.43
323.06,106.34,357.13,102.24,372.94,233.66,338.87,237.76
323.61,107.57,357.01,103.58,372.39,232.43,338.99,236.42
323.66,107.55,357.07,103.59,372.34,232.45,338.93,236.41
324.13,108.77,356.89,104.89,371.87,231.23,339.11,235.11
328.12,104.78,360.88,100.89,375.88,227.22,343.12,231.11
328.15,104.77,360.90,100.89,375.85,227.23,343.10,231.11
328.63,105.96,360.75,102.17,375.37,226.04,343.25,229.83
328.63,105.96,360.75,102.17,375.37,226.04,343.25,229.83
329.07,111.15,360.55,107.42,374.93,228.85,343.45,232.58
328.58,105.98,360.69,102.16,375.42,226.02,343.31,229.84
329.07,111.15,360.55,107.42,374.93,228.85,343.45,232.58
328.61,105.97,360.72,102.17,375.39,226.03,343.28,229.83
329.07,111.15,360.56,107.42,374.93,228.85,343.44,232.58
332.61,105.97,364.72,102.17,379.39,226.03,347.28,229.83
332.59,105.98,364.71,102.17,379.41,226.02,347.29,229.83
332.99,107.18,364.47,103.41,379.01,224.82,347.53,228.59
332.90,107.21,364.37,103.40,379.10,224.79,347.63,228.60
332.81,107.25,364.28,103.38,379.19,224.75,347.72,228.62
333.21,108.42,364.05,104.60,378.79,223.58,347.95,227.40
333.18,108.44,364.02,104.60,378.82,223.56,347.98,227.40
333.16,108.44,364.00,104.60,378.84,223.56,348.00,227.40
333.16,108.44,364.00,104.60,378.84,223.56,348.00,227.40
333.63,109.56,363.87,105.80,378.37,222.44,348.13,226.20
333.65,109.55,363.89,105.81,378.35,222.45,348.11,226.19
333.68,109.54,363.93,105.81,378.32,222.46,348.07,226.19
334.17,110.63,363.82,107.00,377.83,221.37,348.18,225.00
337.79,109.50,368.04,105.83,382.21,222.50,351.96,226.17
338.29,110.58,367.95,107.02,381.71,221.42,352.05,224.98
338.29,110.58,367.95,107.01,381.71,221.42,352.05,224.99
338.31,110.57,367.97,107.02,381.69,221.43,352.03,224.98
337.89,109.46,368.14,105.84,382.11,222.54,351.86,226.16
338.32,110.57,367.98,107.02,381.68,221.43,352.02,224.98
338.22,106.61,367.88,103.01,381.78,217.39,352.12,220.99
338.27,110.59,367.93,107.01,381.73,221.41,352.07,224.99
338.65,107.69,367.72,104.16,381.35,216.31,352.28,219.84
338.65,111.69,367.72,108.16,381.35,220.31,352.28,223.84
338.63,107.70,367.70,104.16,381.37,216.30,352.30,219.84
338.59,111.72,367.66,108.15,381.41,220.28,352.34,223.85
338.56,107.73,367.63,104.15,381.44,216.27,352.37,219.85
338.53,107.74,367.60,104.15,381.47,216.26,352.40,219.85
338.50,107.75,367.57,104.14,381.50,216.25,352.43,219.86
338.49,107.76,367.55,104.14,381.51,216.24,352.45,219.86
338.91,108.82,367.41,105.27,381.09,215.18,352.59,218.73
338.87,108.84,367.36,105.27,381.13,215.16,352.64,218.73
338.82,108.86,367.31,105.26,381.18,215.14,352.69,218.74
338.83,108.85,367.32,105.26,381.17,215.15,352.68,218.74
338.81,108.86,367.30,105.26,381.19,215.14,352.70,218.74
338.75,108.89,367.23,105.25,381.25,215.11,352.77,218.75
339.15,109.93,367.08,106.36,380.85,214.07,352.92,217.64
339.57,110.95,366.95,107.46,380.43,213.05,353.05,216.54
339.16,109.93,367.08,106.36,380.84,214.07,352.92,217.64
339.59,110.94,366.96,107.46,380.41,213.06,353.04,216.54
339.59,110.94,366.97,107.46,380.41,213.06,353.03,216.54
339.55,110.96,366.92,107.45,380.45,213.04,353.08,216.55
339.92,111.97,366.76,108.52,380.08,212.03,353.24,215.48
339.92,111.97,366.76,108.52,380.08,212.03,353.24,215.48
339.91,111.98,366.74,108.52,380.09,212.02,353.26,215.48
339.88,111.99,366.72,108.51,380.12,212.01,353.28,215.49
339.85,112.00,366.68,108.51,380.15,212.00,353.32,215.49
339.81,112.02,366.64,108.50,380.19,211.98,353.36,215.50
340.17,113.01,366.47,109.55,379.83,210.99,353.53,214.45
340.19,113.00,366.49,109.55,379.81,211.00,353.51,214.45
340.19,113.00,366.49,109.55,379.81,211.00,353.51,214.45
340.17,113.01,366.47,109.55,379.83,210.99,353.53,214.45
340.14,113.02,366.44,109.54,379.86,210.98,353.56,214.46
340.15,113.02,366.45,109.54,379.85,210.98,353.55,214.46
340.56,113.97,366.35,110.58,379.44,210.03,353.65,213.42
340.53,113.98,366.31,110.57,379.47,210.02,353.69,213.43
340.50,114.00,366.28,110.57,379.50,210.00,353.72,213.43
340.46,114.01,366.24,110.56,379.54,209.99,353.76,213.44
340.85,114.95,366.12,111.57,379.15,209.05,353.88,212.43
340.85,114.95,366.12,111.57,379.15,209.05,353.88,212.43
340.85,114.95,366.12,111.57,379.15,209.05,353.88,212.43
340.85,114.95,366.12,111.57,379.15,209.05,353.88,212.43
341.22,115.87,366.00,112.56,378.78,208.13,354.00,211.44
341.24,115.87,366.02,112.56,378.76,208.13,353.98,211.44
341.26,115.86,366.04,112.56,378.74,208.14,353.96,211.44
341.28,115.85,366.06,112.57,378.72,208.15,353.94,211.43
341.70,116.73,366.00,113.54,378.30,207.27,354.00,210.46
341.71,116.73,366.01,113.55,378.29,207.27,353.99,210.45
341.76,116.71,366.06,113.55,378.24,207.29,353.94,210.45
341.78,116.70,366.08,113.55,378.22,207.30,353.92,210.45
341.81,116.69,366.12,113.56,378.19,207.31,353.88,210.44
341.43,115.79,366.22,112.59,378.57,208.21,353.78,211.41
343.80,116.69,368.11,113.56,380.20,207.31,355.89,210.44
343.80,116.69,368.11,113.56,380.20,207.31,355.89,210.44
343.86,116.67,368.17,113.57,380.14,207.33,355.83,210.43
343.93,116.64,368.24,113.57,380.07,207.36,355.76,210.43
344.35,117.51,368.19,114.53,379.65,206.49,355.81,209.47
344.03,116.60,368.35,113.59,379.97,207.40,355.65,210.41
344.42,117.48,368.26,114.54,379.58,206.52,355.74,209.46
344.42,117.48,368.27,114.54,379.58,206.52,355.73,209.46
344.77,118.35,368.15,115.47,379.23,205.65,355.85,208.53
344.76,116.35,368.14,113.47,379.24,203.65,355.86,206.53
344.78,116.34,368.16,113.48,379.22,203.66,355.84,206.52
344.78,116.34,368.16,113.48,379.22,203.66,355.84,206.52
344.78,116.34,368.16,113.48,379.22,203.66,355.84,206.52
345.11,117.20,368.03,114.39,378.89,202.80,355.97,205.61
345.12,117.20,368.05,114.39,378.88,202.80,355.95,205.61
345.14,117.19,368.06,114.39,378.86,202.81,355.94,205.61
345.16,117.18,368.08,114.39,378.84,202.82,355.92,205.61
345.18,117.17,368.11,114.40,378.82,202.83,355.89,205.60
345.56,118.00,368.04,115.30,378.44,202.00,355.96,204.70
345.55,118.00,368.03,115.30,378.45,202.00,355.97,204.70
345.55,118.00,368.03,115.30,378.45,202.00,355.97,204.70
345.55,118.00,368.02,115.30,378.45,202.00,355.98,204.70
345.55,118.00,368.03,115.30,378.45,202.00,355.97,204.70
347.51,118.01,369.99,115.29,380.49,201.99,358.01,204.71
347.48,118.03,369.96,115.29,380.52,201.97,358.04,204.71
347.81,118.85,369.85,116.16,380.19,201.15,358.15,203.84
347.78,118.86,369.81,116.16,380.22,201.14,358.19,203.84
347.76,118.87,369.79,116.16,380.24,201.13,358.21,203.84
347.76,118.87,369.79,116.16,380.24,201.13,358.21,203.84
347.75,118.87,369.78,116.16,380.25,201.13,358.22,203.84
347.75,118.87,369.78,116.16,380.25,201.13,358.22,203.84
348.07,119.68,369.67,117.02,379.93,200.32,358.33,202.98
348.07,119.68,369.67,117.02,379.93,200.32,358.33,202.98
348.06,119.68,369.65,117.01,379.94,200.32,358.35,202.99
348.05,119.68,369.65,117.01,379.95,200.32,358.35,202.99
348.06,119.68,369.66,117.01,379.94,200.32,358.34,202.99
348.06,119.68,369.66,117.01,379.94,200.32,358.34,202.99
348.07,119.68,369.67,117.02,379.93,200.32,358.33,202.98
348.03,119.69,369.63,117.01,379.97,200.31,358.37,202.99
348.01,119.70,369.61,117.01,379.99,200.30,358.39,202.99
347.99,119.71,369.58,117.00,380.01,200.29,358.42,203.00
347.93,119.73,369.52,117.00,380.07,200.27,358.48,203.00
348.19,120.54,369.35,117.83,379.81,199.46,358.65,202.17
348.13,120.57,369.28,117.82,379.87,199.43,358.72,202.18
348.14,118.56,369.30,115.83,379.86,197.44,358.70,200.17
348.15,118.56,369.30,115.83,379.85,197.44,358.70,200.17
348.12,118.57,369.27,115.82,379.88,197.43,358.73,200.18
346.41,119.35,367.16,116.65,377.59,196.65,356.84,199.35
346.41,119.36,367.15,116.65,377.59,196.64,356.85,199.35
346.43,119.35,367.17,116.65,377.57,196.65,356.83,199.35
346.43,119.35,367.17,116.65,377.57,196.65,356.83,199.35
346.42,119.35,367.17,116.65,377.58,196.65,356.83,199.35
346.40,119.36,367.14,116.65,377.60,196.64,356.86,199.35
346.37,119.37,367.10,116.64,377.63,196.63,356.90,199.36
346.66,120.13,366.99,117.45,377.34,195.87,357.01,198.55
346.64,120.14,366.97,117.45,377.36,195.86,357.03,198.55
346.62,120.15,366.95,117.45,377.38,195.85,357.05,198.55
346.62,120.15,366.95,117.45,377.38,195.85,357.05,198.55
346.62,120.15,366.95,117.45,377.38,195.85,357.05,198.55
346.93,120.89,366.86,118.24,377.07,195.11,357.14,197.76
346.93,120.89,366.85,118.24,377.07,195.11,357.15,197.76
346.92,120.89,366.85,118.24,377.08,195.11,357.15,197.76
346.92,120.89,366.84,118.24,377.08,195.11,357.16,197.76
346.91,120.90,366.84,118.24,377.09,195.10,357.16,197.76
346.94,120.89,366.87,118.24,377.06,195.11,357.13,197.76
346.93,120.89,366.86,118.24,377.07,195.11,357.14,197.76
347.22,121.62,366.76,119.02,376.78,194.38,357.24,196.98
347.20,121.63,366.74,119.02,376.80,194.37,357.26,196.98
347.17,121.64,366.70,119.01,376.83,194.36,357.30,196.99
347.13,121.66,366.66,119.01,376.87,194.34,357.34,196.99
347.12,121.66,366.65,119.01,376.88,194.34,357.35,196.99
347.40,122.37,366.55,119.77,376.60,193.63,357.45,196.23
347.40,122.38,366.55,119.77,376.60,193.62,357.45,196.23
347.41,122.37,366.56,119.77,376.59,193.63,357.44,196.23
347.44,122.36,366.59,119.78,376.56,193.64,357.41,196.22
347.46,122.35,366.61,119.78,376.54,193.65,357.39,196.22
347.49,122.34,366.65,119.78,376.51,193.66,357.35,196.22
