1
298.744446,136.822220,66.000000,80.000000
295.500000,141.688889,66.000000,80.000000
295.500000,144.122223,66.000000,80.000000
297.122223,145.338882,66.000000,80.000000
299.555542,146.555557,66.000000,80.000000
302.799988,146.555557,66.000000,80.000000
306.855560,147.772217,66.000000,80.000000
306.855560,147.772217,66.000000,80.000000
305.233337,148.988892,66.000000,80.000000
306.855560,149.394440,66.000000,80.000000
311.722229,148.177780,66.000000,80.000000
316.588898,144.122223,66.000000,80.000000
323.888885,139.255554,66.000000,80.000000
329.566681,135.605560,66.000000,80.000000
332.000000,133.172226,66.000000,80.000000
332.811096,130.738892,66.000000,80.000000
332.000000,130.738892,66.000000,80.000000
334.433319,129.522217,66.000000,80.000000
336.866669,124.655556,66.000000,80.000000
341.733337,120.599998,66.000000,80.000000
348.222229,116.138885,66.000000,80.000000
353.088898,113.705559,66.000000,80.000000
357.549988,113.705559,66.000000,80.000000
365.255554,120.194443,66.000000,80.000000
377.016663,129.522217,66.000000,80.000000
381.883331,131.955551,66.000000,80.000000
374.177765,123.844444,66.000000,80.000000
361.605560,108.838890,66.000000,80.000000
353.088898,94.644447,66.000000,80.000000
346.194458,87.750000,66.000000,80.000000
342.544434,84.505554,66.000000,80.000000
340.111115,82.883331,66.000000,80.000000
340.111115,85.722221,66.000000,80.000000
344.572235,95.050003,66.000000,80.000000
355.116669,109.650002,66.000000,80.000000
370.122223,125.872223,66.000000,80.000000
382.694458,136.822220,66.000000,80.000000
380.666656,133.172226,66.000000,80.000000
371.744446,115.327782,66.000000,80.000000
363.633331,95.455559,66.000000,80.000000
361.605560,86.533333,66.000000,80.000000
361.605560,82.883331,66.000000,80.000000
363.227783,81.666664,66.000000,80.000000
364.850006,82.883331,66.000000,80.000000
366.877777,88.561111,66.000000,80.000000
370.933319,101.133331,66.000000,80.000000
378.233337,118.977776,66.000000,80.000000
387.155548,139.255554,66.000000,80.000000
391.616669,140.066666,66.000000,80.000000
383.100006,127.088890,66.000000,80.000000
376.205566,107.622223,66.000000,80.000000
373.772217,97.888885,66.000000,80.000000
374.177765,99.916664,66.000000,80.000000
370.933319,101.133331,66.000000,80.000000
370.933319,104.783333,66.000000,80.000000
370.527771,110.055557,66.000000,80.000000
371.338898,121.005554,66.000000,80.000000
375.394440,139.255554,66.000000,80.000000
378.638885,163.994446,66.000000,80.000000
357.955566,158.722229,66.000000,80.000000
349.438904,134.794449,66.000000,80.000000
335.649994,124.250000,66.000000,80.000000
336.866669,116.544441,66.000000,80.000000
335.244446,115.327782,66.000000,80.000000
331.594452,115.733330,66.000000,80.000000
327.538879,116.138885,66.000000,80.000000
327.538879,119.788887,66.000000,80.000000
326.727783,127.494446,66.000000,80.000000
319.833344,140.877777,66.000000,80.000000
336.461121,124.250000,66.000000,80.000000
2
0
0
0
0
1
262.063904,114.150002,78.000000,89.000000
259.280548,116.005554,78.000000,89.000000
258.816681,119.716667,78.000000,89.000000
257.888885,126.211113,78.000000,89.000000
256.961121,141.983337,78.000000,89.000000
253.713882,155.899994,78.000000,89.000000
253.713882,168.888885,78.000000,89.000000
251.858337,167.497223,78.000000,89.000000
247.683334,163.322220,78.000000,89.000000
245.827774,160.074997,78.000000,89.000000
242.116669,160.074997,78.000000,89.000000
238.405563,167.961105,78.000000,89.000000
237.941666,172.136108,78.000000,89.000000
237.477783,176.774994,78.000000,89.000000
237.477783,182.341660,78.000000,89.000000
236.086105,194.402771,78.000000,89.000000
238.869446,198.113892,78.000000,89.000000
241.652771,199.505554,78.000000,89.000000
244.436111,197.186111,78.000000,89.000000
242.116669,197.186111,78.000000,89.000000
239.333328,193.938889,78.000000,89.000000
238.869446,192.083328,78.000000,89.000000
241.188889,189.300003,78.000000,89.000000
247.219437,185.588882,78.000000,89.000000
255.105560,182.341660,78.000000,89.000000
257.888885,178.166672,78.000000,89.000000
256.961121,168.425003,78.000000,89.000000
268.094452,154.972229,78.000000,89.000000
283.402771,134.561111,78.000000,89.000000
265.311096,147.550003,78.000000,89.000000
252.786118,141.055557,78.000000,89.000000
252.786118,141.983337,78.000000,89.000000
249.538895,122.036110,78.000000,89.000000
243.044449,131.777771,78.000000,89.000000
249.074997,143.375000,78.000000,89.000000
243.508331,132.705551,78.000000,89.000000
237.477783,132.705551,78.000000,89.000000
229.127777,129.458328,78.000000,89.000000
221.241669,131.313889,78.000000,89.000000
232.375000,123.427780,78.000000,89.000000
229.591660,113.222221,78.000000,89.000000
250.002777,113.222221,78.000000,89.000000
231.447220,110.902779,78.000000,89.000000
227.272217,109.511108,78.000000,89.000000
238.405563,109.511108,78.000000,89.000000
235.622223,112.294441,78.000000,89.000000
236.086105,116.469444,78.000000,89.000000
243.044449,116.469444,78.000000,89.000000
243.044449,111.830559,78.000000,89.000000
249.538895,111.830559,78.000000,89.000000
252.786118,113.686111,78.000000,89.000000
258.352783,115.077782,78.000000,89.000000
269.022217,116.469444,78.000000,89.000000
276.908325,99.769447,78.000000,89.000000
271.341675,116.005554,78.000000,89.000000
271.341675,122.036110,78.000000,89.000000
270.413879,127.138885,78.000000,89.000000
270.877777,126.211113,78.000000,89.000000
269.950012,128.530563,78.000000,89.000000
272.269440,128.066666,78.000000,89.000000
276.908325,130.850006,78.000000,89.000000
280.619446,124.819443,78.000000,89.000000
279.691681,123.427780,78.000000,89.000000
278.763885,136.880554,78.000000,89.000000
274.125000,132.705551,78.000000,89.000000
274.125000,136.880554,78.000000,89.000000
271.805542,128.530563,78.000000,89.000000
271.805542,126.211113,78.000000,89.000000
262.527771,125.283333,78.000000,89.000000
262.527771,116.005554,78.000000,89.000000
257.888885,117.397224,78.000000,89.000000
251.394440,115.077782,78.000000,89.000000
242.116669,112.758331,78.000000,89.000000
232.375000,117.861115,78.000000,89.000000
230.055557,113.686111,78.000000,89.000000
225.880554,117.861115,78.000000,89.000000
222.169449,125.747223,78.000000,89.000000
218.922226,115.077782,78.000000,89.000000
214.747223,122.036110,78.000000,89.000000
209.644440,118.324997,78.000000,89.000000
206.397217,124.819443,78.000000,89.000000
205.005554,126.211113,78.000000,89.000000
203.149994,130.386108,78.000000,89.000000
203.149994,131.313889,78.000000,89.000000
211.963882,129.458328,78.000000,89.000000
214.283340,130.386108,78.000000,89.000000
219.386108,135.024994,78.000000,89.000000
224.952774,137.808334,78.000000,89.000000
233.302780,145.230560,78.000000,89.000000
243.044449,144.302780,78.000000,89.000000
260.208344,136.416672,78.000000,89.000000
259.744446,149.869446,78.000000,89.000000
265.774994,149.869446,78.000000,89.000000
272.269440,157.755554,78.000000,89.000000
276.444458,158.683334,78.000000,89.000000
281.083344,170.280563,78.000000,89.000000
283.402771,168.888885,78.000000,89.000000
286.186096,164.713882,78.000000,89.000000
288.969452,164.250000,78.000000,89.000000
300.102783,173.527771,78.000000,89.000000
303.350006,173.527771,78.000000,89.000000
309.844452,167.497223,78.000000,89.000000
312.163879,171.672226,78.000000,89.000000
308.452789,171.208328,78.000000,89.000000
313.555542,166.105560,78.000000,89.000000
315.875000,168.888885,78.000000,89.000000
325.152771,163.786118,78.000000,89.000000
327.936096,157.291672,78.000000,89.000000
336.286102,158.219437,78.000000,89.000000
341.852783,154.972229,78.000000,89.000000
346.027771,158.683334,78.000000,89.000000
352.522217,158.219437,78.000000,89.000000
356.233337,162.394440,78.000000,89.000000
352.058319,159.147217,78.000000,89.000000
346.955566,148.477783,78.000000,89.000000
344.636108,143.838882,78.000000,89.000000
343.708344,137.808334,78.000000,89.000000
340.924988,139.199997,78.000000,89.000000
335.822235,142.447220,78.000000,89.000000
335.822235,153.580551,78.000000,89.000000
339.533325,163.322220,78.000000,89.000000
343.708344,167.033340,78.000000,89.000000
347.419434,161.930557,78.000000,89.000000
346.955566,147.550003,78.000000,89.000000
345.100006,135.024994,78.000000,89.000000
343.708344,134.097229,78.000000,89.000000
340.924988,130.386108,78.000000,89.000000
341.388885,129.922226,78.000000,89.000000
327.936096,109.047218,78.000000,89.000000
338.141663,146.622223,78.000000,89.000000
339.533325,148.477783,78.000000,89.000000
327.936096,161.930557,78.000000,89.000000
320.049988,148.013885,78.000000,89.000000
310.308319,144.302780,78.000000,89.000000
307.524994,138.272217,78.000000,89.000000
303.813904,135.952774,78.000000,89.000000
301.494446,137.344437,78.000000,89.000000
295.927765,141.055557,78.000000,89.000000
294.536102,147.086105,78.000000,89.000000
290.825012,158.219437,78.000000,89.000000
293.144440,170.280563,78.000000,89.000000
295.927765,174.919449,78.000000,89.000000
300.102783,171.208328,78.000000,89.000000
298.247223,166.105560,78.000000,89.000000
299.174988,155.899994,78.000000,89.000000
298.711121,154.508331,78.000000,89.000000
298.711121,152.188889,78.000000,89.000000
298.247223,155.899994,78.000000,89.000000
298.711121,161.930557,78.000000,89.000000
297.319458,170.280563,78.000000,89.000000
297.319458,168.425003,78.000000,89.000000
292.216675,159.147217,78.000000,89.000000
287.113892,148.941666,78.000000,89.000000
283.866669,144.302780,78.000000,89.000000
282.475006,141.983337,78.000000,89.000000
282.011108,143.838882,78.000000,89.000000
282.011108,144.766663,78.000000,89.000000
281.547211,151.261108,78.000000,89.000000
282.011108,156.827774,78.000000,89.000000
282.011108,165.177780,78.000000,89.000000
282.011108,167.497223,78.000000,89.000000
284.794434,147.550003,78.000000,89.000000
285.722229,153.116669,78.000000,89.000000
289.897217,157.755554,78.000000,89.000000
293.144440,165.641663,78.000000,89.000000
296.855560,163.322220,78.000000,89.000000
301.494446,153.116669,78.000000,89.000000
294.536102,143.375000,78.000000,89.000000
287.577789,131.777771,78.000000,89.000000
289.897217,129.458328,78.000000,89.000000
287.577789,138.736115,78.000000,89.000000
315.411102,118.788887,78.000000,89.000000
311.236115,122.963890,78.000000,89.000000
292.680542,131.777771,78.000000,89.000000
294.072235,135.024994,78.000000,89.000000
298.247223,137.808334,78.000000,89.000000
300.102783,128.530563,78.000000,89.000000
296.391663,112.758331,78.000000,89.000000
292.216675,104.408333,78.000000,89.000000
293.608337,101.625000,78.000000,89.000000
292.680542,100.697220,78.000000,89.000000
292.680542,100.697220,78.000000,89.000000
294.072235,104.408333,78.000000,89.000000
287.113892,110.438889,78.000000,89.000000
287.577789,116.469444,78.000000,89.000000
287.113892,113.222221,78.000000,89.000000
281.547211,105.336113,78.000000,89.000000
279.691681,114.613892,78.000000,89.000000
276.908325,109.974998,78.000000,89.000000
276.444458,110.438889,78.000000,89.000000
277.836121,114.150002,78.000000,89.000000
277.372223,120.644447,78.000000,89.000000
281.083344,114.613892,78.000000,89.000000
277.836121,123.427780,78.000000,89.000000
279.227783,132.705551,78.000000,89.000000
276.908325,136.880554,78.000000,89.000000
277.372223,122.963890,78.000000,89.000000
274.588898,123.427780,78.000000,89.000000
273.661102,126.675003,78.000000,89.000000
272.269440,123.891670,78.000000,89.000000
278.299988,121.108330,78.000000,89.000000
281.083344,110.438889,78.000000,89.000000
282.938904,123.891670,78.000000,89.000000
283.866669,126.675003,78.000000,89.000000
293.608337,123.891670,78.000000,89.000000
289.897217,125.283333,78.000000,89.000000
281.547211,120.644447,78.000000,89.000000
282.475006,117.861115,78.000000,89.000000
279.227783,131.777771,78.000000,89.000000
281.547211,129.458328,78.000000,89.000000
279.691681,135.488892,78.000000,89.000000
289.433319,120.180557,78.000000,89.000000
282.475006,116.005554,78.000000,89.000000
294.072235,121.108330,78.000000,89.000000
284.330566,114.150002,78.000000,89.000000
278.299988,147.086105,78.000000,89.000000
270.413879,162.394440,78.000000,89.000000
289.897217,121.108330,78.000000,89.000000
293.608337,103.016670,78.000000,89.000000
294.536102,110.438889,78.000000,89.000000
301.030548,114.150002,78.000000,89.000000
303.350006,115.541664,78.000000,89.000000
302.886108,116.469444,78.000000,89.000000
294.536102,112.294441,78.000000,89.000000
293.608337,103.016670,78.000000,89.000000
299.638885,97.449997,78.000000,89.000000
309.380554,120.180557,78.000000,89.000000
311.236115,115.541664,78.000000,89.000000
315.875000,113.222221,78.000000,89.000000
315.875000,131.777771,78.000000,89.000000
326.080566,133.169449,78.000000,89.000000
345.563904,113.686111,78.000000,89.000000
348.347229,116.933334,78.000000,89.000000
347.419434,112.294441,78.000000,89.000000
347.419434,110.438889,78.000000,89.000000
353.913879,117.397224,78.000000,89.000000
357.161102,111.366669,78.000000,89.000000
2
0
0
0
0
1
315.184418,129.705200,37.660000,45.669998
315.184418,123.223969,37.660000,45.669998
314.258514,116.742752,37.660000,45.669998
313.564117,116.511276,37.660000,45.669998
311.943817,118.594528,37.660000,45.669998
309.629089,124.612808,37.660000,45.669998
307.545837,131.788437,37.660000,45.669998
304.768158,134.797577,37.660000,45.669998
303.379333,134.334641,37.660000,45.669998
301.990509,130.631088,37.660000,45.669998
300.601654,124.612808,37.660000,45.669998
300.601654,121.603668,37.660000,45.669998
300.601654,119.288940,37.660000,45.669998
301.064606,121.835136,37.660000,45.669998
301.064606,127.158997,37.660000,45.669998
301.064606,134.103165,37.660000,45.669998
301.064606,140.815857,37.660000,45.669998
303.147858,145.445312,37.660000,45.669998
302.453430,147.065613,37.660000,45.669998
304.999634,142.899109,37.660000,45.669998
308.008789,135.492004,37.660000,45.669998
311.480865,127.853416,37.660000,45.669998
312.869690,126.464584,37.660000,45.669998
312.869690,128.779312,37.660000,45.669998
312.175293,132.945801,37.660000,45.669998
313.564117,136.649368,37.660000,45.669998
314.258514,138.501144,37.660000,45.669998
313.564117,137.806717,37.660000,45.669998
314.258514,138.501144,37.660000,45.669998
313.564117,139.195557,37.660000,45.669998
314.489990,139.427032,37.660000,45.669998
317.962097,139.195557,37.660000,45.669998
321.665649,136.649368,37.660000,45.669998
322.128571,136.417892,37.660000,45.669998
321.665649,137.112305,37.660000,45.669998
319.582397,136.880829,37.660000,45.669998
318.425018,136.417892,37.660000,45.669998
317.730621,135.723465,37.660000,45.669998
315.647369,137.575256,37.660000,45.669998
316.573242,137.343781,37.660000,45.669998
315.184418,137.343781,37.660000,45.669998
312.406738,140.121445,37.660000,45.669998
306.157013,141.278809,37.660000,45.669998
304.536682,142.667633,37.660000,45.669998
303.379333,144.519424,37.660000,45.669998
303.147858,144.056473,37.660000,45.669998
301.527557,140.815857,37.660000,45.669998
300.601654,137.112305,37.660000,45.669998
300.138733,137.575256,37.660000,45.669998
299.444305,139.427032,37.660000,45.669998
299.907257,141.047333,37.660000,45.669998
300.601654,141.973221,37.660000,45.669998
301.990509,143.593521,37.660000,45.669998
302.453430,145.445312,37.660000,45.669998
303.379333,146.834137,37.660000,45.669998
303.147858,149.148865,37.660000,45.669998
304.073761,149.611801,37.660000,45.669998
306.619934,151.695053,37.660000,45.669998
310.554962,154.704193,37.660000,45.669998
314.952942,159.565109,37.660000,45.669998
312.638214,160.259521,37.660000,45.669998
313.101166,165.351913,37.660000,45.669998
316.573242,171.138718,37.660000,45.669998
317.499146,174.379333,37.660000,45.669998
310.554962,184.795578,37.660000,45.669998
2
0
0
0
0
1
341.377777,167.944443,42.000000,50.000000
